[?25l[0m[7m[38;2;0;0;0m [0m[38;2;0;0;0;48;2;0;0;0m                                                                                                                       [0m
[7m[38;2;0;0;0m [0m[38;2;0;0;0;48;2;0;0;0m                                                                                                                       [0m
[7m[38;2;0;0;0m [0m[38;2;0;0;0;48;2;0;0;0m                                                                                                                       [0m
[7m[38;2;0;0;0m [0m[38;2;0;0;0;48;2;0;0;0m                                                                                                                       [0m
[7m[38;2;0;0;0m [0m[38;2;0;0;0;48;2;0;0;0m                                                                                                                       [0m
[7m[38;2;0;0;0m [0m[38;2;0;0;0;48;2;0;0;0m                                                                     [48;2;4;4;4m`[38;2;68;68;68;48;2;8;8;8m_[38;2;97;97;97;48;2;12;12;12m_[38;2;110;110;110;48;2;14;14;14m_[38;2;98;98;98;48;2;12;12;12m_[38;2;67;67;67;48;2;8;8;8m_[38;2;27;27;27;48;2;3;3;3m_[38;2;3;3;3;48;2;0;0;0m,                                          [0m
[7m[38;2;0;0;0m [0m[38;2;0;0;0;48;2;0;0;0m                                                                 [48;2;5;5;5m:[38;2;100;100;100;48;2;26;26;26m_[38;2;221;221;221;48;2;76;76;76m_[38;2;35;35;35;48;2;156;156;156m~[38;2;75;75;75;48;2;201;201;201m~[38;2;116;116;116;48;2;218;218;218m~[38;2;141;141;141;48;2;224;224;224m~[38;2;155;155;155;48;2;226;226;226m~[38;2;141;141;141;48;2;197;197;197m~[38;2;145;145;145;48;2;110;110;110mr[38;2;61;61;61;48;2;43;43;43mF[38;2;12;12;12;48;2;6;6;6mr[48;2;0;0;0m                                          [0m
[7m[38;2;0;0;0m [0m[38;2;0;0;0;48;2;0;0;0m                                                               [48;2;18;18;18m`[38;2;190;190;190;48;2;74;74;74m_[38;2;85;85;85;48;2;184;184;184m~[38;2;183;183;183;48;2;236;236;236m~[38;2;236;236;236;48;2;249;249;249m~[38;2;252;252;252;48;2;250;250;250m.[38;2;253;253;253;48;2;249;249;249m`[38;2;196;196;196;48;2;243;243;243m_[38;2;128;128;128;48;2;215;215;215m_[38;2;92;92;92;48;2;167;167;167my[38;2;163;163;163;48;2;71;71;71m~[38;2;75;75;75;48;2;21;21;21m~[38;2;15;15;15;48;2;2;2;2m~[48;2;0;0;0m                                           [0m
[7m[38;2;0;0;0m [0m[38;2;0;0;0;48;2;0;0;0m                                                              [48;2;25;25;25m:[38;2;69;69;69;48;2;137;137;137m~[38;2;221;221;221;48;2;237;237;237m~[38;2;253;253;253;48;2;251;251;251m.[38;2;250;250;250;48;2;248;248;248m:[38;2;150;150;150;48;2;232;232;232m_[38;2;43;43;43;48;2;189;189;189m_[38;2;49;49;49;48;2;138;138;138my[38;2;145;145;145;48;2;49;49;49m~[38;2;65;65;65;48;2;17;17;17m~[38;2;28;28;28;48;2;4;4;4m`[38;2;3;3;3;48;2;0;0;0m`                                             [0m
[7m[38;2;0;0;0m [0m[38;2;0;0;0;48;2;0;0;0m                                                             [48;2;1;1;1m:[38;2;73;73;73;48;2;54;54;54m4[38;2;186;186;186;48;2;215;215;215m~[38;2;254;254;254;48;2;248;248;248m.[38;2;211;211;211;48;2;228;228;228m_[38;2;86;86;86;48;2;147;147;147my[38;2;119;119;119;48;2;39;39;39m~[38;2;31;31;31;48;2;9;9;9m"[38;2;0;0;0;48;2;1;1;1m.[48;2;0;0;0m                                                 [0m
[7m[38;2;0;0;0m [0m[38;2;0;0;0;48;2;0;0;0m                                                            [38;2;2;2;2m_[38;2;0;0;0;48;2;10;10;10m:[38;2;106;106;106;48;2;87;87;87m4[38;2;228;228;228;48;2;238;238;238mL[38;2;254;254;254;48;2;251;251;251m'[38;2;210;210;210;48;2;222;222;222m"[38;2;125;125;125;48;2;77;77;77mL[38;2;47;47;47;48;2;12;12;12m_[38;2;17;17;17;48;2;3;3;3m_[38;2;2;2;2;48;2;0;0;0m,                                                 [0m
[7m[38;2;0;0;0m [0m[38;2;0;0;0;48;2;0;0;0m                                                          [48;2;3;3;3m:[38;2;101;101;101;48;2;21;21;21m_[38;2;197;197;197;48;2;73;73;73m_[38;2;43;43;43;48;2;163;163;163m~[38;2;148;148;148;48;2;217;217;217m~[38;2;251;251;251;48;2;247;247;247m:[48;2;252;252;252m [38;2;252;252;252;48;2;250;250;250m:[38;2;170;170;170;48;2;239;239;239m`[38;2;148;148;148;48;2;233;233;233m`[38;2;163;163;163;48;2;228;228;228m~[38;2;126;126;126;48;2;206;206;206m~[38;2;58;58;58;48;2;167;167;167m~[38;2;197;197;197;48;2;72;72;72m_[38;2;91;91;91;48;2;21;21;21m_[38;2;19;19;19;48;2;3;3;3m,[38;2;1;1;1;48;2;0;0;0m,  ww.                                       [0m
[7m[38;2;0;0;0m [0m[38;2;0;0;0;48;2;0;0;0m                                                         [48;2;22;22;22m`[38;2;159;159;159;48;2;88;88;88my[38;2;135;135;135;48;2;214;214;214m~[38;2;233;233;233;48;2;247;247;247m~[38;2;252;252;252;48;2;251;251;251m'[38;2;250;250;250m"[38;2;252;252;252m:[48;2;252;252;252m   [38;2;253;253;253m`[38;2;252;252;252;48;2;251;251;251m. [38;2;253;253;253m`[38;2;232;232;232;48;2;248;248;248m`[38;2;140;140;140;48;2;213;213;213m~[38;2;112;112;112;48;2;73;73;73mm[38;2;67;67;67;48;2;21;21;21m_[38;2;163;163;163;48;2;46;46;46m_[38;2;236;236;236;48;2;83;83;83m_[38;2;248;248;248;48;2;107;107;107m_[38;2;246;246;246;48;2;95;95;95m_[38;2;209;209;209;48;2;61;61;61m_[38;2;106;106;106;48;2;22;22;22m,[38;2;4;4;4;48;2;0;0;0m,[38;2;2;2;2m_                                    [0m
[7m[38;2;0;0;0m [0m[38;2;0;0;0;48;2;0;0;0m                                                        [38;2;41;41;41;48;2;26;26;26mu[38;2;82;82;82;48;2;141;141;141m~[38;2;215;215;215;48;2;238;238;238m~[38;2;252;252;252;48;2;250;250;250m`[38;2;253;253;253;48;2;252;252;252m.         [48;2;251;251;251m [48;2;250;250;250m.[38;2;192;192;192;48;2;234;234;234m_[38;2;136;136;136;48;2;98;98;98mF[38;2;45;45;45;48;2;70;70;70m.[38;2;118;118;118;48;2;151;151;151m_[38;2;200;200;200;48;2;219;219;219m_[38;2;238;238;238;48;2;242;242;242mr[38;2;247;247;247;48;2;243;243;243m~[38;2;226;226;226;48;2;240;240;240m`[38;2;144;144;144;48;2;198;198;198m~[38;2;199;199;199;48;2;92;92;92m_[38;2;176;176;176;48;2;38;38;38m_[38;2;103;103;103;48;2;14;14;14m_[38;2;26;26;26;48;2;2;2;2m_[48;2;0;0;0m                                  [0m
[7m[38;2;0;0;0m [0m[38;2;0;0;0;48;2;0;0;0m                                                        [38;2;67;67;67;48;2;45;45;45m4[38;2;179;179;179;48;2;193;193;193mL[38;2;243;243;243;48;2;247;247;247mL[38;2;250;250;250;48;2;251;251;251m`[38;2;252;252;252m:[48;2;252;252;252m        [48;2;251;251;251m [48;2;250;250;250m:[38;2;251;251;251;48;2;224;224;224m`[38;2;130;130;130;48;2;96;96;96mF[38;2;42;42;42;48;2;14;14;14m~[38;2;38;38;38;48;2;15;15;15m"[38;2;102;102;102;48;2;49;49;49m~[38;2;54;54;54;48;2;122;122;122my[38;2;122;122;122;48;2;178;178;178my[38;2;187;187;187;48;2;221;221;221m_[38;2;240;240;240;48;2;244;244;244m,[38;2;247;247;247;48;2;250;250;250m"[38;2;230;230;230;48;2;247;247;247m`[38;2;223;223;223;48;2;245;245;245m`[38;2;156;156;156;48;2;220;220;220m~[38;2;181;181;181;48;2;111;111;111my[38;2;96;96;96;48;2;32;32;32m_[38;2;7;7;7;48;2;2;2;2m,[48;2;0;0;0m                                [0m
[7m[38;2;0;0;0m [0m[38;2;0;0;0;48;2;0;0;0m                                                       [38;2;1;1;1my[38;2;60;60;60;48;2;40;40;40m4[38;2;158;158;158;48;2;180;180;180mL[38;2;252;252;252;48;2;245;245;245m`[48;2;250;250;250m [48;2;251;251;251m:[48;2;252;252;252m       [48;2;251;251;251m:[48;2;250;250;250m [38;2;254;254;254;48;2;246;246;246m`[38;2;143;143;143;48;2;178;178;178my[38;2;74;74;74;48;2;42;42;42mF[38;2;1;1;1;48;2;0;0;0my  [38;2;0;0;0;48;2;4;4;4m:[38;2;69;69;69;48;2;38;38;38m~[38;2;44;44;44;48;2;127;127;127m_[38;2;146;146;146;48;2;207;207;207m_[38;2;227;227;227;48;2;246;246;246m_[38;2;248;248;248;48;2;250;250;250m_[38;2;246;246;246;48;2;248;248;248m`[38;2;251;251;251;48;2;250;250;250m_[38;2;238;238;238;48;2;247;247;247m`[38;2;161;161;161;48;2;214;214;214m~[38;2;200;200;200;48;2;101;101;101m_[38;2;85;85;85;48;2;21;21;21m_[38;2;7;7;7;48;2;1;1;1m,[48;2;0;0;0m                              [0m
[7m[38;2;0;0;0m [0m[38;2;0;0;0;48;2;0;0;0m                                                       [38;2;2;2;2;48;2;1;1;1m%[38;2;35;35;35;48;2;23;23;23m4[38;2;104;104;104;48;2;131;131;131ml[38;2;234;234;234;48;2;242;242;242mL[48;2;250;250;250m [38;2;252;252;252;48;2;251;251;251m:[48;2;252;252;252m       [48;2;251;251;251m [38;2;250;250;250;48;2;252;252;252m_[38;2;251;251;251;48;2;241;241;241m`[38;2;81;81;81;48;2;127;127;127m4[38;2;58;58;58;48;2;18;18;18m,[38;2;0;0;0;48;2;1;1;1m_[38;2;2;2;2m+[48;2;0;0;0m [38;2;1;1;1;48;2;13;13;13m`[38;2;129;129;129;48;2;29;29;29m_[38;2;204;204;204;48;2;57;57;57m_[38;2;236;236;236;48;2;124;124;124m_[38;2;196;196;196;48;2;219;219;219mF[38;2;242;242;242;48;2;246;246;246mF[48;2;249;249;249m [48;2;250;250;250m [38;2;252;252;252;48;2;251;251;251m:[38;2;249;249;249my[38;2;230;230;230;48;2;246;246;246m`[38;2;111;111;111;48;2;149;149;149m"[38;2;55;55;55;48;2;33;33;33mm[48;2;0;0;0m                              [0m
[7m[38;2;0;0;0m [0m[38;2;0;0;0;48;2;0;0;0m                                                       [38;2;1;1;1m~[38;2;0;0;0;48;2;9;9;9m:[38;2;105;105;105;48;2;83;83;83m4[38;2;222;222;222;48;2;235;235;235mL[48;2;251;251;251m [38;2;251;251;251;48;2;252;252;252m.       [38;2;252;252;252;48;2;251;251;251m:[38;2;250;250;250m`[38;2;253;253;253m`[38;2;195;195;195;48;2;238;238;238m"[38;2;126;126;126;48;2;204;204;204m~[38;2;220;220;220;48;2;127;127;127my[38;2;225;225;225;48;2;141;141;141my[38;2;114;114;114;48;2;206;206;206m~[38;2;152;152;152;48;2;229;229;229m~[38;2;186;186;186;48;2;238;238;238m~[38;2;229;229;229;48;2;247;247;247m~[38;2;250;250;250;48;2;251;251;251m~[38;2;252;252;252m~[38;2;249;249;249;48;2;248;248;248m: [48;2;250;250;250m.[38;2;234;234;234m_[38;2;207;207;207;48;2;246;246;246m_[38;2;105;105;105;48;2;205;205;205m_[38;2;132;132;132;48;2;75;75;75mF[38;2;38;38;38;48;2;9;9;9m~[48;2;0;0;0m                              [0m
[7m[38;2;0;0;0m [0m[38;2;0;0;0;48;2;0;0;0m                                                        [48;2;3;3;3m:[38;2;90;90;90;48;2;67;67;67m4[38;2;214;214;214;48;2;225;225;225mL[38;2;250;250;250;48;2;251;251;251mL[38;2;251;251;251;48;2;252;252;252m.          [38;2;252;252;252;48;2;251;251;251m. ~[38;2;250;250;250m~^[38;2;253;253;253;48;2;252;252;252m_[48;2;251;251;251m_[38;2;250;250;250m-[38;2;235;235;235;48;2;249;249;249m_[38;2;181;181;181;48;2;242;242;242m_[38;2;130;130;130;48;2;233;233;233m_[38;2;87;87;87;48;2;206;206;206m_[38;2;82;82;82;48;2;174;174;174my[38;2;32;32;32;48;2;121;121;121my[38;2;129;129;129;48;2;39;39;39m~[38;2;81;81;81;48;2;11;11;11m`[38;2;9;9;9;48;2;1;1;1m`[48;2;0;0;0m                               [0m
[7m[38;2;0;0;0m [0m[38;2;0;0;0;48;2;0;0;0m                                                      [48;2;6;6;6m`[38;2;125;125;125;48;2;24;24;24m_[38;2;161;161;161;48;2;81;81;81my[38;2;106;106;106;48;2;193;193;193m~[38;2;228;228;228;48;2;245;245;245m~[38;2;253;253;253;48;2;251;251;251m`[38;2;251;251;251;48;2;252;252;252m`           [38;2;253;253;253m_[38;2;252;252;252;48;2;248;248;248m'[38;2;196;196;196;48;2;240;240;240m_[38;2;231;231;231;48;2;246;246;246m_[38;2;173;173;173;48;2;219;219;219m.[38;2;95;95;95;48;2;180;180;180my[38;2;36;36;36;48;2;132;132;132my[38;2;197;197;197;48;2;61;61;61m~[38;2;138;138;138;48;2;34;34;34m~[38;2;64;64;64;48;2;13;13;13m~[38;2;9;9;9;48;2;1;1;1m~[48;2;0;0;0m                                    [0m
[7m[38;2;0;0;0m [0m[38;2;0;0;0;48;2;0;0;0m                                                   [48;2;3;3;3m:[38;2;91;91;91;48;2;23;23;23m_[38;2;206;206;206;48;2;76;76;76m_[38;2;55;55;55;48;2;177;177;177m~[38;2;175;175;175;48;2;229;229;229m~[38;2;234;234;234;48;2;247;247;247m~[38;2;252;252;252;48;2;251;251;251m..[48;2;252;252;252m             [38;2;253;253;253;48;2;251;251;251m`[38;2;254;254;254;48;2;248;248;248m:[38;2;178;178;178;48;2;203;203;203m7[38;2;141;141;141;48;2;181;181;181my[38;2;186;186;186;48;2;224;224;224m_[38;2;115;115;115;48;2;190;190;190m~[38;2;171;171;171;48;2;72;72;72m_[38;2;53;53;53;48;2;12;12;12m_[38;2;1;1;1;48;2;0;0;0m:                                      [0m
[7m[38;2;0;0;0m [0m[38;2;0;0;0;48;2;0;0;0m                                                 [38;2;44;44;44;48;2;8;8;8m_[38;2;145;145;145;48;2;52;52;52m_[38;2;53;53;53;48;2;157;157;157m~[38;2;146;146;146;48;2;223;223;223m~[38;2;230;230;230;48;2;248;248;248m~[38;2;254;254;254;48;2;253;253;253m:[38;2;252;252;252m`[48;2;252;252;252m                [38;2;251;251;251m.[38;2;254;254;254m`[38;2;208;208;208;48;2;233;233;233m_[38;2;69;69;69;48;2;112;112;112mj[38;2;150;150;150;48;2;100;100;100m~[38;2;134;134;134;48;2;193;193;193m_[38;2;202;202;202;48;2;219;219;219m_[38;2;96;96;96;48;2;163;163;163m~[38;2;118;118;118;48;2;45;45;45m_[38;2;22;22;22;48;2;2;2;2m_[48;2;0;0;0m                                     [0m
[7m[38;2;0;0;0m [0m[38;2;0;0;0;48;2;0;0;0m                                                [38;2;33;33;33;48;2;21;21;21mu[38;2;85;85;85;48;2;117;117;117mF[38;2;173;173;173;48;2;212;212;212m`[38;2;254;254;254;48;2;249;249;249m:[38;2;252;252;252;48;2;253;253;253m_[38;2;254;254;254;48;2;252;252;252m~~[38;2;253;253;253m`               [48;2;251;251;251m .[38;2;216;216;216;48;2;239;239;239m_[38;2;91;91;91;48;2;139;139;139my[38;2;57;57;57;48;2;27;27;27m^[38;2;40;40;40;48;2;31;31;31m"[38;2;115;115;115;48;2;89;89;89m~[38;2;160;160;160;48;2;107;107;107m~[38;2;82;82;82;48;2;178;178;178m_[38;2;145;145;145;48;2;179;179;179m"[38;2;95;95;95;48;2;68;68;68mm[38;2;24;24;24;48;2;5;5;5m_[48;2;0;0;0m                                    [0m
[7m[38;2;0;0;0m [0m[38;2;0;0;0;48;2;0;0;0m                                                [38;2;34;34;34;48;2;22;22;22m4[38;2;121;121;121;48;2;105;105;105m4[38;2;163;163;163;48;2;199;199;199m_[38;2;228;228;228;48;2;245;245;245m_[38;2;254;254;254;48;2;252;252;252m.[38;2;252;252;252;48;2;251;251;251m` [48;2;252;252;252m               [48;2;251;251;251m:[38;2;250;250;250m=[38;2;254;254;254;48;2;245;245;245m`[38;2;119;119;119;48;2;163;163;163my[38;2;73;73;73;48;2;36;36;36m~[38;2;0;0;0;48;2;1;1;1m`[38;2;14;14;14;48;2;7;7;7m`[38;2;42;42;42;48;2;15;15;15m~[38;2;45;45;45;48;2;16;16;16m~[38;2;29;29;29m`[38;2;122;122;122;48;2;37;37;37m~[38;2;97;97;97;48;2;41;41;41m~[38;2;31;31;31;48;2;12;12;12m~[38;2;1;1;1;48;2;0;0;0m`                                   [0m
[7m[38;2;0;0;0m [0m[38;2;0;0;0;48;2;0;0;0m                                                [48;2;9;9;9m:[38;2;52;52;52;48;2;66;66;66m$[38;2;120;120;120;48;2;140;140;140mL[38;2;182;182;182;48;2;200;200;200mL[38;2;230;230;230;48;2;243;243;243m_[38;2;252;252;252;48;2;251;251;251m: [48;2;252;252;252m              [48;2;251;251;251m:"[38;2;253;253;253;48;2;249;249;249m:[38;2;195;195;195;48;2;212;212;212my[38;2;101;101;101;48;2;64;64;64mF[38;2;5;5;5;48;2;1;1;1m'[48;2;0;0;0m                                            [0m
[7m[38;2;0;0;0m [0m[38;2;0;0;0;48;2;0;0;0m                                                [48;2;1;1;1m:[38;2;33;33;33;48;2;25;25;25mJ[38;2;68;68;68;48;2;90;90;90my[38;2;123;123;123;48;2;145;145;145my[38;2;179;179;179;48;2;198;198;198mw[38;2;228;228;228;48;2;238;238;238mL[38;2;251;251;251;48;2;250;250;250m:[48;2;252;252;252m              [38;2;252;252;252;48;2;251;251;251m:[38;2;250;250;250m~[38;2;253;253;253;48;2;250;250;250m`[38;2;202;202;202;48;2;227;227;227m"[38;2;133;133;133;48;2;86;86;86mL[38;2;27;27;27;48;2;8;8;8m_[48;2;0;0;0m                                            [0m
[7m[38;2;0;0;0m [0m[38;2;0;0;0;48;2;0;0;0m                                                 [48;2;4;4;4m:[38;2;35;35;35;48;2;46;46;46m$[38;2;102;102;102;48;2;110;110;110m$[38;2;185;185;185;48;2;176;176;176my[38;2;231;231;231;48;2;241;241;241m~[38;2;251;251;251;48;2;250;250;250m:[48;2;252;252;252m               [38;2;252;252;252;48;2;251;251;251m:[38;2;250;250;250m^[38;2;252;252;252;48;2;249;249;249m.[38;2;161;161;161;48;2;204;204;204m~[38;2;152;152;152;48;2;76;76;76m_[38;2;41;41;41;48;2;8;8;8m_[48;2;0;0;0m                                           [0m
[7m[38;2;0;0;0m [0m[38;2;0;0;0;48;2;0;0;0m                                                 [48;2;1;1;1m:[38;2;32;32;32;48;2;18;18;18m"[38;2;106;106;106;48;2;93;93;93m4[38;2;194;194;194;48;2;220;220;220m~[38;2;253;253;253;48;2;250;250;250m`[38;2;252;252;252;48;2;251;251;251m_:[48;2;252;252;252m               [48;2;251;251;251m:[38;2;250;250;250m~[38;2;253;253;253;48;2;250;250;250m`[38;2;185;185;185;48;2;232;232;232m"[38;2;83;83;83;48;2;168;168;168m~[38;2;160;160;160;48;2;59;59;59m_[38;2;67;67;67;48;2;11;11;11m_[38;2;9;9;9;48;2;1;1;1m,[48;2;0;0;0m                                        [0m
[7m[38;2;0;0;0m [0m[38;2;0;0;0;48;2;0;0;0m                                                 [38;2;1;1;1m`[38;2;51;51;51;48;2;34;34;34my[38;2;105;105;105;48;2;161;161;161m~[38;2;253;253;253;48;2;244;244;244m:[48;2;250;250;250m [38;2;252;252;252;48;2;251;251;251m:[48;2;252;252;252m                   [48;2;251;251;251m`[38;2;254;254;254;48;2;252;252;252m`[38;2;200;200;200;48;2;243;243;243m`[38;2;127;127;127;48;2;205;205;205m~[38;2;183;183;183;48;2;103;103;103my[38;2;171;171;171;48;2;43;43;43m_[38;2;81;81;81;48;2;11;11;11m_[38;2;16;16;16;48;2;2;2;2m,[48;2;0;0;0m                                     [0m
[7m[38;2;0;0;0m [0m[38;2;0;0;0;48;2;0;0;0m                                                [38;2;1;1;1m_[38;2;0;0;0;48;2;16;16;16m`[38;2;67;67;67;48;2;114;114;114mF[38;2;218;218;218;48;2;236;236;236m~[38;2;254;254;254;48;2;250;250;250m`[38;2;252;252;252;48;2;251;251;251m:[48;2;252;252;252m                      [38;2;251;251;251;48;2;253;253;253m_[38;2;247;247;247;48;2;252;252;252m_[38;2;237;237;237;48;2;249;249;249m_[38;2;191;191;191;48;2;226;226;226m_[38;2;122;122;122;48;2;184;184;184m_[38;2;17;17;17;48;2;127;127;127m`[38;2;73;73;73;48;2;37;37;37mm[38;2;5;5;5;48;2;2;2;2mr[48;2;0;0;0m                                   [0m
[7m[38;2;0;0;0m [0m[38;2;0;0;0;48;2;0;0;0m                                                 [38;2;68;68;68;48;2;43;43;43m4[38;2;195;195;195;48;2;173;173;173m4[38;2;254;254;254;48;2;246;246;246m:[48;2;250;250;250m [38;2;252;252;252;48;2;251;251;251m:[48;2;252;252;252m      [38;2;253;253;253m_       _     [38;2;252;252;252;48;2;251;251;251m`[38;2;254;254;254;48;2;249;249;249m:[38;2;150;150;150;48;2;205;205;205my[38;2;60;60;60;48;2;146;146;146my[38;2;182;182;182;48;2;66;66;66m~[38;2;136;136;136;48;2;31;31;31m~[38;2;86;86;86;48;2;13;13;13m~[38;2;44;44;44;48;2;6;6;6m~[38;2;14;14;14;48;2;2;2;2m`[48;2;0;0;0m                                    [0m
[7m[38;2;0;0;0m [0m[38;2;0;0;0;48;2;0;0;0m                                               [38;2;1;1;1m_[38;2;0;0;0;48;2;5;5;5m:[38;2;91;91;91;48;2;62;62;62my[38;2;152;152;152;48;2;203;203;203m~[38;2;234;234;234;48;2;244;244;244m_[38;2;243;243;243;48;2;247;247;247m_[48;2;251;251;251m [48;2;252;252;252m    [38;2;254;254;254m.[38;2;243;243;243;48;2;250;250;250m_[38;2;248;248;248mz[38;2;253;253;253;48;2;252;252;252mg    [38;2;252;252;252;48;2;251;251;251m.[48;2;250;250;250m:[38;2;202;202;202;48;2;239;239;239m_[38;2;236;236;236;48;2;247;247;247m,[38;2;251;251;251;48;2;252;252;252m,  [38;2;252;252;252;48;2;251;251;251m:[48;2;250;250;250m [38;2;253;253;253;48;2;245;245;245m`[38;2;148;148;148;48;2;131;131;131mi[38;2;45;45;45;48;2;27;27;27mL[38;2;2;2;2;48;2;3;3;3mL[38;2;1;1;1;48;2;0;0;0mL                                       [0m
[7m[38;2;0;0;0m [0m[38;2;0;0;0;48;2;0;0;0m                                               [38;2;1;1;1m~[38;2;0;0;0;48;2;14;14;14m:[38;2;105;105;105;48;2;81;81;81m4[38;2;171;171;171;48;2;191;191;191mw[38;2;210;210;210;48;2;218;218;218mL[38;2;240;240;240;48;2;243;243;243mF[38;2;236;236;236;48;2;250;250;250m_[38;2;252;252;252;48;2;251;251;251m:[38;2;254;254;254;48;2;252;252;252m.[38;2;235;235;235;48;2;249;249;249m_[38;2;252;252;252;48;2;247;247;247m`[38;2;184;184;184;48;2;234;234;234m_[38;2;156;156;156;48;2;219;219;219m_[38;2;223;223;223;48;2;245;245;245m_[38;2;231;231;231;48;2;248;248;248m_[38;2;247;247;247;48;2;250;250;250m,[38;2;252;252;252;48;2;251;251;251m:[48;2;252;252;252m [48;2;251;251;251m:[38;2;250;250;250m.[38;2;254;254;254;48;2;244;244;244m:[38;2;147;147;147;48;2;175;175;175mg[38;2;177;177;177;48;2;213;213;213m_[38;2;241;241;241;48;2;248;248;248m,[38;2;251;251;251;48;2;252;252;252my[38;2;252;252;252;48;2;251;251;251m::[48;2;250;250;250m [38;2;253;253;253;48;2;246;246;246m`[38;2;182;182;182;48;2;154;154;154mL[38;2;68;68;68;48;2;41;41;41mL[38;2;3;3;3;48;2;2;2;2m.[48;2;0;0;0m                                        [0m
[7m[38;2;0;0;0m [0m[38;2;0;0;0;48;2;0;0;0m                                                [48;2;4;4;4m:[38;2;61;61;61;48;2;40;40;40m"[38;2;12;12;12;48;2;110;110;110m_[38;2;26;26;26;48;2;150;150;150m_[38;2;25;25;25;48;2;157;157;157m_[38;2;99;99;99;48;2;187;187;187m_[38;2;101;101;101;48;2;216;216;216m_[38;2;53;53;53;48;2;189;189;189m_[48;2;168;168;168m_[38;2;56;56;56;48;2;181;181;181m_[38;2;147;147;147;48;2;76;76;76m~[38;2;116;116;116;48;2;69;69;69m~[38;2;76;76;76;48;2;149;149;149m_[38;2;182;182;182;48;2;207;207;207m,[38;2;250;250;250;48;2;245;245;245m`[38;2;251;251;251;48;2;250;250;250m`[38;2;252;252;252;48;2;251;251;251m::[48;2;250;250;250m [38;2;254;254;254;48;2;242;242;242m:[38;2;142;142;142;48;2;122;122;122mF[38;2;154;154;154;48;2;128;128;128m~[38;2;228;228;228;48;2;238;238;238mL[48;2;250;250;250m [48;2;251;251;251m [38;2;252;252;252m:[48;2;250;250;250m [38;2;253;253;253;48;2;247;247;247m`[38;2;180;180;180;48;2;174;174;174m$[38;2;75;75;75;48;2;52;52;52ml[48;2;2;2;2m [48;2;0;0;0m                                        [0m
[7m[38;2;0;0;0m [0m[38;2;0;0;0;48;2;0;0;0m                                                  [38;2;7;7;7;48;2;1;1;1m`[38;2;12;12;12;48;2;2;2;2m~[38;2;0;0;0;48;2;5;5;5m:[38;2;68;68;68;48;2;14;14;14m~[38;2;71;71;71;48;2;13;13;13m~[38;2;36;36;36;48;2;6;6;6m~[38;2;34;34;34m~[38;2;36;36;36m~[38;2;0;0;0;48;2;2;2;2m:[48;2;5;5;5m:[38;2;71;71;71;48;2;57;57;57m4[38;2;153;153;153;48;2;171;171;171mL[38;2;233;233;233;48;2;240;240;240mL[38;2;250;250;250;48;2;251;251;251m~[38;2;252;252;252m::[48;2;250;250;250m [38;2;254;254;254;48;2;243;243;243m:[38;2;157;157;157;48;2;123;123;123mL[38;2;44;44;44;48;2;80;80;80m.[38;2;198;198;198;48;2;222;222;222m_[38;2;246;246;246;48;2;250;250;250m,[38;2;252;252;252;48;2;251;251;251m::[48;2;250;250;250m [38;2;253;253;253;48;2;248;248;248m.[38;2;185;185;185;48;2;178;178;178m$[38;2;79;79;79;48;2;54;54;54ml[48;2;2;2;2m [48;2;0;0;0m                                        [0m
[7m[38;2;0;0;0m [0m[38;2;0;0;0;48;2;0;0;0m                                                            [38;2;2;2;2;48;2;29;29;29m:[38;2;132;132;132;48;2;119;119;119m4[38;2;201;201;201;48;2;217;217;217mL[38;2;251;251;251;48;2;248;248;248m`[48;2;252;252;252m [38;2;252;252;252;48;2;251;251;251m:[48;2;250;250;250m [38;2;254;254;254;48;2;245;245;245m:[38;2;185;185;185;48;2;161;161;161mL[38;2;37;37;37;48;2;82;82;82m1[38;2;132;132;132;48;2;160;160;160mL[38;2;235;235;235;48;2;241;241;241mr[48;2;250;250;250m [48;2;251;251;251m [48;2;250;250;250m [38;2;253;253;253;48;2;248;248;248m`[38;2;190;190;190;48;2;183;183;183m$[38;2;82;82;82;48;2;57;57;57ml[38;2;2;2;2;48;2;1;1;1m`[48;2;0;0;0m                                        [0m
[?25h