[?25l[0m[7m[38;2;0;0;0m [0m[38;2;0;0;0;48;2;0;0;0m                                                         [48;2;2;2;2m:[38;2;84;84;84;48;2;60;60;60m4[38;2;214;214;214;48;2;225;225;225mL[38;2;253;253;253;48;2;251;251;251m: [48;2;252;252;252m                                                         [0m
[7m[38;2;0;0;0m [0m[38;2;0;0;0;48;2;0;0;0m                                                         [48;2;1;1;1m:[38;2;84;84;84;48;2;60;60;60m4[38;2;214;214;214;48;2;225;225;225mL[38;2;253;253;253;48;2;251;251;251m: [48;2;252;252;252m                                                         [0m
[7m[38;2;0;0;0m [0m[38;2;0;0;0;48;2;0;0;0m                                                         [48;2;1;1;1m:[38;2;84;84;84;48;2;60;60;60m4[38;2;214;214;214;48;2;225;225;225mL[38;2;253;253;253;48;2;251;251;251m: [48;2;252;252;252m                                                         [0m
[7m[38;2;0;0;0m [0m[38;2;0;0;0;48;2;0;0;0m                                                         [48;2;1;1;1m:[38;2;84;84;84;48;2;60;60;60m4[38;2;214;214;214;48;2;225;225;225mL[38;2;253;253;253;48;2;251;251;251m: [48;2;252;252;252m                                                         [0m
[7m[38;2;0;0;0m [0m[38;2;0;0;0;48;2;0;0;0m                                                         [48;2;1;1;1m:[38;2;84;84;84;48;2;60;60;60m4[38;2;214;214;214;48;2;225;225;225mL[38;2;253;253;253;48;2;251;251;251m: [48;2;252;252;252m                                                         [0m
[7m[38;2;0;0;0m [0m[38;2;0;0;0;48;2;0;0;0m                                                         [48;2;1;1;1m:[38;2;84;84;84;48;2;60;60;60m4[38;2;214;214;214;48;2;225;225;225mL[38;2;253;253;253;48;2;251;251;251m: [48;2;252;252;252m                                                         [0m
[7m[38;2;0;0;0m [0m[38;2;0;0;0;48;2;0;0;0m                                                         [48;2;1;1;1m:[38;2;84;84;84;48;2;60;60;60m4[38;2;214;214;214;48;2;225;225;225mL[38;2;253;253;253;48;2;251;251;251m: [48;2;252;252;252m                                                         [0m
[7m[38;2;0;0;0m [0m[38;2;0;0;0;48;2;0;0;0m                                                         [48;2;1;1;1m:[38;2;84;84;84;48;2;60;60;60m4[38;2;214;214;214;48;2;225;225;225mL[38;2;253;253;253;48;2;251;251;251m: [48;2;252;252;252m                                                         [0m
[7m[38;2;0;0;0m [0m[38;2;0;0;0;48;2;0;0;0m                                                         [48;2;1;1;1m:[38;2;84;84;84;48;2;60;60;60m4[38;2;214;214;214;48;2;225;225;225mL[38;2;253;253;253;48;2;251;251;251m: [48;2;252;252;252m                                                         [0m
[7m[38;2;0;0;0m [0m[38;2;0;0;0;48;2;0;0;0m                                                         [48;2;1;1;1m:[38;2;84;84;84;48;2;60;60;60m4[38;2;214;214;214;48;2;225;225;225mL[38;2;253;253;253;48;2;251;251;251m: [48;2;252;252;252m                                                         [0m
[7m[38;2;0;0;0m [0m[38;2;0;0;0;48;2;0;0;0m                                                         [48;2;1;1;1m:[38;2;84;84;84;48;2;60;60;60m4[38;2;214;214;214;48;2;225;225;225mL[38;2;253;253;253;48;2;251;251;251m: [48;2;252;252;252m                                                         [0m
[7m[38;2;0;0;0m [0m[38;2;0;0;0;48;2;0;0;0m                                                         [48;2;1;1;1m:[38;2;84;84;84;48;2;60;60;60m4[38;2;214;214;214;48;2;225;225;225mL[38;2;253;253;253;48;2;251;251;251m: [48;2;252;252;252m                                                         [0m
[7m[38;2;0;0;0m [0m[38;2;0;0;0;48;2;0;0;0m                                                         [48;2;1;1;1m:[38;2;84;84;84;48;2;60;60;60m4[38;2;213;213;213;48;2;225;225;225mL[38;2;253;253;253;48;2;251;251;251m: [48;2;252;252;252m                                                         [0m
[7m[38;2;0;0;0m [0m[38;2;0;0;0;48;2;0;0;0m                                                         [48;2;1;1;1m:[38;2;84;84;84;48;2;60;60;60m4[38;2;214;214;214;48;2;225;225;225mL[38;2;250;250;250;48;2;251;251;251mL [48;2;252;252;252m                                                         [0m
[7m[38;2;0;0;0m [0m[38;2;0;0;0;48;2;0;0;0m                                                         [48;2;1;1;1m:[38;2;84;84;84;48;2;60;60;60m4[38;2;213;213;213;48;2;224;224;224mL[38;2;250;250;250;48;2;251;251;251mL [48;2;252;252;252m                                                         [0m
[7m[38;2;0;0;0m [0m[38;2;0;0;0;48;2;0;0;0m                                                         [48;2;1;1;1m:[38;2;84;84;84;48;2;60;60;60m4[38;2;213;213;213;48;2;224;224;224mL[38;2;250;250;250;48;2;251;251;251mL [48;2;252;252;252m                                                         [0m
[7m[38;2;0;0;0m [0m[38;2;0;0;0;48;2;0;0;0m                                                         [48;2;1;1;1m:[38;2;84;84;84;48;2;60;60;60m4[38;2;213;213;213;48;2;224;224;224mL[38;2;250;250;250;48;2;251;251;251mL [48;2;252;252;252m                                                         [0m
[7m[38;2;0;0;0m [0m[38;2;0;0;0;48;2;0;0;0m                                                         [48;2;1;1;1m:[38;2;84;84;84;48;2;60;60;60m4[38;2;213;213;213;48;2;224;224;224mL[38;2;250;250;250;48;2;251;251;251mL [48;2;252;252;252m                                                         [0m
[7m[38;2;0;0;0m [0m[38;2;0;0;0;48;2;0;0;0m                                                         [48;2;1;1;1m:[38;2;84;84;84;48;2;60;60;60m4[38;2;213;213;213;48;2;224;224;224mL[38;2;250;250;250;48;2;251;251;251mL [48;2;252;252;252m                                                         [0m
[7m[38;2;0;0;0m [0m[38;2;0;0;0;48;2;0;0;0m                                                         [48;2;1;1;1m:[38;2;84;84;84;48;2;60;60;60m4[38;2;213;213;213;48;2;224;224;224mL[38;2;250;250;250;48;2;251;251;251mL [48;2;252;252;252m                                                         [0m
[7m[38;2;0;0;0m [0m[38;2;0;0;0;48;2;0;0;0m                                                         [48;2;1;1;1m:[38;2;84;84;84;48;2;60;60;60m4[38;2;213;213;213;48;2;224;224;224mL[38;2;250;250;250;48;2;251;251;251mL [48;2;252;252;252m                                                         [0m
[7m[38;2;0;0;0m [0m[38;2;0;0;0;48;2;0;0;0m                                                         [48;2;1;1;1m:[38;2;84;84;84;48;2;60;60;60m4[38;2;213;213;213;48;2;224;224;224mL[38;2;250;250;250;48;2;251;251;251mL [48;2;252;252;252m                                                         [0m
[7m[38;2;0;0;0m [0m[38;2;0;0;0;48;2;0;0;0m                                                         [48;2;1;1;1m:[38;2;84;84;84;48;2;60;60;60m4[38;2;213;213;213;48;2;224;224;224mL[38;2;250;250;250;48;2;251;251;251mL [48;2;252;252;252m                                                         [0m
[7m[38;2;0;0;0m [0m[38;2;0;0;0;48;2;0;0;0m                                                       [38;2;12;12;12m_[38;2;25;25;25;48;2;1;1;1m_[38;2;35;35;35;48;2;2;2;2m_[38;2;84;84;84;48;2;60;60;60m4[38;2;213;213;213;48;2;224;224;224mL[38;2;250;250;250;48;2;251;251;251mW L  [48;2;252;252;252m                                                      [0m
[7m[38;2;0;0;0m [0m[38;2;0;0;0;48;2;0;0;0m                                                 [48;2;2;2;2m:[38;2;68;68;68;48;2;12;12;12m_[38;2;163;163;163;48;2;35;35;35m_[38;2;218;218;218;48;2;69;69;69m_[38;2;0;0;0;48;2;135;135;135m~[38;2;9;9;9;48;2;167;167;167m~[38;2;34;34;34;48;2;185;185;185m~[38;2;54;54;54;48;2;190;190;190m~[38;2;65;65;65;48;2;191;191;191m~[38;2;81;81;81;48;2;181;181;181m~[38;2;111;111;111my[38;2;62;62;62;48;2;183;183;183m_[38;2;115;115;115;48;2;216;216;216m_[38;2;120;120;120;48;2;222;222;222m_[38;2;124;124;124;48;2;225;225;225m_[38;2;137;137;137;48;2;233;233;233m_[38;2;169;169;169;48;2;241;241;241m_[38;2;237;237;237;48;2;249;249;249m,[48;2;251;251;251m [38;2;250;250;250m_[38;2;252;252;252m:[48;2;252;252;252m                                                 [0m
[7m[38;2;0;0;0m [0m[38;2;0;0;0;48;2;0;0;0m                                               [38;2;25;25;25;48;2;3;3;3m_[38;2;125;125;125;48;2;41;41;41m_[38;2;44;44;44;48;2;156;156;156m~[38;2;128;128;128;48;2;222;222;222m~[38;2;201;201;201;48;2;241;241;241m~[38;2;253;253;253;48;2;250;250;250m`[38;2;250;250;250;48;2;252;252;252m=[38;2;253;253;253m~`[48;2;251;251;251m [38;2;254;254;254m:[38;2;238;238;238;48;2;223;223;223m'[38;2;97;97;97;48;2;59;59;59mL[38;2;0;0;0;48;2;1;1;1m`[48;2;0;0;0m [38;2;1;1;1m`[38;2;4;4;4;48;2;1;1;1m`[38;2;24;24;24;48;2;7;7;7m"[38;2;100;100;100;48;2;34;34;34m"[38;2;204;204;204;48;2;86;86;86m~[38;2;36;36;36;48;2;192;192;192m_[38;2;168;168;168;48;2;232;232;232m_[38;2;230;230;230;48;2;248;248;248m_[38;2;249;249;249;48;2;251;251;251m,[38;2;252;252;252m.[48;2;252;252;252m                                               [0m
[7m[38;2;0;0;0m [0m[38;2;0;0;0;48;2;0;0;0m                                            [48;2;4;4;4m`[38;2;83;83;83;48;2;13;13;13m_[38;2;164;164;164;48;2;43;43;43m_[38;2;40;40;40;48;2;140;140;140m~[38;2;169;169;169;48;2;225;225;225m~[38;2;252;252;252;48;2;249;249;249m:[48;2;251;251;251m [38;2;250;250;250m`[38;2;252;252;252m:[48;2;252;252;252m   [48;2;251;251;251m [38;2;254;254;254m:[38;2;237;237;237;48;2;223;223;223m:[38;2;97;97;97;48;2;60;60;60mL[38;2;2;2;2;48;2;1;1;1mL[48;2;0;0;0m    [38;2;1;1;1m``[38;2;0;0;0;48;2;6;6;6m:[38;2;104;104;104;48;2;25;25;25m~[38;2;174;174;174;48;2;81;81;81m~[38;2;88;88;88;48;2;190;190;190m_[38;2;178;178;178;48;2;237;237;237m_[38;2;236;236;236;48;2;249;249;249m,[38;2;250;250;250;48;2;251;251;251mw  [38;2;252;252;252m:[48;2;252;252;252m                                          [0m
[7m[38;2;0;0;0m [0m[38;2;0;0;0;48;2;0;0;0m                                       [38;2;21;21;21m_[38;2;82;82;82;48;2;9;9;9m_[38;2;148;148;148;48;2;39;39;39m_[38;2;172;172;172;48;2;74;74;74my[38;2;37;37;37;48;2;154;154;154m~[38;2;81;81;81;48;2;194;194;194m~[38;2;134;134;134;48;2;218;218;218m~[38;2;203;203;203;48;2;238;238;238m"[38;2;253;253;253;48;2;250;250;250m`[48;2;252;252;252m~~      [48;2;251;251;251m [38;2;254;254;254m:[38;2;237;237;237;48;2;222;222;222m'[38;2;96;96;96;48;2;60;60;60mL[38;2;2;2;2;48;2;1;1;1mL[48;2;0;0;0m         [38;2;0;0;0;48;2;9;9;9m:[38;2;118;118;118;48;2;44;44;44m~[38;2;204;204;204;48;2;83;83;83m~[38;2;72;72;72;48;2;157;157;157my[38;2;38;38;38;48;2;201;201;201m_[38;2;152;152;152;48;2;230;230;230m_[38;2;227;227;227;48;2;248;248;248m_[38;2;249;249;249;48;2;252;252;252m_[38;2;253;253;253m=                                        [0m
[7m[38;2;0;0;0m [0m[38;2;0;0;0;48;2;0;0;0m                                     [38;2;39;39;39;48;2;7;7;7m_[38;2;113;113;113;48;2;52;52;52my[38;2;46;46;46;48;2;170;170;170m~[38;2;147;147;147;48;2;219;219;219m~[38;2;210;210;210;48;2;238;238;238m~[38;2;229;229;229;48;2;235;235;235m~[38;2;206;206;206;48;2;229;229;229m_[38;2;196;196;196;48;2;231;231;231m_[38;2;239;239;239;48;2;245;245;245m~[38;2;251;251;251;48;2;252;252;252m~         [48;2;251;251;251m [38;2;254;254;254m:[38;2;236;236;236;48;2;222;222;222m:[38;2;96;96;96;48;2;60;60;60mL[38;2;2;2;2;48;2;1;1;1mL[48;2;0;0;0m          [38;2;8;8;8;48;2;4;4;4m`[38;2;40;40;40;48;2;20;20;20m_[38;2;22;22;22;48;2;40;40;40mw[38;2;27;27;27;48;2;36;36;36m`[38;2;96;96;96;48;2;40;40;40m~[38;2;159;159;159;48;2;61;61;61m~[38;2;66;66;66;48;2;160;160;160my[38;2;127;127;127;48;2;217;217;217m_[38;2;217;217;217;48;2;244;244;244m_[38;2;248;248;248;48;2;250;250;250m,[38;2;252;252;252;48;2;251;251;251m:[38;2;253;253;253;48;2;252;252;252m_                                    [0m
[7m[38;2;0;0;0m [0m[38;2;0;0;0;48;2;0;0;0m                                    [38;2;1;1;1m"[38;2;54;54;54;48;2;22;22;22m`[38;2;149;149;149;48;2;83;83;83m~[38;2;0;0;0;48;2;162;162;162m_[48;2;156;156;156m_[38;2;50;50;50;48;2;144;144;144my[38;2;219;219;219;48;2;82;82;82m~[38;2;165;165;165;48;2;73;73;73m~[38;2;120;120;120;48;2;149;149;149mF[38;2;253;253;253;48;2;242;242;242m:[48;2;250;250;250m"[38;2;252;252;252;48;2;251;251;251m:[48;2;252;252;252m        [48;2;251;251;251m [38;2;254;254;254m:[38;2;236;236;236;48;2;222;222;222m:[38;2;96;96;96;48;2;60;60;60mL[38;2;2;2;2;48;2;1;1;1mL[48;2;0;0;0m         [38;2;1;1;1mg[38;2;0;0;0;48;2;16;16;16m:[38;2;114;114;114;48;2;91;91;91my[38;2;80;80;80;48;2;184;184;184m~[38;2;51;51;51;48;2;165;165;165m~[38;2;242;242;242;48;2;103;103;103m_[38;2;199;199;199;48;2;69;69;69m_[38;2;153;153;153;48;2;46;46;46m_[38;2;131;131;131;48;2;58;58;58m_[38;2;137;137;137;48;2;174;174;174m=[38;2;231;231;231;48;2;241;241;241mL[48;2;252;252;252m [38;2;253;253;253m:                                    [0m
[7m[38;2;0;0;0m [0m[38;2;0;0;0;48;2;0;0;0m                                          [48;2;1;1;1m [38;2;54;54;54;48;2;39;39;39m4[38;2;136;136;136;48;2;160;160;160mF[38;2;242;242;242;48;2;246;246;246mL[38;2;249;249;249;48;2;250;250;250m:[38;2;252;252;252;48;2;251;251;251m:[48;2;252;252;252m        [48;2;251;251;251m [38;2;254;254;254m:[38;2;236;236;236;48;2;222;222;222m:[38;2;96;96;96;48;2;60;60;60mL[38;2;2;2;2;48;2;1;1;1mL[48;2;0;0;0m         [38;2;1;1;1m^[38;2;0;0;0;48;2;13;13;13m:[38;2;32;32;32;48;2;100;100;100m_[38;2;176;176;176;48;2;224;224;224m_[38;2;242;242;242;48;2;249;249;249m,[38;2;247;247;247;48;2;250;250;250m`[38;2;220;220;220;48;2;247;247;247m`[38;2;196;196;196;48;2;244;244;244m`[38;2;185;185;185;48;2;243;243;243m`[38;2;217;217;217;48;2;247;247;247m`[38;2;249;249;249;48;2;251;251;251m`[48;2;252;252;252m                                      [0m
[7m[38;2;0;0;0m [0m[38;2;0;0;0;48;2;0;0;0m                                          [38;2;1;1;1;48;2;5;5;5m`[38;2;105;105;105;48;2;78;78;78mj[38;2;179;179;179;48;2;220;220;220m~[38;2;254;254;254;48;2;250;250;250m'[38;2;250;250;250;48;2;251;251;251m~[38;2;252;252;252m:[48;2;252;252;252m        [48;2;251;251;251m [38;2;254;254;254m:[38;2;236;236;236;48;2;222;222;222m:[38;2;96;96;96;48;2;60;60;60mL[38;2;2;2;2;48;2;1;1;1mL[48;2;0;0;0m          [38;2;1;1;1m~[38;2;0;0;0;48;2;9;9;9m:[38;2;56;56;56;48;2;90;90;90m$[38;2;187;187;187;48;2;219;219;219m_[38;2;243;243;243;48;2;249;249;249m,[48;2;251;251;251m [38;2;252;252;252m:[48;2;252;252;252m                                         [0m
[7m[38;2;0;0;0m [0m[38;2;0;0;0;48;2;0;0;0m                                         [38;2;1;1;1m:[38;2;27;27;27;48;2;17;17;17m4[38;2;136;136;136;48;2;110;110;110m4[38;2;254;254;254;48;2;243;243;243m`[48;2;251;251;251m [48;2;252;252;252m          [48;2;251;251;251m :[38;2;236;236;236;48;2;222;222;222m:[38;2;96;96;96;48;2;60;60;60mL[38;2;2;2;2;48;2;1;1;1mL[48;2;0;0;0m            [38;2;0;0;0;48;2;33;33;33m:[38;2;166;166;166;48;2;180;180;180mF[38;2;237;237;237;48;2;244;244;244mL[48;2;251;251;251m [38;2;252;252;252m:[48;2;252;252;252m                                         [0m
[7m[38;2;0;0;0m [0m[38;2;0;0;0;48;2;0;0;0m                                          [38;2;6;6;6;48;2;3;3;3m`[38;2;88;88;88;48;2;53;53;53m"[38;2;85;85;85;48;2;176;176;176m_[38;2;221;221;221;48;2;241;241;241m,[38;2;252;252;252;48;2;250;250;250m.[48;2;251;251;251m.[48;2;252;252;252m        [48;2;251;251;251m [38;2;254;254;254m:[38;2;236;236;236;48;2;222;222;222m:[38;2;96;96;96;48;2;60;60;60mL[38;2;2;2;2;48;2;1;1;1mL[48;2;0;0;0m           [38;2;0;0;0;48;2;13;13;13m:[38;2;136;136;136;48;2;81;81;81my[38;2;186;186;186;48;2;222;222;222m~[38;2;244;244;244;48;2;250;250;250m~[48;2;251;251;251m [38;2;252;252;252m:[48;2;252;252;252m                                         [0m
[7m[38;2;0;0;0m [0m[38;2;0;0;0;48;2;0;0;0m                                           [38;2;3;3;3;48;2;1;1;1m`[38;2;59;59;59;48;2;21;21;21m"[38;2;171;171;171;48;2;94;94;94m~[38;2;131;131;131;48;2;209;209;209m_[38;2;215;215;215;48;2;246;246;246m_[38;2;252;252;252;48;2;250;250;250m`[48;2;251;251;251m:[48;2;252;252;252m      [48;2;251;251;251m [38;2;254;254;254m:[38;2;236;236;236;48;2;222;222;222m:[38;2;96;96;96;48;2;60;60;60mL[38;2;2;2;2;48;2;1;1;1mL[48;2;0;0;0m         [38;2;0;0;0;48;2;1;1;1m:[48;2;33;33;33m`[38;2;56;56;56;48;2;150;150;150m~[38;2;199;199;199;48;2;230;230;230m"[38;2;245;245;245;48;2;250;250;250m~[38;2;252;252;252;48;2;251;251;251m::[48;2;252;252;252m                                          [0m
[7m[38;2;0;0;0m [0m[38;2;0;0;0;48;2;0;0;0m                                             [38;2;14;14;14;48;2;3;3;3m`[38;2;75;75;75;48;2;29;29;29m"[38;2;80;80;80;48;2;132;132;132mw[38;2;221;221;221;48;2;234;234;234mr[38;2;253;253;253;48;2;251;251;251m:[38;2;252;252;252m.[48;2;252;252;252m     [48;2;251;251;251m [38;2;254;254;254m:[38;2;236;236;236;48;2;222;222;222m:[38;2;96;96;96;48;2;60;60;60mL[38;2;2;2;2;48;2;1;1;1mL[48;2;0;0;0m        [38;2;1;1;1m.[38;2;0;0;0;48;2;10;10;10m:[38;2;102;102;102;48;2;84;84;84m4[38;2;222;222;222;48;2;233;233;233mL[38;2;251;251;251;48;2;250;250;250m_[38;2;252;252;252;48;2;251;251;251m.[48;2;252;252;252m                                            [0m
[?25h