[?25l[0m[7m[38;2;252;252;252m [0m[38;2;0;0;0;48;2;252;252;252m                                                                                                                       [0m
[7m[38;2;252;252;252m [0m[38;2;0;0;0;48;2;252;252;252m                                                                                                                       [0m
[7m[38;2;252;252;252m [0m[38;2;0;0;0;48;2;252;252;252m                                                                                                                       [0m
[7m[38;2;252;252;252m [0m[38;2;0;0;0;48;2;252;252;252m                                                                                                                       [0m
[7m[38;2;252;252;252m [0m[38;2;0;0;0;48;2;252;252;252m                                                                                                                       [0m
[7m[38;2;252;252;252m [0m[38;2;0;0;0;48;2;252;252;252m                                                                                                                       [0m
[7m[38;2;252;252;252m [0m[38;2;0;0;0;48;2;252;252;252m                                                                                                                       [0m
[7m[38;2;252;252;252m [0m[38;2;0;0;0;48;2;252;252;252m                                                                                                                       [0m
[7m[38;2;252;252;252m [0m[38;2;0;0;0;48;2;252;252;252m                                                                                                                       [0m
[7m[38;2;252;252;252m [0m[38;2;0;0;0;48;2;252;252;252m                                                                                                                       [0m
[7m[38;2;252;252;252m [0m[38;2;0;0;0;48;2;252;252;252m                                                                                                                       [0m
[7m[38;2;252;252;252m [0m[38;2;0;0;0;48;2;252;252;252m                                                                                                                       [0m
[7m[38;2;252;252;252m [0m[38;2;0;0;0;48;2;252;252;252m                                                                                                                       [0m
[7m[38;2;252;252;252m [0m[38;2;0;0;0;48;2;252;252;252m                                                                                                                       [0m
[7m[38;2;252;252;252m [0m[38;2;0;0;0;48;2;252;252;252m                                                                                                                       [0m
[7m[38;2;252;252;252m [0m[38;2;0;0;0;48;2;252;252;252m                                                            [38;2;252;252;252;48;2;251;251;251m: :[38;2;245;245;245m_[38;2;236;236;236m_[38;2;228;228;228;48;2;250;250;250m_[38;2;224;224;224m_[38;2;225;225;225m_[38;2;233;233;233m_[38;2;246;246;246;48;2;251;251;251m_[38;2;252;252;252m: [48;2;252;252;252m                                               [0m
[7m[38;2;252;252;252m [0m[38;2;0;0;0;48;2;252;252;252m                                                       [38;2;252;252;252;48;2;251;251;251m:[48;2;252;252;252m [38;2;253;253;253;48;2;251;251;251m.[38;2;218;218;218;48;2;247;247;247m_[38;2;159;159;159;48;2;238;238;238m_[38;2;105;105;105;48;2;222;222;222m_[38;2;65;65;65;48;2;192;192;192m_[38;2;75;75;75;48;2;168;168;168my[38;2;40;40;40;48;2;141;141;141my[38;2;25;25;25;48;2;120;120;120my[38;2;188;188;188;48;2;73;73;73m~[38;2;177;177;177;48;2;68;68;68m~[38;2;20;20;20;48;2;100;100;100my[38;2;32;32;32;48;2;120;120;120my[38;2;67;67;67;48;2;155;155;155my[38;2;65;65;65;48;2;188;188;188m_[38;2;139;139;139;48;2;226;226;226m_[38;2;224;224;224;48;2;246;246;246m_[38;2;249;249;249;48;2;251;251;251m,[38;2;250;250;250m_[38;2;252;252;252m:[48;2;252;252;252m                                           [0m
[7m[38;2;252;252;252m [0m[38;2;0;0;0;48;2;252;252;252m                                                    [38;2;252;252;252;48;2;251;251;251m:[38;2;250;250;250m.[38;2;237;237;237;48;2;250;250;250m_[38;2;189;189;189;48;2;240;240;240m_[38;2;94;94;94;48;2;205;205;205m_[38;2;64;64;64;48;2;158;158;158my[38;2;182;182;182;48;2;70;70;70m~[38;2;116;116;116;48;2;30;30;30m~[38;2;46;46;46;48;2;12;12;12m"[38;2;3;3;3;48;2;1;1;1m'[48;2;0;0;0m        [38;2;0;0;0;48;2;5;5;5m:[38;2;90;90;90;48;2;28;28;28m~[38;2;183;183;183;48;2;85;85;85m~[38;2;55;55;55;48;2;183;183;183m_[38;2;142;142;142;48;2;223;223;223m_[38;2;208;208;208;48;2;246;246;246m_[38;2;243;243;243;48;2;251;251;251m_ [38;2;252;252;252m:[48;2;252;252;252m                                        [0m
[7m[38;2;252;252;252m [0m[38;2;0;0;0;48;2;252;252;252m                                                  [38;2;252;252;252;48;2;251;251;251m:[48;2;250;250;250m`[38;2;211;211;211;48;2;244;244;244m_[38;2;120;120;120;48;2;215;215;215m_[38;2;74;74;74;48;2;150;150;150my[38;2;127;127;127;48;2;47;47;47m~[38;2;47;47;47;48;2;10;10;10m~[38;2;6;6;6;48;2;1;1;1m`[48;2;0;0;0m              [38;2;1;1;1m`[38;2;35;35;35;48;2;5;5;5m`[38;2;105;105;105;48;2;19;19;19m`[38;2;127;127;127;48;2;50;50;50m~[38;2;63;63;63;48;2;150;150;150my[38;2;129;129;129;48;2;221;221;221m_[38;2;233;233;233;48;2;248;248;248m,[48;2;252;252;252m                                        [0m
[7m[38;2;252;252;252m [0m[38;2;0;0;0;48;2;252;252;252m                                                [38;2;252;252;252;48;2;251;251;251m`[38;2;254;254;254m.[38;2;252;252;252;48;2;240;240;240m'[38;2;140;140;140;48;2;197;197;197my[38;2;180;180;180;48;2;83;83;83m~[38;2;73;73;73;48;2;24;24;24m"[38;2;0;0;0;48;2;3;3;3m:[48;2;0;0;0m                   [38;2;1;1;1m`[38;2;2;2;2m`[38;2;0;0;0;48;2;3;3;3m`[38;2;80;80;80;48;2;41;41;41m"[38;2;106;106;106;48;2;177;177;177m_[38;2;226;226;226;48;2;242;242;242m,[38;2;250;250;250;48;2;251;251;251ma[38;2;252;252;252m.[48;2;252;252;252m                                     [0m
[7m[38;2;252;252;252m [0m[38;2;0;0;0;48;2;252;252;252m                                              [38;2;252;252;252;48;2;251;251;251m: [48;2;250;250;250m:[38;2;201;201;201;48;2;232;232;232m_[38;2;90;90;90;48;2;149;149;149my[38;2;78;78;78;48;2;35;35;35m"[38;2;0;0;0;48;2;3;3;3m:[48;2;0;0;0m                       [38;2;1;1;1m`[38;2;0;0;0;48;2;4;4;4m:[38;2;14;14;14;48;2;64;64;64m.[38;2;199;199;199;48;2;219;219;219mL[38;2;246;246;246;48;2;250;250;250m,[38;2;252;252;252;48;2;251;251;251m:[48;2;252;252;252m                                     [0m
[7m[38;2;252;252;252m [0m[38;2;0;0;0;48;2;252;252;252m                                              [38;2;252;252;252;48;2;251;251;251m:_[38;2;253;253;253;48;2;238;238;238m'[38;2;99;99;99;48;2;144;144;144my[38;2;48;48;48;48;2;23;23;23m~[48;2;0;0;0m                           [38;2;3;3;3;48;2;37;37;37m:[38;2;184;184;184;48;2;200;200;200mL[38;2;243;243;243;48;2;247;247;247mL[38;2;252;252;252;48;2;251;251;251m':[48;2;252;252;252m                                    [0m
[7m[38;2;252;252;252m [0m[38;2;0;0;0;48;2;252;252;252m                                              [38;2;252;252;252;48;2;251;251;251m:[48;2;252;252;252m [38;2;226;226;226;48;2;233;233;233m4[38;2;101;101;101;48;2;74;74;74mL[38;2;0;0;0;48;2;7;7;7m:[48;2;0;0;0m                           [38;2;5;5;5;48;2;40;40;40m`[38;2;190;190;190;48;2;204;204;204mF[38;2;245;245;245;48;2;248;248;248mF[38;2;252;252;252;48;2;251;251;251mL:[48;2;252;252;252m                                    [0m
[7m[38;2;252;252;252m [0m[38;2;0;0;0;48;2;252;252;252m                                              [38;2;252;252;252;48;2;251;251;251m:[38;2;251;251;251;48;2;250;250;250m"[38;2;253;253;253;48;2;237;237;237m:[38;2;190;190;190;48;2;125;125;125m_[38;2;2;2;2;48;2;24;24;24m:[38;2;0;0;0;48;2;1;1;1m`[48;2;0;0;0m                         [48;2;7;7;7m:[38;2;106;106;106;48;2;72;72;72m_[38;2;213;213;213;48;2;227;227;227mF[38;2;250;250;250;48;2;251;251;251m~[38;2;252;252;252m:[48;2;252;252;252m                                     [0m
[7m[38;2;252;252;252m [0m[38;2;0;0;0;48;2;252;252;252m                                              [38;2;252;252;252;48;2;251;251;251m:[38;2;250;250;250m`.[38;2;216;216;216;48;2;237;237;237m`[38;2;76;76;76;48;2;156;156;156m~[38;2;102;102;102;48;2;35;35;35m_[38;2;16;16;16;48;2;3;3;3m,[38;2;1;1;1;48;2;0;0;0m_                      [38;2;0;0;0;48;2;1;1;1m:[48;2;38;38;38m`[38;2;128;128;128;48;2;178;178;178m~[38;2;232;232;232;48;2;242;242;242m~[38;2;250;250;250;48;2;251;251;251m4[38;2;252;252;252m.[48;2;252;252;252m                                     [0m
[7m[38;2;252;252;252m [0m[38;2;0;0;0;48;2;252;252;252m                                                [38;2;252;252;252;48;2;251;251;251m:[38;2;250;250;250m^[38;2;254;254;254;48;2;248;248;248m'[38;2;155;155;155;48;2;216;216;216m~[38;2;169;169;169;48;2;91;91;91my[38;2;115;115;115;48;2;22;22;22m_[38;2;26;26;26;48;2;5;5;5m,[38;2;2;2;2;48;2;0;0;0m.                  [38;2;1;1;1m,[38;2;0;0;0;48;2;4;4;4m:[38;2;112;112;112;48;2;44;44;44m_[38;2;100;100;100;48;2;183;183;183m~[38;2;228;228;228;48;2;243;243;243m~[48;2;251;251;251m [38;2;252;252;252m:[48;2;252;252;252m                                      [0m
[7m[38;2;252;252;252m [0m[38;2;0;0;0;48;2;252;252;252m                                                  [38;2;252;252;252;48;2;251;251;251m: [38;2;231;231;231;48;2;245;245;245m`[38;2;189;189;189;48;2;222;222;222m~[38;2;77;77;77;48;2;162;162;162m~[38;2;9;9;9;48;2;100;100;100m~[38;2;149;149;149;48;2;40;40;40m_[38;2;63;63;63;48;2;14;14;14m_[38;2;0;0;0;48;2;3;3;3m`[48;2;0;0;0m             [38;2;1;1;1m_[38;2;0;0;0;48;2;2;2;2m`[48;2;26;26;26m`[38;2;207;207;207;48;2;92;92;92m_[38;2;153;153;153;48;2;213;213;213m~[38;2;237;237;237;48;2;248;248;248m~[48;2;251;251;251m [38;2;252;252;252m:[48;2;252;252;252m                                       [0m
[7m[38;2;252;252;252m [0m[38;2;0;0;0;48;2;252;252;252m                                                   [38;2;253;253;253m`[38;2;240;240;240;48;2;244;244;244m4[38;2;227;227;227;48;2;208;208;208m_[38;2;199;199;199;48;2;187;187;187m,[38;2;143;143;143;48;2;175;175;175m_[38;2;89;89;89;48;2;140;140;140my[38;2;152;152;152;48;2;90;90;90m_[38;2;205;205;205;48;2;119;119;119my[38;2;231;231;231;48;2;95;95;95m_[38;2;140;140;140;48;2;38;38;38m_[38;2;91;91;91;48;2;8;8;8m_[38;2;63;63;63;48;2;3;3;3m_[38;2;50;50;50m_[38;2;49;49;49m__[38;2;47;47;47m_[38;2;43;43;43m_[38;2;44;44;44;48;2;2;2;2m_[38;2;47;47;47m_[38;2;73;73;73;48;2;4;4;4m_[38;2;114;114;114;48;2;17;17;17m_[38;2;180;180;180;48;2;60;60;60m_[38;2;205;205;205;48;2;115;115;115my[38;2;124;124;124;48;2;216;216;216m~[38;2;232;232;232;48;2;248;248;248m~[38;2;253;253;253;48;2;252;252;252m~[38;2;252;252;252;48;2;251;251;251m:[48;2;252;252;252m                                         [0m
[7m[38;2;252;252;252m [0m[38;2;0;0;0;48;2;252;252;252m                                                    [38;2;252;252;252;48;2;251;251;251m'[38;2;238;238;238;48;2;245;245;245m"[38;2;191;191;191;48;2;205;205;205m~[38;2;189;189;189;48;2;133;133;133my[38;2;82;82;82;48;2;185;185;185m~[38;2;205;205;205;48;2;241;241;241m~[38;2;251;251;251;48;2;250;250;250m:[38;2;242;242;242;48;2;249;249;249m`[38;2;189;189;189;48;2;242;242;242m`[38;2;174;174;174;48;2;228;228;228m~[38;2;129;129;129;48;2;210;210;210m~[38;2;104;104;104;48;2;201;201;201m~[38;2;99;99;99;48;2;199;199;199m~~[38;2;98;98;98;48;2;198;198;198m~[38;2;91;91;91;48;2;196;196;196m~~[38;2;97;97;97;48;2;199;199;199m~[38;2;140;140;140;48;2;218;218;218m~[38;2;198;198;198;48;2;240;240;240m~[38;2;210;210;210;48;2;245;245;245m`[38;2;247;247;247;48;2;250;250;250m'[38;2;253;253;253;48;2;251;251;251m`[48;2;252;252;252m                                            [0m
[7m[38;2;252;252;252m [0m[38;2;0;0;0;48;2;252;252;252m                                                     [38;2;251;251;251m`[38;2;252;252;252;48;2;251;251;251mT[38;2;250;250;250m=[38;2;253;253;253;48;2;252;252;252m`[38;2;251;251;251m`  [38;2;252;252;252;48;2;251;251;251m: [38;2;249;249;249m~~~~~~~~~ [48;2;252;252;252m                                               [0m
[7m[38;2;252;252;252m [0m[38;2;0;0;0;48;2;252;252;252m                                                                                                                       [0m
[7m[38;2;252;252;252m [0m[38;2;0;0;0;48;2;252;252;252m                                                                                                                       [0m
[7m[38;2;252;252;252m [0m[38;2;0;0;0;48;2;252;252;252m                                                                                                                       [0m
[7m[38;2;252;252;252m [0m[38;2;0;0;0;48;2;252;252;252m                                                                                                                       [0m
[7m[38;2;252;252;252m [0m[38;2;0;0;0;48;2;252;252;252m                                                                                                                       [0m
[7m[38;2;252;252;252m [0m[38;2;0;0;0;48;2;252;252;252m                                                                                                                       [0m
[?25h