[?25l[0m[7m[38;2;0;0;0m [0m[38;2;0;0;0;48;2;0;0;0m                                        [48;2;1;1;1m  [48;2;2;2;2m  [48;2;3;3;3m   [48;2;4;4;4m  [48;2;5;5;5m   [48;2;7;7;7m [48;2;8;8;8m  [48;2;9;9;9m [48;2;10;10;10m   [48;2;11;11;11m [48;2;12;12;12m [38;2;14;14;14;48;2;13;13;13m:[48;2;14;14;14m [48;2;15;15;15m [48;2;16;16;16m  [48;2;17;17;17m  [38;2;19;19;19;48;2;18;18;18m:[48;2;19;19;19m  [48;2;21;21;21m [48;2;22;22;22m [38;2;24;24;24;48;2;23;23;23m:[48;2;24;24;24m [48;2;25;25;25m  [48;2;26;26;26m [48;2;27;27;27m [38;2;29;29;29;48;2;28;28;28m:[38;2;31;31;31;48;2;30;30;30m`[48;2;31;31;31m [38;2;32;32;32m`[48;2;33;33;33m [48;2;34;34;34m [38;2;37;37;37;48;2;36;36;36mJ[48;2;37;37;37m [48;2;38;38;38m [48;2;39;39;39m [38;2;41;41;41;48;2;40;40;40m:[48;2;42;42;42m [38;2;43;43;43;48;2;44;44;44m_ [48;2;45;45;45m [48;2;46;46;46m [38;2;47;47;47m`[38;2;50;50;50;48;2;49;49;49m`[38;2;49;49;49;48;2;50;50;50my[38;2;50;50;50;48;2;51;51;51m_[38;2;51;51;51;48;2;52;52;52m.[48;2;53;53;53m [38;2;53;53;53;48;2;54;54;54m,[38;2;56;56;56;48;2;55;55;55m~ [48;2;57;57;57m [38;2;59;59;59;48;2;58;58;58m`[38;2;60;60;60;48;2;59;59;59m`[48;2;60;60;60m [48;2;61;61;61m [48;2;62;62;62m  [48;2;65;65;65m [38;2;68;68;68;48;2;67;67;67m~`[48;2;68;68;68m [48;2;69;69;69m [38;2;70;70;70m.[38;2;71;71;71;48;2;70;70;70m`[38;2;70;70;70;48;2;71;71;71my[0m
[7m[38;2;0;0;0m [0m[38;2;0;0;0;48;2;0;0;0m                                        [38;2;1;1;1m:[48;2;1;1;1m [38;2;2;2;2m:[38;2;3;3;3;48;2;2;2;2m` [48;2;3;3;3m  [48;2;4;4;4m   [48;2;5;5;5m  [48;2;6;6;6m [48;2;7;7;7m [48;2;8;8;8m [48;2;9;9;9m  [48;2;10;10;10m  [48;2;11;11;11m [38;2;12;12;12m^[38;2;14;14;14;48;2;13;13;13m^[48;2;14;14;14m [38;2;15;15;15m"[48;2;15;15;15m [48;2;16;16;16m  [38;2;18;18;18;48;2;17;17;17ma[48;2;18;18;18m [48;2;19;19;19m  [38;2;21;21;21;48;2;20;20;20m`[48;2;22;22;22m [38;2;24;24;24;48;2;23;23;23m"`[48;2;24;24;24m [48;2;25;25;25m [38;2;27;27;27;48;2;26;26;26m`[48;2;27;27;27m [38;2;29;29;29;48;2;28;28;28m"[48;2;29;29;29m [38;2;31;31;31;48;2;30;30;30m.[48;2;31;31;31m [38;2;33;33;33;48;2;32;32;32m:[48;2;34;34;34m [38;2;36;36;36;48;2;35;35;35m~[38;2;35;35;35;48;2;36;36;36m_[48;2;37;37;37m [38;2;38;38;38;48;2;39;39;39m.[38;2;41;41;41;48;2;40;40;40m`[38;2;42;42;42;48;2;41;41;41m`[38;2;43;43;43m`[38;2;44;44;44;48;2;43;43;43m`[48;2;44;44;44m [48;2;45;45;45m [38;2;46;46;46m`[38;2;47;47;47;48;2;46;46;46m"[38;2;48;48;48;48;2;47;47;47m~[38;2;50;50;50;48;2;49;49;49m"[48;2;50;50;50m [38;2;52;52;52;48;2;51;51;51m"[38;2;53;53;53;48;2;52;52;52m~[38;2;55;55;55;48;2;53;53;53m`[48;2;54;54;54m`[38;2;56;56;56;48;2;55;55;55m?[38;2;58;58;58;48;2;56;56;56m~[38;2;56;56;56;48;2;57;57;57mg[38;2;58;58;58;48;2;59;59;59mw[38;2;61;61;61;48;2;60;60;60m`[38;2;62;62;62;48;2;61;61;61m~~[38;2;64;64;64;48;2;63;63;63m"[38;2;66;66;66;48;2;64;64;64m~[38;2;67;67;67;48;2;65;65;65m~[48;2;66;66;66m"[38;2;66;66;66;48;2;67;67;67my[38;2;69;69;69;48;2;68;68;68m~F[38;2;70;70;70m~[0m
[7m[38;2;0;0;0m [0m[38;2;0;0;0;48;2;0;0;0m                                         [48;2;1;1;1m  [48;2;2;2;2m  [48;2;3;3;3m  [48;2;4;4;4m   [48;2;5;5;5m  [38;2;5;5;5;48;2;6;6;6m_[48;2;7;7;7m [48;2;8;8;8m [38;2;9;9;9m.[48;2;9;9;9m [38;2;10;10;10m.[48;2;10;10;10m  [48;2;11;11;11m [48;2;12;12;12m [38;2;13;13;13m~[48;2;14;14;14m [48;2;15;15;15m [48;2;16;16;16m  [48;2;17;17;17m [48;2;18;18;18m [48;2;19;19;19m   [38;2;22;22;22;48;2;21;21;21m:[48;2;22;22;22m [48;2;23;23;23m [48;2;24;24;24m [38;2;26;26;26;48;2;25;25;25m``[38;2;27;27;27;48;2;26;26;26m~`[48;2;28;28;28m [38;2;30;30;30;48;2;29;29;29m.[38;2;31;31;31;48;2;30;30;30m`[38;2;32;32;32;48;2;31;31;31m`[48;2;33;33;33m [38;2;34;34;34m:[48;2;34;34;34m [48;2;36;36;36m [48;2;38;38;38m [48;2;39;39;39m [38;2;41;41;41;48;2;40;40;40m`.[38;2;43;43;43;48;2;42;42;42m4[48;2;43;43;43m [38;2;45;45;45;48;2;44;44;44m~[48;2;45;45;45m [48;2;46;46;46m [48;2;47;47;47m [48;2;48;48;48m [48;2;49;49;49m [38;2;49;49;49;48;2;50;50;50m,[38;2;52;52;52;48;2;51;51;51m`[38;2;53;53;53;48;2;52;52;52m`[38;2;54;54;54;48;2;53;53;53m"[48;2;54;54;54m [38;2;55;55;55m:[38;2;56;56;56;48;2;55;55;55m`[38;2;58;58;58;48;2;57;57;57m`[38;2;60;60;60;48;2;59;59;59m~~ [38;2;62;62;62;48;2;61;61;61m`[48;2;62;62;62m [38;2;64;64;64;48;2;63;63;63m`[48;2;64;64;64m [48;2;65;65;65m [38;2;67;67;67;48;2;66;66;66m``[38;2;68;68;68;48;2;67;67;67m`[0m
[7m[38;2;0;0;0m [0m[38;2;0;0;0;48;2;0;0;0m                                        [38;2;1;1;1m` [48;2;1;1;1m [48;2;2;2;2m   [48;2;3;3;3m  [38;2;4;4;4m:[48;2;4;4;4m [38;2;5;5;5m~ [48;2;5;5;5m [38;2;7;7;7m`[48;2;7;7;7m [48;2;8;8;8m  [48;2;9;9;9m [48;2;10;10;10m  [48;2;11;11;11m [38;2;12;12;12m~`[38;2;13;13;13;48;2;12;12;12m`[38;2;15;15;15;48;2;14;14;14m``[48;2;15;15;15m [38;2;17;17;17;48;2;16;16;16m`[38;2;18;18;18;48;2;17;17;17m`[38;2;19;19;19;48;2;18;18;18m` [48;2;20;20;20m [38;2;22;22;22;48;2;21;21;21m`~[38;2;23;23;23;48;2;22;22;22m:[38;2;24;24;24;48;2;23;23;23m``[38;2;25;25;25;48;2;24;24;24m`[38;2;26;26;26;48;2;25;25;25m:[48;2;26;26;26m [38;2;27;27;27m`[38;2;29;29;29;48;2;28;28;28m'[38;2;30;30;30;48;2;29;29;29m~[38;2;31;31;31;48;2;30;30;30m"[48;2;31;31;31m [38;2;33;33;33;48;2;32;32;32m~[38;2;34;34;34m`[38;2;36;36;36;48;2;34;34;34m`[38;2;35;35;35;48;2;36;36;36m_[48;2;37;37;37m [38;2;39;39;39;48;2;38;38;38m`[38;2;40;40;40;48;2;39;39;39m^[38;2;41;41;41;48;2;40;40;40m~[38;2;43;43;43;48;2;41;41;41m`[48;2;42;42;42m~[38;2;44;44;44;48;2;43;43;43m~[38;2;45;45;45;48;2;44;44;44m~[38;2;47;47;47;48;2;46;46;46m"`[38;2;48;48;48;48;2;47;47;47m`[38;2;49;49;49;48;2;48;48;48m~[48;2;50;50;50my [38;2;52;52;52;48;2;51;51;51m`[38;2;53;53;53m~[48;2;52;52;52m~[38;2;54;54;54;48;2;53;53;53m`[38;2;56;56;56;48;2;55;55;55m`[38;2;55;55;55;48;2;57;57;57m_[38;2;56;56;56m__[38;2;60;60;60;48;2;58;58;58m`[38;2;61;61;61;48;2;59;59;59m~[48;2;60;60;60m [38;2;62;62;62;48;2;61;61;61m~[38;2;64;64;64;48;2;62;62;62m~[38;2;65;65;65;48;2;63;63;63m~[38;2;63;63;63;48;2;64;64;64my[48;2;65;65;65m_[0m
[7m[38;2;0;0;0m [0m[38;2;0;0;0;48;2;0;0;0m                                          [48;2;1;1;1m [38;2;2;2;2m..[38;2;3;3;3;48;2;2;2;2m`:[48;2;3;3;3m  [38;2;4;4;4m..[48;2;4;4;4m [38;2;5;5;5m.[48;2;5;5;5m [48;2;7;7;7m_[38;2;8;8;8m.[48;2;8;8;8m [48;2;9;9;9m [38;2;10;10;10m.[48;2;10;10;10m  [38;2;11;11;11m.[48;2;11;11;11m [48;2;12;12;12m [38;2;13;13;13m~[48;2;14;14;14m [48;2;15;15;15m [38;2;16;16;16m`[38;2;17;17;17;48;2;16;16;16m`[38;2;18;18;18;48;2;17;17;17m~[38;2;17;17;17;48;2;18;18;18m.[38;2;18;18;18;48;2;20;20;20m_[38;2;19;19;19m_[48;2;21;21;21m [38;2;23;23;23;48;2;22;22;22m" :[38;2;24;24;24;48;2;23;23;23m`[48;2;25;25;25m [38;2;26;26;26m.[48;2;26;26;26m [48;2;27;27;27m [48;2;28;28;28m [38;2;27;27;27m_[38;2;29;29;29;48;2;30;30;30m_[38;2;30;30;30;48;2;31;31;31m_[38;2;32;32;32m`[38;2;33;33;33;48;2;32;32;32m~[48;2;34;34;34m [38;2;34;34;34;48;2;36;36;36m_[38;2;36;36;36;48;2;37;37;37m_[38;2;39;39;39;48;2;38;38;38m`[38;2;40;40;40;48;2;39;39;39m`[48;2;40;40;40m [38;2;41;41;41m.[48;2;41;41;41m [38;2;43;43;43;48;2;42;42;42m"[38;2;45;45;45;48;2;44;44;44m~[38;2;46;46;46;48;2;45;45;45m~`[38;2;47;47;47;48;2;46;46;46m`[38;2;49;49;49;48;2;47;47;47m`[48;2;48;48;48m~[38;2;50;50;50;48;2;49;49;49m'[38;2;51;51;51m~[48;2;51;51;51m [38;2;53;53;53;48;2;52;52;52m`[38;2;54;54;54;48;2;53;53;53m`[38;2;55;55;55;48;2;54;54;54m~~[38;2;53;53;53m_[38;2;57;57;57;48;2;56;56;56m"[48;2;58;58;58m [38;2;59;59;59m^[38;2;60;60;60;48;2;59;59;59m~[38;2;61;61;61;48;2;60;60;60m~~[38;2;62;62;62;48;2;61;61;61m~[38;2;60;60;60m_[0m
[7m[38;2;0;0;0m [0m[38;2;0;0;0;48;2;0;0;0m                                          [48;2;1;1;1m [38;2;2;2;2m__ [48;2;2;2;2m [48;2;3;3;3m    [48;2;4;4;4m  [48;2;5;5;5m  [48;2;7;7;7m  [48;2;8;8;8m  [38;2;10;10;10;48;2;9;9;9m, [38;2;11;11;11;48;2;10;10;10m_ [48;2;11;11;11m [48;2;12;12;12m [38;2;13;13;13m`[48;2;14;14;14m [48;2;15;15;15m [48;2;16;16;16m [38;2;17;17;17m_[48;2;17;17;17m [38;2;19;19;19;48;2;18;18;18m`[48;2;19;19;19m [38;2;21;21;21;48;2;20;20;20m.[48;2;21;21;21m  [48;2;22;22;22m [48;2;23;23;23m [38;2;25;25;25;48;2;24;24;24m`~[38;2;26;26;26;48;2;25;25;25m`[38;2;27;27;27;48;2;26;26;26m`.[48;2;27;27;27m [38;2;29;29;29;48;2;28;28;28m"[48;2;29;29;29m [38;2;31;31;31;48;2;30;30;30m`[38;2;32;32;32;48;2;31;31;31m`[38;2;33;33;33;48;2;32;32;32m`[48;2;33;33;33m [38;2;36;36;36;48;2;34;34;34m`[38;2;37;37;37;48;2;35;35;35m~[38;2;38;38;38;48;2;37;37;37m~[38;2;39;39;39;48;2;38;38;38m"[38;2;40;40;40;48;2;39;39;39m"7[38;2;41;41;41;48;2;40;40;40m~[38;2;42;42;42;48;2;41;41;41m~[38;2;43;43;43;48;2;42;42;42m~[38;2;44;44;44;48;2;43;43;43m~[38;2;43;43;43;48;2;45;45;45m_[38;2;45;45;45;48;2;46;46;46m_[38;2;47;47;47m~[38;2;46;46;46;48;2;47;47;47my [38;2;50;50;50;48;2;49;49;49m~[48;2;50;50;50m [38;2;52;52;52;48;2;51;51;51m`~[38;2;53;53;53;48;2;52;52;52m~ [38;2;55;55;55;48;2;54;54;54m~[48;2;55;55;55m [38;2;57;57;57m`[48;2;56;56;56m~[38;2;58;58;58;48;2;57;57;57m~[48;2;58;58;58m [38;2;59;59;59m~[38;2;60;60;60m`[0m
[7m[38;2;0;0;0m [0m[38;2;0;0;0;48;2;0;0;0m                                          [48;2;1;1;1m  [38;2;2;2;2m:[48;2;2;2;2m  [38;2;3;3;3m.[48;2;3;3;3m  [38;2;4;4;4m:[48;2;4;4;4m   [48;2;5;5;5m [48;2;7;7;7m [48;2;8;8;8m   [48;2;9;9;9m [48;2;10;10;10m [38;2;11;11;11m~ [48;2;11;11;11m  [48;2;12;12;12m [38;2;14;14;14m~[48;2;14;14;14m [38;2;16;16;16;48;2;15;15;15m`[38;2;17;17;17;48;2;16;16;16m~~[38;2;18;18;18m~[48;2;17;17;17m~[38;2;20;20;20;48;2;18;18;18m`[48;2;19;19;19m~[38;2;21;21;21m~[48;2;21;21;21m [48;2;22;22;22m [38;2;23;23;23m`~[38;2;24;24;24;48;2;23;23;23m`[38;2;25;25;25;48;2;24;24;24m`[38;2;26;26;26;48;2;25;25;25m`[38;2;27;27;27;48;2;26;26;26m`[38;2;28;28;28;48;2;27;27;27m~[38;2;27;27;27;48;2;28;28;28m_[38;2;30;30;30;48;2;29;29;29m~[48;2;30;30;30m [38;2;32;32;32;48;2;31;31;31m~[48;2;32;32;32m [48;2;33;33;33m [38;2;34;34;34m`[38;2;36;36;36;48;2;34;34;34m~[38;2;34;34;34;48;2;36;36;36m_[38;2;36;36;36;48;2;37;37;37m_[38;2;39;39;39;48;2;38;38;38m`[38;2;40;40;40;48;2;39;39;39m`[38;2;41;41;41;48;2;40;40;40m` [38;2;42;42;42;48;2;41;41;41m`[38;2;41;41;41;48;2;42;42;42m_[48;2;43;43;43m [38;2;45;45;45;48;2;44;44;44m~[38;2;46;46;46;48;2;45;45;45m`[38;2;47;47;47m`[38;2;48;48;48;48;2;47;47;47m`[38;2;50;50;50;48;2;48;48;48m`~[38;2;48;48;48;48;2;49;49;49m_[38;2;49;49;49;48;2;50;50;50m,[48;2;51;51;51m [38;2;52;52;52m`[38;2;53;53;53;48;2;52;52;52m`[38;2;54;54;54;48;2;53;53;53m" [38;2;55;55;55;48;2;54;54;54m`[38;2;56;56;56;48;2;55;55;55m~[38;2;57;57;57m~~[0m
[7m[38;2;0;0;0m [0m[38;2;0;0;0;48;2;0;0;0m                                   [38;2;2;2;2m_[38;2;1;1;1m, - _y[38;2;2;2;2;48;2;1;1;1m_ `_[48;2;2;2;2m  [48;2;3;3;3m  [38;2;4;4;4m:[48;2;4;4;4m   [48;2;5;5;5m [48;2;7;7;7m [38;2;8;8;8m..[48;2;8;8;8m [48;2;9;9;9m [48;2;10;10;10m   [48;2;11;11;11m   [48;2;12;12;12m [48;2;14;14;14m  [38;2;15;15;15m.[48;2;15;15;15m [48;2;16;16;16m [48;2;17;17;17m [38;2;18;18;18m:[48;2;18;18;18m [38;2;19;19;19m:[38;2;20;20;20;48;2;19;19;19m`[38;2;22;22;22;48;2;21;21;21m`[48;2;22;22;22m  [38;2;23;23;23m:[38;2;24;24;24;48;2;23;23;23m"[38;2;25;25;25;48;2;24;24;24m`[38;2;26;26;26;48;2;25;25;25m.[38;2;27;27;27;48;2;26;26;26m":[38;2;28;28;28;48;2;27;27;27m`[48;2;28;28;28m [38;2;31;31;31;48;2;30;30;30m`[38;2;32;32;32m`[48;2;31;31;31m [48;2;32;32;32m [38;2;34;34;34;48;2;33;33;33m`~[38;2;36;36;36;48;2;34;34;34m`[38;2;35;35;35;48;2;36;36;36m_[48;2;37;37;37m [38;2;39;39;39;48;2;38;38;38m`[38;2;40;40;40;48;2;39;39;39m"~[38;2;41;41;41;48;2;40;40;40m"[38;2;42;42;42;48;2;41;41;41m~~[38;2;43;43;43;48;2;42;42;42m~[38;2;44;44;44;48;2;43;43;43m~[38;2;43;43;43;48;2;45;45;45m_[38;2;46;46;46m~[38;2;45;45;45;48;2;46;46;46m_[38;2;47;47;47m~[38;2;48;48;48;48;2;47;47;47m~[38;2;49;49;49m~[38;2;48;48;48;48;2;49;49;49m_[38;2;49;49;49;48;2;51;51;51m__[38;2;50;50;50m_[38;2;51;51;51;48;2;52;52;52my [48;2;53;53;53m  [0m
[7m[38;2;0;0;0m [0m[38;2;0;0;0;48;2;0;0;0m                              [38;2;1;1;1m.[38;2;2;2;2m_[38;2;5;5;5;48;2;1;1;1m_[38;2;30;30;30;48;2;4;4;4m_[38;2;77;77;77;48;2;18;18;18m_[38;2;134;134;134;48;2;38;38;38m_[38;2;184;184;184;48;2;53;53;53m_[38;2;211;211;211;48;2;65;65;65m_[38;2;213;213;213;48;2;68;68;68m_[38;2;200;200;200;48;2;63;63;63m_[38;2;189;189;189;48;2;58;58;58m_[38;2;179;179;179;48;2;53;53;53m_[38;2;160;160;160;48;2;46;46;46m_[38;2;145;145;145;48;2;40;40;40m_[38;2;124;124;124;48;2;34;34;34m_[38;2;96;96;96;48;2;25;25;25m_[38;2;71;71;71;48;2;17;17;17m_[38;2;52;52;52;48;2;11;11;11m_[38;2;34;34;34;48;2;6;6;6m_[38;2;16;16;16;48;2;5;5;5m_[38;2;10;10;10m_[38;2;11;11;11;48;2;6;6;6m_[38;2;14;14;14m_[38;2;16;16;16m_[38;2;13;13;13m_[38;2;6;6;6;48;2;5;5;5m`[48;2;4;4;4m`[48;2;5;5;5m [38;2;5;5;5;48;2;7;7;7m_[38;2;9;9;9;48;2;8;8;8m"[38;2;10;10;10m`[48;2;9;9;9m`.[38;2;11;11;11;48;2;10;10;10m````[38;2;13;13;13;48;2;11;11;11m`[48;2;12;12;12m``[38;2;14;14;14m~[48;2;14;14;14m [38;2;16;16;16;48;2;15;15;15m`[38;2;17;17;17;48;2;16;16;16m`[48;2;17;17;17m [38;2;18;18;18m`[48;2;18;18;18m [38;2;21;21;21;48;2;19;19;19m`[38;2;19;19;19;48;2;20;20;20m_[48;2;21;21;21m [38;2;22;22;22m:[38;2;23;23;23;48;2;22;22;22m`[38;2;24;24;24;48;2;23;23;23m~[38;2;25;25;25;48;2;24;24;24m~`[38;2;26;26;26;48;2;25;25;25m~`[38;2;27;27;27;48;2;26;26;26m`[38;2;28;28;28;48;2;27;27;27m~[38;2;30;30;30;48;2;28;28;28m`[48;2;30;30;30m [48;2;31;31;31m [38;2;32;32;32m~`[38;2;33;33;33;48;2;32;32;32m^[38;2;35;35;35;48;2;33;33;33m`[38;2;36;36;36;48;2;34;34;34m~[38;2;35;35;35;48;2;36;36;36my[38;2;36;36;36;48;2;37;37;37m_[38;2;39;39;39m`[48;2;38;38;38m [38;2;40;40;40m`[48;2;39;39;39m~[38;2;41;41;41;48;2;40;40;40m~[38;2;42;42;42;48;2;41;41;41m~[38;2;43;43;43m~[38;2;41;41;41;48;2;43;43;43m_ [38;2;46;46;46;48;2;44;44;44m`[48;2;45;45;45m~[38;2;44;44;44m_[38;2;45;45;45;48;2;46;46;46m_[38;2;46;46;46;48;2;47;47;47m_[38;2;49;49;49m~~[48;2;48;48;48m~[38;2;51;51;51;48;2;49;49;49m~~[48;2;50;50;50m~[0m
[7m[38;2;0;0;0m [0m[38;2;0;0;0;48;2;0;0;0m                           [38;2;28;28;28;48;2;3;3;3m_[38;2;100;100;100;48;2;13;13;13m_[38;2;171;171;171;48;2;37;37;37m_[38;2;208;208;208;48;2;76;76;76m_[38;2;20;20;20;48;2;146;146;146m~[38;2;77;77;77;48;2;186;186;186m~[38;2;142;142;142;48;2;218;218;218m~[38;2;186;186;186;48;2;239;239;239m~[38;2;183;183;183;48;2;240;240;240m`[38;2;210;210;210;48;2;244;244;244m`[38;2;233;233;233;48;2;248;248;248m~[38;2;227;227;227m`[38;2;218;218;218;48;2;246;246;246m`[38;2;212;212;212;48;2;245;245;245m`[38;2;218;218;218m"[38;2;196;196;196;48;2;242;242;242m`[38;2;188;188;188;48;2;241;241;241m`[38;2;178;178;178;48;2;239;239;239m`[38;2;187;187;187;48;2;237;237;237m~[38;2;168;168;168;48;2;228;228;228m~[38;2;153;153;153;48;2;221;221;221m~[38;2;131;131;131;48;2;208;208;208m~[38;2;95;95;95;48;2;187;187;187m~[38;2;216;216;216;48;2;135;135;135my[38;2;201;201;201;48;2;114;114;114my[38;2;214;214;214;48;2;93;93;93m_[38;2;186;186;186;48;2;64;64;64m_[38;2;149;149;149;48;2;41;41;41m_[38;2;109;109;109;48;2;21;21;21m_[38;2;60;60;60;48;2;12;12;12m_[38;2;24;24;24;48;2;8;8;8m_[38;2;12;12;12m_[38;2;8;8;8;48;2;7;7;7m:~`[38;2;9;9;9;48;2;8;8;8m:[48;2;9;9;9m  [48;2;10;10;10m  [48;2;11;11;11m   [48;2;12;12;12m [38;2;14;14;14;48;2;13;13;13m:[38;2;15;15;15;48;2;14;14;14m`[38;2;16;16;16;48;2;15;15;15m"~[38;2;17;17;17;48;2;16;16;16m`[38;2;18;18;18;48;2;17;17;17m`[48;2;18;18;18m [48;2;19;19;19m [38;2;20;20;20m?[38;2;19;19;19;48;2;20;20;20my[38;2;20;20;20;48;2;21;21;21m_[38;2;22;22;22m`[48;2;22;22;22m [38;2;24;24;24;48;2;23;23;23m" [38;2;25;25;25;48;2;24;24;24m"[38;2;26;26;26;48;2;25;25;25m`[38;2;27;27;27;48;2;26;26;26m`[38;2;28;28;28m~[38;2;29;29;29;48;2;28;28;28m~[38;2;28;28;28;48;2;29;29;29my[48;2;30;30;30m  [48;2;31;31;31m [48;2;32;32;32m [38;2;34;34;34;48;2;33;33;33m`:[48;2;35;35;35my[48;2;36;36;36my[38;2;35;35;35m_[38;2;36;36;36;48;2;37;37;37my [38;2;39;39;39;48;2;38;38;38m`[38;2;40;40;40;48;2;39;39;39m`[38;2;41;41;41;48;2;40;40;40m`[38;2;40;40;40;48;2;41;41;41my[38;2;42;42;42m~[38;2;43;43;43;48;2;42;42;42m~[38;2;41;41;41;48;2;43;43;43m_[38;2;44;44;44;48;2;42;42;42m~[48;2;43;43;43m~[38;2;43;43;43;48;2;44;44;44m_[38;2;44;44;44;48;2;45;45;45mg[38;2;45;45;45;48;2;46;46;46m__[48;2;47;47;47m_[38;2;46;46;46my[38;2;48;48;48m^[0m
[7m[38;2;0;0;0m [0m[38;2;0;0;0;48;2;0;0;0m                       [48;2;2;2;2m`[38;2;87;87;87;48;2;21;21;21m_[38;2;196;196;196;48;2;62;62;62m_[38;2;198;198;198;48;2;107;107;107my[38;2;64;64;64;48;2;192;192;192m~[38;2;139;139;139;48;2;224;224;224m~[38;2;210;210;210;48;2;242;242;242m`[38;2;238;238;238;48;2;249;249;249m`[38;2;248;248;248;48;2;251;251;251m`[38;2;250;250;250m~ [48;2;252;252;252m           [38;2;252;252;252;48;2;251;251;251m.  .[38;2;251;251;251;48;2;252;252;252m`[38;2;250;250;250m`[38;2;247;247;247;48;2;251;251;251m`[38;2;239;239;239;48;2;250;250;250m`[38;2;221;221;221;48;2;245;245;245m`[38;2;197;197;197;48;2;234;234;234m~[38;2;153;153;153;48;2;209;209;209m~[38;2;94;94;94;48;2;148;148;148m~[38;2;99;99;99;48;2;67;67;67mm[38;2;41;41;41;48;2;25;25;25mr[38;2;6;6;6;48;2;8;8;8m:[38;2;5;5;5;48;2;6;6;6m_[48;2;7;7;7m [48;2;8;8;8m [48;2;9;9;9m  [48;2;10;10;10m  [48;2;11;11;11m    [38;2;13;13;13;48;2;12;12;12m`[38;2;14;14;14;48;2;13;13;13m:[48;2;14;14;14m [38;2;15;15;15m`[38;2;16;16;16;48;2;15;15;15m"[38;2;17;17;17;48;2;16;16;16m`[48;2;17;17;17m [48;2;18;18;18m  [38;2;19;19;19m`[48;2;19;19;19m [48;2;20;20;20m_[48;2;21;21;21m [38;2;23;23;23;48;2;22;22;22m~ :[38;2;24;24;24;48;2;23;23;23m`[38;2;25;25;25;48;2;24;24;24m`[38;2;26;26;26;48;2;25;25;25m~`[38;2;27;27;27;48;2;26;26;26m`[38;2;28;28;28;48;2;27;27;27m~[38;2;27;27;27;48;2;28;28;28m_[38;2;28;28;28;48;2;29;29;29m,[38;2;31;31;31;48;2;30;30;30m`[38;2;32;32;32;48;2;31;31;31m"[38;2;33;33;33m``[48;2;32;32;32m"[38;2;34;34;34;48;2;33;33;33m~[38;2;35;35;35m`[38;2;36;36;36;48;2;34;34;34m~[38;2;35;35;35;48;2;36;36;36my[48;2;37;37;37m [38;2;39;39;39;48;2;38;38;38m~~"[48;2;39;39;39m [38;2;41;41;41;48;2;40;40;40m~"[38;2;42;42;42m~[48;2;41;41;41m~[38;2;43;43;43;48;2;42;42;42m~[48;2;43;43;43m [38;2;45;45;45;48;2;44;44;44m~~`[38;2;46;46;46m~[0m
[7m[38;2;0;0;0m [0m[38;2;0;0;0;48;2;0;0;0m                  [38;2;1;1;1m.[38;2;8;8;8;48;2;1;1;1m_[38;2;83;83;83;48;2;10;10;10m_[38;2;175;175;175;48;2;48;48;48m_[38;2;190;190;190;48;2;100;100;100my[38;2;98;98;98;48;2;196;196;196m~[38;2;179;179;179;48;2;236;236;236m~[38;2;223;223;223;48;2;246;246;246m~[38;2;253;253;253;48;2;251;251;251m`[38;2;252;252;252m`[38;2;250;250;250m`[38;2;252;252;252m.[48;2;252;252;252m                        [48;2;250;250;250m:[38;2;249;249;249;48;2;228;228;228m.[38;2;139;139;139;48;2;166;166;166m4[38;2;142;142;142;48;2;73;73;73m_[38;2;67;67;67;48;2;27;27;27m_[38;2;18;18;18;48;2;10;10;10m,[38;2;6;6;6;48;2;8;8;8m~[38;2;9;9;9;48;2;7;7;7m, [48;2;8;8;8m"`[38;2;10;10;10;48;2;9;9;9m" [38;2;11;11;11;48;2;10;10;10m~~~ [38;2;12;12;12;48;2;11;11;11m`[38;2;14;14;14;48;2;12;12;12m```[48;2;14;14;14m [38;2;16;16;16;48;2;15;15;15m~~[38;2;17;17;17;48;2;16;16;16m~[38;2;18;18;18;48;2;17;17;17m~:[38;2;19;19;19;48;2;18;18;18m~`[38;2;20;20;20;48;2;19;19;19m~[48;2;21;21;21m_ [48;2;22;22;22m [38;2;23;23;23m"[38;2;24;24;24;48;2;23;23;23m`~[38;2;25;25;25;48;2;24;24;24m`[38;2;26;26;26;48;2;25;25;25m` ~[38;2;28;28;28;48;2;27;27;27m"[38;2;29;29;29;48;2;28;28;28m~[38;2;30;30;30m~[48;2;29;29;29m~[38;2;31;31;31m~[48;2;30;30;30m~[38;2;32;32;32;48;2;31;31;31m``~[38;2;34;34;34;48;2;33;33;33m`[38;2;36;36;36;48;2;34;34;34m`[38;2;37;37;37;48;2;35;35;35m~[38;2;35;35;35;48;2;36;36;36m_[48;2;37;37;37m [38;2;38;38;38m:[38;2;39;39;39;48;2;38;38;38m`~~[38;2;40;40;40;48;2;39;39;39m"~[38;2;42;42;42;48;2;40;40;40m~[48;2;41;41;41m~[38;2;43;43;43m~~~[0m
[7m[38;2;0;0;0m [0m[38;2;0;0;0;48;2;0;0;0m                 [38;2;52;52;52;48;2;11;11;11m_[38;2;161;161;161;48;2;50;50;50m_[38;2;29;29;29;48;2;149;149;149m~[38;2;116;116;116;48;2;219;219;219m~[38;2;210;210;210;48;2;242;242;242m`[38;2;242;242;242;48;2;250;250;250m`[38;2;249;249;249;48;2;251;251;251m~[38;2;252;252;252m:[48;2;252;252;252m                              [48;2;251;251;251m:[38;2;231;231;231;48;2;244;244;244m`[38;2;180;180;180;48;2;210;210;210m~[38;2;155;155;155;48;2;124;124;124mL[38;2;71;71;71;48;2;49;49;49mL[38;2;19;19;19;48;2;14;14;14mr[38;2;8;8;8;48;2;7;7;7m" [48;2;6;6;6m `[48;2;7;7;7m`[38;2;9;9;9;48;2;8;8;8m`[38;2;10;10;10;48;2;9;9;9m`..[48;2;10;10;10m [48;2;11;11;11m [38;2;12;12;12m..[48;2;12;12;12m [48;2;13;13;13m_[38;2;14;14;14m`[48;2;14;14;14m [48;2;15;15;15m [38;2;17;17;17;48;2;16;16;16m``[38;2;18;18;18;48;2;17;17;17m``:[38;2;20;20;20;48;2;18;18;18m`[48;2;19;19;19m~[38;2;19;19;19;48;2;20;20;20m__[38;2;20;20;20;48;2;21;21;21my [38;2;23;23;23;48;2;22;22;22m`[38;2;24;24;24;48;2;23;23;23m`[38;2;25;25;25;48;2;24;24;24m~`[38;2;26;26;26;48;2;25;25;25m~[38;2;27;27;27m`[48;2;26;26;26m~[38;2;28;28;28m`[48;2;27;27;27m~[38;2;27;27;27;48;2;28;28;28m_[48;2;29;29;29m__[38;2;28;28;28;48;2;30;30;30m_[38;2;32;32;32;48;2;31;31;31m``[38;2;33;33;33;48;2;32;32;32m"[38;2;34;34;34;48;2;33;33;33m~[38;2;36;36;36;48;2;34;34;34m~[38;2;37;37;37m~~~[38;2;34;34;34;48;2;35;35;35mg[38;2;37;37;37;48;2;36;36;36m"[48;2;37;37;37m [38;2;39;39;39m~[48;2;38;38;38m [38;2;40;40;40m~~~[0m
[7m[38;2;0;0;0m [0m[38;2;0;0;0;48;2;0;0;0m              [38;2;19;19;19;48;2;1;1;1m_[38;2;108;108;108;48;2;25;25;25m_[38;2;208;208;208;48;2;97;97;97m_[38;2;113;113;113;48;2;202;202;202m~[38;2;204;204;204;48;2;244;244;244m~[38;2;254;254;254;48;2;252;252;252m`[38;2;252;252;252;48;2;251;251;251m`[38;2;250;250;250m`[48;2;252;252;252m                                  [48;2;251;251;251m [38;2;249;249;249;48;2;241;241;241m:[38;2;182;182;182;48;2;192;192;192m4[38;2;123;123;123;48;2;92;92;92mL[38;2;50;50;50;48;2;25;25;25m,[38;2;8;8;8;48;2;6;6;6m`[38;2;7;7;7m~[38;2;6;6;6;48;2;5;5;5m' [38;2;7;7;7m`[38;2;5;5;5;48;2;6;6;6m_[38;2;8;8;8;48;2;7;7;7m:[38;2;9;9;9;48;2;8;8;8m~ [48;2;9;9;9m [48;2;10;10;10m [48;2;11;11;11m   [48;2;12;12;12m  [38;2;14;14;14;48;2;13;13;13m:[38;2;15;15;15;48;2;14;14;14m`[38;2;16;16;16;48;2;15;15;15m~~`[38;2;17;17;17;48;2;16;16;16m~[48;2;17;17;17m [48;2;18;18;18m  [38;2;19;19;19m:[48;2;19;19;19m  [38;2;21;21;21;48;2;20;20;20m"[38;2;22;22;22;48;2;21;21;21m"~[38;2;23;23;23;48;2;22;22;22m~[38;2;24;24;24;48;2;23;23;23m` [38;2;25;25;25;48;2;24;24;24m"~[38;2;26;26;26;48;2;25;25;25m~.[48;2;26;26;26m [48;2;27;27;27m  [38;2;28;28;28m`[38;2;29;29;29;48;2;28;28;28m~[38;2;28;28;28;48;2;29;29;29m_[38;2;31;31;31;48;2;30;30;30m~[38;2;32;32;32m`[48;2;31;31;31m [38;2;33;33;33m~~~[38;2;31;31;31;48;2;32;32;32my [38;2;35;35;35;48;2;33;33;33m~[38;2;36;36;36;48;2;34;34;34m~[48;2;35;35;35m~[38;2;37;37;37m~~~[0m
[7m[38;2;0;0;0m [0m[38;2;0;0;0;48;2;0;0;0m             [38;2;105;105;105;48;2;26;26;26m_[38;2;32;32;32;48;2;134;134;134m~[38;2;137;137;137;48;2;221;221;221m~[38;2;235;235;235;48;2;250;250;250m`[38;2;250;250;250;48;2;251;251;251m= [48;2;252;252;252m                                     [38;2;252;252;252;48;2;251;251;251m`[48;2;246;246;246m'[38;2;191;191;191;48;2;214;214;214m_[38;2;86;86;86;48;2;130;130;130m_[38;2;60;60;60;48;2;40;40;40mF[38;2;13;13;13;48;2;9;9;9mL[38;2;6;6;6;48;2;8;8;8m~[48;2;5;5;5m'   [38;2;7;7;7;48;2;6;6;6m`[38;2;5;5;5;48;2;7;7;7m_[38;2;8;8;8m"[38;2;9;9;9;48;2;8;8;8m`[38;2;10;10;10;48;2;9;9;9m`[38;2;11;11;11;48;2;10;10;10m~~ [38;2;12;12;12;48;2;11;11;11m``[38;2;13;13;13;48;2;12;12;12m`~[38;2;14;14;14m~[38;2;15;15;15;48;2;13;13;13m~[38;2;13;13;13;48;2;14;14;14my_[38;2;16;16;16;48;2;15;15;15m~[38;2;17;17;17;48;2;16;16;16m~[38;2;18;18;18m`[48;2;17;17;17m~[38;2;19;19;19;48;2;18;18;18m~~~[38;2;20;20;20m`[48;2;19;19;19m~[38;2;22;22;22;48;2;20;20;20m~[38;2;23;23;23;48;2;21;21;21m~~[48;2;22;22;22m~[38;2;24;24;24m`[48;2;23;23;23m`[38;2;25;25;25;48;2;24;24;24m~[38;2;23;23;23;48;2;25;25;25m_[38;2;27;27;27m~~[38;2;25;25;25;48;2;26;26;26mg [38;2;28;28;28;48;2;27;27;27m`~[38;2;27;27;27;48;2;28;28;28m_[38;2;30;30;30;48;2;29;29;29m"[38;2;31;31;31m```[48;2;30;30;30m"`[38;2;32;32;32;48;2;31;31;31m"[38;2;33;33;33;48;2;32;32;32m`~~~~[0m
[7m[38;2;0;0;0m [0m[38;2;0;0;0;48;2;0;0;0m           [38;2;53;53;53;48;2;6;6;6m_[38;2;131;131;131;48;2;69;69;69my[38;2;123;123;123;48;2;197;197;197m~[38;2;230;230;230;48;2;248;248;248m~[38;2;252;252;252;48;2;251;251;251m_[38;2;250;250;250m`[48;2;252;252;252m                                     [38;2;252;252;252;48;2;251;251;251m:[48;2;249;249;249m`[38;2;203;203;203;48;2;235;235;235m_[38;2;125;125;125;48;2;183;183;183my[38;2;161;161;161;48;2;76;76;76m~[38;2;64;64;64;48;2;26;26;26m"[38;2;16;16;16;48;2;7;7;7m~[38;2;5;5;5ma[38;2;4;4;4;48;2;6;6;6mw[38;2;5;5;5;48;2;4;4;4m'   [48;2;5;5;5m  [48;2;7;7;7m [48;2;8;8;8m [38;2;9;9;9m.[48;2;9;9;9m [38;2;10;10;10m~`[48;2;10;10;10m  [48;2;11;11;11m [38;2;12;12;12m~~~ [48;2;12;12;12m [38;2;14;14;14;48;2;13;13;13m"[38;2;15;15;15;48;2;14;14;14m~~[48;2;15;15;15m [38;2;17;17;17;48;2;16;16;16m~~`[38;2;18;18;18;48;2;17;17;17m":[38;2;19;19;19;48;2;18;18;18m`[38;2;20;20;20;48;2;19;19;19m~[38;2;19;19;19;48;2;20;20;20my[38;2;21;21;21m.[38;2;20;20;20;48;2;21;21;21m_ [38;2;22;22;22m~[38;2;23;23;23;48;2;22;22;22m~[38;2;24;24;24;48;2;23;23;23m"[38;2;22;22;22myy[38;2;23;23;23;48;2;24;24;24m_[48;2;25;25;25m [38;2;27;27;27m~~[38;2;28;28;28;48;2;26;26;26m~[48;2;27;27;27m~~~[38;2;29;29;29m~[48;2;28;28;28m~[38;2;30;30;30m~[38;2;28;28;28;48;2;29;29;29my[38;2;31;31;31m~~~[38;2;30;30;30m~[0m
[7m[38;2;0;0;0m [0m[38;2;0;0;0;48;2;0;0;0m          [38;2;50;50;50;48;2;12;12;12m_[38;2;81;81;81;48;2;127;127;127mF[38;2;185;185;185;48;2;223;223;223m"[38;2;249;249;249;48;2;251;251;251m`[38;2;250;250;250m^[48;2;252;252;252m                                       [38;2;252;252;252;48;2;251;251;251m:[38;2;249;249;249;48;2;244;244;244m:[38;2;189;189;189;48;2;218;218;218m~[38;2;89;89;89;48;2;176;176;176m~[38;2;17;17;17;48;2;142;142;142m~[38;2;1;1;1;48;2;136;136;136m~[38;2;4;4;4;48;2;146;146;146m~[38;2;16;16;16;48;2;142;142;142m~[38;2;96;96;96;48;2;58;58;58mw[38;2;29;29;29;48;2;12;12;12m,[48;2;4;4;4m [38;2;5;5;5m; ``[38;2;6;6;6m`[48;2;5;5;5m`[38;2;8;8;8;48;2;6;6;6m`[48;2;7;7;7m``"[38;2;10;10;10;48;2;9;9;9m`~`[38;2;11;11;11m`[48;2;10;10;10m`` [38;2;12;12;12;48;2;11;11;11m``[38;2;13;13;13;48;2;12;12;12m``[38;2;14;14;14m~[38;2;15;15;15;48;2;14;14;14m~ [38;2;16;16;16;48;2;15;15;15m``[38;2;17;17;17;48;2;16;16;16m~[38;2;18;18;18;48;2;17;17;17m``[48;2;18;18;18m [38;2;19;19;19m`[38;2;20;20;20m``[48;2;20;20;20m [38;2;22;22;22m`[48;2;21;21;21m```[38;2;23;23;23;48;2;22;22;22m`[38;2;24;24;24;48;2;23;23;23m~~[38;2;25;25;25m`[48;2;24;24;24m~~~~[38;2;26;26;26;48;2;25;25;25m~[38;2;27;27;27;48;2;26;26;26m"~~~~~~[0m
[7m[38;2;0;0;0m [0m[38;2;0;0;0;48;2;0;0;0m         [38;2;18;18;18;48;2;3;3;3m_[38;2;72;72;72;48;2;113;113;113mF[38;2;184;184;184;48;2;216;216;216m^[38;2;253;253;253;48;2;252;252;252m:[38;2;250;250;250;48;2;251;251;251m~[48;2;252;252;252m                                         [38;2;251;251;251m` [38;2;253;253;253m~[48;2;251;251;251m~[38;2;252;252;252m"[38;2;254;254;254;48;2;248;248;248m'[38;2;198;198;198;48;2;210;210;210mu[38;2;113;113;113;48;2;90;90;90mF[38;2;7;7;7;48;2;17;17;17m.[38;2;6;6;6;48;2;5;5;5m__[48;2;4;4;4m_[38;2;5;5;5m,   [38;2;6;6;6;48;2;5;5;5m~[38;2;5;5;5;48;2;6;6;6my__[38;2;7;7;7;48;2;8;8;8my[38;2;9;9;9m~~`[38;2;10;10;10;48;2;9;9;9m~ [48;2;10;10;10m  [38;2;11;11;11m`[38;2;12;12;12;48;2;11;11;11m~:[48;2;12;12;12m  [38;2;14;14;14;48;2;13;13;13m"[38;2;12;12;12m__[38;2;14;14;14;48;2;15;15;15m, [38;2;16;16;16m`[38;2;15;15;15;48;2;16;16;16m_[38;2;18;18;18;48;2;17;17;17m"~ [38;2;19;19;19;48;2;18;18;18m"`[48;2;20;20;20my__[38;2;20;20;20;48;2;21;21;21m_  [38;2;23;23;23;48;2;22;22;22m`    [48;2;23;23;23m [38;2;25;25;25;48;2;24;24;24m~~     [0m
[7m[38;2;0;0;0m [0m[38;2;0;0;0;48;2;0;0;0m         [38;2;66;66;66;48;2;43;43;43my[38;2;143;143;143;48;2;173;173;173mF[38;2;253;253;253;48;2;251;251;251m:[38;2;250;250;250m,[48;2;252;252;252m                                              [38;2;252;252;252;48;2;251;251;251m:[38;2;254;254;254;48;2;250;250;250m'[38;2;215;215;215;48;2;235;235;235m~[38;2;126;126;126;48;2;190;190;190m~[38;2;44;44;44;48;2;114;114;114m~[38;2;46;46;46;48;2;28;28;28mr[38;2;9;9;9;48;2;8;8;8m,[38;2;8;8;8;48;2;7;7;7ms[38;2;5;5;5;48;2;4;4;4mL   " [48;2;5;5;5m  [38;2;6;6;6m"`[38;2;5;5;5;48;2;6;6;6m_[38;2;8;8;8;48;2;7;7;7m`[38;2;9;9;9;48;2;8;8;8m``[38;2;10;10;10;48;2;9;9;9m`  [48;2;10;10;10m [38;2;11;11;11m`[38;2;12;12;12;48;2;11;11;11m"  :[48;2;12;12;12m [38;2;14;14;14m"[38;2;15;15;15;48;2;13;13;13m~[38;2;13;13;13;48;2;14;14;14my [38;2;16;16;16;48;2;15;15;15m`.[38;2;17;17;17;48;2;16;16;16m`~[38;2;18;18;18m`[48;2;17;17;17m`[38;2;19;19;19m``[38;2;20;20;20;48;2;18;18;18m`[48;2;19;19;19m~[38;2;21;21;21m~~[38;2;19;19;19;48;2;20;20;20m__[38;2;22;22;22m``[48;2;21;21;21m~[38;2;23;23;23m``[48;2;22;22;22m~[38;2;24;24;24m````[0m
[7m[38;2;0;0;0m [0m[38;2;0;0;0;48;2;0;0;0m        [38;2;1;1;1m:[38;2;60;60;60;48;2;80;80;80mF[38;2;172;172;172;48;2;192;192;192mF[38;2;253;253;253;48;2;251;251;251m:[38;2;249;249;249;48;2;250;250;250m.[48;2;252;252;252m                                               [38;2;252;252;252;48;2;251;251;251m`[38;2;253;253;253m:[38;2;212;212;212;48;2;231;231;231m_[38;2;98;98;98;48;2;133;133;133my[38;2;53;53;53;48;2;29;29;29m'[38;2;9;9;9;48;2;8;8;8m.[38;2;5;5;5;48;2;7;7;7my[48;2;3;3;3m~[38;2;4;4;4m~~:[48;2;4;4;4m [48;2;3;3;3m: [48;2;4;4;4m   [38;2;5;5;5m~[38;2;4;4;4;48;2;5;5;5m.[38;2;5;5;5;48;2;6;6;6my_[38;2;8;8;8;48;2;7;7;7m~[38;2;9;9;9;48;2;8;8;8m" `[38;2;10;10;10;48;2;9;9;9m~~~[38;2;11;11;11;48;2;10;10;10m~`[38;2;12;12;12;48;2;11;11;11m~~~`[38;2;14;14;14;48;2;12;12;12m`~[48;2;13;13;13m~[38;2;12;12;12;48;2;14;14;14my[38;2;13;13;13mm[38;2;16;16;16;48;2;15;15;15m` [38;2;17;17;17m``[48;2;16;16;16m~[38;2;18;18;18m`~[48;2;17;17;17m~ [38;2;19;19;19;48;2;18;18;18m`~~[38;2;20;20;20m~[48;2;19;19;19m~~~[38;2;21;21;21;48;2;20;20;20m"[38;2;19;19;19m___[0m
[7m[38;2;0;0;0m [0m[38;2;0;0;0;48;2;0;0;0m        [38;2;1;1;1m~[38;2;64;64;64;48;2;47;47;47m4[38;2;141;141;141;48;2;175;175;175mL[38;2;253;253;253;48;2;251;251;251m:[48;2;250;250;250m [48;2;252;252;252m                                               [48;2;251;251;251m [38;2;254;254;254;48;2;250;250;250m'[38;2;208;208;208;48;2;227;227;227m"[38;2;106;106;106;48;2;177;177;177m~[38;2;27;27;27;48;2;109;109;109m~[38;2;71;71;71;48;2;32;32;32m,[38;2;9;9;9;48;2;7;7;7mr[38;2;4;4;4;48;2;3;3;3m,[38;2;3;3;3;48;2;2;2;2m; [38;2;4;4;4;48;2;3;3;3m`~   [48;2;4;4;4m    [38;2;5;5;5m.[48;2;5;5;5m [38;2;6;6;6m~[38;2;7;7;7;48;2;6;6;6m~[38;2;6;6;6;48;2;7;7;7my_[38;2;7;7;7;48;2;8;8;8m_  [48;2;9;9;9m   [38;2;10;10;10m:[38;2;11;11;11;48;2;10;10;10m.[48;2;11;11;11m    [38;2;12;12;12m`[48;2;12;12;12m [48;2;13;13;13m_[38;2;15;15;15m```[38;2;13;13;13;48;2;14;14;14m_[48;2;15;15;15m_[38;2;14;14;14m_ [48;2;16;16;16m [38;2;17;17;17m````[38;2;18;18;18;48;2;17;17;17m`~ [38;2;19;19;19;48;2;18;18;18m~[38;2;17;17;17m_  [0m
[7m[38;2;0;0;0m [0m[38;2;0;0;0;48;2;0;0;0m        [38;2;1;1;1m`[38;2;117;117;117;48;2;76;76;76my[38;2;169;169;169;48;2;200;200;200m^[38;2;253;253;253;48;2;251;251;251m:[48;2;250;250;250m [48;2;252;252;252m                                                 [38;2;252;252;252;48;2;251;251;251m:[38;2;253;253;253;48;2;242;242;242m'[38;2;139;139;139;48;2;164;164;164m4[38;2;65;65;65;48;2;44;44;44mL[38;2;5;5;5;48;2;7;7;7m.[38;2;4;4;4;48;2;3;3;3m'[38;2;2;2;2;48;2;1;1;1m~`[38;2;3;3;3;48;2;2;2;2m~~` .[48;2;3;3;3m    [48;2;4;4;4m  [38;2;5;5;5m~ [48;2;5;5;5m  [38;2;6;6;6m"[38;2;8;8;8;48;2;7;7;7m`~ [48;2;8;8;8m  [38;2;9;9;9m`[38;2;10;10;10;48;2;9;9;9m"~ [48;2;10;10;10m   [38;2;11;11;11m~~[38;2;12;12;12;48;2;11;11;11m~~ [48;2;12;12;12m  [38;2;13;13;13m`[38;2;14;14;14m~[48;2;13;13;13m~[38;2;12;12;12;48;2;14;14;14myy[38;2;15;15;15m~~[38;2;16;16;16;48;2;15;15;15m~~~.[38;2;17;17;17;48;2;16;16;16m"~~[0m
[7m[38;2;0;0;0m [0m[38;2;0;0;0;48;2;0;0;0m        [38;2;37;37;37;48;2;17;17;17my[38;2;120;120;120;48;2;155;155;155mF[38;2;236;236;236;48;2;248;248;248m~[38;2;253;253;253;48;2;252;252;252m^[48;2;251;251;251m [48;2;252;252;252m                                               [38;2;252;252;252;48;2;251;251;251m:[38;2;250;250;250m_ [38;2;252;252;252;48;2;247;247;247m:[38;2;188;188;188;48;2;202;202;202m"[38;2;109;109;109;48;2;80;80;80mL[38;2;20;20;20;48;2;10;10;10mL[38;2;3;3;3;48;2;1;1;1m`[38;2;1;1;1;48;2;0;0;0m: [48;2;1;1;1m    [38;2;2;2;2m"[48;2;2;2;2m [38;2;3;3;3m:[48;2;3;3;3m  [38;2;4;4;4m~ [48;2;4;4;4m   [48;2;5;5;5m [38;2;5;5;5;48;2;4;4;4m:[38;2;6;6;6m~[48;2;5;5;5m~[38;2;5;5;5;48;2;6;6;6mg[38;2;8;8;8m~~[38;2;5;5;5;48;2;7;7;7m_ [38;2;9;9;9;48;2;8;8;8m`~~[38;2;10;10;10;48;2;9;9;9m~~[48;2;8;8;8m~[48;2;9;9;9m :[38;2;11;11;11;48;2;10;10;10m` ~[38;2;12;12;12m~[48;2;11;11;11m~~ :[48;2;12;12;12m [38;2;13;13;13m"~[38;2;14;14;14m~[48;2;13;13;13m""[38;2;13;13;13;48;2;14;14;14my[38;2;15;15;15m~~~[0m
[7m[38;2;0;0;0m [0m[38;2;0;0;0;48;2;0;0;0m        [38;2;110;110;110;48;2;80;80;80ma[38;2;176;176;176;48;2;201;201;201m^[38;2;253;253;253;48;2;251;251;251m:[48;2;250;250;250m [48;2;252;252;252m                                             [38;2;252;252;252;48;2;251;251;251m:`[38;2;254;254;254;48;2;250;250;250m.[38;2;213;213;213;48;2;246;246;246m_[38;2;131;131;131;48;2;225;225;225m_[38;2;56;56;56;48;2;205;205;205m_[38;2;6;6;6;48;2;155;155;155m_[38;2;179;179;179;48;2;65;65;65m~[38;2;58;58;58;48;2;20;20;20m"[38;2;6;6;6;48;2;3;3;3m~[38;2;2;2;2;48;2;1;1;1m~[38;2;1;1;1;48;2;0;0;0m`  [48;2;1;1;1m  [48;2;0;0;0m: [48;2;1;1;1m [38;2;2;2;2m`[38;2;3;3;3;48;2;2;2;2m~ .[48;2;3;3;3m  [38;2;4;4;4m~..[48;2;4;4;4m      [48;2;5;5;5m [38;2;6;6;6m"[38;2;7;7;7m~~[38;2;8;8;8;48;2;7;7;7m`:[48;2;8;8;8m  [38;2;9;9;9m~~`[38;2;10;10;10;48;2;9;9;9m~ ..[48;2;10;10;10m [38;2;11;11;11m~~~~[38;2;12;12;12;48;2;11;11;11m`~      [0m
[7m[38;2;0;0;0m [0m[38;2;0;0;0;48;2;0;0;0m        [38;2;94;94;94;48;2;124;124;124mL[38;2;223;223;223;48;2;229;229;229mF[38;2;253;253;253;48;2;252;252;252mE[48;2;251;251;251m [48;2;252;252;252m                                            [38;2;252;252;252;48;2;251;251;251m`[38;2;253;253;253;48;2;250;250;250m:[38;2;187;187;187;48;2;232;232;232m_[38;2;89;89;89;48;2;165;165;165my[38;2;149;149;149;48;2;50;50;50m~[38;2;83;83;83;48;2;19;19;19m~[38;2;31;31;31;48;2;7;7;7m~[38;2;3;3;3;48;2;1;1;1m'[48;2;0;0;0m [38;2;1;1;1m`"'   ~~`  [48;2;1;1;1m  [38;2;2;2;2m~~~`~[38;2;3;3;3;48;2;2;2;2m.[48;2;3;3;3m [38;2;4;4;4m~~~~[48;2;4;4;4m  [38;2;5;5;5m~  `[38;2;6;6;6;48;2;5;5;5m`[38;2;7;7;7m~[38;2;6;6;6m~[38;2;7;7;7m`[38;2;8;8;8;48;2;6;6;6m`[48;2;7;7;7m  [38;2;9;9;9m`[48;2;8;8;8m~~ ~[38;2;10;10;10m~[48;2;9;9;9m~~~`[38;2;11;11;11;48;2;10;10;10m~~~~~~~[0m
[7m[38;2;0;0;0m [0m[38;2;0;0;0;48;2;0;0;0m        [38;2;91;91;91;48;2;123;123;123mL[38;2;219;219;219;48;2;227;227;227mL[38;2;253;253;253;48;2;252;252;252mE[48;2;251;251;251m [48;2;252;252;252m                                           [38;2;251;251;251m.[38;2;253;253;253;48;2;251;251;251m:[38;2;221;221;221;48;2;232;232;232mu[38;2;165;165;165;48;2;125;125;125m~[38;2;48;48;48;48;2;27;27;27m~[38;2;3;3;3;48;2;1;1;1m"[38;2;2;2;2m`~[48;2;0;0;0m                 [38;2;1;1;1m..[48;2;1;1;1m  [38;2;2;2;2m:[38;2;3;3;3;48;2;2;2;2m~ ...[48;2;3;3;3m [38;2;4;4;4m~~~ [48;2;4;4;4m   [38;2;5;5;5m`[38;2;6;6;6;48;2;5;5;5m~[38;2;7;7;7m~~~[48;2;6;6;6m~[38;2;5;5;5m_[48;2;7;7;7m__[38;2;6;6;6m_[38;2;8;8;8m...[48;2;8;8;8m [38;2;9;9;9m...:[48;2;9;9;9m   [0m
[7m[38;2;0;0;0m [0m[38;2;0;0;0;48;2;0;0;0m        [38;2;92;92;92;48;2;123;123;123mL[38;2;224;224;224;48;2;227;227;227m$[38;2;253;253;253;48;2;252;252;252mE[48;2;251;251;251m [48;2;252;252;252m                                           [48;2;251;251;251m '[38;2;246;246;246;48;2;233;233;233m:[38;2;164;164;164;48;2;146;146;146mk[38;2;68;68;68;48;2;49;49;49mF[38;2;9;9;9;48;2;4;4;4mW[48;2;1;1;1m [38;2;1;1;1;48;2;0;0;0m|                    [48;2;1;1;1m   [38;2;2;2;2m~  [48;2;2;2;2m [38;2;3;3;3m~ [48;2;3;3;3m   [48;2;4;4;4m        [38;2;5;5;5m~  `[38;2;6;6;6;48;2;5;5;5m~~~`[38;2;7;7;7;48;2;6;6;6m`[38;2;8;8;8m~[48;2;7;7;7m~~[38;2;6;6;6m_[38;2;7;7;7;48;2;8;8;8myyy[0m
[7m[38;2;0;0;0m [0m[38;2;0;0;0;48;2;0;0;0m       [38;2;1;1;1m_[38;2;74;74;74;48;2;110;110;110mL[38;2;199;199;199;48;2;216;216;216mL[38;2;251;251;251;48;2;252;252;252mW[48;2;250;250;250m [48;2;252;252;252m                                           [48;2;251;251;251m [38;2;254;254;254;48;2;249;249;249m:[38;2;208;208;208;48;2;219;219;219m4[38;2;99;99;99;48;2;129;129;129m4[38;2;80;80;80;48;2;33;33;33m_[38;2;17;17;17;48;2;4;4;4m,[38;2;2;2;2;48;2;0;0;0m_                     [38;2;1;1;1m~~~~ [48;2;1;1;1m [38;2;2;2;2m~~~ :[38;2;3;3;3;48;2;2;2;2m~~~~ [48;2;3;3;3m [38;2;4;4;4m~^ ~ .[48;2;4;4;4m  [38;2;5;5;5m~~~~~~~:[38;2;6;6;6;48;2;5;5;5m~~~[0m
[7m[38;2;0;0;0m [0m[38;2;0;0;0;48;2;0;0;0m       [38;2;2;2;2;48;2;1;1;1m|[38;2;55;55;55;48;2;83;83;83mL[38;2;171;171;171;48;2;193;193;193mL[38;2;253;253;253;48;2;251;251;251m:[48;2;250;250;250m [48;2;252;252;252m                                            [38;2;252;252;252;48;2;251;251;251m`[38;2;237;237;237;48;2;248;248;248m`[38;2;197;197;197;48;2;228;228;228m~[38;2;123;123;123;48;2;182;182;182m~[38;2;167;167;167;48;2;96;96;96my[38;2;173;173;173;48;2;53;53;53m_[38;2;133;133;133;48;2;24;24;24m_[38;2;108;108;108;48;2;15;15;15m_[38;2;105;105;105;48;2;14;14;14m_[38;2;112;112;112;48;2;15;15;15m_[38;2;120;120;120;48;2;17;17;17m_[38;2;145;145;145;48;2;21;21;21m_[38;2;152;152;152;48;2;25;25;25m_[38;2;117;117;117;48;2;19;19;19m_[38;2;54;54;54;48;2;8;8;8m_[38;2;8;8;8;48;2;1;1;1m,[38;2;1;1;1;48;2;0;0;0m_               :  ~~[48;2;1;1;1m     [38;2;2;2;2m`[38;2;3;3;3;48;2;2;2;2m~~    :[38;2;4;4;4;48;2;3;3;3m~~~~~.[48;2;4;4;4m       [0m
[7m[38;2;0;0;0m [0m[38;2;0;0;0;48;2;0;0;0m       [38;2;2;2;2;48;2;1;1;1m|[38;2;30;30;30;48;2;55;55;55mL[38;2;142;142;142;48;2;174;174;174mL[38;2;253;253;253;48;2;251;251;251m:[48;2;250;250;250m [48;2;252;252;252m                                              [38;2;252;252;252;48;2;251;251;251m:[38;2;247;247;247;48;2;250;250;250m`[38;2;237;237;237;48;2;247;247;247m`[38;2;214;214;214;48;2;241;241;241m~[38;2;180;180;180;48;2;233;233;233m~[38;2;157;157;157;48;2;228;228;228m~[38;2;153;153;153m~[38;2;159;159;159;48;2;229;229;229m~[38;2;166;166;166;48;2;232;232;232m~[38;2;188;188;188;48;2;236;236;236m~[38;2;196;196;196;48;2;237;237;237m~[38;2;163;163;163;48;2;225;225;225m~[38;2;100;100;100;48;2;188;188;188m~[38;2;176;176;176;48;2;104;104;104my[38;2;104;104;104;48;2;49;49;49m_[38;2;33;33;33;48;2;8;8;8m,[48;2;0;0;0m                   [38;2;1;1;1m~~~~~ [38;2;2;2;2;48;2;1;1;1m``````[48;2;2;2;2m [38;2;3;3;3m`````:[48;2;3;3;3m       [0m
[7m[38;2;0;0;0m [0m[38;2;0;0;0;48;2;0;0;0m       [38;2;1;1;1m~[38;2;14;14;14;48;2;32;32;32mL[38;2;124;124;124;48;2;161;161;161mL[38;2;253;253;253;48;2;251;251;251m'[38;2;250;250;250m^[48;2;252;252;252m                                                 [38;2;252;252;252;48;2;251;251;251m:.  .:..[48;2;250;250;250m.[38;2;206;206;206;48;2;227;227;227mu[38;2;122;122;122;48;2;157;157;157ma[38;2;91;91;91;48;2;56;56;56m_[38;2;29;29;29;48;2;8;8;8m_[38;2;4;4;4;48;2;1;1;1m,[38;2;2;2;2;48;2;0;0;0m_                            [38;2;1;1;1m`[38;2;2;2;2;48;2;1;1;1m~             [0m
[7m[38;2;0;0;0m [0m[38;2;0;0;0;48;2;0;0;0m       [38;2;1;1;1m~[38;2;12;12;12;48;2;9;9;9m"[38;2;106;106;106;48;2;144;144;144mL[38;2;237;237;237;48;2;243;243;243m_[38;2;253;253;253;48;2;252;252;252mF[48;2;251;251;251m [48;2;252;252;252m                                                        [38;2;252;252;252;48;2;251;251;251m:[38;2;233;233;233;48;2;246;246;246m"[38;2;205;205;205;48;2;234;234;234m~[38;2;136;136;136;48;2;204;204;204m~[38;2;66;66;66;48;2;150;150;150m~[38;2;153;153;153;48;2;64;64;64m_[38;2;77;77;77;48;2;20;20;20m_[38;2;20;20;20;48;2;4;4;4m,[48;2;0;0;0m                            [38;2;1;1;1m```~~ ........[0m
[7m[38;2;0;0;0m [0m[38;2;0;0;0;48;2;0;0;0m       [38;2;1;1;1m:[48;2;2;2;2m.[38;2;88;88;88;48;2;123;123;123mL[38;2;218;218;218;48;2;227;227;227mL[38;2;253;253;253;48;2;252;252;252m:[48;2;251;251;251m [48;2;252;252;252m                                                         [38;2;252;252;252;48;2;251;251;251m:[38;2;250;250;250m~[38;2;252;252;252;48;2;250;250;250m.[38;2;232;232;232;48;2;246;246;246m`[38;2;200;200;200;48;2;233;233;233m~[38;2;140;140;140;48;2;201;201;201m~[38;2;178;178;178;48;2;113;113;113my[38;2;141;141;141;48;2;49;49;49m_[38;2;52;52;52;48;2;10;10;10m_[38;2;4;4;4;48;2;0;0;0m,                                       [0m
[7m[38;2;0;0;0m [0m[38;2;0;0;0;48;2;0;0;0m       [48;2;1;1;1m [38;2;2;2;2m|[38;2;66;66;66;48;2;96;96;96mL[38;2;186;186;186;48;2;204;204;204mL[38;2;253;253;253;48;2;251;251;251m:[48;2;250;250;250m [48;2;252;252;252m                                                             [48;2;251;251;251m [38;2;252;252;252;48;2;250;250;250m.[38;2;231;231;231;48;2;245;245;245m`[38;2;181;181;181;48;2;224;224;224m~[38;2;92;92;92;48;2;170;170;170m~[38;2;200;200;200;48;2;88;88;88m_[38;2;109;109;109;48;2;34;34;34m_[38;2;28;28;28;48;2;6;6;6m_[48;2;0;0;0m [38;2;1;1;1m_                                   [0m
[7m[38;2;0;0;0m [0m[38;2;0;0;0;48;2;0;0;0m        [38;2;2;2;2;48;2;1;1;1m|[38;2;44;44;44;48;2;74;74;74mL[38;2;159;159;159;48;2;186;186;186mL[38;2;253;253;253;48;2;251;251;251m:[48;2;250;250;250m [48;2;252;252;252m                                                                [38;2;252;252;252;48;2;251;251;251m:[38;2;245;245;245;48;2;249;249;249m`[38;2;217;217;217;48;2;242;242;242m`[38;2;167;167;167;48;2;215;215;215m~[38;2;77;77;77;48;2;150;150;150m~[38;2;152;152;152;48;2;57;57;57m_[38;2;70;70;70;48;2;13;13;13m_[38;2;13;13;13;48;2;1;1;1m,[48;2;0;0;0m                                  [0m
[7m[38;2;0;0;0m [0m[38;2;0;0;0;48;2;0;0;0m       [38;2;1;1;1m4[48;2;1;1;1m [38;2;35;35;35;48;2;56;56;56mL[38;2;144;144;144;48;2;174;174;174mL[38;2;253;253;253;48;2;251;251;251m:[48;2;250;250;250m [48;2;252;252;252m                                                                   [38;2;252;252;252;48;2;251;251;251m:[38;2;235;235;235;48;2;247;247;247m`[38;2;192;192;192;48;2;231;231;231m~[38;2;112;112;112;48;2;194;194;194m~[38;2;168;168;168;48;2;100;100;100my[38;2;110;110;110;48;2;40;40;40m_[38;2;26;26;26;48;2;6;6;6m_[48;2;0;0;0m                                [0m
[?25h