[?25l[0m[7m[38;2;0;0;0m [0m[38;2;0;0;0;48;2;0;0;0m                                                                                                                       [0m
[7m[38;2;0;0;0m [0m[38;2;0;0;0;48;2;0;0;0m                                                                                                                       [0m
[7m[38;2;0;0;0m [0m[38;2;0;0;0;48;2;0;0;0m                                                                                                                       [0m
[7m[38;2;0;0;0m [0m[38;2;0;0;0;48;2;0;0;0m                                                                                                                       [0m
[7m[38;2;0;0;0m [0m[38;2;0;0;0;48;2;0;0;0m                                                                                                                       [0m
[7m[38;2;0;0;0m [0m[38;2;0;0;0;48;2;0;0;0m                                                                                                                       [0m
[7m[38;2;0;0;0m [0m[38;2;0;0;0;48;2;0;0;0m                                                                                                                       [0m
[7m[38;2;0;0;0m [0m[38;2;0;0;0;48;2;0;0;0m                                                                                                                       [0m
[7m[38;2;0;0;0m [0m[38;2;0;0;0;48;2;0;0;0m                                                                                                                       [0m
[7m[38;2;0;0;0m [0m[38;2;0;0;0;48;2;0;0;0m                                                                                                                       [0m
[7m[38;2;0;0;0m [0m[38;2;0;0;0;48;2;0;0;0m                                                [38;2;11;11;11;48;2;2;2;2m_[38;2;26;26;26;48;2;4;4;4m_[38;2;37;37;37;48;2;7;7;7m_[38;2;47;47;47;48;2;9;9;9m_[38;2;42;42;42;48;2;8;8;8m_[38;2;23;23;23;48;2;4;4;4m_[48;2;0;0;0m [38;2;0;0;0;48;2;2;2;2m`[38;2;43;43;43;48;2;8;8;8m_[38;2;54;54;54;48;2;12;12;12m_[38;2;63;63;63;48;2;15;15;15m_[38;2;83;83;83;48;2;19;19;19m_[38;2;48;48;48;48;2;11;11;11m_[38;2;57;57;57;48;2;14;14;14m_[38;2;127;127;127;48;2;33;33;33m_[38;2;175;175;175;48;2;47;47;47m_[38;2;210;210;210;48;2;57;57;57m_[38;2;226;226;226;48;2;63;63;63m_[38;2;230;230;230;48;2;66;66;66m_[38;2;240;240;240;48;2;68;68;68m_[38;2;147;147;147;48;2;40;40;40m_[38;2;54;54;54;48;2;10;10;10m,[48;2;0;0;0m                                                 [0m
[7m[38;2;0;0;0m [0m[38;2;0;0;0;48;2;0;0;0m                                              [38;2;43;43;43;48;2;27;27;27mq[38;2;74;74;74;48;2;135;135;135m~[38;2;156;156;156;48;2;223;223;223m~[38;2;170;170;170;48;2;233;233;233m~[38;2;177;177;177;48;2;237;237;237m~[38;2;151;151;151;48;2;235;235;235m`[38;2;148;148;148;48;2;234;234;234m`[38;2;168;168;168;48;2;231;231;231m~[38;2;139;139;139;48;2;215;215;215m~[38;2;141;141;141;48;2;218;218;218m~[38;2;174;174;174;48;2;235;235;235m~[38;2;152;152;152m`[38;2;154;154;154m`[38;2;160;160;160;48;2;234;234;234m`[38;2;171;171;171;48;2;233;233;233m~[38;2;177;177;177;48;2;236;236;236m~[38;2;197;197;197;48;2;241;241;241m~[38;2;216;216;216;48;2;244;244;244m~[38;2;232;232;232;48;2;248;248;248m~[38;2;240;240;240;48;2;250;250;250m~[38;2;243;243;243m~[38;2;254;254;254;48;2;246;246;246m:[38;2;167;167;167;48;2;186;186;186m_[38;2;79;79;79;48;2;46;46;46mF[38;2;1;1;1;48;2;0;0;0m_                                                [0m
[7m[38;2;0;0;0m [0m[38;2;0;0;0;48;2;0;0;0m                                             [38;2;1;1;1m~[38;2;24;24;24;48;2;10;10;10m"[38;2;103;103;103;48;2;82;82;82m4[38;2;167;167;167;48;2;219;219;219m_[38;2;253;253;253;48;2;249;249;249m:[38;2;250;250;250;48;2;251;251;251m_[38;2;252;252;252m:[48;2;252;252;252m [48;2;251;251;251m [38;2;250;250;250m~ [38;2;252;252;252m:[48;2;252;252;252m   [48;2;251;251;251m:[38;2;251;251;251;48;2;252;252;252mT[38;2;252;252;252;48;2;251;251;251m.::[38;2;250;250;250m_[38;2;252;252;252;48;2;250;250;250m:[38;2;200;200;200;48;2;233;233;233m_[38;2;75;75;75;48;2;118;118;118my[38;2;49;49;49;48;2;18;18;18m'[38;2;1;1;1;48;2;0;0;0m^                                                [0m
[7m[38;2;0;0;0m [0m[38;2;0;0;0;48;2;0;0;0m                                              [38;2;2;2;2m`[38;2;32;32;32;48;2;13;13;13m"[38;2;50;50;50;48;2;103;103;103mL[38;2;160;160;160;48;2;222;222;222m_[38;2;251;251;251;48;2;247;247;247m:[38;2;245;245;245;48;2;251;251;251m_[38;2;252;252;252m:[48;2;252;252;252m          [48;2;251;251;251m:`[38;2;212;212;212;48;2;247;247;247m_[38;2;145;145;145;48;2;220;220;220m_[38;2;61;61;61;48;2;123;123;123my[38;2;62;62;62;48;2;20;20;20m'[38;2;1;1;1;48;2;0;0;0m^                                                 [0m
[7m[38;2;0;0;0m [0m[38;2;0;0;0;48;2;0;0;0m                                                [38;2;21;21;21;48;2;6;6;6m`[38;2;99;99;99;48;2;38;38;38m~[38;2;38;38;38;48;2;131;131;131my[38;2;118;118;118;48;2;177;177;177mw[38;2;253;253;253;48;2;245;245;245m'[48;2;252;252;252m         [38;2;252;252;252;48;2;251;251;251m:[48;2;250;250;250m [38;2;254;254;254;48;2;244;244;244m:[38;2;136;136;136;48;2;170;170;170m4[38;2;103;103;103;48;2;47;47;47m`[38;2;17;17;17;48;2;3;3;3m`[48;2;0;0;0m                                                   [0m
[7m[38;2;0;0;0m [0m[38;2;0;0;0;48;2;0;0;0m                                                  [48;2;20;20;20m:[38;2;128;128;128;48;2;111;111;111my[38;2;236;236;236;48;2;243;243;243mL[38;2;252;252;252;48;2;251;251;251m~:[48;2;252;252;252m       [48;2;251;251;251m [38;2;253;253;253;48;2;250;250;250m:[38;2;188;188;188;48;2;231;231;231m_[38;2;91;91;91;48;2;154;154;154my[38;2;69;69;69;48;2;32;32;32m'[48;2;0;0;0m                                                    [0m
[7m[38;2;0;0;0m [0m[38;2;0;0;0;48;2;0;0;0m                                                 [38;2;1;1;1m~[38;2;59;59;59;48;2;41;41;41m4[38;2;152;152;152;48;2;176;176;176mF[38;2;253;253;253;48;2;245;245;245m`[48;2;250;250;250m [38;2;252;252;252;48;2;251;251;251m:[48;2;252;252;252m      [48;2;251;251;251m:[38;2;249;249;249;48;2;250;250;250m%[38;2;254;254;254;48;2;244;244;244m:[38;2;172;172;172;48;2;153;153;153mL[38;2;58;58;58;48;2;36;36;36mL[38;2;2;2;2;48;2;1;1;1m`[48;2;0;0;0m                                                    [0m
[7m[38;2;0;0;0m [0m[38;2;0;0;0;48;2;0;0;0m                                                [38;2;1;1;1m.[38;2;36;36;36;48;2;4;4;4m_[38;2;37;37;37;48;2;93;93;93mF[38;2;198;198;198;48;2;223;223;223m~[38;2;253;253;253;48;2;250;250;250m:[38;2;252;252;252;48;2;251;251;251m.[48;2;252;252;252m       [48;2;251;251;251m:[38;2;249;249;249;48;2;250;250;250m$[38;2;254;254;254;48;2;244;244;244m:[38;2;177;177;177;48;2;158;158;158mF[38;2;59;59;59;48;2;36;36;36mF[38;2;3;3;3;48;2;1;1;1m.[48;2;0;0;0m                                                    [0m
[7m[38;2;0;0;0m [0m[38;2;0;0;0;48;2;0;0;0m                                                [38;2;38;38;38;48;2;21;21;21mu[38;2;51;51;51;48;2;110;110;110m~[38;2;173;173;173;48;2;195;195;195m`[38;2;254;254;254;48;2;247;247;247m:[48;2;251;251;251m [38;2;252;252;252m:[48;2;252;252;252m       [48;2;251;251;251m:[38;2;250;250;250m~[38;2;254;254;254;48;2;249;249;249m'[38;2;178;178;178;48;2;223;223;223m~[38;2;51;51;51;48;2;151;151;151m~[38;2;112;112;112;48;2;42;42;42m,[38;2;12;12;12;48;2;3;3;3m,[48;2;0;0;0m                                                   [0m
[7m[38;2;0;0;0m [0m[38;2;0;0;0;48;2;0;0;0m                                                [48;2;7;7;7m:[38;2;65;65;65;48;2;92;92;92m$[38;2;207;207;207;48;2;223;223;223m"[38;2;254;254;254;48;2;251;251;251m`[38;2;250;250;250m`[48;2;252;252;252m          [38;2;252;252;252;48;2;251;251;251m: [38;2;254;254;254;48;2;242;242;242m:[38;2;152;152;152;48;2;114;114;114mL[38;2;51;51;51;48;2;22;22;22m,[48;2;0;0;0m                                                   [0m
[7m[38;2;0;0;0m [0m[38;2;0;0;0;48;2;0;0;0m                                                [48;2;3;3;3m:[38;2;32;32;32;48;2;84;84;84ml[38;2;215;215;215;48;2;225;225;225mL[38;2;254;254;254;48;2;251;251;251m: [48;2;252;252;252m          [38;2;252;252;252;48;2;251;251;251m:[38;2;250;250;250m`[38;2;254;254;254;48;2;243;243;243m:[38;2;162;162;162;48;2;139;139;139mF[38;2;50;50;50;48;2;30;30;30mF[38;2;1;1;1;48;2;0;0;0m:                                                  [0m
[7m[38;2;0;0;0m [0m[38;2;0;0;0;48;2;0;0;0m                                               [38;2;1;1;1m_[38;2;34;34;34;48;2;15;15;15m_[38;2;72;72;72;48;2;119;119;119mF[38;2;227;227;227;48;2;240;240;240m~[38;2;249;249;249;48;2;251;251;251m,[38;2;252;252;252m:[48;2;252;252;252m          [48;2;251;251;251m:[38;2;250;250;250m:[38;2;254;254;254;48;2;245;245;245m:[38;2;148;148;148;48;2;168;168;168m4[38;2;67;67;67;48;2;37;37;37mL[48;2;0;0;0m                                                   [0m
[7m[38;2;0;0;0m [0m[38;2;0;0;0;48;2;0;0;0m                                               [38;2;1;1;1;48;2;5;5;5m:[38;2;92;92;92;48;2;67;67;67my[38;2;168;168;168;48;2;211;211;211m~[38;2;254;254;254;48;2;249;249;249m`[38;2;252;252;252;48;2;251;251;251m_:[48;2;252;252;252m          [48;2;251;251;251m: [48;2;250;250;250m.[38;2;203;203;203;48;2;215;215;215m"[38;2;115;115;115;48;2;67;67;67mL[38;2;26;26;26;48;2;4;4;4m,[48;2;0;0;0m                                                  [0m
[7m[38;2;0;0;0m [0m[38;2;0;0;0;48;2;0;0;0m                                              [48;2;5;5;5m`[38;2;116;116;116;48;2;57;57;57m_[38;2;120;120;120;48;2;193;193;193m~[38;2;254;254;254;48;2;247;247;247m:[38;2;249;249;249;48;2;250;250;250m=[38;2;252;252;252;48;2;251;251;251m:[48;2;252;252;252m            [48;2;251;251;251m:_[38;2;254;254;254;48;2;248;248;248m`[38;2;163;163;163;48;2;216;216;216m~[38;2;139;139;139;48;2;87;87;87my[38;2;58;58;58;48;2;15;15;15m_[38;2;4;4;4;48;2;0;0;0m,                                                [0m
[7m[38;2;0;0;0m [0m[38;2;0;0;0;48;2;0;0;0m                                             [38;2;26;26;26;48;2;6;6;6m_[38;2;106;106;106;48;2;68;68;68my[38;2;143;143;143;48;2;209;209;209m~[38;2;254;254;254;48;2;249;249;249m`[38;2;250;250;250;48;2;251;251;251mF[38;2;252;252;252m:[48;2;252;252;252m               [38;2;250;250;250;48;2;251;251;251m`[38;2;253;253;253;48;2;250;250;250m`[38;2;214;214;214;48;2;241;241;241m`[38;2;100;100;100;48;2;170;170;170m~[38;2;128;128;128;48;2;52;52;52m,[38;2;30;30;30;48;2;5;5;5m,[38;2;1;1;1;48;2;0;0;0m.                                              [0m
[7m[38;2;0;0;0m [0m[38;2;0;0;0;48;2;0;0;0m                                           [38;2;1;1;1m.[38;2;44;44;44;48;2;13;13;13m_[38;2;50;50;50;48;2;106;106;106mF[38;2;152;152;152;48;2;217;217;217m~[38;2;254;254;254;48;2;249;249;249m`[48;2;251;251;251m [48;2;252;252;252m                  [38;2;252;252;252;48;2;251;251;251m:[38;2;250;250;250m~[38;2;253;253;253;48;2;249;249;249m`[38;2;164;164;164;48;2;217;217;217m~[38;2;151;151;151;48;2;94;94;94my[38;2;82;82;82;48;2;21;21;21m,[48;2;0;0;0m                                              [0m
[7m[38;2;0;0;0m [0m[38;2;0;0;0;48;2;0;0;0m                                           [38;2;53;53;53;48;2;23;23;23m_[38;2;84;84;84;48;2;133;133;133mF[38;2;200;200;200;48;2;231;231;231m"[38;2;254;254;254;48;2;250;250;250m`[38;2;250;250;250;48;2;251;251;251m`[48;2;252;252;252m                    [38;2;252;252;252;48;2;251;251;251m._[38;2;254;254;254;48;2;250;250;250m`[38;2;207;207;207;48;2;225;225;225m"[38;2;161;161;161;48;2;103;103;103my[38;2;99;99;99;48;2;23;23;23m_[38;2;21;21;21;48;2;3;3;3m,[48;2;0;0;0m                                            [0m
[7m[38;2;0;0;0m [0m[38;2;0;0;0;48;2;0;0;0m                                         [38;2;55;55;55;48;2;16;16;16m_[38;2;178;178;178;48;2;70;70;70m_[38;2;73;73;73;48;2;175;175;175m~[38;2;204;204;204;48;2;234;234;234m"[38;2;252;252;252;48;2;251;251;251m:[38;2;250;250;250m`[48;2;252;252;252m                   [38;2;252;252;252;48;2;251;251;251m:[48;2;252;252;252m [38;2;251;251;251;48;2;243;243;243m'[38;2;118;118;118;48;2;187;187;187my[38;2;90;90;90;48;2;203;203;203m_[38;2;254;254;254;48;2;245;245;245m`[38;2;253;253;253;48;2;248;248;248m'[38;2;151;151;151;48;2;208;208;208m~[38;2;117;117;117;48;2;66;66;66mL[38;2;18;18;18;48;2;4;4;4m,[48;2;0;0;0m                                           [0m
[7m[38;2;0;0;0m [0m[38;2;0;0;0;48;2;0;0;0m                                        [38;2;20;20;20;48;2;11;11;11mu[38;2;124;124;124;48;2;95;95;95m4[38;2;208;208;208;48;2;232;232;232m~[38;2;254;254;254;48;2;249;249;249m`[38;2;252;252;252;48;2;244;244;244m`[38;2;195;195;195;48;2;229;229;229my[38;2;222;222;222;48;2;246;246;246m_[38;2;254;254;254;48;2;252;252;252m.[38;2;249;249;249;48;2;251;251;251m_[38;2;252;252;252m:[48;2;252;252;252m               [48;2;251;251;251m:[38;2;250;250;250mz[38;2;254;254;254;48;2;249;249;249m:[38;2;180;180;180;48;2;207;207;207my[38;2;105;105;105;48;2;80;80;80mF[38;2;136;136;136;48;2;110;110;110m4[38;2;132;132;132;48;2;214;214;214m_[38;2;120;120;120;48;2;216;216;216m_[38;2;101;101;101;48;2;195;195;195m_[38;2;115;115;115;48;2;72;72;72mF[38;2;19;19;19;48;2;8;8;8m~[48;2;0;0;0m                                           [0m
[7m[38;2;0;0;0m [0m[38;2;0;0;0;48;2;0;0;0m                                        [38;2;12;12;12;48;2;4;4;4m`[38;2;96;96;96;48;2;47;47;47m"[38;2;59;59;59;48;2;143;143;143my[38;2;0;0;0;48;2;163;163;163m_[48;2;167;167;167m_[48;2;114;114;114m_[38;2;191;191;191;48;2;80;80;80m~[38;2;113;113;113;48;2;170;170;170ms[38;2;225;225;225;48;2;239;239;239mr[38;2;253;253;253;48;2;251;251;251m:[38;2;252;252;252m.[48;2;252;252;252m              [48;2;251;251;251m:[38;2;250;250;250m~[38;2;254;254;254;48;2;249;249;249m`[38;2;172;172;172;48;2;206;206;206m~[38;2;106;106;106;48;2;61;61;61mL[38;2;17;17;17;48;2;6;6;6m,[38;2;56;56;56;48;2;5;5;5m`[38;2;48;48;48m`[38;2;45;45;45m`[38;2;7;7;7;48;2;1;1;1m`[48;2;0;0;0m                                            [0m
[7m[38;2;0;0;0m [0m[38;2;0;0;0;48;2;0;0;0m                                             [48;2;2;2;2m.[38;2;75;75;75;48;2;51;51;51my[38;2;130;130;130;48;2;188;188;188m~[38;2;254;254;254;48;2;247;247;247m:[38;2;250;250;250;48;2;251;251;251mt[38;2;252;252;252m:[48;2;252;252;252m               [48;2;251;251;251m:[38;2;250;250;250m=[38;2;253;253;253;48;2;247;247;247m:[38;2;139;139;139;48;2;181;181;181m~[38;2;85;85;85;48;2;46;46;46mL[38;2;6;6;6;48;2;1;1;1m,[48;2;0;0;0m                                               [0m
[7m[38;2;0;0;0m [0m[38;2;0;0;0;48;2;0;0;0m                                             [38;2;57;57;57;48;2;33;33;33my[38;2;95;95;95;48;2;158;158;158m~[38;2;254;254;254;48;2;245;245;245m:[38;2;250;250;250;48;2;251;251;251m*[38;2;252;252;252m:[48;2;252;252;252m                 [48;2;251;251;251m.~[38;2;254;254;254;48;2;245;245;245m:[38;2;117;117;117;48;2;153;153;153m~[38;2;94;94;94;48;2;36;36;36m,[48;2;0;0;0m                                               [0m
[7m[38;2;0;0;0m [0m[38;2;0;0;0;48;2;0;0;0m                                            [38;2;49;49;49;48;2;22;22;22m_[38;2;89;89;89;48;2;135;135;135mF[38;2;223;223;223;48;2;241;241;241m~[38;2;253;253;253;48;2;251;251;251m`[38;2;252;252;252m:[48;2;252;252;252m                   [48;2;251;251;251m.[38;2;253;253;253;48;2;250;250;250m`[38;2;224;224;224;48;2;240;240;240m`[38;2;99;99;99;48;2;130;130;130m4[38;2;69;69;69;48;2;23;23;23m,[48;2;0;0;0m                                              [0m
[7m[38;2;0;0;0m [0m[38;2;0;0;0;48;2;0;0;0m                                          [38;2;1;1;1m_[38;2;25;25;25;48;2;8;8;8m_[38;2;53;53;53;48;2;103;103;103mF[38;2;190;190;190;48;2;226;226;226m~[38;2;254;254;254;48;2;250;250;250m`[48;2;251;251;251m [38;2;252;252;252m:[48;2;252;252;252m                   [48;2;251;251;251m:[38;2;250;250;250m~[38;2;253;253;253;48;2;250;250;250m:[38;2;189;189;189;48;2;218;218;218m"[38;2;117;117;117;48;2;72;72;72mL[38;2;12;12;12;48;2;3;3;3m,[48;2;0;0;0m                                             [0m
[7m[38;2;0;0;0m [0m[38;2;0;0;0;48;2;0;0;0m                                          [38;2;1;1;1m`[38;2;70;70;70;48;2;52;52;52my[38;2;141;141;141;48;2;185;185;185m~[38;2;254;254;254;48;2;247;247;247m:[48;2;250;250;250m [38;2;252;252;252;48;2;251;251;251m:[48;2;252;252;252m                     [48;2;251;251;251m:[38;2;249;249;249;48;2;250;250;250mz[38;2;252;252;252;48;2;245;245;245m`[38;2;126;126;126;48;2;152;152;152m4[38;2;58;58;58;48;2;32;32;32mL[48;2;0;0;0m                                             [0m
[7m[38;2;0;0;0m [0m[38;2;0;0;0;48;2;0;0;0m                                         [38;2;1;1;1m_[38;2;47;47;47;48;2;20;20;20m_[38;2;85;85;85;48;2;132;132;132mF[38;2;227;227;227;48;2;241;241;241m~[38;2;249;249;249;48;2;251;251;251m_[38;2;252;252;252m.[48;2;252;252;252m                      [48;2;251;251;251m:[38;2;250;250;250m~[38;2;253;253;253;48;2;250;250;250m`[38;2;198;198;198;48;2;223;223;223m"[38;2;128;128;128;48;2;81;81;81mL[38;2;29;29;29;48;2;7;7;7m,[48;2;0;0;0m                                            [0m
[?25h