[?25l[0m[38;2;213;213;213;48;2;216;216;216m$[38;2;243;243;243;48;2;244;244;244ml[38;2;253;253;253;48;2;252;252;252m.[38;2;252;252;252;48;2;251;251;251m:[48;2;252;252;252m                                                                                                                    [0m
[38;2;218;218;218;48;2;213;213;213m4[38;2;238;238;238;48;2;242;242;242mL[38;2;251;251;251;48;2;252;252;252m_                                                                                                                     [0m
[38;2;208;208;208;48;2;213;213;213m[[38;2;238;238;238;48;2;239;239;239m$[48;2;250;250;250m [48;2;251;251;251m [48;2;252;252;252m                                                                                                                    [0m
[38;2;214;214;214;48;2;219;219;219mF[38;2;236;236;236;48;2;240;240;240mF[38;2;251;251;251;48;2;250;250;250m:[48;2;251;251;251m [48;2;252;252;252m                                                                                                                    [0m
[38;2;224;224;224;48;2;232;232;232m~[38;2;242;242;242;48;2;245;245;245mF[48;2;251;251;251m [38;2;252;252;252m.[48;2;252;252;252m                                                                                                                    [0m
[38;2;242;242;242;48;2;246;246;246m~[38;2;249;249;249;48;2;251;251;251m`[48;2;252;252;252m                                                                                                                      [0m
[38;2;249;249;249;48;2;251;251;251m~[48;2;252;252;252m                                                                                                                       [0m
[38;2;252;252;252;48;2;251;251;251m.[48;2;252;252;252m                                                                                                                       [0m
[7m[38;2;252;252;252m [0m[38;2;0;0;0;48;2;252;252;252m                                                                                                                       [0m
[7m[38;2;252;252;252m [0m[38;2;0;0;0;48;2;252;252;252m                                                                                                                       [0m
[7m[38;2;252;252;252m [0m[38;2;0;0;0;48;2;252;252;252m  [38;2;253;253;253m_                                                                                                                    [0m
[38;2;240;240;240;48;2;247;247;247m_[38;2;241;241;241;48;2;248;248;248m_[38;2;244;244;244;48;2;250;250;250m_[38;2;250;250;250;48;2;252;252;252m_                                                                                                                    [0m
[38;2;243;243;243;48;2;239;239;239m_[38;2;246;246;246m_[38;2;241;241;241;48;2;245;245;245mF[48;2;250;250;250m [48;2;252;252;252m                                                                                                                  [38;2;253;253;253m,[38;2;248;248;248;48;2;251;251;251m_[0m
[38;2;245;245;245;48;2;249;249;249m~[38;2;248;248;248;48;2;251;251;251m~[38;2;252;252;252m.[48;2;252;252;252m                                                                                                                   [48;2;251;251;251m [38;2;239;239;239;48;2;242;242;242mq[0m
[7m[38;2;252;252;252m [0m[38;2;0;0;0;48;2;252;252;252m                                                                                                                     [38;2;251;251;251;48;2;250;250;250m.[38;2;240;240;240;48;2;238;238;238m$[0m
[38;2;252;252;252;48;2;252;252;252m                                                                                                                     [38;2;249;249;249;48;2;251;251;251m_[38;2;241;241;241;48;2;246;246;246m_[38;2;237;237;237;48;2;233;233;233mF[0m
[7m[38;2;252;252;252m [0m[38;2;0;0;0;48;2;252;252;252m                                                                                                                  [38;2;253;253;253m"[38;2;252;252;252;48;2;251;251;251m"[38;2;247;247;247;48;2;245;245;245mF[38;2;239;239;239;48;2;235;235;235m~[38;2;225;225;225;48;2;222;222;222mF[0m
[7m[38;2;252;252;252m [0m[38;2;0;0;0;48;2;252;252;252m                                                                                                                   [38;2;251;251;251;48;2;250;250;250mL[38;2;240;240;240;48;2;242;242;242m_[38;2;225;225;225;48;2;229;229;229m_[38;2;211;211;211;48;2;217;217;217m_[0m
[7m[38;2;252;252;252m [0m[38;2;0;0;0;48;2;252;252;252m                                                                                                                   [38;2;247;247;247;48;2;248;248;248my[38;2;230;230;230;48;2;235;235;235my[38;2;223;223;223;48;2;215;215;215m~[38;2;208;208;208;48;2;203;203;203m~[0m
[7m[38;2;252;252;252m [0m[38;2;0;0;0;48;2;252;252;252m                                                                                                                  [38;2;252;252;252;48;2;251;251;251m`[38;2;230;230;230;48;2;240;240;240m_[38;2;208;208;208;48;2;218;218;218my[38;2;206;206;206;48;2;196;196;196m~[38;2;196;196;196;48;2;193;193;193m~[0m
[7m[38;2;252;252;252m [0m[38;2;0;0;0;48;2;252;252;252m                                                                                                                 [38;2;253;253;253m`[38;2;240;240;240;48;2;244;244;244my[38;2;224;224;224;48;2;216;216;216mF[38;2;199;199;199;48;2;192;192;192m~[38;2;187;187;187;48;2;185;185;185m~[38;2;194;194;194;48;2;193;193;193m4[0m
[7m[38;2;252;252;252m [0m[38;2;0;0;0;48;2;252;252;252m                                                                                                                 [48;2;251;251;251m [38;2;233;233;233;48;2;236;236;236m4[38;2;201;201;201;48;2;207;207;207m4[38;2;181;181;181;48;2;184;184;184m4[38;2;183;183;183;48;2;180;180;180m`[38;2;192;192;192;48;2;188;188;188m~[0m
[7m[38;2;252;252;252m [0m[38;2;0;0;0;48;2;252;252;252m                                                                                                                 [38;2;251;251;251m"[38;2;237;237;237;48;2;241;241;241m?[38;2;226;226;226;48;2;216;216;216my[38;2;230;230;230;48;2;203;203;203m_[38;2;231;231;231;48;2;201;201;201m_[48;2;203;203;203m_[0m
[7m[38;2;252;252;252m [0m[38;2;0;0;0;48;2;252;252;252m                                                                                                                 [38;2;253;253;253m`[38;2;250;250;250;48;2;251;251;251m"[38;2;243;243;243;48;2;249;249;249m"[38;2;240;240;240;48;2;248;248;248m~~~[0m
[38;2;239;239;239;48;2;248;248;248m_[48;2;251;251;251m [48;2;252;252;252m                                                                                                                      [0m
[38;2;166;166;166;48;2;206;206;206m_[38;2;204;204;204;48;2;234;234;234m_[38;2;233;233;233;48;2;247;247;247m_[38;2;248;248;248;48;2;251;251;251m_[38;2;253;253;253;48;2;252;252;252m.,                                                                                                                  [0m
[38;2;149;149;149;48;2;133;133;133m~[38;2;185;185;185;48;2;162;162;162m~[38;2;179;179;179;48;2;200;200;200my[38;2;200;200;200;48;2;229;229;229m_[38;2;232;232;232;48;2;247;247;247m_[38;2;249;249;249;48;2;251;251;251m_[38;2;252;252;252m:[48;2;252;252;252m                                                                                                                 [0m
[38;2;116;116;116;48;2;112;112;112m~[38;2;134;134;134;48;2;128;128;128m~[38;2;156;156;156;48;2;148;148;148m~[38;2;185;185;185;48;2;173;173;173m~[38;2;219;219;219;48;2;204;204;204m~[38;2;217;217;217;48;2;234;234;234m_[38;2;237;237;237;48;2;246;246;246m_[38;2;247;247;247;48;2;249;249;249m_[38;2;252;252;252;48;2;251;251;251m:[48;2;252;252;252m                                                                                                               [0m
[38;2;120;120;120;48;2;114;114;114m_[38;2;138;138;138;48;2;129;129;129m_[38;2;145;145;145;48;2;150;150;150mF[38;2;166;166;166;48;2;171;171;171mF[38;2;193;193;193;48;2;190;190;190m4[38;2;211;211;211;48;2;206;206;206m~[38;2;214;214;214;48;2;225;225;225m_[38;2;237;237;237;48;2;243;243;243m,[38;2;252;252;252;48;2;251;251;251m:[48;2;252;252;252m                                                                                                               [0m
[38;2;122;122;122;48;2;131;131;131m~[38;2;140;140;140;48;2;149;149;149m~[38;2;158;158;158;48;2;165;165;165m~[38;2;172;172;172;48;2;175;175;175m~[38;2;185;185;185;48;2;183;183;183m'[38;2;195;195;195;48;2;190;190;190m"[38;2;210;210;210;48;2;201;201;201m"[38;2;234;234;234;48;2;221;221;221m~[38;2;230;230;230;48;2;243;243;243m_[38;2;247;247;247;48;2;250;250;250m_[38;2;252;252;252;48;2;251;251;251m:[48;2;252;252;252m                                                [38;2;253;253;253m,[38;2;252;252;252;48;2;250;250;250m`[38;2;231;231;231;48;2;246;246;246m_[38;2;219;219;219;48;2;240;240;240m_[38;2;216;216;216;48;2;237;237;237m_[38;2;221;221;221;48;2;238;238;238m_[38;2;235;235;235;48;2;243;243;243m_[38;2;247;247;247;48;2;248;248;248mr[38;2;252;252;252;48;2;251;251;251m"[48;2;252;252;252m                                                    [0m
[38;2;134;134;134;48;2;137;137;137mL[38;2;152;152;152;48;2;156;156;156mL[38;2;172;172;172;48;2;170;170;170m4[38;2;179;179;179;48;2;178;178;178m4[38;2;186;186;186;48;2;184;184;184m4[38;2;194;194;194;48;2;192;192;192m4[38;2;204;204;204;48;2;200;200;200my[38;2;207;207;207;48;2;211;211;211mF[38;2;222;222;222;48;2;227;227;227mF[38;2;242;242;242;48;2;245;245;245mL[38;2;252;252;252;48;2;251;251;251m_[48;2;252;252;252m                                              [48;2;251;251;251m:[38;2;246;246;246;48;2;250;250;250m_[38;2;233;233;233;48;2;245;245;245m_[38;2;215;215;215;48;2;230;230;230my[38;2;224;224;224;48;2;205;205;205m~[38;2;212;212;212;48;2;197;197;197m~[38;2;209;209;209;48;2;196;196;196m~[38;2;204;204;204;48;2;210;210;210my[38;2;224;224;224;48;2;232;232;232m_[38;2;241;241;241;48;2;247;247;247m_[38;2;251;251;251;48;2;252;252;252m_[38;2;253;253;253m:                                                [38;2;252;252;252;48;2;251;251;251m:[38;2;246;246;246m_[38;2;230;230;230;48;2;246;246;246m_[0m
[38;2;128;128;128;48;2;131;131;131mL[38;2;152;152;152;48;2;149;149;149m4[38;2;163;163;163;48;2;166;166;166mL[38;2;169;169;169;48;2;173;173;173m_[38;2;177;177;177;48;2;179;179;179mL[38;2;187;187;187;48;2;190;190;190mL[38;2;200;200;200;48;2;202;202;202m%[38;2;218;218;218;48;2;216;216;216m4[38;2;232;232;232;48;2;237;237;237mF[38;2;247;247;247;48;2;251;251;251m~[38;2;254;254;254;48;2;253;253;253m,[48;2;252;252;252m                                          [38;2;252;252;252;48;2;251;251;251m:[38;2;249;249;249m_[38;2;242;242;242;48;2;250;250;250m_[38;2;228;228;228;48;2;246;246;246m_[38;2;206;206;206;48;2;237;237;237m_[38;2;184;184;184;48;2;221;221;221m_[38;2;225;225;225;48;2;197;197;197m~[38;2;201;201;201;48;2;186;186;186m~[38;2;187;187;187;48;2;180;180;180m~[38;2;179;179;179mg[38;2;185;185;185;48;2;182;182;182m"[38;2;196;196;196;48;2;191;191;191m"[38;2;217;217;217;48;2;208;208;208m~[38;2;236;236;236;48;2;226;226;226m~[38;2;239;239;239;48;2;244;244;244mL[38;2;249;249;249;48;2;251;251;251m,[48;2;252;252;252m                                               [38;2;248;248;248;48;2;251;251;251m_[38;2;227;227;227;48;2;243;243;243m_[38;2;194;194;194;48;2;223;223;223m_[38;2;178;178;178;48;2;200;200;200my[0m
[38;2;120;120;120;48;2;125;125;125mL[38;2;138;138;138;48;2;142;142;142mL[38;2;155;155;155;48;2;158;158;158mL[38;2;172;172;172;48;2;170;170;170my[38;2;187;187;187;48;2;181;181;181my[38;2;202;202;202;48;2;195;195;195my[38;2;203;203;203;48;2;212;212;212m~[38;2;220;220;220;48;2;226;226;226m~[38;2;239;239;239;48;2;242;242;242m~[38;2;252;252;252;48;2;250;250;250m`[38;2;253;253;253;48;2;251;251;251m`[48;2;252;252;252m                                          [38;2;250;250;250;48;2;251;251;251m4[38;2;247;247;247;48;2;241;241;241m`[38;2;206;206;206;48;2;218;218;218ma[38;2;211;211;211;48;2;186;186;186m~[38;2;200;200;200;48;2;169;169;169m_[38;2;207;207;207;48;2;161;161;161m_[38;2;217;217;217;48;2;162;162;162m_[38;2;219;219;219;48;2;167;167;167m_[38;2;206;206;206;48;2;169;169;169m_[38;2;197;197;197;48;2;175;175;175m_[38;2;215;215;215;48;2;184;184;184m_[38;2;234;234;234;48;2;200;200;200m_[38;2;238;238;238;48;2;216;216;216my[38;2;221;221;221;48;2;237;237;237m~[38;2;240;240;240;48;2;247;247;247m~[38;2;250;250;250;48;2;251;251;251m~[48;2;252;252;252m                                             _[38;2;237;237;237;48;2;249;249;249m_[38;2;212;212;212;48;2;235;235;235m_[38;2;179;179;179;48;2;204;204;204m_[38;2;185;185;185;48;2;162;162;162m~[38;2;156;156;156;48;2;133;133;133m~[0m
[38;2;112;112;112;48;2;103;103;103m~[38;2;114;114;114;48;2;127;127;127m_[38;2;153;153;153;48;2;144;144;144m~[38;2;152;152;152;48;2;164;164;164m_[38;2;169;169;169;48;2;182;182;182m_[38;2;186;186;186;48;2;198;198;198m_[38;2;202;202;202;48;2;213;213;213m_[38;2;220;220;220;48;2;225;225;225my[38;2;223;223;223;48;2;235;235;235m_[38;2;229;229;229;48;2;242;242;242m_[38;2;233;233;233;48;2;244;244;244m_[38;2;237;237;237;48;2;246;246;246m_[38;2;240;240;240;48;2;249;249;249m_[38;2;246;246;246;48;2;250;250;250m_[38;2;250;250;250;48;2;251;251;251m_[38;2;252;252;252m:[48;2;252;252;252m                                      [38;2;253;253;253;48;2;251;251;251m:[38;2;228;228;228;48;2;245;245;245m~[38;2;214;214;214;48;2;242;242;242m~[38;2;227;227;227;48;2;246;246;246m~[38;2;236;236;236;48;2;248;248;248m~[38;2;241;241;241;48;2;250;250;250m`[48;2;249;249;249m`[38;2;231;231;231;48;2;246;246;246m~[38;2;219;219;219;48;2;244;244;244m~[38;2;235;235;235;48;2;248;248;248m~[38;2;246;246;246;48;2;250;250;250m`[38;2;250;250;250;48;2;251;251;251m=[38;2;252;252;252m` [48;2;252;252;252m                                           [38;2;253;253;253m,[38;2;244;244;244;48;2;250;250;250m_[38;2;223;223;223;48;2;244;244;244m_[38;2;194;194;194;48;2;228;228;228m_[38;2;181;181;181;48;2;205;205;205my[38;2;139;139;139;48;2;175;175;175m_[38;2;169;169;169;48;2;140;140;140m~[38;2;137;137;137;48;2;117;117;117m~[38;2;112;112;112;48;2;101;101;101m~[0m
[38;2;88;88;88;48;2;82;82;82m~[38;2;108;108;108;48;2;100;100;100m~[38;2;112;112;112;48;2;121;121;121my[38;2;125;125;125;48;2;135;135;135my[38;2;138;138;138;48;2;150;150;150my[38;2;155;155;155;48;2;166;166;166my[38;2;172;172;172;48;2;184;184;184my[38;2;185;185;185;48;2;197;197;197my[38;2;192;192;192;48;2;204;204;204my[38;2;198;198;198;48;2;210;210;210my[38;2;197;197;197;48;2;214;214;214m_[38;2;203;203;203;48;2;219;219;219m_[38;2;217;217;217;48;2;226;226;226my[38;2;222;222;222;48;2;235;235;235m_[38;2;236;236;236;48;2;245;245;245m_[38;2;246;246;246;48;2;250;250;250m_[38;2;252;252;252;48;2;251;251;251m.[48;2;252;252;252m                   [38;2;253;253;253m__                                                                       [38;2;252;252;252;48;2;251;251;251m:[38;2;249;249;249m_[38;2;238;238;238;48;2;246;246;246m_[38;2;218;218;218;48;2;228;228;228my[38;2;215;215;215;48;2;198;198;198m~[38;2;187;187;187;48;2;173;173;173m~[38;2;159;159;159;48;2;148;148;148m~[38;2;133;133;133;48;2;125;125;125m~[38;2;112;112;112;48;2;108;108;108m_[38;2;102;102;102;48;2;98;98;98m_[38;2;97;97;97;48;2;95;95;95m_[0m
[38;2;52;52;52;48;2;62;62;62my[38;2;64;64;64;48;2;74;74;74my[38;2;77;77;77;48;2;88;88;88my[38;2;90;90;90;48;2;100;100;100my[38;2;122;122;122;48;2;110;110;110m~[38;2;119;119;119;48;2;129;129;129my[38;2;136;136;136;48;2;146;146;146my[38;2;150;150;150;48;2;160;160;160my[38;2;153;153;153;48;2;169;169;169m_[38;2;159;159;159;48;2;175;175;175m_[38;2;171;171;171;48;2;181;181;181my[38;2;176;176;176;48;2;186;186;186my[38;2;181;181;181;48;2;193;193;193my[38;2;191;191;191;48;2;203;203;203my[38;2;206;206;206;48;2;217;217;217my[38;2;212;212;212;48;2;231;231;231m_[38;2;224;224;224;48;2;242;242;242m_[38;2;234;234;234;48;2;247;247;247m_[38;2;241;241;241;48;2;249;249;249m_[38;2;247;247;247;48;2;251;251;251m_[38;2;252;252;252m.[48;2;252;252;252m             [38;2;245;245;245;48;2;250;250;250m_[38;2;220;220;220;48;2;245;245;245m_[38;2;196;196;196;48;2;236;236;236m_[38;2;188;188;188;48;2;232;232;232m_[38;2;224;224;224;48;2;243;243;243m_[38;2;254;254;254;48;2;252;252;252m:[48;2;251;251;251m [48;2;252;252;252m                                       [38;2;250;250;250;48;2;251;251;251m_[38;2;249;249;249m_ [48;2;252;252;252m                         [48;2;251;251;251m_[38;2;242;242;242;48;2;248;248;248m_[38;2;231;231;231;48;2;239;239;239my[38;2;233;233;233;48;2;217;217;217m~[38;2;210;210;210;48;2;199;199;199m~[38;2;187;187;187;48;2;185;185;185mF[38;2;168;168;168;48;2;171;171;171m~[38;2;156;156;156;48;2;149;149;149mL[38;2;128;128;128;48;2;133;133;133m~[38;2;122;122;122;48;2;119;119;119ms[38;2;107;107;107;48;2;105;105;105m$[38;2;92;92;92;48;2;95;95;95my[0m
[?25h