[?25l[0m[38;2;225;225;225;48;2;247;247;247m~[38;2;253;253;253;48;2;252;252;252m'[48;2;251;251;251m [48;2;252;252;252m                                                                                                                     [0m
[7m[38;2;252;252;252m [0m[38;2;0;0;0;48;2;252;252;252m                                                                                                                       [0m
[7m[38;2;252;252;252m [0m[38;2;0;0;0;48;2;252;252;252m                                                                                                                       [0m
[7m[38;2;252;252;252m [0m[38;2;0;0;0;48;2;252;252;252m                                                                                                                       [0m
[7m[38;2;252;252;252m [0m[38;2;0;0;0;48;2;252;252;252m                                                                                                                       [0m
[7m[38;2;252;252;252m [0m[38;2;0;0;0;48;2;252;252;252m                                                                                                                       [0m
[7m[38;2;252;252;252m [0m[38;2;0;0;0;48;2;252;252;252m                                                                                                                       [0m
[7m[38;2;252;252;252m [0m[38;2;0;0;0;48;2;252;252;252m                                                                                                                       [0m
[7m[38;2;252;252;252m [0m[38;2;0;0;0;48;2;252;252;252m                                                                                                                       [0m
[7m[38;2;252;252;252m [0m[38;2;0;0;0;48;2;252;252;252m                                                                                                                       [0m
[7m[38;2;252;252;252m [0m[38;2;0;0;0;48;2;252;252;252m                                                                                                                       [0m
[7m[38;2;252;252;252m [0m[38;2;0;0;0;48;2;252;252;252m                                                                                                                       [0m
[7m[38;2;252;252;252m [0m[38;2;0;0;0;48;2;252;252;252m                                                                                                                       [0m
[7m[38;2;252;252;252m [0m[38;2;0;0;0;48;2;252;252;252m                                                                                                                       [0m
[7m[38;2;252;252;252m [0m[38;2;0;0;0;48;2;252;252;252m                                                                                                                       [0m
[7m[38;2;252;252;252m [0m[38;2;0;0;0;48;2;252;252;252m                                                                                                                       [0m
[7m[38;2;252;252;252m [0m[38;2;0;0;0;48;2;252;252;252m                                                                                                                       [0m
[7m[38;2;252;252;252m [0m[38;2;0;0;0;48;2;252;252;252m                                                                                                                       [0m
[7m[38;2;252;252;252m [0m[38;2;0;0;0;48;2;252;252;252m                                                                                                                       [0m
[7m[38;2;252;252;252m [0m[38;2;0;0;0;48;2;252;252;252m                                                                                                                       [0m
[7m[38;2;252;252;252m [0m[38;2;0;0;0;48;2;252;252;252m                                                                                                                       [0m
[7m[38;2;252;252;252m [0m[38;2;0;0;0;48;2;252;252;252m                                                                                                                       [0m
[7m[38;2;252;252;252m [0m[38;2;0;0;0;48;2;252;252;252m                                                                                                                       [0m
[7m[38;2;252;252;252m [0m[38;2;0;0;0;48;2;252;252;252m                                                                                                                       [0m
[7m[38;2;252;252;252m [0m[38;2;0;0;0;48;2;252;252;252m                                                                                                                       [0m
[7m[38;2;252;252;252m [0m[38;2;0;0;0;48;2;252;252;252m                                                                                                                       [0m
[7m[38;2;252;252;252m [0m[38;2;0;0;0;48;2;252;252;252m                                                                                                                       [0m
[7m[38;2;252;252;252m [0m[38;2;0;0;0;48;2;252;252;252m                                                                                                                       [0m
[7m[38;2;252;252;252m [0m[38;2;0;0;0;48;2;252;252;252m                                                                                                                       [0m
[7m[38;2;252;252;252m [0m[38;2;0;0;0;48;2;252;252;252m                                                                      [38;2;253;253;253m_ [38;2;252;252;252;48;2;251;251;251m:[48;2;252;252;252m                                              [0m
[7m[38;2;252;252;252m [0m[38;2;0;0;0;48;2;252;252;252m                                                                   [48;2;251;251;251m [38;2;254;254;254;48;2;252;252;252m.[38;2;252;252;252;48;2;243;243;243m`[38;2;169;169;169;48;2;224;224;224m_[38;2;155;155;155;48;2;225;225;225m_[38;2;176;176;176;48;2;238;238;238m_[38;2;213;213;213;48;2;247;247;247m_[38;2;246;246;246;48;2;251;251;251m,[48;2;252;252;252m [38;2;252;252;252;48;2;251;251;251m:[48;2;252;252;252m                                          [0m
[7m[38;2;252;252;252m [0m[38;2;0;0;0;48;2;252;252;252m                                                                   [48;2;251;251;251m [38;2;254;254;254m`[38;2;230;230;230;48;2;239;239;239m"[38;2;223;223;223;48;2;171;171;171m_[38;2;113;113;113;48;2;90;90;90m~[38;2;117;117;117;48;2;51;51;51m~[38;2;170;170;170;48;2;69;69;69m~[38;2;6;6;6;48;2;150;150;150m_[38;2;79;79;79;48;2;212;212;212m_[38;2;207;207;207;48;2;242;242;242m_[38;2;246;246;246;48;2;250;250;250m,[48;2;251;251;251m [38;2;252;252;252m:[48;2;252;252;252m                                       [0m
[7m[38;2;252;252;252m [0m[38;2;0;0;0;48;2;252;252;252m                                                                     [38;2;253;253;253;48;2;251;251;251m`[38;2;237;237;237;48;2;246;246;246m`[38;2;151;151;151;48;2;208;208;208m~[38;2;207;207;207;48;2;93;93;93m_[38;2;84;84;84;48;2;21;21;21m_[38;2;10;10;10;48;2;2;2;2m,[38;2;57;57;57;48;2;14;14;14m`[38;2;144;144;144;48;2;45;45;45m~[38;2;66;66;66;48;2;156;156;156my[38;2;131;131;131;48;2;216;216;216m_[38;2;211;211;211;48;2;244;244;244m_[38;2;245;245;245;48;2;250;250;250m,[48;2;251;251;251m [38;2;252;252;252m.[48;2;252;252;252m                                    [0m
[7m[38;2;252;252;252m [0m[38;2;0;0;0;48;2;252;252;252m                                                                      [38;2;252;252;252;48;2;251;251;251m.[38;2;253;253;253m"[38;2;242;242;242;48;2;248;248;248m`[38;2;138;138;138;48;2;210;210;210m~[38;2;171;171;171;48;2;93;93;93my[38;2;111;111;111;48;2;30;30;30m,[38;2;16;16;16;48;2;4;4;4m,[38;2;2;2;2;48;2;3;3;3m:[38;2;75;75;75;48;2;17;17;17m`[38;2;167;167;167;48;2;68;68;68m~[38;2;12;12;12;48;2;172;172;172m_[38;2;138;138;138;48;2;225;225;225m_[38;2;230;230;230;48;2;247;247;247m,[38;2;253;253;253;48;2;252;252;252m_[48;2;251;251;251m [38;2;252;252;252m:[48;2;252;252;252m                                 [0m
[7m[38;2;252;252;252m [0m[38;2;0;0;0;48;2;252;252;252m                                                                        [38;2;250;250;250;48;2;251;251;251m`[38;2;252;252;252m`[38;2;232;232;232;48;2;247;247;247m`[38;2;188;188;188;48;2;233;233;233m~[38;2;85;85;85;48;2;182;182;182m~[38;2;207;207;207;48;2;80;80;80m_[38;2;129;129;129;48;2;27;27;27m_[38;2;36;36;36;48;2;4;4;4m_[38;2;0;0;0;48;2;3;3;3m:[38;2;94;94;94;48;2;23;23;23m~[38;2;177;177;177;48;2;74;74;74m~[38;2;45;45;45;48;2;169;169;169m_[38;2;142;142;142;48;2;223;223;223m_[38;2;203;203;203;48;2;245;245;245m_[38;2;243;243;243;48;2;250;250;250m,[48;2;252;252;252m [38;2;252;252;252;48;2;251;251;251m:[48;2;252;252;252m          [38;2;253;253;253m__                  [0m
[7m[38;2;252;252;252m [0m[38;2;0;0;0;48;2;252;252;252m                                                                          [38;2;252;252;252;48;2;251;251;251m: [38;2;253;253;253m`[38;2;239;239;239;48;2;248;248;248m`[38;2;180;180;180;48;2;228;228;228m~[38;2;84;84;84;48;2;185;185;185m~[38;2;155;155;155;48;2;79;79;79my[38;2;103;103;103;48;2;23;23;23m,[38;2;2;2;2;48;2;0;0;0m,[38;2;16;16;16;48;2;2;2;2m`[38;2;91;91;91;48;2;17;17;17m`[38;2;145;145;145;48;2;55;55;55m~[38;2;1;1;1;48;2;146;146;146m_[38;2;59;59;59;48;2;211;211;211m_[38;2;192;192;192;48;2;240;240;240m_[38;2;242;242;242;48;2;250;250;250m,[38;2;253;253;253;48;2;252;252;252m:      [38;2;252;252;252;48;2;250;250;250m`[38;2;216;216;216;48;2;242;242;242m_[38;2;181;181;181;48;2;230;230;230m_[38;2;155;155;155;48;2;223;223;223m_[38;2;169;169;169;48;2;233;233;233m_[38;2;229;229;229;48;2;248;248;248m_[48;2;252;252;252m                [0m
[?25h