[?25l[0m[7m[38;2;0;0;0m [0m[38;2;0;0;0;48;2;0;0;0m                                                                                                                       [0m
[7m[38;2;0;0;0m [0m[38;2;0;0;0;48;2;0;0;0m                                                                                                                       [0m
[7m[38;2;0;0;0m [0m[38;2;0;0;0;48;2;0;0;0m                                                                                                                       [0m
[7m[38;2;0;0;0m [0m[38;2;0;0;0;48;2;0;0;0m                                                                                                                       [0m
[7m[38;2;0;0;0m [0m[38;2;0;0;0;48;2;0;0;0m                                                                                                                       [0m
[7m[38;2;0;0;0m [0m[38;2;0;0;0;48;2;0;0;0m                                                                                                                       [0m
[7m[38;2;0;0;0m [0m[38;2;0;0;0;48;2;0;0;0m                                                                                                                       [0m
[7m[38;2;0;0;0m [0m[38;2;0;0;0;48;2;0;0;0m                                                                                                                       [0m
[7m[38;2;0;0;0m [0m[38;2;0;0;0;48;2;0;0;0m                                                                                                                       [0m
[7m[38;2;0;0;0m [0m[38;2;0;0;0;48;2;0;0;0m                                                           [48;2;16;16;16m`[38;2;113;113;113;48;2;49;49;49my[38;2;156;156;156;48;2;70;70;70my[38;2;167;167;167;48;2;63;63;63m_[38;2;103;103;103;48;2;35;35;35m_[38;2;60;60;60;48;2;14;14;14m_[38;2;22;22;22;48;2;3;3;3m_[48;2;0;0;0m                                                     [0m
[7m[38;2;0;0;0m [0m[38;2;0;0;0;48;2;0;0;0m                                                          [48;2;1;1;1m:[38;2;59;59;59;48;2;44;44;44m4[38;2;166;166;166;48;2;180;180;180mF[38;2;227;227;227;48;2;239;239;239m~[38;2;197;197;197;48;2;220;220;220m"[38;2;136;136;136;48;2;175;175;175m~[38;2;84;84;84;48;2;116;116;116m~[38;2;70;70;70;48;2;53;53;53mL[38;2;16;16;16;48;2;9;9;9mr[48;2;0;0;0m                                                    [0m
[7m[38;2;0;0;0m [0m[38;2;0;0;0;48;2;0;0;0m                                                          [48;2;6;6;6m:[38;2;86;86;86;48;2;70;70;70m4[38;2;191;191;191;48;2;213;213;213mF[38;2;253;253;253;48;2;245;245;245m.[38;2;220;220;220;48;2;212;212;212mF[38;2;182;182;182;48;2;172;172;172mF[38;2;128;128;128;48;2;116;116;116mF[38;2;65;65;65;48;2;50;50;50mF[38;2;14;14;14;48;2;7;7;7m~[48;2;0;0;0m                                                    [0m
[7m[38;2;0;0;0m [0m[38;2;0;0;0;48;2;0;0;0m                                                         [38;2;1;1;1m_[38;2;0;0;0;48;2;16;16;16m:[38;2;118;118;118;48;2;99;99;99my[38;2;231;231;231;48;2;240;240;240mL[38;2;253;253;253;48;2;246;246;246m'[38;2;201;201;201;48;2;211;211;211m4[38;2;169;169;169;48;2;164;164;164m$[38;2;109;109;109;48;2;96;96;96mF[38;2;40;40;40;48;2;25;25;25mF[38;2;0;0;0;48;2;1;1;1m.[48;2;0;0;0m                                                    [0m
[7m[38;2;0;0;0m [0m[38;2;0;0;0;48;2;0;0;0m                                                         [38;2;1;1;1m`[38;2;0;0;0;48;2;35;35;35m:[38;2;122;122;122;48;2;156;156;156mF[38;2;235;235;235;48;2;242;242;242mL[38;2;240;240;240;48;2;244;244;244my[38;2;215;215;215;48;2;221;221;221my[38;2;169;169;169;48;2;151;151;151mF[38;2;82;82;82;48;2;60;60;60mF[38;2;17;17;17;48;2;7;7;7m~[48;2;0;0;0m                                                     [0m
[7m[38;2;0;0;0m [0m[38;2;0;0;0;48;2;0;0;0m                                                       [38;2;15;15;15;48;2;2;2;2m_[38;2;0;0;0;48;2;4;4;4m:[38;2;95;95;95;48;2;33;33;33m_[38;2;50;50;50;48;2;143;143;143m~[38;2;209;209;209;48;2;232;232;232m"[38;2;251;251;251;48;2;249;249;249m.[38;2;242;242;242;48;2;247;247;247m~[38;2;213;213;213;48;2;230;230;230m"[38;2;235;235;235;48;2;159;159;159m_[38;2;178;178;178;48;2;71;71;71m_[38;2;55;55;55;48;2;14;14;14m_[38;2;2;2;2;48;2;0;0;0m.                                                    [0m
[7m[38;2;0;0;0m [0m[38;2;0;0;0;48;2;0;0;0m                                                   [48;2;11;11;11m:[38;2;139;139;139;48;2;47;47;47m_[38;2;190;190;190;48;2;99;99;99my[38;2;73;73;73;48;2;161;161;161m~[38;2;201;201;201;48;2;116;116;116m_[38;2;76;76;76;48;2;174;174;174m~[38;2;164;164;164;48;2;229;229;229m~[38;2;243;243;243;48;2;247;247;247m'[38;2;252;252;252;48;2;251;251;251m.:[48;2;252;252;252m [48;2;251;251;251m [38;2;246;246;246;48;2;248;248;248m`[38;2;203;203;203;48;2;238;238;238m`[38;2;134;134;134;48;2;200;200;200m~[38;2;151;151;151;48;2;77;77;77m_[38;2;53;53;53;48;2;12;12;12m,[48;2;0;0;0m                                                   [0m
[7m[38;2;0;0;0m [0m[38;2;0;0;0;48;2;0;0;0m                                                  [48;2;1;1;1m:[38;2;68;68;68;48;2;47;47;47m4[38;2;188;188;188;48;2;174;174;174m4[38;2;253;253;253;48;2;243;243;243m:[38;2;236;236;236m`[38;2;220;220;220;48;2;245;245;245m`[38;2;249;249;249;48;2;251;251;251m`[38;2;251;251;251;48;2;252;252;252m'[38;2;252;252;252;48;2;251;251;251m.[48;2;252;252;252m    [48;2;251;251;251m [38;2;249;249;249;48;2;250;250;250m~[38;2;254;254;254;48;2;249;249;249m'[38;2;178;178;178;48;2;209;209;209m"[38;2;109;109;109;48;2;64;64;64mL[38;2;16;16;16;48;2;4;4;4m,[48;2;0;0;0m                                                  [0m
[7m[38;2;0;0;0m [0m[38;2;0;0;0;48;2;0;0;0m                                                  [48;2;8;8;8m:[38;2;120;120;120;48;2;67;67;67m_[38;2;174;174;174;48;2;198;198;198mF[38;2;253;253;253;48;2;247;247;247m`[38;2;251;251;251;48;2;248;248;248my[48;2;250;250;250m [48;2;252;252;252m        [38;2;252;252;252;48;2;251;251;251m:[38;2;250;250;250m:[38;2;254;254;254;48;2;241;241;241m:[38;2;146;146;146;48;2;116;116;116mL[38;2;38;38;38;48;2;20;20;20mL[48;2;0;0;0m                                                  [0m
[7m[38;2;0;0;0m [0m[38;2;0;0;0;48;2;0;0;0m                                                 [48;2;21;21;21m'[38;2;140;140;140;48;2;90;90;90my[38;2;147;147;147;48;2;207;207;207m~[38;2;237;237;237;48;2;247;247;247m~[38;2;253;253;253;48;2;252;252;252m:F         [38;2;252;252;252;48;2;251;251;251m:[38;2;250;250;250m.[38;2;254;254;254;48;2;243;243;243m:[38;2;151;151;151;48;2;122;122;122mL[38;2;41;41;41;48;2;23;23;23mL[38;2;1;1;1;48;2;0;0;0m_                                                 [0m
[7m[38;2;0;0;0m [0m[38;2;0;0;0;48;2;0;0;0m                                                 [38;2;57;57;57;48;2;38;38;38m4[38;2;175;175;175;48;2;158;158;158m4[38;2;241;241;241;48;2;246;246;246mL[48;2;251;251;251m [38;2;252;252;252m:[48;2;252;252;252m          [48;2;251;251;251m:[48;2;250;250;250m [38;2;254;254;254;48;2;243;243;243m:[38;2;162;162;162;48;2;137;137;137mL[38;2;51;51;51;48;2;29;29;29mL[38;2;2;2;2;48;2;1;1;1m`[48;2;0;0;0m                                                 [0m
[7m[38;2;0;0;0m [0m[38;2;0;0;0;48;2;0;0;0m                                                 [38;2;29;29;29;48;2;14;14;14m"[38;2;56;56;56;48;2;104;104;104mL[38;2;168;168;168;48;2;221;221;221m_[38;2;253;253;253;48;2;250;250;250m:[48;2;252;252;252m           [48;2;251;251;251m [48;2;249;249;249m:[38;2;164;164;164;48;2;225;225;225m_[38;2;133;133;133;48;2;87;87;87mF[38;2;34;34;34;48;2;13;13;13m~[38;2;1;1;1;48;2;0;0;0m^                                                 [0m
[7m[38;2;0;0;0m [0m[38;2;0;0;0;48;2;0;0;0m                                                  [38;2;31;31;31;48;2;15;15;15m"[38;2;134;134;134;48;2;90;90;90m~[38;2;151;151;151;48;2;211;211;211m_[38;2;228;228;228;48;2;243;243;243m,[38;2;247;247;247;48;2;250;250;250m,[38;2;252;252;252;48;2;251;251;251m:[48;2;252;252;252m  [48;2;251;251;251m    `[38;2;228;228;228;48;2;248;248;248m_[38;2;166;166;166;48;2;230;230;230m_[38;2;51;51;51;48;2;169;169;169m_[38;2;132;132;132;48;2;52;52;52m~[38;2;32;32;32;48;2;6;6;6m~[38;2;1;1;1;48;2;0;0;0m`                                                  [0m
[7m[38;2;0;0;0m [0m[38;2;0;0;0;48;2;0;0;0m                                                  [48;2;12;12;12m'[38;2;84;84;84;48;2;63;63;63my[38;2;136;136;136;48;2;157;157;157mF[38;2;205;205;205;48;2;212;212;212mF[38;2;236;236;236;48;2;240;240;240mF[38;2;250;250;250;48;2;251;251;251mF[38;2;253;253;253;48;2;252;252;252m_[38;2;252;252;252;48;2;248;248;248m`[38;2;143;143;143;48;2;229;229;229m_[38;2;112;112;112;48;2;219;219;219m_[38;2;106;106;106;48;2;213;213;213m_[38;2;74;74;74;48;2;191;191;191m_[38;2;77;77;77;48;2;170;170;170my[38;2;184;184;184;48;2;76;76;76m~[38;2;107;107;107;48;2;28;28;28m~[38;2;32;32;32;48;2;4;4;4m~[38;2;1;1;1;48;2;0;0;0m'                                                    [0m
[7m[38;2;0;0;0m [0m[38;2;0;0;0;48;2;0;0;0m                                                [48;2;1;1;1m:[38;2;34;34;34;48;2;10;10;10m_[38;2;35;35;35;48;2;58;58;58mF[38;2;110;110;110;48;2;129;129;129mF[38;2;181;181;181;48;2;190;190;190mF[38;2;218;218;218;48;2;224;224;224mF[38;2;243;243;243;48;2;246;246;246m^[48;2;251;251;251m [38;2;204;204;204;48;2;237;237;237m_[38;2;96;96;96;48;2;166;166;166my[38;2;83;83;83;48;2;40;40;40m"[38;2;0;0;0;48;2;3;3;3m:[38;2;4;4;4;48;2;0;0;0m`                                                          [0m
[7m[38;2;0;0;0m [0m[38;2;0;0;0;48;2;0;0;0m                                               [48;2;6;6;6m'[38;2;48;48;48;48;2;35;35;35my[38;2;96;96;96;48;2;72;72;72my[38;2;87;87;87;48;2;126;126;126m~[38;2;150;150;150;48;2;181;181;181m~[38;2;198;198;198;48;2;221;221;221m~[38;2;229;229;229;48;2;241;241;241m~[38;2;253;253;253;48;2;247;247;247m:[38;2;170;170;170;48;2;220;220;220m_[38;2;62;62;62;48;2;118;118;118my[38;2;51;51;51;48;2;16;16;16m~[38;2;1;1;1;48;2;0;0;0m:                                                            [0m
[7m[38;2;0;0;0m [0m[38;2;0;0;0;48;2;0;0;0m                                               [38;2;5;5;5;48;2;2;2;2m`[38;2;42;42;42;48;2;18;18;18m"[38;2;33;33;33;48;2;70;70;70my[38;2;48;48;48;48;2;126;126;126m_[38;2;139;139;139;48;2;197;197;197m_[38;2;199;199;199;48;2;236;236;236m_[38;2;141;141;141;48;2;216;216;216m_[38;2;42;42;42;48;2;163;163;163m_[38;2;145;145;145;48;2;71;71;71m~[38;2;34;34;34;48;2;12;12;12m~[48;2;0;0;0m                                                              [0m
[7m[38;2;0;0;0m [0m[38;2;0;0;0;48;2;0;0;0m                                                 [38;2;6;6;6;48;2;1;1;1m`[38;2;30;30;30;48;2;8;8;8m`[38;2;90;90;90;48;2;27;27;27m~[38;2;143;143;143;48;2;50;50;50m~[38;2;97;97;97;48;2;24;24;24m~[38;2;28;28;28;48;2;4;4;4m~[38;2;1;1;1;48;2;0;0;0m`                                                               [0m
[7m[38;2;0;0;0m [0m[38;2;0;0;0;48;2;0;0;0m                                                                                                                       [0m
[7m[38;2;0;0;0m [0m[38;2;0;0;0;48;2;0;0;0m                                                                                                                       [0m
[7m[38;2;0;0;0m [0m[38;2;0;0;0;48;2;0;0;0m                                                                                                                       [0m
[7m[38;2;0;0;0m [0m[38;2;0;0;0;48;2;0;0;0m                                                                                                                       [0m
[7m[38;2;0;0;0m [0m[38;2;0;0;0;48;2;0;0;0m                                                                                                                       [0m
[7m[38;2;0;0;0m [0m[38;2;0;0;0;48;2;0;0;0m                                                                                                                       [0m
[7m[38;2;0;0;0m [0m[38;2;0;0;0;48;2;0;0;0m                                                                                                                       [0m
[7m[38;2;0;0;0m [0m[38;2;0;0;0;48;2;0;0;0m                                                                                                                       [0m
[7m[38;2;0;0;0m [0m[38;2;0;0;0;48;2;0;0;0m                                                                                                                       [0m
[?25h