[?25l[0m[7m[38;2;0;0;0m [0m[38;2;0;0;0;48;2;0;0;0m         [38;2;62;62;62;48;2;34;34;34m`[38;2;112;112;112;48;2;151;151;151mL[38;2;219;219;219;48;2;237;237;237m,[38;2;253;253;253;48;2;252;252;252ms[48;2;251;251;251m [48;2;252;252;252m                  [38;2;252;252;252;48;2;251;251;251m|[48;2;250;250;250m [38;2;237;237;237;48;2;241;241;241m4[38;2;162;162;162;48;2;173;173;173m4[38;2;44;44;44;48;2;21;21;21mL[48;2;0;0;0m                                                                                  [0m
[7m[38;2;0;0;0m [0m[38;2;0;0;0;48;2;0;0;0m         [38;2;10;10;10;48;2;3;3;3m`[38;2;61;61;61;48;2;100;100;100mL[38;2;183;183;183;48;2;205;205;205mL[38;2;253;253;253;48;2;251;251;251m: [48;2;252;252;252m                  [38;2;252;252;252;48;2;251;251;251m|[48;2;250;250;250m [38;2;236;236;236;48;2;241;241;241m4[38;2;160;160;160;48;2;172;172;172m4[38;2;43;43;43;48;2;21;21;21mL[48;2;0;0;0m                                                                                  [0m
[7m[38;2;0;0;0m [0m[38;2;0;0;0;48;2;0;0;0m         [38;2;1;1;1m`[38;2;69;69;69;48;2;38;38;38m`[38;2;121;121;121;48;2;160;160;160mL[38;2;236;236;236;48;2;244;244;244m_[38;2;253;253;253;48;2;252;252;252mi[38;2;252;252;252;48;2;251;251;251m.[48;2;252;252;252m                 [48;2;251;251;251m|[48;2;250;250;250m [38;2;236;236;236;48;2;241;241;241m4[38;2;159;159;159;48;2;171;171;171m4[38;2;43;43;43;48;2;21;21;21mL[48;2;0;0;0m                                                                                  [0m
[7m[38;2;0;0;0m [0m[38;2;0;0;0;48;2;0;0;0m          [38;2;12;12;12;48;2;4;4;4m"[38;2;59;59;59;48;2;101;101;101mL[38;2;183;183;183;48;2;207;207;207mL[38;2;253;253;253;48;2;252;252;252m:[38;2;252;252;252;48;2;251;251;251m:[48;2;252;252;252m                 [48;2;251;251;251m  [38;2;239;239;239;48;2;243;243;243m4[38;2;170;170;170;48;2;180;180;180m4[38;2;47;47;47;48;2;23;23;23mL[48;2;0;0;0m                                                                                  [0m
[7m[38;2;0;0;0m [0m[38;2;0;0;0;48;2;0;0;0m           [38;2;67;67;67;48;2;32;32;32m`[38;2;108;108;108;48;2;152;152;152mL[38;2;219;219;219;48;2;241;241;241m_[38;2;253;253;253;48;2;252;252;252m:[48;2;251;251;251m [48;2;252;252;252m                [48;2;251;251;251m [38;2;251;251;251;48;2;250;250;250m"[38;2;237;237;237;48;2;242;242;242m4[38;2;162;162;162;48;2;174;174;174m4[38;2;44;44;44;48;2;22;22;22mL[48;2;0;0;0m                                                                                  [0m
[7m[38;2;0;0;0m [0m[38;2;0;0;0;48;2;0;0;0m           [38;2;7;7;7;48;2;1;1;1m`[38;2;44;44;44;48;2;85;85;85mL[38;2;164;164;164;48;2;193;193;193mL[38;2;253;253;253;48;2;250;250;250m`[48;2;252;252;252m                 [38;2;252;252;252;48;2;251;251;251m. [38;2;240;240;240;48;2;244;244;244m4[38;2;172;172;172;48;2;185;185;185m4[38;2;49;49;49;48;2;24;24;24mL[48;2;0;0;0m                                                                                  [0m
[7m[38;2;0;0;0m [0m[38;2;0;0;0;48;2;0;0;0m            [38;2;43;43;43;48;2;19;19;19m"[38;2;84;84;84;48;2;128;128;128mL[38;2;193;193;193;48;2;222;222;222m,[38;2;253;253;253;48;2;252;252;252m:[48;2;251;251;251m [48;2;252;252;252m                [38;2;252;252;252;48;2;251;251;251m:[38;2;247;247;247;48;2;249;249;249m4[38;2;198;198;198;48;2;208;208;208m4[38;2;63;63;63;48;2;36;36;36mL[48;2;0;0;0m                                                                                  [0m
[7m[38;2;0;0;0m [0m[38;2;0;0;0;48;2;0;0;0m            [38;2;2;2;2m`[38;2;93;93;93;48;2;50;50;50m`[38;2;125;125;125;48;2;165;165;165mL[38;2;226;226;226;48;2;242;242;242m_[38;2;253;253;253;48;2;252;252;252m:[48;2;251;251;251m [48;2;252;252;252m               [38;2;252;252;252;48;2;251;251;251m:[38;2;253;253;253m:[38;2;211;211;211;48;2;220;220;220m4[38;2;75;75;75;48;2;47;47;47mL[38;2;0;0;0;48;2;2;2;2m:[48;2;0;0;0m                                                                                 [0m
[7m[38;2;0;0;0m [0m[38;2;0;0;0;48;2;0;0;0m             [38;2;16;16;16;48;2;4;4;4m`[38;2;101;101;101;48;2;75;75;75m4[38;2;165;165;165;48;2;195;195;195mL[38;2;253;253;253;48;2;250;250;250m`[48;2;252;252;252m_[38;2;251;251;251m_              [38;2;252;252;252;48;2;251;251;251m:[38;2;250;250;250m_[38;2;219;219;219;48;2;228;228;228m4[38;2;101;101;101;48;2;73;73;73mL[38;2;0;0;0;48;2;7;7;7m:[48;2;0;0;0m                                                                                 [0m
[7m[38;2;0;0;0m [0m[38;2;0;0;0;48;2;0;0;0m              [38;2;36;36;36;48;2;14;14;14m"[38;2;66;66;66;48;2;118;118;118mL[38;2;177;177;177;48;2;216;216;216m,[38;2;253;253;253;48;2;252;252;252m:[48;2;251;251;251m [48;2;252;252;252m              [48;2;251;251;251m [48;2;250;250;250m [38;2;224;224;224;48;2;232;232;232m4[38;2;133;133;133;48;2;110;110;110mL[38;2;26;26;26;48;2;12;12;12mL[38;2;1;1;1;48;2;0;0;0m:                                                                                [0m
[7m[38;2;0;0;0m [0m[38;2;0;0;0;48;2;0;0;0m               [38;2;62;62;62;48;2;31;31;31m"[38;2;95;95;95;48;2;143;143;143mL[38;2;205;205;205;48;2;233;233;233m_[38;2;253;253;253;48;2;252;252;252m:[48;2;251;251;251m [48;2;252;252;252m             [48;2;251;251;251m [48;2;250;250;250m [38;2;233;233;233;48;2;239;239;239m4[38;2;178;178;178;48;2;153;153;153mL[38;2;41;41;41;48;2;20;20;20mL[38;2;1;1;1;48;2;0;0;0m~                                                                                [0m
[7m[38;2;0;0;0m [0m[38;2;0;0;0;48;2;0;0;0m               [38;2;4;4;4m`[38;2;97;97;97;48;2;49;49;49m`[38;2;121;121;121;48;2;165;165;165mL[38;2;220;220;220;48;2;243;243;243m_[38;2;254;254;254;48;2;252;252;252m.[48;2;251;251;251m [48;2;252;252;252m            [38;2;252;252;252;48;2;251;251;251m: [38;2;251;251;251;48;2;246;246;246m:[38;2;184;184;184;48;2;197;197;197m4[38;2;60;60;60;48;2;31;31;31mL[48;2;0;0;0m                                                                                 [0m
[7m[38;2;0;0;0m [0m[38;2;0;0;0;48;2;0;0;0m                [38;2;14;14;14;48;2;3;3;3m`[38;2;84;84;84;48;2;61;61;61m4[38;2;142;142;142;48;2;178;178;178mL[38;2;228;228;228;48;2;245;245;245m_[38;2;254;254;254;48;2;252;252;252m.[48;2;251;251;251m [48;2;252;252;252m            [38;2;252;252;252;48;2;251;251;251m:[38;2;250;250;250m,[38;2;217;217;217;48;2;226;226;226m4[38;2;97;97;97;48;2;65;65;65mL[38;2;0;0;0;48;2;5;5;5m:[38;2;1;1;1;48;2;0;0;0m_                                                                               [0m
[7m[38;2;0;0;0m [0m[38;2;0;0;0;48;2;0;0;0m                 [38;2;20;20;20;48;2;6;6;6m"[38;2;114;114;114;48;2;70;70;70m"[38;2;130;130;130;48;2;180;180;180m_[38;2;226;226;226;48;2;244;244;244m_[38;2;251;251;251;48;2;252;252;252m'[48;2;251;251;251m [48;2;252;252;252m           [48;2;251;251;251m [48;2;250;250;250m [38;2;226;226;226;48;2;234;234;234m4[38;2;148;148;148;48;2;118;118;118mL[38;2;27;27;27;48;2;15;15;15mr[38;2;1;1;1;48;2;0;0;0m:                                                                               [0m
[7m[38;2;0;0;0m [0m[38;2;0;0;0;48;2;0;0;0m                  [38;2;25;25;25;48;2;5;5;5m`[38;2;94;94;94;48;2;69;69;69m4[38;2;137;137;137;48;2;186;186;186m_[38;2;233;233;233;48;2;247;247;247m_[38;2;251;251;251;48;2;252;252;252m'[38;2;252;252;252;48;2;251;251;251m:[48;2;252;252;252m          [48;2;251;251;251m: [38;2;250;250;250;48;2;243;243;243m:[38;2;174;174;174;48;2;187;187;187m4[38;2;55;55;55;48;2;27;27;27mL[48;2;0;0;0m                                                                                [0m
[7m[38;2;0;0;0m [0m[38;2;0;0;0;48;2;0;0;0m                   [38;2;24;24;24;48;2;8;8;8m"[38;2;107;107;107;48;2;72;72;72m~[38;2;132;132;132;48;2;184;184;184m_[38;2;229;229;229;48;2;246;246;246m_[38;2;254;254;254;48;2;252;252;252m.[48;2;251;251;251m [48;2;252;252;252m          [38;2;252;252;252;48;2;251;251;251m:'[38;2;242;242;242;48;2;222;222;222m:[38;2;98;98;98;48;2;65;65;65mL[38;2;0;0;0;48;2;5;5;5m:[38;2;1;1;1;48;2;0;0;0m_                                                                              [0m
[7m[38;2;0;0;0m [0m[38;2;0;0;0;48;2;0;0;0m                    [38;2;25;25;25;48;2;4;4;4m`[38;2;97;97;97;48;2;64;64;64m~[38;2;117;117;117;48;2;175;175;175m_[38;2;215;215;215;48;2;241;241;241m_[38;2;254;254;254;48;2;252;252;252m.[48;2;251;251;251m [48;2;252;252;252m         [38;2;252;252;252;48;2;251;251;251ml[38;2;249;249;249;48;2;250;250;250mF[38;2;247;247;247;48;2;235;235;235m:[38;2;165;165;165;48;2;132;132;132mL[38;2;32;32;32;48;2;19;19;19mr[48;2;0;0;0m                                                                               [0m
[7m[38;2;0;0;0m [0m[38;2;0;0;0;48;2;0;0;0m                     [38;2;16;16;16;48;2;4;4;4m`[38;2;87;87;87;48;2;54;54;54m~[38;2;104;104;104;48;2;162;162;162m_[38;2;206;206;206;48;2;238;238;238m_[38;2;254;254;254;48;2;251;251;251m. [48;2;252;252;252m        [38;2;252;252;252;48;2;251;251;251m: [48;2;249;249;249m:[38;2;191;191;191;48;2;210;210;210m"[38;2;80;80;80;48;2;46;46;46mL[38;2;0;0;0;48;2;2;2;2m:[48;2;0;0;0m                                                                              [0m
[7m[38;2;0;0;0m [0m[38;2;0;0;0;48;2;0;0;0m                      [38;2;10;10;10;48;2;2;2;2m`[38;2;80;80;80;48;2;37;37;37m"[38;2;73;73;73;48;2;138;138;138m_[38;2;177;177;177;48;2;225;225;225m_[38;2;252;252;252;48;2;250;250;250m'[48;2;251;251;251m;[38;2;251;251;251;48;2;252;252;252m,       [38;2;252;252;252;48;2;251;251;251m.[38;2;251;251;251;48;2;250;250;250m4[38;2;247;247;247;48;2;232;232;232m:[38;2;164;164;164;48;2;116;116;116m_[38;2;0;0;0;48;2;18;18;18m:[48;2;0;0;0m                                                                              [0m
[7m[38;2;0;0;0m [0m[38;2;0;0;0;48;2;0;0;0m                       [38;2;1;1;1m`[38;2;51;51;51;48;2;20;20;20m"[38;2;57;57;57;48;2;111;111;111mL[38;2;142;142;142;48;2;203;203;203m_[38;2;227;227;227;48;2;246;246;246m_[38;2;253;253;253;48;2;251;251;251m. [48;2;252;252;252m      [38;2;252;252;252;48;2;251;251;251m:[38;2;250;250;250m^[38;2;251;251;251;48;2;248;248;248m:[38;2;184;184;184;48;2;209;209;209m"[38;2;83;83;83;48;2;46;46;46mL[38;2;0;0;0;48;2;2;2;2m:[48;2;0;0;0m                                                                             [0m
[7m[38;2;0;0;0m [0m[38;2;0;0;0;48;2;0;0;0m                         [38;2;40;40;40;48;2;8;8;8m`[38;2;103;103;103;48;2;59;59;59m~[38;2;94;94;94;48;2;164;164;164m_[38;2;192;192;192;48;2;233;233;233m_[38;2;252;252;252;48;2;250;250;250m`[48;2;251;251;251m:[48;2;252;252;252m      [48;2;251;251;251m.[38;2;251;251;251;48;2;250;250;250my[38;2;249;249;249;48;2;237;237;237m:[38;2;176;176;176;48;2;138;138;138my[38;2;39;39;39;48;2;22;22;22mr[38;2;1;1;1;48;2;0;0;0m`                                                                            [0m
[7m[38;2;0;0;0m [0m[38;2;0;0;0;48;2;0;0;0m                          [38;2;4;4;4;48;2;1;1;1m`[38;2;65;65;65;48;2;27;27;27m"[38;2;66;66;66;48;2;117;117;117mL[38;2;141;141;141;48;2;204;204;204m_[38;2;226;226;226;48;2;246;246;246m_[38;2;253;253;253;48;2;251;251;251m. [48;2;252;252;252m     [38;2;252;252;252;48;2;251;251;251m:[48;2;250;250;250m'[38;2;247;247;247;48;2;224;224;224m:[38;2;121;121;121;48;2;81;81;81mL[38;2;0;0;0;48;2;10;10;10m:[38;2;2;2;2;48;2;0;0;0m,                                                                           [0m
[7m[38;2;0;0;0m [0m[38;2;0;0;0;48;2;0;0;0m                            [38;2;41;41;41;48;2;8;8;8m`[38;2;103;103;103;48;2;53;53;53m~[38;2;73;73;73;48;2;151;151;151m_[38;2;165;165;165;48;2;222;222;222m_[38;2;244;244;244;48;2;248;248;248m.[38;2;252;252;252;48;2;251;251;251m:[48;2;252;252;252m    [48;2;251;251;251m: [48;2;246;246;246m:[38;2;168;168;168;48;2;200;200;200m~[38;2;84;84;84;48;2;43;43;43mL[38;2;0;0;0;48;2;3;3;3m:[48;2;0;0;0m                                                                           [0m
[7m[38;2;0;0;0m [0m[38;2;0;0;0;48;2;0;0;0m                             [38;2;3;3;3m`[38;2;53;53;53;48;2;15;15;15m`[38;2;126;126;126;48;2;66;66;66m~[38;2;83;83;83;48;2;167;167;167m_[38;2;182;182;182;48;2;231;231;231m_[38;2;244;244;244;48;2;249;249;249m,[38;2;252;252;252;48;2;251;251;251m` [48;2;252;252;252m  [48;2;251;251;251m:_[38;2;251;251;251;48;2;239;239;239m:[38;2;117;117;117;48;2;164;164;164m~[38;2;45;45;45;48;2;29;29;29mr[38;2;0;0;0;48;2;1;1;1m.[48;2;0;0;0m                                                                          [0m
[7m[38;2;0;0;0m [0m[38;2;0;0;0;48;2;0;0;0m                               [38;2;6;6;6;48;2;1;1;1m`[38;2;71;71;71;48;2;21;21;21m`[38;2;141;141;141;48;2;78;78;78m~[38;2;91;91;91;48;2;173;173;173m_[38;2;172;172;172;48;2;228;228;228m_[38;2;236;236;236;48;2;248;248;248m,[38;2;253;253;253;48;2;251;251;251m.[48;2;252;252;252m  [38;2;252;252;252;48;2;251;251;251m:[48;2;250;250;250m'[38;2;250;250;250;48;2;232;232;232m:[38;2;184;184;184;48;2;115;115;115m_[38;2;1;1;1;48;2;20;20;20m:[48;2;0;0;0m*                                                                         [0m
[7m[38;2;0;0;0m [0m[38;2;0;0;0;48;2;0;0;0m                                 [38;2;3;3;3;48;2;1;1;1m`[38;2;43;43;43;48;2;16;16;16m~[38;2;128;128;128;48;2;64;64;64m~[38;2;57;57;57;48;2;156;156;156m_[38;2;147;147;147;48;2;217;217;217m_[38;2;221;221;221;48;2;245;245;245m_[38;2;252;252;252;48;2;251;251;251m`  [48;2;250;250;250m'[38;2;208;208;208;48;2;226;226;226m"[38;2;154;154;154;48;2;85;85;85m_[38;2;25;25;25;48;2;11;11;11m,[38;2;1;1;1;48;2;0;0;0my                                                                        [0m
[7m[38;2;0;0;0m [0m[38;2;0;0;0;48;2;0;0;0m                                   [38;2;4;4;4m`[38;2;47;47;47;48;2;9;9;9m`[38;2;103;103;103;48;2;42;42;42m~[38;2;77;77;77;48;2;135;135;135my[38;2;122;122;122;48;2;203;203;203m_[38;2;192;192;192;48;2;238;238;238m_[38;2;233;233;233;48;2;248;248;248m_[38;2;247;247;247;48;2;249;249;249m,[38;2;251;251;251;48;2;248;248;248m'[38;2;191;191;191;48;2;221;221;221m"[38;2;178;178;178;48;2;88;88;88m_[38;2;32;32;32;48;2;13;13;13m,[48;2;0;0;0m                                                                        [0m
[7m[38;2;0;0;0m [0m[38;2;0;0;0;48;2;0;0;0m                                     [38;2;1;1;1m"[38;2;13;13;13;48;2;4;4;4m`[38;2;71;71;71;48;2;27;27;27m"[38;2;150;150;150;48;2;67;67;67m~[38;2;71;71;71;48;2;145;145;145my[38;2;81;81;81;48;2;187;187;187m_[38;2;149;149;149;48;2;224;224;224m_[38;2;199;199;199;48;2;240;240;240m_[38;2;207;207;207;48;2;225;225;225m"[38;2;66;66;66;48;2;134;134;134m~[38;2;49;49;49;48;2;23;23;23m,[48;2;0;0;0m                                                                       [0m
[7m[38;2;0;0;0m [0m[38;2;0;0;0;48;2;0;0;0m                                         [38;2;11;11;11;48;2;2;2;2m`[38;2;52;52;52;48;2;12;12;12m"[38;2;101;101;101;48;2;31;31;31m~[38;2;149;149;149;48;2;61;61;61m~[38;2;47;47;47;48;2;118;118;118my[38;2;37;37;37;48;2;112;112;112my[38;2;66;66;66;48;2;28;28;28m~[38;2;0;0;0;48;2;2;2;2m:[48;2;0;0;0m                                                                      [0m
[7m[38;2;0;0;0m [0m[38;2;0;0;0;48;2;0;0;0m                                             [38;2;2;2;2m`[38;2;1;1;1m`                                                                        [0m
[7m[38;2;0;0;0m [0m[38;2;0;0;0;48;2;0;0;0m                                                                                                                       [0m
[7m[38;2;0;0;0m [0m[38;2;0;0;0;48;2;0;0;0m                                                                                                                       [0m
[7m[38;2;0;0;0m [0m[38;2;0;0;0;48;2;0;0;0m                                                                                                                       [0m
[7m[38;2;0;0;0m [0m[38;2;0;0;0;48;2;0;0;0m                                                                                                                       [0m
[7m[38;2;0;0;0m [0m[38;2;0;0;0;48;2;0;0;0m                                                                                                                       [0m
[7m[38;2;0;0;0m [0m[38;2;0;0;0;48;2;0;0;0m                                                                                                                       [0m
[?25h