[?25l[0m[7m[38;2;252;252;252m [0m[38;2;0;0;0;48;2;252;252;252m                                                                                                                       [0m
[7m[38;2;252;252;252m [0m[38;2;0;0;0;48;2;252;252;252m                                                                                                                       [0m
[7m[38;2;252;252;252m [0m[38;2;0;0;0;48;2;252;252;252m                                                                                                                       [0m
[7m[38;2;252;252;252m [0m[38;2;0;0;0;48;2;252;252;252m                                                                                                                       [0m
[7m[38;2;252;252;252m [0m[38;2;0;0;0;48;2;252;252;252m                                                                                                                       [0m
[7m[38;2;252;252;252m [0m[38;2;0;0;0;48;2;252;252;252m                                                                                                                       [0m
[7m[38;2;252;252;252m [0m[38;2;0;0;0;48;2;252;252;252m                                                                                                                       [0m
[7m[38;2;252;252;252m [0m[38;2;0;0;0;48;2;252;252;252m                                                                                                                       [0m
[7m[38;2;252;252;252m [0m[38;2;0;0;0;48;2;252;252;252m                                                                                                                       [0m
[7m[38;2;252;252;252m [0m[38;2;0;0;0;48;2;252;252;252m                                                                                                                       [0m
[7m[38;2;252;252;252m [0m[38;2;0;0;0;48;2;252;252;252m                                                                                                                       [0m
[7m[38;2;252;252;252m [0m[38;2;0;0;0;48;2;252;252;252m                                                                                                                       [0m
[7m[38;2;252;252;252m [0m[38;2;0;0;0;48;2;252;252;252m                                                                                                                       [0m
[7m[38;2;252;252;252m [0m[38;2;0;0;0;48;2;252;252;252m                                                                                                                       [0m
[7m[38;2;252;252;252m [0m[38;2;0;0;0;48;2;252;252;252m                                                                                                                       [0m
[7m[38;2;252;252;252m [0m[38;2;0;0;0;48;2;252;252;252m                                                         [38;2;252;252;252;48;2;251;251;251m.....[48;2;252;252;252m                                                         [0m
[7m[38;2;252;252;252m [0m[38;2;0;0;0;48;2;252;252;252m                                                     [38;2;252;252;252;48;2;251;251;251m: `[38;2;251;251;251;48;2;247;247;247m`[38;2;176;176;176;48;2;241;241;241m_[38;2;142;142;142;48;2;236;236;236m_[38;2;138;138;138m_[38;2;154;154;154;48;2;238;238;238m_[38;2;199;199;199;48;2;244;244;244m_[38;2;244;244;244;48;2;250;250;250m,[38;2;253;253;253;48;2;251;251;251m_[48;2;252;252;252m [38;2;251;251;251m_                                                     [0m
[7m[38;2;252;252;252m [0m[38;2;0;0;0;48;2;252;252;252m                                                   [38;2;252;252;252;48;2;251;251;251m.[48;2;250;250;250m`[48;2;244;244;244m`[38;2;127;127;127;48;2;215;215;215m_[38;2;65;65;65;48;2;163;163;163my[38;2;194;194;194;48;2;63;63;63m~[38;2;134;134;134;48;2;32;32;32m~[38;2;92;92;92;48;2;22;22;22m~[38;2;84;84;84;48;2;21;21;21m~[38;2;103;103;103;48;2;26;26;26m~[38;2;151;151;151;48;2;39;39;39m~[38;2;199;199;199;48;2;68;68;68m~[38;2;62;62;62;48;2;156;156;156my[38;2;103;103;103;48;2;208;208;208m_[38;2;210;210;210;48;2;246;246;246m_[38;2;249;249;249;48;2;251;251;251m, [48;2;252;252;252m                                                   [0m
[7m[38;2;252;252;252m [0m[38;2;0;0;0;48;2;252;252;252m                                                 [38;2;252;252;252;48;2;251;251;251m: [38;2;253;253;253;48;2;246;246;246m:[38;2;122;122;122;48;2;210;210;210m_[38;2;45;45;45;48;2;121;121;121my[38;2;73;73;73;48;2;24;24;24m"[38;2;0;0;0;48;2;2;2;2m:[48;2;0;0;0m  [38;2;1;1;1m`    [38;2;0;0;0;48;2;1;1;1m:[38;2;70;70;70;48;2;16;16;16m`[38;2;136;136;136;48;2;65;65;65m~[38;2;84;84;84;48;2;183;183;183m_[38;2;226;226;226;48;2;242;242;242m,[38;2;252;252;252;48;2;251;251;251m":[48;2;252;252;252m                                                 [0m
[7m[38;2;252;252;252m [0m[38;2;0;0;0;48;2;252;252;252m                                               [38;2;252;252;252;48;2;251;251;251m:`[38;2;254;254;254m.[38;2;252;252;252;48;2;234;234;234m'[38;2;81;81;81;48;2;159;159;159my[38;2;89;89;89;48;2;31;31;31m~[38;2;0;0;0;48;2;3;3;3m:[38;2;1;1;1;48;2;0;0;0m`           [38;2;51;51;51;48;2;26;26;26m"[38;2;97;97;97;48;2;154;154;154my[38;2;228;228;228;48;2;239;239;239m,[38;2;252;252;252;48;2;251;251;251m.:[48;2;252;252;252m                                                [0m
[7m[38;2;252;252;252m [0m[38;2;0;0;0;48;2;252;252;252m                                               [38;2;252;252;252;48;2;251;251;251m.[48;2;250;250;250m [38;2;254;254;254;48;2;240;240;240m:[38;2;121;121;121;48;2;158;158;158my[38;2;49;49;49;48;2;28;28;28m~[38;2;0;0;0;48;2;1;1;1m`[48;2;0;0;0m             [48;2;1;1;1m:[38;2;64;64;64;48;2;48;48;48m4[38;2;198;198;198;48;2;214;214;214mL[38;2;247;247;247;48;2;250;250;250mL[48;2;251;251;251m [38;2;252;252;252m:[48;2;252;252;252m                                               [0m
[7m[38;2;252;252;252m [0m[38;2;0;0;0;48;2;252;252;252m                                               [38;2;252;252;252;48;2;251;251;251m:[48;2;250;250;250m [38;2;254;254;254;48;2;239;239;239m:[38;2;202;202;202;48;2;140;140;140m_[38;2;5;5;5;48;2;31;31;31m:[48;2;1;1;1m [48;2;0;0;0m            [38;2;1;1;1mi[38;2;0;0;0;48;2;12;12;12m:[38;2;53;53;53;48;2;103;103;103mF[38;2;214;214;214;48;2;232;232;232m~[38;2;250;250;250;48;2;251;251;251m~[38;2;251;251;251;48;2;252;252;252m`                                                [0m
[7m[38;2;252;252;252m [0m[38;2;0;0;0;48;2;252;252;252m                                                [38;2;252;252;252;48;2;251;251;251m:[38;2;251;251;251;48;2;250;250;250m'[38;2;225;225;225;48;2;241;241;241m`[38;2;93;93;93;48;2;178;178;178m~[38;2;185;185;185;48;2;61;61;61m_[38;2;53;53;53;48;2;13;13;13m,[38;2;0;0;0;48;2;1;1;1m`[38;2;1;1;1;48;2;0;0;0m.       _[38;2;0;0;0;48;2;2;2;2m`[48;2;23;23;23m'[38;2;208;208;208;48;2;100;100;100m_[38;2;178;178;178;48;2;223;223;223m~[38;2;250;250;250;48;2;248;248;248m:[38;2;252;252;252;48;2;251;251;251m:[48;2;252;252;252m                                [38;2;253;253;253m^                [0m
[7m[38;2;252;252;252m [0m[38;2;0;0;0;48;2;252;252;252m                                                 [38;2;252;252;252;48;2;251;251;251m:[38;2;249;249;249m`[38;2;253;253;253;48;2;250;250;250m'[38;2;215;215;215;48;2;240;240;240m`[38;2;126;126;126;48;2;206;206;206m~[38;2;200;200;200;48;2;106;106;106my[38;2;167;167;167;48;2;50;50;50m_[38;2;110;110;110;48;2;12;12;12m_[38;2;67;67;67;48;2;2;2;2m_[38;2;39;39;39;48;2;1;1;1m_[38;2;17;17;17;48;2;0;0;0m__[38;2;41;41;41;48;2;1;1;1m_[38;2;91;91;91;48;2;8;8;8m_[38;2;151;151;151;48;2;39;39;39m_[38;2;188;188;188;48;2;93;93;93my[38;2;115;115;115;48;2;206;206;206m~[38;2;228;228;228;48;2;245;245;245m~[48;2;251;251;251m [38;2;252;252;252m:[48;2;252;252;252m                                                  [0m
[7m[38;2;252;252;252m [0m[38;2;0;0;0;48;2;252;252;252m                                                    [38;2;252;252;252;48;2;251;251;251m. [38;2;250;250;250m`[38;2;205;205;205;48;2;244;244;244m`[38;2;183;183;183;48;2;230;230;230m~[38;2;121;121;121;48;2;209;209;209m~[38;2;75;75;75;48;2;195;195;195m~[38;2;47;47;47;48;2;187;187;187m~[38;2;44;44;44m~[38;2;74;74;74;48;2;197;197;197m~[38;2;149;149;149;48;2;222;222;222m~[38;2;198;198;198;48;2;242;242;242m`[38;2;243;243;243;48;2;250;250;250m`[38;2;250;250;250;48;2;251;251;251m~ [48;2;252;252;252m                                                    [0m
[7m[38;2;252;252;252m [0m[38;2;0;0;0;48;2;252;252;252m                                                       [38;2;252;252;252;48;2;251;251;251m:[38;2;250;250;250m`[38;2;249;249;249m"[38;2;250;250;250m`[38;2;252;252;252m::[38;2;250;250;250m``[38;2;252;252;252m:[48;2;252;252;252m                                                       [0m
[7m[38;2;252;252;252m [0m[38;2;0;0;0;48;2;252;252;252m                                                                                                                       [0m
[7m[38;2;252;252;252m [0m[38;2;0;0;0;48;2;252;252;252m                                                                                                                       [0m
[7m[38;2;252;252;252m [0m[38;2;0;0;0;48;2;252;252;252m                                                                                                                       [0m
[7m[38;2;252;252;252m [0m[38;2;0;0;0;48;2;252;252;252m                                                                                                                       [0m
[7m[38;2;252;252;252m [0m[38;2;0;0;0;48;2;252;252;252m                                                                                                                       [0m
[7m[38;2;252;252;252m [0m[38;2;0;0;0;48;2;252;252;252m                                                                                                                       [0m
[7m[38;2;252;252;252m [0m[38;2;0;0;0;48;2;252;252;252m                                                                                                                       [0m
[7m[38;2;252;252;252m [0m[38;2;0;0;0;48;2;252;252;252m                                                                                                                       [0m
[7m[38;2;252;252;252m [0m[38;2;0;0;0;48;2;252;252;252m                                                                                                                       [0m
[7m[38;2;252;252;252m [0m[38;2;0;0;0;48;2;252;252;252m                       [38;2;252;252;252;48;2;251;251;251m:[48;2;252;252;252m                                                                                               [0m
[?25h