[?25l[0m[7m[38;2;252;252;252m [0m[38;2;0;0;0;48;2;252;252;252m                                                                                                                       [0m
[7m[38;2;252;252;252m [0m[38;2;0;0;0;48;2;252;252;252m                                                                                                                       [0m
[7m[38;2;252;252;252m [0m[38;2;0;0;0;48;2;252;252;252m                                                                                                                       [0m
[7m[38;2;252;252;252m [0m[38;2;0;0;0;48;2;252;252;252m                                                                                                                       [0m
[7m[38;2;252;252;252m [0m[38;2;0;0;0;48;2;252;252;252m                                                                                                                       [0m
[7m[38;2;252;252;252m [0m[38;2;0;0;0;48;2;252;252;252m                                                                                                                       [0m
[7m[38;2;252;252;252m [0m[38;2;0;0;0;48;2;252;252;252m                                                                                                                       [0m
[7m[38;2;252;252;252m [0m[38;2;0;0;0;48;2;252;252;252m                                                                                                                       [0m
[7m[38;2;252;252;252m [0m[38;2;0;0;0;48;2;252;252;252m                                                                                                                       [0m
[7m[38;2;252;252;252m [0m[38;2;0;0;0;48;2;252;252;252m                                                                                                                       [0m
[7m[38;2;252;252;252m [0m[38;2;0;0;0;48;2;252;252;252m                                                                                                                       [0m
[7m[38;2;252;252;252m [0m[38;2;0;0;0;48;2;252;252;252m                                                                                                                       [0m
[7m[38;2;252;252;252m [0m[38;2;0;0;0;48;2;252;252;252m                                                                                                                       [0m
[7m[38;2;252;252;252m [0m[38;2;0;0;0;48;2;252;252;252m                                                                                                                       [0m
[7m[38;2;252;252;252m [0m[38;2;0;0;0;48;2;252;252;252m                                                                                                                       [0m
[7m[38;2;252;252;252m [0m[38;2;0;0;0;48;2;252;252;252m                                                                                                                       [0m
[7m[38;2;252;252;252m [0m[38;2;0;0;0;48;2;252;252;252m                                                       [38;2;252;252;252;48;2;251;251;251m: [38;2;253;253;253;48;2;252;252;252m,[38;2;250;250;250;48;2;251;251;251m=[38;2;254;254;254m_[38;2;253;253;253;48;2;252;252;252m_ [48;2;251;251;251m [38;2;252;252;252m.[48;2;252;252;252m                                                       [0m
[7m[38;2;252;252;252m [0m[38;2;0;0;0;48;2;252;252;252m                                                    [38;2;252;252;252;48;2;251;251;251m.[38;2;249;249;249m.[38;2;233;233;233;48;2;250;250;250m_[38;2;198;198;198;48;2;244;244;244m_[38;2;114;114;114;48;2;215;215;215m_[38;2;29;29;29;48;2;181;181;181m_[38;2;1;1;1;48;2;154;154;154m_[38;2;0;0;0;48;2;157;157;157m_[38;2;12;12;12;48;2;172;172;172m_[38;2;55;55;55;48;2;197;197;197m_[38;2;121;121;121;48;2;218;218;218m_[38;2;189;189;189;48;2;241;241;241m_[38;2;229;229;229;48;2;250;250;250m_[38;2;252;252;252;48;2;251;251;251m`[48;2;252;252;252m                                                     [0m
[7m[38;2;252;252;252m [0m[38;2;0;0;0;48;2;252;252;252m                                                 [38;2;252;252;252;48;2;251;251;251m:[38;2;250;250;250m_[48;2;250;250;250m [38;2;198;198;198;48;2;239;239;239m_[38;2;84;84;84;48;2;193;193;193m_[38;2;39;39;39;48;2;125;125;125my[38;2;115;115;115;48;2;33;33;33m~[38;2;81;81;81;48;2;12;12;12m`[38;2;11;11;11;48;2;2;2;2m`[48;2;0;0;0m  [38;2;5;5;5m`[38;2;35;35;35;48;2;4;4;4m`[38;2;88;88;88;48;2;13;13;13m`[38;2;98;98;98;48;2;31;31;31m~[38;2;39;39;39;48;2;117;117;117my[38;2;70;70;70;48;2;185;185;185m_[38;2;160;160;160;48;2;234;234;234m_[38;2;252;252;252;48;2;249;249;249m`[38;2;250;250;250;48;2;251;251;251m_[38;2;252;252;252m:[48;2;252;252;252m                                                 [0m
[7m[38;2;252;252;252m [0m[38;2;0;0;0;48;2;252;252;252m                                               [38;2;252;252;252;48;2;251;251;251m:`[38;2;254;254;254m.[38;2;251;251;251;48;2;239;239;239m:[38;2;101;101;101;48;2;184;184;184my[38;2;164;164;164;48;2;58;58;58m~[38;2;40;40;40;48;2;8;8;8m~[48;2;0;0;0m [38;2;1;1;1m`       ` [38;2;0;0;0;48;2;7;7;7m'[38;2;108;108;108;48;2;47;47;47m~[38;2;81;81;81;48;2;171;171;171m_[38;2;227;227;227;48;2;241;241;241m,[38;2;250;250;250;48;2;251;251;251m,[38;2;252;252;252m:[48;2;252;252;252m                                                [0m
[7m[38;2;252;252;252m [0m[38;2;0;0;0;48;2;252;252;252m                                               [38;2;252;252;252;48;2;251;251;251m:_[38;2;254;254;254;48;2;238;238;238m'[38;2;92;92;92;48;2;144;144;144my[38;2;50;50;50;48;2;22;22;22m~[48;2;1;1;1m [48;2;0;0;0m             [38;2;0;0;0;48;2;1;1;1m`[48;2;38;38;38m:[38;2;139;139;139;48;2;174;174;174my[38;2;250;250;250;48;2;242;242;242m`[48;2;250;250;250m [38;2;252;252;252;48;2;251;251;251m.[48;2;252;252;252m                                               [0m
[7m[38;2;252;252;252m [0m[38;2;0;0;0;48;2;252;252;252m                                               [48;2;251;251;251m [38;2;253;253;253;48;2;252;252;252m:[38;2;221;221;221;48;2;231;231;231m4[38;2;98;98;98;48;2;65;65;65mL[38;2;0;0;0;48;2;4;4;4m:[48;2;0;0;0m              [38;2;1;1;1m`[38;2;0;0;0;48;2;30;30;30m:[38;2;127;127;127;48;2;158;158;158mF[38;2;247;247;247;48;2;240;240;240m`[48;2;250;250;250m [48;2;251;251;251m [48;2;252;252;252m                                               [0m
[7m[38;2;252;252;252m [0m[38;2;0;0;0;48;2;252;252;252m                                               [38;2;252;252;252;48;2;251;251;251m:[38;2;250;250;250mT[38;2;253;253;253;48;2;244;244;244m'[38;2;128;128;128;48;2;188;188;188m~[38;2;140;140;140;48;2;55;55;55m_[38;2;28;28;28;48;2;7;7;7m,[48;2;0;0;0m           [38;2;1;1;1m.[38;2;0;0;0;48;2;2;2;2m`[48;2;26;26;26m`[38;2;172;172;172;48;2;103;103;103my[38;2;214;214;214;48;2;231;231;231m"[38;2;248;248;248;48;2;251;251;251m~[38;2;252;252;252m::[48;2;252;252;252m                              [38;2;253;253;253m^                [0m
[7m[38;2;252;252;252m [0m[38;2;0;0;0;48;2;252;252;252m                                                [38;2;252;252;252;48;2;251;251;251m:[38;2;249;249;249m`[38;2;253;253;253;48;2;249;249;249m'[38;2;180;180;180;48;2;230;230;230m"[38;2;90;90;90;48;2;177;177;177m~[38;2;192;192;192;48;2;74;74;74m_[38;2;116;116;116;48;2;18;18;18m_[38;2;27;27;27;48;2;4;4;4m,[38;2;1;1;1;48;2;0;0;0m._    .[38;2;0;0;0;48;2;4;4;4m`[38;2;110;110;110;48;2;17;17;17m_[38;2;158;158;158;48;2;77;77;77my[38;2;114;114;114;48;2;200;200;200m~[38;2;238;238;238;48;2;244;244;244m'[38;2;252;252;252;48;2;251;251;251m~:[48;2;252;252;252m                                                 [0m
[7m[38;2;252;252;252m [0m[38;2;0;0;0;48;2;252;252;252m                                                   [38;2;252;252;252;48;2;251;251;251m.[48;2;250;250;250m.[38;2;219;219;219;48;2;245;245;245m`[38;2;188;188;188;48;2;231;231;231m~[38;2;76;76;76;48;2;190;190;190m~[38;2;9;9;9;48;2;139;139;139m~[38;2;223;223;223;48;2;80;80;80m_[38;2;217;217;217;48;2;60;60;60m_[38;2;199;199;199;48;2;45;45;45m_[38;2;197;197;197;48;2;44;44;44m_[38;2;217;217;217;48;2;65;65;65m_[38;2;3;3;3;48;2;135;135;135m~[38;2;55;55;55;48;2;189;189;189m~[38;2;168;168;168;48;2;228;228;228m~[38;2;229;229;229;48;2;246;246;246m~[38;2;248;248;248;48;2;250;250;250m'[48;2;251;251;251m [48;2;252;252;252m                                                   [0m
[7m[38;2;252;252;252m [0m[38;2;0;0;0;48;2;252;252;252m                                                     [38;2;252;252;252;48;2;251;251;251m:[38;2;250;250;250m`[38;2;252;252;252m:[38;2;253;253;253m~~'[38;2;237;237;237;48;2;248;248;248m~[38;2;234;234;234m~[38;2;249;249;249;48;2;251;251;251m~= ~  [48;2;252;252;252m                                                    [0m
[7m[38;2;252;252;252m [0m[38;2;0;0;0;48;2;252;252;252m                                                                                                                       [0m
[7m[38;2;252;252;252m [0m[38;2;0;0;0;48;2;252;252;252m                                                                                                                       [0m
[7m[38;2;252;252;252m [0m[38;2;0;0;0;48;2;252;252;252m                                                                                                                       [0m
[7m[38;2;252;252;252m [0m[38;2;0;0;0;48;2;252;252;252m                                                                                                                       [0m
[7m[38;2;252;252;252m [0m[38;2;0;0;0;48;2;252;252;252m                                                                                                                       [0m
[7m[38;2;252;252;252m [0m[38;2;0;0;0;48;2;252;252;252m                                                                                                                       [0m
[7m[38;2;252;252;252m [0m[38;2;0;0;0;48;2;252;252;252m                                                                                                                       [0m
[7m[38;2;252;252;252m [0m[38;2;0;0;0;48;2;252;252;252m                                                                                                                       [0m
[7m[38;2;252;252;252m [0m[38;2;0;0;0;48;2;252;252;252m                                                                                                                       [0m
[7m[38;2;252;252;252m [0m[38;2;0;0;0;48;2;252;252;252m                       [38;2;252;252;252;48;2;251;251;251m:[48;2;252;252;252m                                                                                               [0m
[?25h