[?25l[0m[7m[38;2;0;0;0m [0m[38;2;0;0;0;48;2;0;0;0m                                           [38;2;56;56;56;48;2;23;23;23m"[38;2;46;46;46;48;2;118;118;118my[38;2;91;91;91;48;2;204;204;204m_[38;2;237;237;237;48;2;246;246;246m,[38;2;250;250;250;48;2;251;251;251m! [48;2;252;252;252m  [38;2;252;252;252;48;2;251;251;251m:[38;2;249;249;249m`[38;2;254;254;254;48;2;247;247;247m'[38;2;170;170;170;48;2;206;206;206m~[38;2;98;98;98;48;2;55;55;55mL[38;2;14;14;14;48;2;4;4;4m,[48;2;0;0;0m                                                              [0m
[7m[38;2;0;0;0m [0m[38;2;0;0;0;48;2;0;0;0m                                           [38;2;1;1;1m`[38;2;0;0;0;48;2;2;2;2m.[38;2;57;57;57;48;2;19;19;19m"[38;2;168;168;168;48;2;75;75;75m~[38;2;78;78;78;48;2;188;188;188m_[38;2;185;185;185;48;2;242;242;242m_[38;2;254;254;254;48;2;251;251;251m.[48;2;252;252;252m  [38;2;252;252;252;48;2;251;251;251m:[38;2;250;250;250mf[38;2;254;254;254;48;2;244;244;244m'[38;2;134;134;134;48;2;177;177;177m~[38;2;88;88;88;48;2;44;44;44m,[48;2;1;1;1m [48;2;0;0;0m                                                             [0m
[7m[38;2;0;0;0m [0m[38;2;0;0;0;48;2;0;0;0m                                              [38;2;2;2;2m`[38;2;30;30;30;48;2;10;10;10m"[38;2;121;121;121;48;2;54;54;54m~[38;2;25;25;25;48;2;158;158;158m_[38;2;125;125;125;48;2;224;224;224m_[38;2;252;252;252;48;2;248;248;248m:[38;2;254;254;254;48;2;252;252;252m. [38;2;252;252;252;48;2;251;251;251m`[38;2;254;254;254;48;2;243;243;243m:[38;2;113;113;113;48;2;164;164;164m~[38;2;83;83;83;48;2;38;38;38m,[38;2;0;0;0;48;2;1;1;1m`[48;2;0;0;0m                                                            [0m
[7m[38;2;0;0;0m [0m[38;2;0;0;0;48;2;0;0;0m                                                [38;2;1;1;1m`[38;2;12;12;12;48;2;4;4;4m`[38;2;88;88;88;48;2;25;25;25m"[38;2;176;176;176;48;2;76;76;76m~[38;2;62;62;62;48;2;181;181;181m_[38;2;159;159;159;48;2;234;234;234m_[38;2;219;219;219;48;2;247;247;247m_[38;2;248;248;248;48;2;249;249;249m.[38;2;253;253;253;48;2;241;241;241m:[38;2;114;114;114;48;2;174;174;174m~[38;2;96;96;96;48;2;43;43;43m_[38;2;15;15;15;48;2;3;3;3m,[48;2;0;0;0m                                                           [0m
[7m[38;2;0;0;0m [0m[38;2;0;0;0;48;2;0;0;0m                                                   [38;2;4;4;4;48;2;1;1;1m`[38;2;17;17;17;48;2;4;4;4m`[38;2;75;75;75;48;2;24;24;24m"[38;2;179;179;179;48;2;71;71;71m~[38;2;8;8;8;48;2;161;161;161m_[38;2;74;74;74;48;2;216;216;216m_[38;2;182;182;182;48;2;232;232;232m_[38;2;138;138;138;48;2;194;194;194m~[38;2;164;164;164;48;2;75;75;75m_[38;2;57;57;57;48;2;13;13;13m,[48;2;0;0;0m                                                          [0m
[7m[38;2;0;0;0m [0m[38;2;0;0;0;48;2;0;0;0m                                                       [48;2;1;1;1m:[38;2;50;50;50;48;2;10;10;10m"[38;2;124;124;124;48;2;27;27;27m~[38;2;174;174;174;48;2;64;64;64m~[38;2;37;37;37;48;2;119;119;119my[38;2;65;65;65;48;2;33;33;33m~[38;2;0;0;0;48;2;2;2;2m`[48;2;0;0;0m                                                         [0m
[7m[38;2;0;0;0m [0m[38;2;0;0;0;48;2;0;0;0m                                                          [38;2;1;1;1m"                                                            [0m
[7m[38;2;0;0;0m [0m[38;2;0;0;0;48;2;0;0;0m                                                                                                                       [0m
[7m[38;2;0;0;0m [0m[38;2;0;0;0;48;2;0;0;0m                                                                                                                       [0m
[7m[38;2;0;0;0m [0m[38;2;0;0;0;48;2;0;0;0m                                                                                                                       [0m
[7m[38;2;0;0;0m [0m[38;2;0;0;0;48;2;0;0;0m                                                                                                                       [0m
[7m[38;2;0;0;0m [0m[38;2;0;0;0;48;2;0;0;0m                                                                                                                       [0m
[7m[38;2;0;0;0m [0m[38;2;0;0;0;48;2;0;0;0m                                                                                                                       [0m
[7m[38;2;0;0;0m [0m[38;2;0;0;0;48;2;0;0;0m                                                                                                                       [0m
[7m[38;2;0;0;0m [0m[38;2;0;0;0;48;2;0;0;0m                                                                                                                       [0m
[7m[38;2;0;0;0m [0m[38;2;0;0;0;48;2;0;0;0m                                                                                                                       [0m
[7m[38;2;0;0;0m [0m[38;2;0;0;0;48;2;0;0;0m                                                                                                                       [0m
[7m[38;2;0;0;0m [0m[38;2;0;0;0;48;2;0;0;0m                                                                                                                       [0m
[7m[38;2;0;0;0m [0m[38;2;0;0;0;48;2;0;0;0m                                                                                                                       [0m
[7m[38;2;0;0;0m [0m[38;2;0;0;0;48;2;0;0;0m                                                                                                                       [0m
[7m[38;2;0;0;0m [0m[38;2;0;0;0;48;2;0;0;0m                                                                                                                       [0m
[7m[38;2;0;0;0m [0m[38;2;0;0;0;48;2;0;0;0m                                                                                                                       [0m
[7m[38;2;0;0;0m [0m[38;2;0;0;0;48;2;0;0;0m                                                                                                                       [0m
[7m[38;2;0;0;0m [0m[38;2;0;0;0;48;2;0;0;0m                                                                                                                       [0m
[7m[38;2;0;0;0m [0m[38;2;0;0;0;48;2;0;0;0m                                                          [38;2;1;1;1m-                                                            [0m
[7m[38;2;0;0;0m [0m[38;2;0;0;0;48;2;0;0;0m                                                        [48;2;2;2;2m:[48;2;37;37;37m'[38;2;191;191;191;48;2;88;88;88my[38;2;195;195;195;48;2;98;98;98my[38;2;120;120;120;48;2;46;46;46m,[38;2;23;23;23;48;2;5;5;5m,[48;2;0;0;0m                                                         [0m
[7m[38;2;0;0;0m [0m[38;2;0;0;0;48;2;0;0;0m                                                       [38;2;1;1;1m^[38;2;0;0;0;48;2;6;6;6m:[38;2;91;91;91;48;2;56;56;56m"[38;2;54;54;54;48;2;169;169;169m_[38;2;67;67;67;48;2;177;177;177m_[38;2;111;111;111;48;2;65;65;65mF[38;2;26;26;26;48;2;10;10;10m~[38;2;1;1;1;48;2;0;0;0m^                                                        [0m
[7m[38;2;0;0;0m [0m[38;2;0;0;0;48;2;0;0;0m                                                          [38;2;4;4;4m`[38;2;7;7;7;48;2;1;1;1m`[48;2;0;0;0m                                                           [0m
[7m[38;2;0;0;0m [0m[38;2;0;0;0;48;2;0;0;0m                                                                                                                       [0m
[7m[38;2;0;0;0m [0m[38;2;0;0;0;48;2;0;0;0m                                                                                                                       [0m
[7m[38;2;0;0;0m [0m[38;2;0;0;0;48;2;0;0;0m                                                                                                                       [0m
[7m[38;2;0;0;0m [0m[38;2;0;0;0;48;2;0;0;0m                                                                                                                       [0m
[7m[38;2;0;0;0m [0m[38;2;0;0;0;48;2;0;0;0m                                                                                                                       [0m
[7m[38;2;0;0;0m [0m[38;2;0;0;0;48;2;0;0;0m                                                                                                                       [0m
[7m[38;2;0;0;0m [0m[38;2;0;0;0;48;2;0;0;0m                                                                                                                       [0m
[7m[38;2;0;0;0m [0m[38;2;0;0;0;48;2;0;0;0m                                                                                                                       [0m
[?25h