[?25l[0m[7m[38;2;0;0;0m [0m[38;2;0;0;0;48;2;0;0;0m                                                                                                                       [0m
[7m[38;2;0;0;0m [0m[38;2;0;0;0;48;2;0;0;0m                                                                                                                       [0m
[7m[38;2;0;0;0m [0m[38;2;0;0;0;48;2;0;0;0m                                                                                                                       [0m
[7m[38;2;0;0;0m [0m[38;2;0;0;0;48;2;0;0;0m                                                                                                                       [0m
[7m[38;2;0;0;0m [0m[38;2;0;0;0;48;2;0;0;0m                                                                                                                       [0m
[7m[38;2;0;0;0m [0m[38;2;0;0;0;48;2;0;0;0m                                                                                                                       [0m
[7m[38;2;0;0;0m [0m[38;2;0;0;0;48;2;0;0;0m                                                                                                                       [0m
[7m[38;2;0;0;0m [0m[38;2;0;0;0;48;2;0;0;0m                                                                                                                       [0m
[7m[38;2;0;0;0m [0m[38;2;0;0;0;48;2;0;0;0m                                                                                                                       [0m
[7m[38;2;0;0;0m [0m[38;2;0;0;0;48;2;0;0;0m                                                                                                                       [0m
[7m[38;2;0;0;0m [0m[38;2;0;0;0;48;2;0;0;0m                                                                                                                       [0m
[7m[38;2;0;0;0m [0m[38;2;0;0;0;48;2;0;0;0m                                                               [38;2;6;6;6m_[38;2;11;11;11m__[38;2;9;9;9m_                                                    [0m
[7m[38;2;0;0;0m [0m[38;2;0;0;0;48;2;0;0;0m                                               [38;2;1;1;1m_[38;2;0;0;0;48;2;10;10;10m`[38;2;135;135;135;48;2;43;43;43m_[38;2;241;241;241;48;2;95;95;95m_[38;2;22;22;22;48;2;145;145;145m~[38;2;27;27;27;48;2;156;156;156m~[38;2;28;28;28;48;2;159;159;159m~[38;2;26;26;26;48;2;152;152;152m~[38;2;248;248;248;48;2;107;107;107m_[48;2;113;113;113m_[38;2;32;32;32;48;2;170;170;170m~[38;2;34;34;34;48;2;174;174;174m~[38;2;36;36;36;48;2;179;179;179m~[38;2;33;33;33;48;2;170;170;170m~[38;2;24;24;24;48;2;150;150;150m~[38;2;31;31;31;48;2;168;168;168m~[38;2;45;45;45;48;2;189;189;189m~[38;2;53;53;53;48;2;198;198;198m~[38;2;54;54;54m~[38;2;52;52;52;48;2;195;195;195m~[38;2;36;36;36;48;2;168;168;168m~[38;2;93;93;93;48;2;49;49;49mL[38;2;13;13;13;48;2;4;4;4m,[48;2;0;0;0m                                                 [0m
[7m[38;2;0;0;0m [0m[38;2;0;0;0;48;2;0;0;0m                                               [38;2;1;1;1mF[48;2;18;18;18m:[38;2;69;69;69;48;2;114;114;114mL[38;2;201;201;201;48;2;234;234;234m_[38;2;254;254;254;48;2;249;249;249m.[38;2;253;253;253;48;2;250;250;250m`[38;2;250;250;250;48;2;251;251;251m=== [38;2;253;253;253m``` [38;2;250;250;250m==[38;2;252;252;252m~~[48;2;250;250;250m~[38;2;254;254;254;48;2;248;248;248m:[38;2;164;164;164;48;2;203;203;203my[38;2;91;91;91;48;2;53;53;53mF[38;2;6;6;6;48;2;2;2;2m'[48;2;0;0;0m                                                 [0m
[7m[38;2;0;0;0m [0m[38;2;0;0;0;48;2;0;0;0m                                                [38;2;1;1;1m`[38;2;42;42;42;48;2;20;20;20m"[38;2;69;69;69;48;2;121;121;121mL[38;2;169;169;169;48;2;232;232;232m_[38;2;233;233;233;48;2;246;246;246m,[38;2;243;243;243;48;2;250;250;250m_[38;2;253;253;253;48;2;252;252;252m.        _[38;2;252;252;252;48;2;247;247;247m`[38;2;165;165;165;48;2;237;237;237m_[38;2;96;96;96;48;2;206;206;206m_[38;2;109;109;109;48;2;65;65;65mF[38;2;25;25;25;48;2;6;6;6m~[38;2;1;1;1;48;2;0;0;0m`                                                 [0m
[7m[38;2;0;0;0m [0m[38;2;0;0;0;48;2;0;0;0m                                                  [38;2;30;30;30;48;2;8;8;8m"[38;2;121;121;121;48;2;32;32;32m~[38;2;65;65;65;48;2;124;124;124ms[38;2;206;206;206;48;2;226;226;226m,[38;2;254;254;254;48;2;251;251;251m` [38;2;252;252;252m:[48;2;252;252;252m      [48;2;251;251;251m [38;2;254;254;254;48;2;241;241;241m:[38;2;151;151;151;48;2;124;124;124mF[38;2;63;63;63;48;2;31;31;31m~[38;2;10;10;10;48;2;1;1;1m~[48;2;0;0;0m                                                   [0m
[7m[38;2;0;0;0m [0m[38;2;0;0;0;48;2;0;0;0m                                                    [38;2;72;72;72;48;2;50;50;50m4[38;2;188;188;188;48;2;201;201;201mF[38;2;245;245;245;48;2;248;248;248mL[48;2;250;250;250m [38;2;252;252;252;48;2;251;251;251m:[48;2;252;252;252m    [48;2;251;251;251m:` [38;2;210;210;210;48;2;226;226;226my[38;2;106;106;106;48;2;69;69;69mF[38;2;13;13;13;48;2;4;4;4m~[48;2;0;0;0m                                                    [0m
[7m[38;2;0;0;0m [0m[38;2;0;0;0;48;2;0;0;0m                                                    [38;2;78;78;78;48;2;56;56;56m4[38;2;194;194;194;48;2;211;211;211mF[38;2;253;253;253;48;2;249;249;249m`[48;2;251;251;251m [38;2;252;252;252m:[48;2;252;252;252m    [48;2;251;251;251m:[48;2;250;250;250m [38;2;254;254;254;48;2;249;249;249m:[38;2;201;201;201;48;2;208;208;208m4[38;2;91;91;91;48;2;55;55;55mL[38;2;1;1;1;48;2;0;0;0m'                                                    [0m
[7m[38;2;0;0;0m [0m[38;2;0;0;0;48;2;0;0;0m                                                   [38;2;61;61;61;48;2;27;27;27m_[38;2;63;63;63;48;2;142;142;142m~[38;2;227;227;227;48;2;240;240;240m~[48;2;251;251;251m [38;2;252;252;252m.[48;2;252;252;252m      [48;2;251;251;251m [38;2;254;254;254m'[38;2;220;220;220;48;2;234;234;234m"[38;2;83;83;83;48;2;123;123;123m7[38;2;63;63;63;48;2;20;20;20m,[48;2;0;0;0m                                                    [0m
[7m[38;2;0;0;0m [0m[38;2;0;0;0;48;2;0;0;0m                                                  [48;2;4;4;4m:[38;2;92;92;92;48;2;70;70;70mj[38;2;196;196;196;48;2;219;219;219mF[38;2;253;253;253;48;2;250;250;250m:[48;2;251;251;251m [38;2;252;252;252m:[48;2;252;252;252m      [48;2;251;251;251m:[38;2;250;250;250mf[38;2;254;254;254;48;2;249;249;249m:[38;2;182;182;182;48;2;206;206;206m~[38;2;102;102;102;48;2;58;58;58mL[38;2;12;12;12;48;2;2;2;2m,[48;2;0;0;0m                                                   [0m
[7m[38;2;0;0;0m [0m[38;2;0;0;0;48;2;0;0;0m                                                 [38;2;1;1;1m:[38;2;39;39;39;48;2;27;27;27m4[38;2;110;110;110;48;2;143;143;143mF[38;2;238;238;238;48;2;244;244;244mL[38;2;251;251;251;48;2;250;250;250m~[38;2;252;252;252;48;2;251;251;251m:[48;2;252;252;252m        [48;2;251;251;251m:"[38;2;254;254;254;48;2;241;241;241m:[38;2;151;151;151;48;2;118;118;118mL[38;2;40;40;40;48;2;21;21;21mL[38;2;1;1;1;48;2;0;0;0m:                                                  [0m
[7m[38;2;0;0;0m [0m[38;2;0;0;0;48;2;0;0;0m                                                 [48;2;5;5;5m:[38;2;94;94;94;48;2;66;66;66my[38;2;170;170;170;48;2;216;216;216m~[38;2;253;253;253;48;2;249;249;249m`[38;2;249;249;249;48;2;251;251;251m~[38;2;252;252;252m:[48;2;252;252;252m        [48;2;251;251;251m:_[38;2;254;254;254;48;2;247;247;247m:[38;2;157;157;157;48;2;187;187;187m~[38;2;84;84;84;48;2;48;48;48mL[38;2;0;0;0;48;2;1;1;1m:[48;2;0;0;0m                                                  [0m
[7m[38;2;0;0;0m [0m[38;2;0;0;0;48;2;0;0;0m                                                [48;2;1;1;1m:[38;2;70;70;70;48;2;47;47;47my[38;2;127;127;127;48;2;188;188;188m~[38;2;254;254;254;48;2;247;247;247m:[48;2;250;250;250m [38;2;252;252;252;48;2;251;251;251m:[48;2;252;252;252m          [48;2;251;251;251m: [38;2;254;254;254;48;2;241;241;241m:[38;2;167;167;167;48;2;122;122;122mL[38;2;71;71;71;48;2;26;26;26m,[38;2;1;1;1;48;2;0;0;0ma                                                 [0m
[7m[38;2;0;0;0m [0m[38;2;0;0;0;48;2;0;0;0m                                               [38;2;1;1;1m.[38;2;51;51;51;48;2;29;29;29m_[38;2;104;104;104;48;2;148;148;148mF[38;2;254;254;254;48;2;242;242;242m:[48;2;250;250;250m`[38;2;252;252;252;48;2;251;251;251m.[48;2;252;252;252m           [48;2;251;251;251m:[38;2;249;249;249m`[38;2;254;254;254;48;2;250;250;250m`[38;2;197;197;197;48;2;227;227;227m"[38;2;133;133;133;48;2;84;84;84mL[38;2;29;29;29;48;2;10;10;10m_[38;2;1;1;1;48;2;0;0;0m_                                                [0m
[7m[38;2;0;0;0m [0m[38;2;0;0;0;48;2;0;0;0m                                              [38;2;1;1;1m_[38;2;33;33;33;48;2;11;11;11m_[38;2;59;59;59;48;2;110;110;110mF[38;2;209;209;209;48;2;230;230;230m"[38;2;254;254;254;48;2;250;250;250m`[38;2;252;252;252;48;2;251;251;251my:[48;2;252;252;252m            [48;2;251;251;251m:[38;2;250;250;250m~[38;2;254;254;254;48;2;248;248;248m`[38;2;169;169;169;48;2;205;205;205m~[38;2;109;109;109;48;2;62;62;62mL[38;2;20;20;20;48;2;4;4;4m,[48;2;0;0;0m                                                [0m
[7m[38;2;0;0;0m [0m[38;2;0;0;0;48;2;0;0;0m                                              [48;2;5;5;5m:[38;2;96;96;96;48;2;68;68;68my[38;2;163;163;163;48;2;214;214;214m~[38;2;254;254;254;48;2;249;249;249m'[38;2;251;251;251;48;2;250;250;250my[38;2;252;252;252;48;2;251;251;251m:[48;2;252;252;252m              [48;2;251;251;251m:[38;2;249;249;249;48;2;250;250;250m=[38;2;254;254;254;48;2;247;247;247m`[38;2;139;139;139;48;2;185;185;185m~[38;2;89;89;89;48;2;48;48;48mL[38;2;1;1;1;48;2;2;2;2m`[48;2;0;0;0m                                               [0m
[7m[38;2;0;0;0m [0m[38;2;0;0;0;48;2;0;0;0m                                              [38;2;42;42;42;48;2;29;29;29m4[38;2;126;126;126;48;2;144;144;144m$[38;2;240;240;240;48;2;245;245;245mL[38;2;250;250;250;48;2;251;251;251m![38;2;252;252;252m:[48;2;252;252;252m                [48;2;251;251;251m [38;2;254;254;254;48;2;250;250;250m`[38;2;247;247;247;48;2;224;224;224m'[38;2;114;114;114;48;2;83;83;83mF[38;2;22;22;22;48;2;7;7;7m,[48;2;0;0;0m                                               [0m
[7m[38;2;0;0;0m [0m[38;2;0;0;0;48;2;0;0;0m                                             [48;2;4;4;4m`[38;2;102;102;102;48;2;73;73;73m4[38;2;167;167;167;48;2;223;223;223m~[38;2;254;254;254;48;2;250;250;250m`[38;2;253;253;253;48;2;252;252;252mw                 [48;2;250;250;250m:[38;2;215;215;215;48;2;238;238;238m=[38;2;252;252;252;48;2;241;241;241m`[38;2;110;110;110;48;2;156;156;156m`[38;2;65;65;65;48;2;36;36;36mL[48;2;0;0;0m                                               [0m
[7m[38;2;0;0;0m [0m[38;2;0;0;0;48;2;0;0;0m                                             [38;2;2;2;2m`[38;2;68;68;68;48;2;33;33;33m"[38;2;54;54;54;48;2;138;138;138my[38;2;123;123;123;48;2;194;194;194my[38;2;204;204;204;48;2;225;225;225m,[38;2;253;253;253;48;2;250;250;250m:[48;2;251;251;251m [38;2;252;252;252m:[48;2;252;252;252m            [48;2;251;251;251m:[38;2;250;250;250my[38;2;253;253;253;48;2;249;249;249m:[38;2;195;195;195;48;2;227;227;227my[38;2;87;87;87;48;2;176;176;176my[38;2;132;132;132;48;2;52;52;52m~[38;2;35;35;35;48;2;8;8;8m'[38;2;1;1;1;48;2;0;0;0m`                                              [0m
[7m[38;2;0;0;0m [0m[38;2;0;0;0;48;2;0;0;0m                                              [38;2;1;1;1m_[38;2;45;45;45;48;2;22;22;22m_[38;2;86;86;86;48;2;132;132;132mF[38;2;219;219;219;48;2;239;239;239m~[38;2;254;254;254;48;2;250;250;250m`[38;2;252;252;252;48;2;251;251;251m:[48;2;252;252;252m             [48;2;251;251;251m:[38;2;250;250;250m"[38;2;254;254;254;48;2;249;249;249m`[38;2;196;196;196;48;2;228;228;228m"[38;2;140;140;140;48;2;89;89;89mL[38;2;50;50;50;48;2;13;13;13m,[38;2;1;1;1;48;2;0;0;0m_                                               [0m
[7m[38;2;0;0;0m [0m[38;2;0;0;0;48;2;0;0;0m                                             [38;2;1;1;1m_[38;2;34;34;34;48;2;12;12;12m_[38;2;60;60;60;48;2;110;110;110mF[38;2;199;199;199;48;2;228;228;228m"[38;2;254;254;254;48;2;250;250;250m`[38;2;250;250;250;48;2;251;251;251m`[38;2;252;252;252m:[48;2;252;252;252m              [48;2;251;251;251m:[38;2;248;248;248;48;2;250;250;250m~[38;2;253;253;253;48;2;249;249;249m:[38;2;177;177;177;48;2;215;215;215m~[38;2;118;118;118;48;2;69;69;69mL[38;2;26;26;26;48;2;5;5;5m,[38;2;1;1;1;48;2;0;0;0m,                                              [0m
[7m[38;2;0;0;0m [0m[38;2;0;0;0;48;2;0;0;0m                                             [48;2;4;4;4m:[38;2;93;93;93;48;2;68;68;68my[38;2;164;164;164;48;2;212;212;212m~[38;2;254;254;254;48;2;249;249;249m`[38;2;249;249;249;48;2;251;251;251m'[38;2;252;252;252m:[48;2;252;252;252m                [48;2;251;251;251m:[48;2;250;250;250m [38;2;253;253;253;48;2;247;247;247m:[38;2;144;144;144;48;2;185;185;185m~[38;2;88;88;88;48;2;49;49;49mL[38;2;4;4;4;48;2;1;1;1m,[48;2;0;0;0m                                              [0m
[7m[38;2;0;0;0m [0m[38;2;0;0;0;48;2;0;0;0m                                            [38;2;1;1;1m.[38;2;52;52;52;48;2;36;36;36my[38;2;126;126;126;48;2;160;160;160mF[38;2;254;254;254;48;2;245;245;245m:[48;2;250;250;250m [38;2;252;252;252;48;2;251;251;251m:[48;2;252;252;252m                  [48;2;251;251;251m:^[38;2;253;253;253;48;2;242;242;242m:[38;2;157;157;157;48;2;116;116;116mL[38;2;59;59;59;48;2;23;23;23m,[48;2;0;0;0m                                              [0m
[7m[38;2;0;0;0m [0m[38;2;0;0;0;48;2;0;0;0m                                           [38;2;1;1;1m_[38;2;29;29;29;48;2;10;10;10m_[38;2;56;56;56;48;2;107;107;107mF[38;2;205;205;205;48;2;228;228;228m"[38;2;254;254;254;48;2;250;250;250m`[38;2;252;252;252;48;2;251;251;251my:[48;2;252;252;252m                  [48;2;251;251;251m:[38;2;250;250;250m~[38;2;253;253;253;48;2;249;249;249m:[38;2;173;173;173;48;2;206;206;206m~[38;2;108;108;108;48;2;63;63;63mL[38;2;12;12;12;48;2;2;2;2m,[48;2;0;0;0m                                             [0m
[7m[38;2;0;0;0m [0m[38;2;0;0;0;48;2;0;0;0m                                           [38;2;1;1;1;48;2;3;3;3m`[38;2;90;90;90;48;2;64;64;64my[38;2;154;154;154;48;2;206;206;206m~[38;2;254;254;254;48;2;249;249;249m:[38;2;250;250;250;48;2;251;251;251mT[38;2;252;252;252m:[48;2;252;252;252m                    [48;2;251;251;251m:[48;2;250;250;250m [38;2;253;253;253;48;2;246;246;246m:[38;2;133;133;133;48;2;165;165;165m~[38;2;72;72;72;48;2;40;40;40mL[38;2;1;1;1;48;2;0;0;0m:                                            [0m
[7m[38;2;0;0;0m [0m[38;2;0;0;0;48;2;0;0;0m                                           [38;2;39;39;39;48;2;29;29;29md[38;2;112;112;112;48;2;143;143;143mF[38;2;254;254;254;48;2;244;244;244m:[48;2;250;250;250m [38;2;252;252;252;48;2;251;251;251m:[48;2;252;252;252m           [38;2;253;253;253m~          [48;2;251;251;251m [38;2;254;254;254;48;2;252;252;252m:[38;2;241;241;241;48;2;228;228;228m:[38;2;108;108;108;48;2;82;82;82ml[38;2;5;5;5;48;2;3;3;3mr[48;2;0;0;0m                                            [0m
[?25h