[?25l[0m[7m[38;2;252;252;252m [0m[38;2;0;0;0;48;2;252;252;252m                                                                                                                       [0m
[7m[38;2;252;252;252m [0m[38;2;0;0;0;48;2;252;252;252m                                                                                                                       [0m
[7m[38;2;252;252;252m [0m[38;2;0;0;0;48;2;252;252;252m                                                                                                                       [0m
[7m[38;2;252;252;252m [0m[38;2;0;0;0;48;2;252;252;252m                                                                                                                       [0m
[7m[38;2;252;252;252m [0m[38;2;0;0;0;48;2;252;252;252m                                                                                                                       [0m
[7m[38;2;252;252;252m [0m[38;2;0;0;0;48;2;252;252;252m                           [38;2;252;252;252;48;2;251;251;251m:.[38;2;250;250;250m.[38;2;232;232;232;48;2;250;250;250m_[38;2;234;234;234m_[38;2;252;252;252;48;2;251;251;251m`[38;2;231;231;231;48;2;250;250;250m_[38;2;202;202;202;48;2;247;247;247m_[38;2;187;187;187;48;2;245;245;245m_[38;2;185;185;185m__[38;2;199;199;199;48;2;246;246;246m_[38;2;232;232;232;48;2;250;250;250m_[38;2;252;252;252;48;2;251;251;251m`[48;2;252;252;252m                                                                              [0m
[7m[38;2;252;252;252m [0m[38;2;0;0;0;48;2;252;252;252m                          [38;2;252;252;252;48;2;251;251;251m:"[38;2;241;241;241;48;2;245;245;245mu[38;2;180;180;180;48;2;207;207;207ma[38;2;207;207;207;48;2;86;86;86m~[38;2;208;208;208;48;2;81;81;81m~[38;2;235;235;235;48;2;101;101;101m~[38;2;205;205;205;48;2;71;71;71m~[38;2;151;151;151;48;2;48;48;48m~[38;2;110;110;110;48;2;34;34;34m~[38;2;103;103;103;48;2;32;32;32m~[48;2;33;33;33m~[38;2;137;137;137;48;2;47;47;47m~[38;2;202;202;202;48;2;83;83;83m~[38;2;54;54;54;48;2;174;174;174m_[38;2;178;178;178;48;2;235;235;235m_[38;2;252;252;252;48;2;249;249;249m`[38;2;249;249;249;48;2;251;251;251m_[38;2;252;252;252m:[48;2;252;252;252m                                                                          [0m
[7m[38;2;252;252;252m [0m[38;2;0;0;0;48;2;252;252;252m                          [38;2;252;252;252;48;2;251;251;251m. [38;2;248;248;248;48;2;237;237;237m'[38;2;97;97;97;48;2;164;164;164m_[38;2;7;7;7;48;2;25;25;25m:[38;2;0;0;0;48;2;1;1;1m`[48;2;0;0;0m  [38;2;1;1;1m````` [38;2;49;49;49;48;2;9;9;9m`[38;2;131;131;131;48;2;49;49;49m~[38;2;47;47;47;48;2;153;153;153m_[38;2;167;167;167;48;2;224;224;224m_[38;2;254;254;254;48;2;249;249;249m.[48;2;251;251;251m [48;2;252;252;252m                                                                         [0m
[7m[38;2;252;252;252m [0m[38;2;0;0;0;48;2;252;252;252m                          [38;2;252;252;252;48;2;251;251;251m:[38;2;250;250;250;48;2;252;252;252m_[38;2;214;214;214;48;2;226;226;226m4[38;2;121;121;121;48;2;82;82;82m_[38;2;0;0;0;48;2;8;8;8m:[38;2;2;2;2;48;2;1;1;1m.[48;2;0;0;0m         [38;2;1;1;1m~[38;2;36;36;36;48;2;20;20;20m`[38;2;77;77;77;48;2;120;120;120mL[38;2;189;189;189;48;2;235;235;235m_[38;2;253;253;253;48;2;251;251;251m.[38;2;249;249;249m_[38;2;252;252;252m:[48;2;252;252;252m                                                                       [0m
[7m[38;2;252;252;252m [0m[38;2;0;0;0;48;2;252;252;252m                          [38;2;252;252;252;48;2;251;251;251m: [38;2;239;239;239;48;2;247;247;247m`[38;2;174;174;174;48;2;215;215;215m~[38;2;167;167;167;48;2;91;91;91my[38;2;90;90;90;48;2;44;44;44my[38;2;0;0;0;48;2;7;7;7m`[48;2;0;0;0m          [38;2;51;51;51;48;2;17;17;17m`[38;2;62;62;62;48;2;117;117;117mL[38;2;190;190;190;48;2;230;230;230m_[38;2;254;254;254;48;2;250;250;250m.[38;2;250;250;250;48;2;251;251;251m_[38;2;252;252;252m:[48;2;252;252;252m                                                                      [0m
[7m[38;2;252;252;252m [0m[38;2;0;0;0;48;2;252;252;252m                             [38;2;249;249;249;48;2;251;251;251m`[38;2;244;244;244;48;2;232;232;232m:[38;2;227;227;227;48;2;130;130;130m_[38;2;87;87;87;48;2;30;30;30m_[38;2;0;0;0;48;2;2;2;2m:[48;2;0;0;0m        [38;2;3;3;3m_[38;2;38;38;38;48;2;14;14;14m_[38;2;54;54;54;48;2;103;103;103mF[38;2;161;161;161;48;2;204;204;204m~[38;2;254;254;254;48;2;248;248;248m'[38;2;249;249;249;48;2;251;251;251m'[38;2;252;252;252m:[48;2;252;252;252m                                                                      [0m
[7m[38;2;252;252;252m [0m[38;2;0;0;0;48;2;252;252;252m                              [38;2;252;252;252;48;2;251;251;251m"[38;2;239;239;239;48;2;247;247;247m`[38;2;173;173;173;48;2;216;216;216m~[38;2;161;161;161;48;2;99;99;99my[38;2;0;0;0;48;2;20;20;20m`[48;2;0;0;0m     [38;2;15;15;15;48;2;1;1;1m_[38;2;60;60;60;48;2;29;29;29my[38;2;175;175;175;48;2;110;110;110my[38;2;119;119;119;48;2;202;202;202m~[38;2;182;182;182;48;2;230;230;230m~[38;2;254;254;254;48;2;250;250;250m'[38;2;250;250;250;48;2;251;251;251m`[38;2;252;252;252m:[48;2;252;252;252m                                                                       [0m
[7m[38;2;252;252;252m [0m[38;2;0;0;0;48;2;252;252;252m                             [38;2;252;252;252;48;2;251;251;251m:[38;2;251;251;251;48;2;249;249;249m`[38;2;244;244;244;48;2;221;221;221m'[38;2;52;52;52;48;2;125;125;125m*[38;2;77;77;77;48;2;24;24;24m~[38;2;8;8;8;48;2;3;3;3m`[48;2;0;0;0m   [38;2;1;1;1m.[38;2;52;52;52;48;2;36;36;36m=[38;2;46;46;46;48;2;137;137;137m~[38;2;91;91;91;48;2;205;205;205m~[38;2;202;202;202;48;2;234;234;234m~[38;2;254;254;254;48;2;251;251;251m`[38;2;249;249;249m'[38;2;252;252;252m:[48;2;252;252;252m                                                                         [0m
[7m[38;2;252;252;252m [0m[38;2;0;0;0;48;2;252;252;252m                           [38;2;252;252;252;48;2;251;251;251m::[48;2;250;250;250m.[38;2;184;184;184;48;2;237;237;237m_[38;2;92;92;92;48;2;181;181;181my[38;2;122;122;122;48;2;63;63;63m~[38;2;0;0;0;48;2;7;7;7m`[48;2;0;0;0m    [38;2;1;1;1m`[38;2;32;32;32;48;2;16;16;16m`[38;2;71;71;71;48;2;118;118;118mL[38;2;213;213;213;48;2;237;237;237m_[38;2;254;254;254;48;2;251;251;251m. [48;2;252;252;252m                                                                           [0m
[7m[38;2;252;252;252m [0m[38;2;0;0;0;48;2;252;252;252m                          [38;2;252;252;252;48;2;251;251;251m.`[38;2;250;250;250;48;2;240;240;240m`[38;2;104;104;104;48;2;186;186;186m_[38;2;126;126;126;48;2;50;50;50m~[38;2;20;20;20;48;2;6;6;6m`[38;2;2;2;2;48;2;0;0;0m'      [38;2;1;1;1m:[38;2;73;73;73;48;2;47;47;47m`[38;2;136;136;136;48;2;169;169;169mL[38;2;254;254;254;48;2;246;246;246m:[48;2;250;250;250m [38;2;252;252;252;48;2;251;251;251m:[48;2;252;252;252m                                                                          [0m
[7m[38;2;252;252;252m [0m[38;2;0;0;0;48;2;252;252;252m                         [48;2;251;251;251m [38;2;250;250;250m.[38;2;249;249;249;48;2;235;235;235m`[38;2;110;110;110;48;2;167;167;167my[38;2;64;64;64;48;2;31;31;31m^[38;2;0;0;0;48;2;2;2;2m`[38;2;1;1;1;48;2;0;0;0m`       `[38;2;25;25;25;48;2;13;13;13m"[38;2;116;116;116;48;2;85;85;85m4[38;2;147;147;147;48;2;214;214;214m_[38;2;253;253;253;48;2;249;249;249m:[38;2;250;250;250;48;2;251;251;251m_[38;2;252;252;252m:[48;2;252;252;252m                                                                         [0m
[7m[38;2;252;252;252m [0m[38;2;0;0;0;48;2;252;252;252m                         [38;2;252;252;252;48;2;251;251;251ml[38;2;251;251;251;48;2;250;250;250my[38;2;243;243;243;48;2;231;231;231m:[38;2;216;216;216;48;2;126;126;126m_[38;2;95;95;95;48;2;29;29;29m_[38;2;2;2;2;48;2;4;4;4m`[48;2;0;0;0m         [38;2;1;1;1mT[38;2;31;31;31;48;2;17;17;17m"[38;2;49;49;49;48;2;113;113;113m_[38;2;165;165;165;48;2;231;231;231m_[38;2;253;253;253;48;2;250;250;250m:[38;2;250;250;250;48;2;251;251;251m_[38;2;252;252;252m:[48;2;252;252;252m                                                                        [0m
[7m[38;2;252;252;252m [0m[38;2;0;0;0;48;2;252;252;252m                          [38;2;252;252;252;48;2;251;251;251m: [38;2;234;234;234;48;2;246;246;246m`[38;2;169;169;169;48;2;224;224;224m~[38;2;103;103;103;48;2;155;155;155m~[38;2;34;34;34;48;2;14;14;14mL[48;2;0;0;0m         [38;2;1;1;1m`[38;2;27;27;27;48;2;8;8;8m"[38;2;122;122;122;48;2;67;67;67m~[38;2;117;117;117;48;2;194;194;194m_[38;2;254;254;254;48;2;247;247;247m:[38;2;252;252;252;48;2;251;251;251m`[48;2;252;252;252m                                                                        [0m
[7m[38;2;252;252;252m [0m[38;2;0;0;0;48;2;252;252;252m                           [48;2;251;251;251m [38;2;251;251;251;48;2;250;250;250m4[38;2;243;243;243;48;2;236;236;236m:[38;2;174;174;174;48;2;148;148;148mF[38;2;33;33;33;48;2;15;15;15mL[38;2;1;1;1;48;2;0;0;0m,          [38;2;38;38;38;48;2;14;14;14m_[38;2;70;70;70;48;2;122;122;122mF[38;2;235;235;235;48;2;240;240;240mL[38;2;252;252;252;48;2;251;251;251m4:[48;2;252;252;252m                                                                       [0m
[7m[38;2;252;252;252m [0m[38;2;0;0;0;48;2;252;252;252m                          [48;2;251;251;251m [38;2;247;247;247;48;2;250;250;250m_[38;2;250;250;250;48;2;240;240;240m'[38;2;100;100;100;48;2;187;187;187m_[38;2;116;116;116;48;2;47;47;47m~[38;2;0;0;0;48;2;4;4;4m`[38;2;1;1;1;48;2;0;0;0m`        ,[38;2;47;47;47;48;2;16;16;16m_[38;2;66;66;66;48;2;120;120;120mF[38;2;186;186;186;48;2;228;228;228m"[38;2;254;254;254;48;2;250;250;250m'[38;2;250;250;250;48;2;251;251;251m"[38;2;252;252;252m:[48;2;252;252;252m                                                                       [0m
[7m[38;2;252;252;252m [0m[38;2;0;0;0;48;2;252;252;252m                         [38;2;252;252;252;48;2;251;251;251m: [38;2;248;248;248;48;2;244;244;244m:[38;2;180;180;180;48;2;190;190;190m4[38;2;76;76;76;48;2;36;36;36m`[38;2;0;0;0;48;2;1;1;1m:[48;2;0;0;0m          [48;2;5;5;5m`[38;2;103;103;103;48;2;79;79;79m4[38;2;187;187;187;48;2;223;223;223m~[38;2;254;254;254;48;2;250;250;250m'[48;2;251;251;251m [38;2;252;252;252m:[48;2;252;252;252m                                                                        [0m
[7m[38;2;252;252;252m [0m[38;2;0;0;0;48;2;252;252;252m                        [38;2;252;252;252;48;2;251;251;251m: [38;2;251;251;251;48;2;250;250;250m`[38;2;209;209;209;48;2;224;224;224my[38;2;55;55;55;48;2;117;117;117my[38;2;0;0;0;48;2;10;10;10m:[48;2;0;0;0m         [38;2;1;1;1m,[48;2;10;10;10m`[38;2;108;108;108;48;2;71;71;71my[38;2;134;134;134;48;2;204;204;204m~[38;2;254;254;254;48;2;248;248;248m`[48;2;251;251;251m [48;2;252;252;252m                                                                          [0m
[7m[38;2;252;252;252m [0m[38;2;0;0;0;48;2;252;252;252m                        [38;2;252;252;252;48;2;251;251;251m: [38;2;249;249;249;48;2;246;246;246m:[38;2;187;187;187;48;2;197;197;197m_[38;2;54;54;54;48;2;34;34;34mL[38;2;0;0;0;48;2;1;1;1m:[48;2;0;0;0m          [38;2;9;9;9;48;2;4;4;4m`[38;2;90;90;90;48;2;68;68;68m4[38;2;175;175;175;48;2;198;198;198m_[38;2;254;254;254;48;2;249;249;249m:[48;2;251;251;251m [38;2;252;252;252m:[48;2;252;252;252m                                                                         [0m
[7m[38;2;252;252;252m [0m[38;2;0;0;0;48;2;252;252;252m                        [38;2;252;252;252;48;2;251;251;251m.[38;2;250;250;250m_[38;2;242;242;242;48;2;225;225;225m`[38;2;72;72;72;48;2;121;121;121mg[38;2;0;0;0;48;2;10;10;10m:[38;2;1;1;1;48;2;0;0;0m+          [38;2;2;2;2m`[38;2;44;44;44;48;2;16;16;16m`[38;2;67;67;67;48;2;119;119;119mL[38;2;202;202;202;48;2;235;235;235m_[38;2;249;249;249;48;2;251;251;251m`[38;2;250;250;250m,[38;2;252;252;252m:[48;2;252;252;252m                                                                        [0m
[7m[38;2;252;252;252m [0m[38;2;0;0;0;48;2;252;252;252m                       [48;2;251;251;251m [38;2;252;252;252m`[38;2;249;249;249;48;2;236;236;236m'[38;2;202;202;202;48;2;152;152;152m~[38;2;0;0;0;48;2;21;21;21m:[38;2;1;1;1;48;2;0;0;0m.            ^[38;2;60;60;60;48;2;29;29;29m`[38;2;98;98;98;48;2;142;142;142mL[38;2;254;254;254;48;2;242;242;242m'[38;2;250;250;250;48;2;251;251;251m"[38;2;252;252;252m:[48;2;252;252;252m                                                                        [0m
[7m[38;2;252;252;252m [0m[38;2;0;0;0;48;2;252;252;252m                      [38;2;252;252;252;48;2;251;251;251m:.:[38;2;209;209;209;48;2;218;218;218m4[38;2;101;101;101;48;2;61;61;61m~[38;2;0;0;0;48;2;4;4;4m:[38;2;1;1;1;48;2;0;0;0m`             [38;2;0;0;0;48;2;1;1;1m'[38;2;72;72;72;48;2;51;51;51mJ[38;2;131;131;131;48;2;181;181;181m_[38;2;254;254;254;48;2;247;247;247m:[38;2;249;249;249;48;2;250;250;250mz[38;2;252;252;252;48;2;251;251;251m:[48;2;252;252;252m                                                                       [0m
[7m[38;2;252;252;252m [0m[38;2;0;0;0;48;2;252;252;252m                      [48;2;251;251;251m  [38;2;235;235;235;48;2;240;240;240mu[38;2;191;191;191;48;2;163;163;163mF[38;2;0;0;0;48;2;20;20;20m:[38;2;1;1;1;48;2;0;0;0m.              `[38;2;19;19;19;48;2;7;7;7m"[38;2;51;51;51;48;2;97;97;97m[[38;2;191;191;191;48;2;227;227;227m_[38;2;253;253;253;48;2;250;250;250m:[38;2;250;250;250;48;2;251;251;251my[38;2;252;252;252m:[48;2;252;252;252m                                                                      [0m
[7m[38;2;252;252;252m [0m[38;2;0;0;0;48;2;252;252;252m                      [38;2;252;252;252;48;2;251;251;251ml[38;2;251;251;251;48;2;250;250;250my[38;2;217;217;217;48;2;226;226;226m4[38;2;137;137;137;48;2;99;99;99m~[38;2;0;0;0;48;2;10;10;10m:[38;2;1;1;1;48;2;0;0;0m:               =[38;2;5;5;5;48;2;34;34;34m.[38;2;108;108;108;48;2;146;146;146mL[38;2;254;254;254;48;2;244;244;244m:[48;2;250;250;250m [38;2;252;252;252;48;2;251;251;251m:[48;2;252;252;252m                                                                      [0m
[7m[38;2;252;252;252m [0m[38;2;0;0;0;48;2;252;252;252m                     [38;2;252;252;252;48;2;251;251;251m::[48;2;248;248;248m`[38;2;180;180;180;48;2;202;202;202m_[38;2;13;13;13;48;2;36;36;36m:[48;2;0;0;0m                  [38;2;0;0;0;48;2;4;4;4m:[38;2;46;46;46;48;2;88;88;88mi[38;2;206;206;206;48;2;225;225;225m_[38;2;254;254;254;48;2;251;251;251m: [48;2;252;252;252m                                                                      [0m
[7m[38;2;252;252;252m [0m[38;2;0;0;0;48;2;252;252;252m                     [38;2;252;252;252;48;2;251;251;251m|[38;2;251;251;251;48;2;250;250;250m4[38;2;227;227;227;48;2;232;232;232mu[38;2;160;160;160;48;2;134;134;134mF[38;2;0;0;0;48;2;14;14;14m:[38;2;1;1;1;48;2;0;0;0m,                 _[38;2;39;39;39;48;2;60;60;60m$[38;2;157;157;157;48;2;182;182;182mL[38;2;254;254;254;48;2;247;247;247m:[38;2;249;249;249;48;2;250;250;250ma[38;2;252;252;252;48;2;251;251;251m:[48;2;252;252;252m                                                                     [0m
[7m[38;2;252;252;252m [0m[38;2;0;0;0;48;2;252;252;252m                     [38;2;252;252;252;48;2;251;251;251m.z[38;2;210;210;210;48;2;220;220;220m4[38;2;103;103;103;48;2;68;68;68m~[38;2;0;0;0;48;2;5;5;5m:[38;2;1;1;1;48;2;0;0;0m^                 :[38;2;39;39;39;48;2;26;26;26m4[38;2;106;106;106;48;2;137;137;137m[[38;2;240;240;240;48;2;245;245;245mL[48;2;250;250;250m [38;2;252;252;252;48;2;251;251;251m:[48;2;252;252;252m                                                             [48;2;251;251;251m::[48;2;252;252;252m      [0m
[7m[38;2;252;252;252m [0m[38;2;0;0;0;48;2;252;252;252m                    [48;2;251;251;251m [38;2;250;250;250mL[38;2;251;251;251;48;2;243;243;243m`[38;2;167;167;167;48;2;187;187;187my[38;2;4;4;4;48;2;25;25;25m:[48;2;0;0;0m                    [38;2;0;0;0;48;2;9;9;9m:[38;2;58;58;58;48;2;101;101;101mi[38;2;225;225;225;48;2;237;237;237m,[38;2;254;254;254;48;2;252;252;252m.[38;2;252;252;252;48;2;251;251;251m`[48;2;252;252;252m                                                   [48;2;251;251;251m: [38;2;249;249;249m_[38;2;240;240;240;48;2;250;250;250m_[38;2;224;224;224;48;2;247;247;247m_[38;2;215;215;215;48;2;246;246;246m_[38;2;217;217;217m_[38;2;219;219;219m_[38;2;220;220;220m_[38;2;233;233;233;48;2;249;249;249m_[38;2;245;245;245;48;2;251;251;251m_[38;2;250;250;250;48;2;252;252;252m_ [38;2;252;252;252;48;2;251;251;251m.:[48;2;252;252;252m   [0m
[7m[38;2;252;252;252m [0m[38;2;0;0;0;48;2;252;252;252m                    [38;2;252;252;252;48;2;251;251;251m|[38;2;251;251;251;48;2;250;250;250m4[38;2;220;220;220;48;2;228;228;228m4[38;2;149;149;149;48;2;118;118;118m~[38;2;0;0;0;48;2;12;12;12m:[38;2;1;1;1;48;2;0;0;0m.                   .[38;2;43;43;43;48;2;68;68;68m$[38;2;173;173;173;48;2;196;196;196mL[38;2;254;254;254;48;2;248;248;248m:[48;2;250;250;250m [38;2;252;252;252;48;2;251;251;251m:[48;2;252;252;252m                                                [38;2;250;250;250;48;2;251;251;251m_[38;2;253;253;253;48;2;252;252;252m.[38;2;216;216;216;48;2;247;247;247m_[38;2;128;128;128;48;2;214;214;214m_[38;2;79;79;79;48;2;163;163;163my[38;2;194;194;194;48;2;81;81;81m~[38;2;171;171;171;48;2;63;63;63m~[38;2;164;164;164;48;2;60;60;60m~[38;2;165;165;165;48;2;61;61;61m~[38;2;169;169;169;48;2;68;68;68m~[38;2;176;176;176;48;2;81;81;81m~[38;2;49;49;49;48;2;126;126;126my[38;2;62;62;62;48;2;140;140;140my[38;2;105;105;105;48;2;164;164;164my[38;2;146;146;146;48;2;200;200;200m_[38;2;209;209;209;48;2;234;234;234m,[38;2;246;246;246;48;2;249;249;249m_[38;2;252;252;252;48;2;251;251;251m:[48;2;252;252;252m  [0m
[7m[38;2;252;252;252m [0m[38;2;0;0;0;48;2;252;252;252m                    [38;2;252;252;252;48;2;251;251;251m.[38;2;251;251;251;48;2;252;252;252mF[38;2;208;208;208;48;2;220;220;220m4[38;2;92;92;92;48;2;67;67;67m~[38;2;0;0;0;48;2;4;4;4m:[38;2;1;1;1;48;2;0;0;0m"                   :[38;2;5;5;5;48;2;29;29;29m:[38;2;101;101;101;48;2;137;137;137mL[38;2;239;239;239;48;2;245;245;245mL[48;2;250;250;250m [38;2;252;252;252;48;2;251;251;251m:[48;2;252;252;252m                                                [48;2;250;250;250m [48;2;251;251;251m`[38;2;152;152;152;48;2;178;178;178m4[38;2;75;75;75;48;2;56;56;56mF[38;2;18;18;18;48;2;3;3;3m`[48;2;1;1;1m [38;2;2;2;2;48;2;0;0;0m~[38;2;1;1;1m~``[38;2;2;2;2m`[38;2;4;4;4m`[38;2;10;10;10;48;2;3;3;3m`[38;2;55;55;55;48;2;38;38;38m"[38;2;118;118;118;48;2;141;141;141mF[38;2;202;202;202;48;2;218;218;218mF[38;2;245;245;245;48;2;247;247;247mF[48;2;251;251;251m [48;2;252;252;252m  [0m
[7m[38;2;252;252;252m [0m[38;2;0;0;0;48;2;252;252;252m                   [38;2;252;252;252;48;2;251;251;251m:[48;2;252;252;252m [38;2;249;249;249;48;2;248;248;248m:[38;2;189;189;189;48;2;200;200;200my[38;2;12;12;12;48;2;32;32;32m:[48;2;0;0;0m                     [38;2;1;1;1m`[38;2;0;0;0;48;2;3;3;3m:[38;2;39;39;39;48;2;86;86;86mi[38;2;205;205;205;48;2;226;226;226m_[38;2;254;254;254;48;2;251;251;251m: [38;2;252;252;252m:[48;2;252;252;252m                                             [48;2;251;251;251m:[38;2;250;250;250m_[38;2;252;252;252my[38;2;231;231;231;48;2;246;246;246m_[38;2;114;114;114;48;2;145;145;145m4[38;2;48;48;48;48;2;18;18;18m~[38;2;1;1;1;48;2;0;0;0m?'      [38;2;3;3;3;48;2;12;12;12m`[38;2;110;110;110;48;2;89;89;89m4[38;2;168;168;168;48;2;184;184;184mL[38;2;227;227;227;48;2;233;233;233m_[38;2;247;247;247;48;2;248;248;248m[[48;2;251;251;251m [48;2;252;252;252m  [0m
[7m[38;2;252;252;252m [0m[38;2;0;0;0;48;2;252;252;252m                   [48;2;251;251;251m  [38;2;232;232;232;48;2;236;236;236mu[38;2;178;178;178;48;2;152;152;152mF[38;2;0;0;0;48;2;16;16;16m:[48;2;0;0;0m                       [38;2;60;60;60;48;2;39;39;39m4[38;2;138;138;138;48;2;169;169;169mL[38;2;254;254;254;48;2;245;245;245m:[48;2;250;250;250m [38;2;252;252;252;48;2;251;251;251m:[48;2;252;252;252m                                           [48;2;251;251;251m`[38;2;241;241;241;48;2;250;250;250m_[38;2;217;217;217;48;2;246;246;246m_[38;2;190;190;190;48;2;241;241;241m_[38;2;176;176;176;48;2;238;238;238m_[38;2;106;106;106;48;2;191;191;191m_[38;2;112;112;112;48;2;66;66;66mF[48;2;1;1;1m [38;2;1;1;1;48;2;0;0;0mr       [38;2;5;5;5;48;2;2;2;2m`[38;2;57;57;57;48;2;47;47;47m4[38;2;105;105;105;48;2;141;141;141m_[38;2;167;167;167;48;2;211;211;211m_[38;2;209;209;209;48;2;241;241;241m_[38;2;235;235;235;48;2;249;249;249m_[38;2;249;249;249;48;2;251;251;251m_[48;2;252;252;252m [0m
[?25h