[?25l[0m[7m[38;2;252;252;252m [0m[38;2;0;0;0;48;2;252;252;252m                                                       [38;2;252;252;252;48;2;251;251;251m:[38;2;253;253;253;48;2;250;250;250m'[48;2;234;234;234m:[38;2;151;151;151;48;2;111;111;111mL[38;2;34;34;34;48;2;20;20;20mr[48;2;0;0;0m                                                           [0m
[7m[38;2;252;252;252m [0m[38;2;0;0;0;48;2;252;252;252m                                                       [38;2;252;252;252;48;2;251;251;251m: [38;2;254;254;254;48;2;246;246;246m:[38;2;170;170;170;48;2;190;190;190m~[38;2;79;79;79;48;2;44;44;44mL[48;2;0;0;0m                                                           [0m
[7m[38;2;252;252;252m [0m[38;2;0;0;0;48;2;252;252;252m                                                        [38;2;252;252;252;48;2;251;251;251m:[38;2;254;254;254m'[38;2;252;252;252;48;2;233;233;233m:[38;2;132;132;132;48;2;91;91;91mL[38;2;31;31;31;48;2;13;13;13m,[48;2;0;0;0m                                                          [0m
[7m[38;2;252;252;252m [0m[38;2;0;0;0;48;2;252;252;252m                                                        [38;2;252;252;252;48;2;251;251;251m:[38;2;250;250;250m:[38;2;254;254;254;48;2;242;242;242m:[38;2;177;177;177;48;2;149;149;149mL[38;2;58;58;58;48;2;32;32;32mL[48;2;0;0;0m                                                          [0m
[7m[38;2;252;252;252m [0m[38;2;0;0;0;48;2;252;252;252m                                                        [38;2;252;252;252;48;2;251;251;251m: [38;2;254;254;254;48;2;248;248;248m:[38;2;189;189;189;48;2;203;203;203m"[38;2;90;90;90;48;2;52;52;52mL[38;2;0;0;0;48;2;1;1;1m`[48;2;0;0;0m                                                         [0m
[7m[38;2;252;252;252m [0m[38;2;0;0;0;48;2;252;252;252m                                                         [48;2;251;251;251m [38;2;253;253;253m'[38;2;251;251;251;48;2;233;233;233m:[38;2;125;125;125;48;2;86;86;86mL[38;2;23;23;23;48;2;10;10;10m,[48;2;0;0;0m                                                         [0m
[7m[38;2;252;252;252m [0m[38;2;0;0;0;48;2;252;252;252m                                                         [38;2;252;252;252;48;2;251;251;251m:[38;2;250;250;250m.[38;2;254;254;254;48;2;240;240;240m:[38;2;143;143;143;48;2;114;114;114mL[38;2;36;36;36;48;2;19;19;19mL[48;2;0;0;0m                                                         [0m
[7m[38;2;252;252;252m [0m[38;2;0;0;0;48;2;252;252;252m                                                         [38;2;252;252;252;48;2;251;251;251m:[48;2;250;250;250m [38;2;254;254;254;48;2;241;241;241m:[38;2;155;155;155;48;2;131;131;131mL[38;2;46;46;46;48;2;26;26;26mL[48;2;0;0;0m                                                         [0m
[7m[38;2;252;252;252m [0m[38;2;0;0;0;48;2;252;252;252m                                                         [38;2;252;252;252;48;2;251;251;251m:[48;2;250;250;250m [38;2;254;254;254;48;2;242;242;242m:[38;2;166;166;166;48;2;143;143;143mL[38;2;53;53;53;48;2;30;30;30mL[48;2;0;0;0m                                                         [0m
[7m[38;2;252;252;252m [0m[38;2;0;0;0;48;2;252;252;252m                                                         [38;2;252;252;252;48;2;251;251;251m:[48;2;250;250;250m [38;2;254;254;254;48;2;242;242;242m:[38;2;163;163;163;48;2;144;144;144mF[38;2;53;53;53;48;2;30;30;30mL[48;2;0;0;0m                                                         [0m
[7m[38;2;252;252;252m [0m[38;2;0;0;0;48;2;252;252;252m                                                         [38;2;252;252;252;48;2;251;251;251m:[48;2;250;250;250m [38;2;254;254;254;48;2;241;241;241m:[38;2;160;160;160;48;2;140;140;140mL[38;2;50;50;50;48;2;29;29;29mL[48;2;0;0;0m                                                         [0m
[7m[38;2;252;252;252m [0m[38;2;0;0;0;48;2;252;252;252m                                                         [38;2;252;252;252;48;2;251;251;251m:[48;2;250;250;250m [38;2;254;254;254;48;2;241;241;241m:[38;2;152;152;152;48;2;129;129;129mF[38;2;42;42;42;48;2;25;25;25mF[48;2;0;0;0m                                                         [0m
[7m[38;2;252;252;252m [0m[38;2;0;0;0;48;2;252;252;252m                [38;2;252;252;252;48;2;251;251;251m:[38;2;250;250;250m,[48;2;252;252;252m [38;2;253;253;253m,[38;2;254;254;254;48;2;251;251;251m_[38;2;249;249;249m=[38;2;254;254;254m__[38;2;253;253;253;48;2;252;252;252m_[38;2;252;252;252;48;2;251;251;251m.[38;2;250;250;250m,[48;2;252;252;252m                              [38;2;252;252;252;48;2;251;251;251m: [38;2;254;254;254;48;2;239;239;239m'[38;2;129;129;129;48;2;101;101;101mF[38;2;25;25;25;48;2;14;14;14mF[38;2;1;1;1;48;2;0;0;0m.                                                        [0m
[7m[38;2;252;252;252m [0m[38;2;0;0;0;48;2;252;252;252m            [38;2;252;252;252;48;2;251;251;251m: [38;2;248;248;248m_[38;2;231;231;231;48;2;250;250;250m_[38;2;189;189;189;48;2;242;242;242m_[38;2;127;127;127;48;2;219;219;219m_[38;2;60;60;60;48;2;192;192;192m_[38;2;10;10;10;48;2;165;165;165m_[38;2;53;53;53;48;2;157;157;157my[38;2;50;50;50;48;2;152;152;152my[38;2;52;52;52;48;2;154;154;154my[38;2;4;4;4;48;2;156;156;156m_[38;2;30;30;30;48;2;178;178;178m_[38;2;83;83;83;48;2;203;203;203m_[38;2;154;154;154;48;2;229;229;229m_[38;2;213;213;213;48;2;249;249;249m_[38;2;243;243;243;48;2;251;251;251m_[38;2;252;252;252m`:[48;2;252;252;252m                          [48;2;251;251;251m`[38;2;254;254;254;48;2;252;252;252m.[38;2;250;250;250;48;2;230;230;230m'[38;2;107;107;107;48;2;75;75;75mF[38;2;2;2;2;48;2;6;6;6m:[48;2;0;0;0m                                [38;2;0;0;0;48;2;1;1;1m`[38;2;30;30;30;48;2;2;2;2m_[38;2;44;44;44;48;2;3;3;3m_[38;2;42;42;42m_[38;2;25;25;25;48;2;1;1;1m_[38;2;6;6;6;48;2;0;0;0m_                   [0m
[7m[38;2;252;252;252m [0m[38;2;0;0;0;48;2;252;252;252m           [38;2;252;252;252;48;2;251;251;251m:[38;2;247;247;247;48;2;250;250;250m_[38;2;199;199;199;48;2;238;238;238m_[38;2;69;69;69;48;2;193;193;193m_[38;2;203;203;203;48;2;84;84;84m~[38;2;109;109;109;48;2;32;32;32m~[38;2;89;89;89;48;2;10;10;10m`[38;2;39;39;39;48;2;3;3;3m`[38;2;4;4;4;48;2;0;0;0m`   [38;2;1;1;1m`[38;2;15;15;15;48;2;1;1;1m`[38;2;57;57;57;48;2;5;5;5m`[38;2;112;112;112;48;2;20;20;20m`[38;2;141;141;141;48;2;55;55;55m~[38;2;27;27;27;48;2;146;146;146m_[38;2;120;120;120;48;2;214;214;214m_[38;2;227;227;227;48;2;246;246;246m_[38;2;252;252;252;48;2;251;251;251m`[38;2;250;250;250m,[48;2;252;252;252m                       [38;2;252;252;252;48;2;251;251;251m:[38;2;250;250;250m.[38;2;254;254;254;48;2;248;248;248m:[38;2;190;190;190;48;2;207;207;207my[38;2;83;83;83;48;2;51;51;51mF[38;2;0;0;0;48;2;1;1;1m:[48;2;0;0;0m                            [48;2;5;5;5m`[38;2;128;128;128;48;2;30;30;30m_[38;2;222;222;222;48;2;72;72;72m_[38;2;14;14;14;48;2;146;146;146m~[38;2;33;33;33;48;2;180;180;180m~[38;2;60;60;60;48;2;200;200;200m~[38;2;75;75;75;48;2;206;206;206m~[38;2;74;74;74;48;2;205;205;205m~[38;2;59;59;59;48;2;199;199;199m~[38;2;35;35;35;48;2;177;177;177m~[38;2;15;15;15;48;2;142;142;142m~[38;2;214;214;214;48;2;71;71;71m_[38;2;119;119;119;48;2;27;27;27m_[38;2;22;22;22;48;2;4;4;4m_[48;2;0;0;0m               [0m
[7m[38;2;252;252;252m [0m[38;2;0;0;0;48;2;252;252;252m         [38;2;252;252;252;48;2;251;251;251m: [48;2;242;242;242m`[38;2;128;128;128;48;2;196;196;196m_[38;2;165;165;165;48;2;64;64;64m~[38;2;28;28;28;48;2;8;8;8m`[38;2;1;1;1;48;2;0;0;0m``          `[38;2;4;4;4;48;2;1;1;1m`[38;2;79;79;79;48;2;29;29;29m"[38;2;71;71;71;48;2;135;135;135mL[38;2;168;168;168;48;2;227;227;227m_[38;2;253;253;253;48;2;251;251;251m: [48;2;252;252;252m                      [38;2;252;252;252;48;2;251;251;251m:[48;2;250;250;250m [38;2;254;254;254;48;2;243;243;243m:[38;2;179;179;179;48;2;154;154;154mF[38;2;56;56;56;48;2;33;33;33mF[48;2;0;0;0m                           [38;2;0;0;0;48;2;14;14;14m`[38;2;180;180;180;48;2;73;73;73m_[38;2;103;103;103;48;2;188;188;188m~[38;2;180;180;180;48;2;233;233;233m~[38;2;236;236;236;48;2;248;248;248m~[38;2;247;247;247;48;2;250;250;250m=[38;2;249;249;249;48;2;251;251;251mm[38;2;252;252;252m.  [48;2;252;252;252m [38;2;250;250;250;48;2;251;251;251m=[38;2;248;248;248;48;2;250;250;250m=[38;2;231;231;231;48;2;246;246;246m`[38;2;183;183;183;48;2;234;234;234m"[38;2;104;104;104;48;2;184;184;184m~[38;2;166;166;166;48;2;72;72;72m_[38;2;59;59;59;48;2;8;8;8m_[48;2;0;0;0m             [0m
[7m[38;2;252;252;252m [0m[38;2;0;0;0;48;2;252;252;252m        [38;2;252;252;252;48;2;251;251;251m:[48;2;252;252;252m [38;2;234;234;234;48;2;246;246;246m_[38;2;156;156;156;48;2;191;191;191m_[38;2;89;89;89;48;2;36;36;36m~[38;2;0;0;0;48;2;1;1;1m:[48;2;0;0;0m               [38;2;1;1;1m"[38;2;48;48;48;48;2;11;11;11m`[38;2;58;58;58;48;2;114;114;114mL[38;2;193;193;193;48;2;230;230;230m_[38;2;250;250;250;48;2;251;251;251m'_[38;2;252;252;252m:[48;2;252;252;252m                    [48;2;251;251;251m: [38;2;254;254;254;48;2;238;238;238m'[38;2;135;135;135;48;2;102;102;102mF[38;2;30;30;30;48;2;16;16;16m~[38;2;1;1;1;48;2;0;0;0m.                         [38;2;0;0;0;48;2;21;21;21m`[38;2;71;71;71;48;2;152;152;152m~[38;2;207;207;207;48;2;232;232;232m`[38;2;246;246;246;48;2;248;248;248m`[38;2;251;251;251;48;2;250;250;250mj[38;2;252;252;252;48;2;251;251;251m:[48;2;252;252;252m        [48;2;251;251;251m:[38;2;250;250;250m7[38;2;249;249;249m`[38;2;193;193;193;48;2;230;230;230m"[38;2;94;94;94;48;2;131;131;131m~[38;2;57;57;57;48;2;18;18;18m_[48;2;0;0;0m            [0m
[7m[38;2;252;252;252m [0m[38;2;0;0;0;48;2;252;252;252m        [48;2;251;251;251m  [38;2;220;220;220;48;2;228;228;228m4[38;2;126;126;126;48;2;138;138;138m4[38;2;0;0;0;48;2;7;7;7m:[38;2;1;1;1;48;2;0;0;0m,                [38;2;2;2;2;48;2;1;1;1m,[38;2;50;50;50;48;2;60;60;60m$[38;2;156;156;156;48;2;176;176;176m[[38;2;254;254;254;48;2;249;249;249m:[48;2;250;250;250m [38;2;252;252;252;48;2;251;251;251m:[48;2;252;252;252m                   [48;2;251;251;251m:[38;2;250;250;250m:[38;2;254;254;254;48;2;248;248;248m:[38;2;184;184;184;48;2;207;207;207my[38;2;85;85;85;48;2;52;52;52mF[38;2;3;3;3;48;2;1;1;1m'[48;2;0;0;0m                         [38;2;0;0;0;48;2;6;6;6m:[38;2;88;88;88;48;2;75;75;75mu[38;2;208;208;208;48;2;222;222;222mF[38;2;248;248;248;48;2;249;249;249m_ [48;2;251;251;251m [48;2;252;252;252m           [48;2;251;251;251m [38;2;253;253;253m:[38;2;181;181;181;48;2;195;195;195m"[38;2;98;98;98;48;2;74;74;74m$[38;2;1;1;1;48;2;0;0;0m`           [0m
[7m[38;2;252;252;252m [0m[38;2;0;0;0;48;2;252;252;252m        [48;2;251;251;251m  [38;2;227;227;227;48;2;236;236;236m"[38;2;189;189;189;48;2;155;155;155mL[38;2;0;0;0;48;2;14;14;14m`[48;2;0;0;0m                 [38;2;1;1;1;48;2;2;2;2m`[38;2;39;39;39;48;2;86;86;86mF[38;2;167;167;167;48;2;202;202;202m~[38;2;254;254;254;48;2;250;250;250m:[38;2;249;249;249m"[38;2;252;252;252;48;2;251;251;251m:[48;2;252;252;252m                   [48;2;251;251;251m:[38;2;250;250;250mT[38;2;254;254;254;48;2;239;239;239m'[38;2;153;153;153;48;2;123;123;123mF[38;2;41;41;41;48;2;24;24;24m~[38;2;1;1;1;48;2;0;0;0ma                        "[38;2;0;0;0;48;2;5;5;5m:[38;2;38;38;38;48;2;70;70;70m.[38;2;199;199;199;48;2;219;219;219mL[38;2;245;245;245;48;2;248;248;248m,[38;2;250;250;250;48;2;249;249;249m_[48;2;251;251;251m [48;2;252;252;252m           [48;2;251;251;251m [38;2;253;253;253m:[38;2;175;175;175;48;2;194;194;194my[38;2;107;107;107;48;2;68;68;68mF[48;2;0;0;0m            [0m
[7m[38;2;252;252;252m [0m[38;2;0;0;0;48;2;252;252;252m         [48;2;251;251;251m [38;2;252;252;252mu[38;2;209;209;209;48;2;226;226;226m"[38;2;200;200;200;48;2;120;120;120m_[38;2;77;77;77;48;2;12;12;12m_[48;2;0;0;0m               [38;2;30;30;30;48;2;2;2;2m_[38;2;127;127;127;48;2;54;54;54m_[38;2;112;112;112;48;2;179;179;179m~[38;2;254;254;254;48;2;247;247;247m:[38;2;252;252;252;48;2;251;251;251m":[48;2;252;252;252m                    [48;2;251;251;251m`[38;2;254;254;254;48;2;250;250;250m:[38;2;212;212;212;48;2;223;223;223my[38;2;102;102;102;48;2;70;70;70mF[38;2;2;2;2;48;2;6;6;6m:[48;2;0;0;0m                           [38;2;0;0;0;48;2;14;14;14m:[38;2;64;64;64;48;2;131;131;131my[38;2;180;180;180;48;2;224;224;224m_[38;2;241;241;241;48;2;248;248;248m,[48;2;250;250;250m [48;2;251;251;251m [48;2;252;252;252m        [38;2;252;252;252;48;2;251;251;251m.[38;2;250;250;250mu[38;2;239;239;239m_[38;2;153;153;153;48;2;215;215;215m_[38;2;146;146;146;48;2;93;93;93mF[38;2;40;40;40;48;2;10;10;10m~[48;2;0;0;0m            [0m
[7m[38;2;252;252;252m [0m[38;2;0;0;0;48;2;252;252;252m          [48;2;251;251;251m [38;2;248;248;248m`[38;2;219;219;219;48;2;240;240;240m"[38;2;123;123;123;48;2;193;193;193m~[38;2;204;204;204;48;2;80;80;80m_[38;2;97;97;97;48;2;21;21;21m_[38;2;0;0;0;48;2;1;1;1m`[48;2;0;0;0m  [38;2;1;1;1m__  _   [38;2;42;42;42;48;2;7;7;7m_[38;2;140;140;140;48;2;42;42;42m_[38;2;188;188;188;48;2;114;114;114my[38;2;152;152;152;48;2;223;223;223m~[38;2;242;242;242;48;2;249;249;249m`[38;2;252;252;252;48;2;251;251;251m`:[48;2;252;252;252m                    [48;2;251;251;251m:[48;2;250;250;250m [38;2;254;254;254;48;2;245;245;245m:[38;2;195;195;195;48;2;174;174;174mF[38;2;64;64;64;48;2;39;39;39mF[48;2;0;0;0m                            [38;2;1;1;1m`[38;2;0;0;0;48;2;6;6;6m:[38;2;117;117;117;48;2;49;49;49m~[38;2;45;45;45;48;2;157;157;157m_[38;2;123;123;123;48;2;224;224;224m_[38;2;194;194;194;48;2;243;243;243m_[38;2;239;239;239;48;2;249;249;249m,[38;2;250;250;250;48;2;251;251;251m==[38;2;253;253;253m____[38;2;239;239;239;48;2;249;249;249m_[38;2;184;184;184;48;2;242;242;242m_[38;2;113;113;113;48;2;214;214;214m_[38;2;79;79;79;48;2;153;153;153my[38;2;124;124;124;48;2;43;43;43m~[38;2;37;37;37;48;2;4;4;4m`[48;2;0;0;0m             [0m
[7m[38;2;252;252;252m [0m[38;2;0;0;0;48;2;252;252;252m            [38;2;252;252;252;48;2;251;251;251m:[38;2;253;253;253;48;2;252;252;252m`[38;2;226;226;226;48;2;246;246;246m`[38;2;159;159;159;48;2;224;224;224m~[38;2;88;88;88;48;2;185;185;185m~[38;2;195;195;195;48;2;101;101;101my[38;2;201;201;201;48;2;71;71;71m_[38;2;167;167;167;48;2;44;44;44m_[38;2;151;151;151;48;2;29;29;29m_[38;2;147;147;147;48;2;23;23;23m_[38;2;148;148;148;48;2;26;26;26m_[38;2;157;157;157;48;2;36;36;36m_[38;2;180;180;180;48;2;55;55;55m_[38;2;172;172;172;48;2;77;77;77my[38;2;214;214;214;48;2;124;124;124my[38;2;109;109;109;48;2;204;204;204m~[38;2;183;183;183;48;2;239;239;239m~[38;2;248;248;248;48;2;251;251;251m`[38;2;253;253;253;48;2;252;252;252m`[38;2;252;252;252;48;2;251;251;251m:[48;2;252;252;252m                      [48;2;251;251;251m:[48;2;250;250;250m [38;2;254;254;254;48;2;240;240;240m:[38;2;161;161;161;48;2;135;135;135mF[38;2;45;45;45;48;2;26;26;26mF[48;2;0;0;0m                              [38;2;1;1;1m` [38;2;54;54;54;48;2;15;15;15m`[38;2;142;142;142;48;2;39;39;39m~[38;2;204;204;204;48;2;75;75;75m~[38;2;47;47;47;48;2;142;142;142my[38;2;0;0;0;48;2;156;156;156m_[48;2;166;166;166m__[48;2;152;152;152m_[38;2;227;227;227;48;2;102;102;102m~[38;2;207;207;207;48;2;71;71;71m~[38;2;141;141;141;48;2;36;36;36m~[38;2;53;53;53;48;2;11;11;11m~[38;2;1;1;1;48;2;0;0;0m~               [0m
[7m[38;2;252;252;252m [0m[38;2;0;0;0;48;2;252;252;252m               [38;2;252;252;252;48;2;251;251;251m: [38;2;245;245;245m`[38;2;226;226;226;48;2;248;248;248m`[38;2;210;210;210;48;2;246;246;246m`[38;2;203;203;203m`[38;2;201;201;201;48;2;245;245;245m`[48;2;246;246;246m`[38;2;206;206;206m`[38;2;216;216;216;48;2;247;247;247m`[38;2;235;235;235;48;2;249;249;249m`[38;2;251;251;251;48;2;252;252;252m`[38;2;252;252;252;48;2;251;251;251m:[48;2;252;252;252m                          [48;2;251;251;251m: [38;2;254;254;254;48;2;238;238;238m:[38;2;124;124;124;48;2;100;100;100mF[38;2;25;25;25;48;2;14;14;14mL[48;2;0;0;0m                                                            [0m
[7m[38;2;252;252;252m [0m[38;2;0;0;0;48;2;252;252;252m                     [38;2;252;252;252;48;2;251;251;251m.:[48;2;252;252;252m                                [48;2;251;251;251m [38;2;254;254;254;48;2;237;237;237m:[38;2;124;124;124;48;2;96;96;96mL[38;2;23;23;23;48;2;12;12;12mL[48;2;0;0;0m                                                            [0m
[7m[38;2;252;252;252m [0m[38;2;0;0;0;48;2;252;252;252m                                                      [38;2;252;252;252;48;2;251;251;251m:[48;2;250;250;250m [38;2;251;251;251;48;2;234;234;234m'[38;2;118;118;118;48;2;90;90;90mL[38;2;19;19;19;48;2;10;10;10mL[48;2;0;0;0m                                                            [0m
[7m[38;2;252;252;252m [0m[38;2;0;0;0;48;2;252;252;252m                                                      [38;2;252;252;252;48;2;251;251;251m:[48;2;250;250;250m [38;2;249;249;249;48;2;233;233;233m:[38;2;118;118;118;48;2;89;89;89mL[38;2;19;19;19;48;2;10;10;10mL[48;2;0;0;0m                                                            [0m
[7m[38;2;252;252;252m [0m[38;2;0;0;0;48;2;252;252;252m                                                      [38;2;252;252;252;48;2;251;251;251m:[48;2;250;250;250m [38;2;249;249;249;48;2;233;233;233m:[38;2;118;118;118;48;2;89;89;89mL[38;2;19;19;19;48;2;10;10;10mL[48;2;0;0;0m                                                            [0m
[7m[38;2;252;252;252m [0m[38;2;0;0;0;48;2;252;252;252m                                                      [38;2;252;252;252;48;2;251;251;251m:[48;2;250;250;250m [38;2;250;250;250;48;2;234;234;234m:[38;2;126;126;126;48;2;97;97;97mL[38;2;25;25;25;48;2;13;13;13mL[48;2;0;0;0m                                                            [0m
[7m[38;2;252;252;252m [0m[38;2;0;0;0;48;2;252;252;252m                                                      [38;2;252;252;252;48;2;251;251;251m:[38;2;251;251;251;48;2;250;250;250m_[48;2;235;235;235m:[38;2;128;128;128;48;2;102;102;102mL[38;2;27;27;27;48;2;14;14;14mL[48;2;0;0;0m                                                            [0m
[7m[38;2;252;252;252m [0m[38;2;0;0;0;48;2;252;252;252m                                                      [38;2;252;252;252;48;2;251;251;251m:[38;2;250;250;250m.[38;2;254;254;254;48;2;239;239;239m:[38;2;151;151;151;48;2;121;121;121mL[38;2;40;40;40;48;2;21;21;21mL[38;2;1;1;1;48;2;0;0;0m=                                                           [0m
[7m[38;2;252;252;252m [0m[38;2;0;0;0;48;2;252;252;252m                                                       [48;2;251;251;251m [38;2;254;254;254;48;2;241;241;241m:[38;2;167;167;167;48;2;146;146;146mL[38;2;53;53;53;48;2;30;30;30mL[48;2;0;0;0m                                                            [0m
[7m[38;2;252;252;252m [0m[38;2;0;0;0;48;2;252;252;252m                                                      [38;2;252;252;252;48;2;251;251;251m: [38;2;254;254;254;48;2;246;246;246m:[38;2;175;175;175;48;2;193;193;193m~[38;2;89;89;89;48;2;52;52;52mL[38;2;0;0;0;48;2;3;3;3m`[48;2;0;0;0m                                                           [0m
[7m[38;2;252;252;252m [0m[38;2;0;0;0;48;2;252;252;252m                                                       [38;2;252;252;252;48;2;251;251;251m.[38;2;254;254;254;48;2;250;250;250m'[38;2;210;210;210;48;2;219;219;219m4[38;2;118;118;118;48;2;84;84;84mL[38;2;25;25;25;48;2;11;11;11m,[48;2;0;0;0m                                                           [0m
[7m[38;2;252;252;252m [0m[38;2;0;0;0;48;2;252;252;252m                                                        [48;2;251;251;251m [38;2;253;253;253;48;2;240;240;240m:[38;2;124;124;124;48;2;158;158;158m"[38;2;61;61;61;48;2;33;33;33mL[48;2;0;0;0m                                                           [0m
[7m[38;2;252;252;252m [0m[38;2;0;0;0;48;2;252;252;252m                                                        [48;2;251;251;251m [38;2;254;254;254;48;2;250;250;250m'[38;2;206;206;206;48;2;222;222;222m"[38;2;125;125;125;48;2;83;83;83mL[38;2;30;30;30;48;2;11;11;11m,[48;2;0;0;0m                                                          [0m
[7m[38;2;252;252;252m [0m[38;2;0;0;0;48;2;252;252;252m                                                        [38;2;252;252;252;48;2;251;251;251m:[38;2;250;250;250m:[38;2;254;254;254;48;2;244;244;244m:[38;2;143;143;143;48;2;175;175;175m~[38;2;74;74;74;48;2;40;40;40mL[38;2;1;1;1;48;2;0;0;0m.                                                         [0m
[?25h