[?25l[0m[7m[38;2;252;252;252m [0m[38;2;0;0;0;48;2;252;252;252m                                                            [38;2;253;253;253m`[38;2;238;238;238;48;2;247;247;247m`[38;2;202;202;202;48;2;240;240;240m~[38;2;190;190;190;48;2;237;237;237m~[38;2;178;178;178;48;2;232;232;232m~[38;2;122;122;122;48;2;199;199;199m~[38;2;199;199;199;48;2;123;123;123my[38;2;183;183;183;48;2;106;106;106my[38;2;205;205;205;48;2;129;129;129my[38;2;80;80;80;48;2;182;182;182m~[38;2;85;85;85;48;2;188;188;188m~[38;2;76;76;76;48;2;184;184;184m~[38;2;61;61;61;48;2;174;174;174m~[38;2;213;213;213;48;2;123;123;123my[38;2;189;189;189;48;2;90;90;90my[38;2;171;171;171;48;2;53;53;53m_[38;2;79;79;79;48;2;14;14;14m_[38;2;14;14;14;48;2;1;1;1m,[38;2;1;1;1;48;2;0;0;0m_            [38;2;7;7;7;48;2;3;3;3m`[38;2;28;28;28;48;2;9;9;9m~[38;2;52;52;52;48;2;16;16;16m~[38;2;11;11;11;48;2;37;37;37m:[38;2;180;180;180;48;2;147;147;147my[38;2;223;223;223;48;2;236;236;236m~[38;2;246;246;246;48;2;249;249;249m"[38;2;245;245;245;48;2;248;248;248m~[38;2;249;249;249;48;2;250;250;250m^[48;2;252;252;252m                   [0m
[7m[38;2;252;252;252m [0m[38;2;0;0;0;48;2;252;252;252m                              [38;2;252;252;252;48;2;251;251;251m:[48;2;252;252;252m                                  [38;2;253;253;253;48;2;251;251;251m`[38;2;243;243;243m`[38;2;235;235;235;48;2;250;250;250m`[38;2;245;245;245;48;2;251;251;251m`[38;2;252;252;252m:[48;2;252;252;252m  [38;2;253;253;253m``[38;2;248;248;248;48;2;250;250;250m`[38;2;207;207;207;48;2;244;244;244m`[38;2;138;138;138;48;2;207;207;207m~[38;2;189;189;189;48;2;92;92;92m_[38;2;70;70;70;48;2;19;19;19m_[38;2;4;4;4;48;2;0;0;0m,           [38;2;1;1;1m`[38;2;0;0;0;48;2;2;2;2m.[38;2;78;78;78;48;2;25;25;25m_[38;2;73;73;73;48;2;150;150;150m~[38;2;206;206;206;48;2;232;232;232m~[38;2;248;248;248;48;2;249;249;249m`[38;2;247;247;247m__[38;2;250;250;250;48;2;251;251;251m_[48;2;252;252;252m                   [0m
[7m[38;2;252;252;252m [0m[38;2;0;0;0;48;2;252;252;252m                                                                           [48;2;251;251;251m [38;2;253;253;253m`[38;2;214;214;214;48;2;241;241;241m`[38;2;123;123;123;48;2;197;197;197m~[38;2;153;153;153;48;2;91;91;91my[38;2;88;88;88;48;2;32;32;32m_[38;2;21;21;21;48;2;5;5;5m_[38;2;3;3;3;48;2;1;1;1m_[38;2;1;1;1;48;2;0;0;0m,       [38;2;0;0;0;48;2;9;9;9m`[38;2;14;14;14;48;2;64;64;64m~[38;2;97;97;97;48;2;112;112;112m"[38;2;177;177;177;48;2;143;143;143m~[38;2;222;222;222;48;2;165;165;165m~[38;2;151;151;151;48;2;204;204;204m_[38;2;209;209;209;48;2;232;232;232m,[38;2;244;244;244;48;2;246;246;246m,[38;2;249;249;249;48;2;250;250;250m~[48;2;252;252;252m                   [0m
[7m[38;2;252;252;252m [0m[38;2;0;0;0;48;2;252;252;252m                                                                             [48;2;251;251;251m  [38;2;210;210;210;48;2;234;234;234m"[38;2;123;123;123;48;2;178;178;178m~[38;2;179;179;179;48;2;90;90;90m_[38;2;103;103;103;48;2;36;36;36m_[38;2;44;44;44;48;2;12;12;12m_[38;2;12;12;12;48;2;4;4;4m_[38;2;6;6;6;48;2;2;2;2m_[38;2;4;4;4;48;2;1;1;1m_[38;2;3;3;3;48;2;0;0;0m_[38;2;1;1;1my[38;2;0;0;0;48;2;2;2;2m`[38;2;105;105;105;48;2;21;21;21m_[38;2;187;187;187;48;2;81;81;81m_[38;2;169;169;169;48;2;118;118;118m_[38;2;131;131;131;48;2;120;120;120m_[38;2;124;124;124;48;2;122;122;122m4[38;2;159;159;159;48;2;130;130;130m_[38;2;222;222;222;48;2;173;173;173m_[38;2;212;212;212;48;2;232;232;232m~[38;2;246;246;246;48;2;249;249;249m~[48;2;251;251;251m [48;2;252;252;252m                   [0m
[7m[38;2;252;252;252m [0m[38;2;0;0;0;48;2;252;252;252m                                                                              [38;2;252;252;252;48;2;251;251;251m.[48;2;250;250;250m_[38;2;249;249;249;48;2;247;247;247m.[38;2;209;209;209;48;2;236;236;236m"[38;2;141;141;141;48;2;197;197;197m~[38;2;162;162;162;48;2;113;113;113my[38;2;136;136;136;48;2;62;62;62m_[38;2;102;102;102;48;2;34;34;34m_[38;2;87;87;87;48;2;23;23;23m_[38;2;108;108;108;48;2;27;27;27m_[38;2;191;191;191;48;2;62;62;62m_[38;2;204;204;204;48;2;120;120;120my[38;2;141;141;141;48;2;218;218;218m~[38;2;217;217;217;48;2;244;244;244m~[38;2;198;198;198;48;2;230;230;230m~[38;2;219;219;219;48;2;180;180;180my[38;2;245;245;245;48;2;174;174;174m_[38;2;178;178;178;48;2;227;227;227m~[38;2;236;236;236;48;2;248;248;248m~[48;2;250;250;250m [38;2;251;251;251my[48;2;251;251;251m [48;2;252;252;252m                   [0m
[7m[38;2;252;252;252m [0m[38;2;0;0;0;48;2;252;252;252m                                                                                [38;2;250;250;250;48;2;251;251;251m`[38;2;252;252;252mg[38;2;247;247;247;48;2;250;250;250m`[38;2;221;221;221;48;2;244;244;244m"[38;2;198;198;198;48;2;238;238;238m~[38;2;171;171;171;48;2;227;227;227m~[38;2;163;163;163;48;2;225;225;225m~[38;2;193;193;193;48;2;240;240;240m~[38;2;216;216;216;48;2;246;246;246m`[38;2;246;246;246;48;2;250;250;250m~[38;2;252;252;252;48;2;251;251;251m`[38;2;253;253;253;48;2;252;252;252m: [38;2;245;245;245;48;2;250;250;250m`[38;2;247;247;247;48;2;249;249;249m`[48;2;251;251;251m [48;2;252;252;252m                       [0m
[7m[38;2;252;252;252m [0m[38;2;0;0;0;48;2;252;252;252m                                                                                    [38;2;252;252;252;48;2;251;251;251m:  :[48;2;252;252;252m   [38;2;253;253;253m~~[38;2;252;252;252;48;2;251;251;251m: :[48;2;252;252;252m                       [0m
[7m[38;2;252;252;252m [0m[38;2;0;0;0;48;2;252;252;252m                                                                                                                       [0m
[7m[38;2;252;252;252m [0m[38;2;0;0;0;48;2;252;252;252m                                                                                                                       [0m
[7m[38;2;252;252;252m [0m[38;2;0;0;0;48;2;252;252;252m                                                      [38;2;252;252;252;48;2;251;251;251m:[48;2;252;252;252m                                                                [0m
[7m[38;2;252;252;252m [0m[38;2;0;0;0;48;2;252;252;252m                                                                                                                       [0m
[7m[38;2;252;252;252m [0m[38;2;0;0;0;48;2;252;252;252m                                                                                                                       [0m
[7m[38;2;252;252;252m [0m[38;2;0;0;0;48;2;252;252;252m                                                                                                                       [0m
[7m[38;2;252;252;252m [0m[38;2;0;0;0;48;2;252;252;252m                                                                                                                       [0m
[7m[38;2;252;252;252m [0m[38;2;0;0;0;48;2;252;252;252m                                                                                                                       [0m
[7m[38;2;252;252;252m [0m[38;2;0;0;0;48;2;252;252;252m                                                                                                                       [0m
[7m[38;2;252;252;252m [0m[38;2;0;0;0;48;2;252;252;252m                                                                                                                       [0m
[7m[38;2;252;252;252m [0m[38;2;0;0;0;48;2;252;252;252m                                                                                                                       [0m
[7m[38;2;252;252;252m [0m[38;2;0;0;0;48;2;252;252;252m                                                                                                                       [0m
[7m[38;2;252;252;252m [0m[38;2;0;0;0;48;2;252;252;252m                                                                                                                       [0m
[7m[38;2;252;252;252m [0m[38;2;0;0;0;48;2;252;252;252m                                                                                                                       [0m
[7m[38;2;252;252;252m [0m[38;2;0;0;0;48;2;252;252;252m                                                                                                                       [0m
[7m[38;2;252;252;252m [0m[38;2;0;0;0;48;2;252;252;252m                                                                                                                       [0m
[7m[38;2;252;252;252m [0m[38;2;0;0;0;48;2;252;252;252m                                                                                                                       [0m
[7m[38;2;252;252;252m [0m[38;2;0;0;0;48;2;252;252;252m                                                                                                                       [0m
[7m[38;2;252;252;252m [0m[38;2;0;0;0;48;2;252;252;252m                                                                                                                       [0m
[7m[38;2;252;252;252m [0m[38;2;0;0;0;48;2;252;252;252m                                                                                                                       [0m
[7m[38;2;252;252;252m [0m[38;2;0;0;0;48;2;252;252;252m                                                                                                                       [0m
[7m[38;2;252;252;252m [0m[38;2;0;0;0;48;2;252;252;252m                                                                                                                       [0m
[7m[38;2;252;252;252m [0m[38;2;0;0;0;48;2;252;252;252m                                                                                                                       [0m
[7m[38;2;252;252;252m [0m[38;2;0;0;0;48;2;252;252;252m                                                                                                                       [0m
[7m[38;2;252;252;252m [0m[38;2;0;0;0;48;2;252;252;252m                                                                                                                       [0m
[7m[38;2;252;252;252m [0m[38;2;0;0;0;48;2;252;252;252m                                                                                                                       [0m
[7m[38;2;252;252;252m [0m[38;2;0;0;0;48;2;252;252;252m                                                                                                                       [0m
[7m[38;2;252;252;252m [0m[38;2;0;0;0;48;2;252;252;252m                                                                                                                       [0m
[7m[38;2;252;252;252m [0m[38;2;0;0;0;48;2;252;252;252m                                                                                                                       [0m
[?25h