[?25l[0m[7m[38;2;252;252;252m [0m[38;2;0;0;0;48;2;252;252;252m                                          [48;2;251;251;251m  [38;2;253;253;253;48;2;252;252;252m.[38;2;248;248;248m_[38;2;243;243;243;48;2;250;250;250m_[38;2;239;239;239m_[38;2;230;230;230;48;2;249;249;249m_[38;2;180;180;180;48;2;237;237;237m_[38;2;124;124;124;48;2;222;222;222m_[38;2;52;52;52;48;2;175;175;175m_[38;2;69;69;69;48;2;38;38;38mF[38;2;0;0;0;48;2;1;1;1m`[48;2;0;0;0m  [48;2;3;3;3m:[38;2;70;70;70;48;2;43;43;43m"[38;2;60;60;60;48;2;144;144;144my[38;2;0;0;0;48;2;162;162;162m_[38;2;20;20;20;48;2;194;194;194m_[38;2;104;104;104;48;2;221;221;221m_[38;2;217;217;217;48;2;246;246;246m_[38;2;249;249;249;48;2;251;251;251m, [38;2;252;252;252m:[48;2;252;252;252m                                                     [0m
[7m[38;2;252;252;252m [0m[38;2;0;0;0;48;2;252;252;252m                                        [38;2;252;252;252;48;2;251;251;251m`[48;2;250;250;250m:[38;2;253;253;253;48;2;232;232;232m'[38;2;98;98;98;48;2;191;191;191my[38;2;59;59;59;48;2;167;167;167my[38;2;42;42;42;48;2;147;147;147my[38;2;31;31;31;48;2;124;124;124my[38;2;187;187;187;48;2;73;73;73m~[38;2;163;163;163;48;2;50;50;50m~[38;2;121;121;121;48;2;22;22;22m~[38;2;81;81;81;48;2;13;13;13m~[38;2;31;31;31;48;2;4;4;4m~[48;2;0;0;0m     [38;2;1;1;1m`  [38;2;7;7;7;48;2;3;3;3m`[38;2;69;69;69;48;2;17;17;17m"[38;2;148;148;148;48;2;54;54;54m~[38;2;102;102;102;48;2;175;175;175my[38;2;207;207;207;48;2;240;240;240m_[38;2;250;250;250;48;2;251;251;251m.[38;2;252;252;252m.[48;2;252;252;252m                                                    [0m
[7m[38;2;252;252;252m [0m[38;2;0;0;0;48;2;252;252;252m                                       [38;2;252;252;252;48;2;251;251;251m:[38;2;250;250;250m_[38;2;252;252;252;48;2;248;248;248m'[38;2;192;192;192;48;2;214;214;214m_[38;2;95;95;95;48;2;61;61;61mr[38;2;0;0;0;48;2;5;5;5m:[38;2;1;1;1;48;2;0;0;0m=~~~             [38;2;2;2;2;48;2;1;1;1m.[38;2;0;0;0;48;2;30;30;30m:[38;2;173;173;173;48;2;139;139;139m~[38;2;232;232;232;48;2;242;242;242mL[48;2;250;250;250m [38;2;252;252;252;48;2;251;251;251m.[48;2;252;252;252m                                                   [0m
[7m[38;2;252;252;252m [0m[38;2;0;0;0;48;2;252;252;252m                                       [38;2;252;252;252;48;2;251;251;251m:_[38;2;251;251;251;48;2;245;245;245m:[38;2;175;175;175;48;2;195;195;195m4[38;2;82;82;82;48;2;43;43;43mL[38;2;0;0;0;48;2;3;3;3m:[38;2;1;1;1;48;2;0;0;0m_                [38;2;0;0;0;48;2;4;4;4m:[38;2;78;78;78;48;2;53;53;53mu[38;2;136;136;136;48;2;198;198;198m~[38;2;252;252;252;48;2;246;246;246m.[48;2;251;251;251m_.[48;2;252;252;252m                                                   [0m
[7m[38;2;252;252;252m [0m[38;2;0;0;0;48;2;252;252;252m                                        [38;2;252;252;252;48;2;251;251;251m: [38;2;251;251;251;48;2;244;244;244m:[38;2;133;133;133;48;2;198;198;198m~[38;2;203;203;203;48;2;80;80;80m_[38;2;121;121;121;48;2;32;32;32m_[38;2;19;19;19;48;2;5;5;5m,[48;2;0;0;0m              [38;2;2;2;2m.[38;2;0;0;0;48;2;17;17;17m:[38;2;69;69;69;48;2;116;116;116mF[38;2;228;228;228;48;2;238;238;238mL[38;2;253;253;253;48;2;252;252;252m-[38;2;252;252;252;48;2;251;251;251m:[48;2;252;252;252m                                                    [0m
[7m[38;2;252;252;252m [0m[38;2;0;0;0;48;2;252;252;252m                                          [38;2;252;252;252;48;2;251;251;251m:[48;2;250;250;250m.[38;2;222;222;222;48;2;245;245;245m`[38;2;172;172;172;48;2;223;223;223m`[38;2;163;163;163;48;2;89;89;89m_[38;2;29;29;29;48;2;13;13;13m,[38;2;1;1;1;48;2;0;0;0m.          [38;2;0;0;0;48;2;2;2;2m:[38;2;79;79;79;48;2;12;12;12m_[38;2;194;194;194;48;2;50;50;50m_[38;2;55;55;55;48;2;157;157;157m~[38;2;200;200;200;48;2;237;237;237m~[38;2;251;251;251;48;2;250;250;250m:[48;2;251;251;251m [38;2;252;252;252m:[48;2;252;252;252m                                                    [0m
[7m[38;2;252;252;252m [0m[38;2;0;0;0;48;2;252;252;252m                                           [38;2;252;252;252;48;2;251;251;251m:[38;2;250;250;250m`[38;2;252;252;252;48;2;249;249;249m:[38;2;189;189;189;48;2;214;214;214m"[38;2;95;95;95;48;2;53;53;53mL[38;2;0;0;0;48;2;3;3;3m:[38;2;1;1;1;48;2;0;0;0m_       _[38;2;0;0;0;48;2;6;6;6m:[38;2;90;90;90;48;2;53;53;53my[38;2;113;113;113;48;2;197;197;197m~[38;2;233;233;233;48;2;246;246;246m~[38;2;248;248;248;48;2;251;251;251m` [38;2;252;252;252m:[48;2;252;252;252m                                                      [0m
[7m[38;2;252;252;252m [0m[38;2;0;0;0;48;2;252;252;252m                                            [38;2;252;252;252;48;2;251;251;251m.[38;2;249;249;249;48;2;250;250;250ml[38;2;252;252;252;48;2;237;237;237m:[38;2;162;162;162;48;2;129;129;129mL[38;2;41;41;41;48;2;20;20;20mL[38;2;1;1;1;48;2;0;0;0m.       [38;2;0;0;0;48;2;4;4;4m:[38;2;104;104;104;48;2;55;55;55m_[38;2;140;140;140;48;2;198;198;198m~[48;2;247;247;247m [38;2;250;250;250;48;2;251;251;251m~[38;2;252;252;252m:[48;2;252;252;252m                                                        [0m
[7m[38;2;252;252;252m [0m[38;2;0;0;0;48;2;252;252;252m                                        [38;2;252;252;252;48;2;251;251;251m:[38;2;250;250;250m,[38;2;253;253;253;48;2;252;252;252m,[38;2;250;250;250;48;2;251;251;251m=[38;2;253;253;253m_[48;2;250;250;250m_[48;2;246;246;246m:[38;2;180;180;180;48;2;199;199;199m~[38;2;72;72;72;48;2;37;37;37mL[48;2;0;0;0m       [38;2;0;0;0;48;2;4;4;4m:[38;2;82;82;82;48;2;51;51;51my[38;2;126;126;126;48;2;195;195;195m~[38;2;250;250;250;48;2;246;246;246m:[38;2;252;252;252;48;2;251;251;251m_:[48;2;252;252;252m                                                         [0m
[7m[38;2;252;252;252m [0m[38;2;0;0;0;48;2;252;252;252m                                      [38;2;252;252;252;48;2;251;251;251m:[38;2;250;250;250m,[38;2;252;252;252;48;2;247;247;247m`[38;2;150;150;150;48;2;223;223;223m_[38;2;72;72;72;48;2;175;175;175my[38;2;201;201;201;48;2;83;83;83m~[38;2;190;190;190;48;2;61;61;61m~[38;2;189;189;189;48;2;60;60;60m~[38;2;191;191;191;48;2;68;68;68m~[38;2;30;30;30;48;2;112;112;112my[38;2;73;73;73;48;2;34;34;34m~[38;2;0;0;0;48;2;3;3;3m:[48;2;0;0;0m     [48;2;8;8;8m:[38;2;140;140;140;48;2;61;61;61m_[38;2;134;134;134;48;2;200;200;200m~[38;2;252;252;252;48;2;247;247;247m:[38;2;250;250;250;48;2;251;251;251m?[38;2;252;252;252m:[48;2;252;252;252m                                                          [0m
[7m[38;2;252;252;252m [0m[38;2;0;0;0;48;2;252;252;252m                                      [38;2;252;252;252;48;2;251;251;251m`[48;2;249;249;249m:[38;2;206;206;206;48;2;217;217;217mu[38;2;109;109;109;48;2;63;63;63m`[38;2;0;0;0;48;2;5;5;5m:[38;2;3;3;3;48;2;0;0;0m~  [38;2;1;1;1m~~     _[38;2;0;0;0;48;2;10;10;10m:[38;2;108;108;108;48;2;77;77;77my[38;2;171;171;171;48;2;223;223;223m~[38;2;252;252;252;48;2;249;249;249m:[38;2;250;250;250;48;2;251;251;251mT[38;2;252;252;252m:[48;2;252;252;252m                                                           [0m
[7m[38;2;252;252;252m [0m[38;2;0;0;0;48;2;252;252;252m                                      [38;2;252;252;252;48;2;251;251;251m:[48;2;250;250;250m'[38;2;242;242;242;48;2;222;222;222m:[38;2;142;142;142;48;2;75;75;75m_[38;2;0;0;0;48;2;9;9;9m:[38;2;1;1;1;48;2;0;0;0m.         [38;2;2;2;2;48;2;1;1;1m^[38;2;0;0;0;48;2;34;34;34m:[38;2;118;118;118;48;2;151;151;151mF[38;2;237;237;237;48;2;243;243;243mL[38;2;249;249;249;48;2;250;250;250m1[38;2;252;252;252;48;2;251;251;251m:[48;2;252;252;252m                                                            [0m
[7m[38;2;252;252;252m [0m[38;2;0;0;0;48;2;252;252;252m                                      [38;2;252;252;252;48;2;251;251;251m:[38;2;250;250;250m~[38;2;251;251;251;48;2;248;248;248m:[38;2;181;181;181;48;2;215;215;215m~[38;2;116;116;116;48;2;67;67;67mL[38;2;0;0;0;48;2;8;8;8m:[38;2;1;1;1;48;2;0;0;0m_        y[38;2;53;53;53;48;2;36;36;36m4[38;2;141;141;141;48;2;166;166;166mL[38;2;239;239;239;48;2;245;245;245mL[48;2;250;250;250m [38;2;252;252;252;48;2;251;251;251m:[48;2;252;252;252m                                                            [0m
[7m[38;2;252;252;252m [0m[38;2;0;0;0;48;2;252;252;252m                                       [38;2;252;252;252;48;2;251;251;251m:_[48;2;246;246;246m:[38;2;166;166;166;48;2;198;198;198m~[38;2;77;77;77;48;2;39;39;39mL[38;2;0;0;0;48;2;1;1;1m:[48;2;0;0;0m        [38;2;1;1;1;48;2;8;8;8m:[38;2;137;137;137;48;2;63;63;63m_[38;2;151;151;151;48;2;201;201;201m~[38;2;252;252;252;48;2;247;247;247m:[48;2;251;251;251m_:[48;2;252;252;252m                                                            [0m
[7m[38;2;252;252;252m [0m[38;2;0;0;0;48;2;252;252;252m                                        [38;2;252;252;252;48;2;251;251;251m:[38;2;250;250;250mF[48;2;239;239;239m:[38;2;106;106;106;48;2;166;166;166m~[38;2;84;84;84;48;2;40;40;40m,[38;2;0;0;0;48;2;3;3;3m:[48;2;0;0;0m     [48;2;2;2;2m`[38;2;83;83;83;48;2;29;29;29m_[38;2;186;186;186;48;2;108;108;108my[38;2;170;170;170;48;2;226;226;226m~[38;2;251;251;251;48;2;248;248;248m:[48;2;251;251;251m [38;2;252;252;252m:[48;2;252;252;252m                                                             [0m
[7m[38;2;252;252;252m [0m[38;2;0;0;0;48;2;252;252;252m                                          [38;2;252;252;252;48;2;251;251;251m.[48;2;248;248;248m:[38;2;171;171;171;48;2;226;226;226m~[38;2;81;81;81;48;2;168;168;168m~[38;2;122;122;122;48;2;67;67;67mw[38;2;0;0;0;48;2;12;12;12m:[48;2;0;0;0m  [48;2;1;1;1m [38;2;44;44;44;48;2;25;25;25m4[38;2;159;159;159;48;2;127;127;127m4[38;2;250;250;250;48;2;239;239;239m:[38;2;249;249;249;48;2;250;250;250m![38;2;252;252;252;48;2;251;251;251m.[48;2;252;252;252m                                                               [0m
[7m[38;2;252;252;252m [0m[38;2;0;0;0;48;2;252;252;252m                                         [38;2;252;252;252;48;2;251;251;251m: [38;2;251;251;251;48;2;244;244;244m`[38;2;111;111;111;48;2;203;203;203m_[38;2;40;40;40;48;2;123;123;123my[38;2;80;80;80;48;2;23;23;23m`[38;2;0;0;0;48;2;1;1;1m:[48;2;0;0;0m   [38;2;4;4;4;48;2;1;1;1m`[38;2;67;67;67;48;2;48;48;48m4[38;2;151;151;151;48;2;187;187;187m_[38;2;252;252;252;48;2;246;246;246m`[48;2;250;250;250m [48;2;251;251;251m:[48;2;252;252;252m                                                              [0m
[7m[38;2;252;252;252m [0m[38;2;0;0;0;48;2;252;252;252m                                         [38;2;252;252;252;48;2;251;251;251m:[38;2;250;250;250m.[38;2;249;249;249;48;2;231;231;231m:[38;2;135;135;135;48;2;91;91;91m_[38;2;0;0;0;48;2;12;12;12m:[38;2;2;2;2;48;2;1;1;1m`[48;2;0;0;0m    [38;2;1;1;1m:[38;2;0;0;0;48;2;28;28;28m:[38;2;151;151;151;48;2;127;127;127m_[38;2;235;235;235;48;2;243;243;243mL[48;2;250;250;250m [38;2;252;252;252;48;2;251;251;251m:[48;2;252;252;252m                                                              [0m
[7m[38;2;252;252;252m [0m[38;2;0;0;0;48;2;252;252;252m                                         [38;2;252;252;252;48;2;251;251;251m:[38;2;250;250;250m"[38;2;251;251;251;48;2;247;247;247m:[38;2;177;177;177;48;2;219;219;219m~[38;2;181;181;181;48;2;104;104;104my[38;2;131;131;131;48;2;36;36;36m_[38;2;25;25;25;48;2;6;6;6m,[48;2;0;0;0m   [38;2;0;0;0;48;2;2;2;2m:[38;2;88;88;88;48;2;63;63;63mj[38;2;176;176;176;48;2;214;214;214m~[38;2;253;253;253;48;2;249;249;249m:[48;2;251;251;251m [38;2;252;252;252m:[48;2;252;252;252m                                                              [0m
[7m[38;2;252;252;252m [0m[38;2;0;0;0;48;2;252;252;252m                                            [38;2;251;251;251m`[48;2;248;248;248m:[38;2;188;188;188;48;2;234;234;234m~[38;2;130;130;130;48;2;205;205;205m~[38;2;136;136;136;48;2;89;89;89mL[38;2;0;0;0;48;2;16;16;16m:[38;2;1;1;1;48;2;5;5;5m`[38;2;75;75;75;48;2;22;22;22m_[38;2;85;85;85;48;2;118;118;118mE[38;2;222;222;222;48;2;236;236;236mL[38;2;253;253;253;48;2;251;251;251m.[38;2;252;252;252m`[48;2;252;252;252m                                                               [0m
[7m[38;2;252;252;252m [0m[38;2;0;0;0;48;2;252;252;252m                                             [38;2;252;252;252;48;2;251;251;251m:[38;2;249;249;249;48;2;250;250;250m"[38;2;253;253;253;48;2;244;244;244m'[38;2;153;153;153;48;2;188;188;188m~[38;2;111;111;111;48;2;51;51;51m_[38;2;21;21;21;48;2;40;40;40m$[38;2;144;144;144;48;2;121;121;121m4[38;2;195;195;195;48;2;232;232;232m`[38;2;236;236;236;48;2;246;246;246m"[48;2;252;252;252m                                                                 [0m
[7m[38;2;252;252;252m [0m[38;2;0;0;0;48;2;252;252;252m                                              [38;2;252;252;252;48;2;251;251;251m:[38;2;249;249;249m~[38;2;253;253;253;48;2;245;245;245m'[38;2;148;148;148;48;2;194;194;194m~[38;2;57;57;57;48;2;112;112;112mT[38;2;142;142;142;48;2;191;191;191m~[38;2;254;254;254;48;2;246;246;246m:[38;2;250;250;250;48;2;251;251;251m.[38;2;252;252;252m:[48;2;252;252;252m                                                                [0m
[7m[38;2;252;252;252m [0m[38;2;0;0;0;48;2;252;252;252m                                               [38;2;252;252;252;48;2;251;251;251m:[38;2;250;250;250m^[38;2;253;253;253;48;2;247;247;247m'[38;2;169;169;169;48;2;217;217;217m~[38;2;128;128;128;48;2;181;181;181mT[38;2;216;216;216;48;2;226;226;226m\[38;2;248;248;248;48;2;250;250;250mL[48;2;251;251;251m [48;2;252;252;252m                                                                [0m
[7m[38;2;252;252;252m [0m[38;2;0;0;0;48;2;252;252;252m                                                  [38;2;252;252;252;48;2;251;251;251m:[38;2;253;253;253m~[48;2;252;252;252m~[38;2;251;251;251m`                                                                 [0m
[7m[38;2;252;252;252m [0m[38;2;0;0;0;48;2;252;252;252m                                                                                                                       [0m
[7m[38;2;252;252;252m [0m[38;2;0;0;0;48;2;252;252;252m                                                                                                                       [0m
[7m[38;2;252;252;252m [0m[38;2;0;0;0;48;2;252;252;252m                                                                                                                       [0m
[7m[38;2;252;252;252m [0m[38;2;0;0;0;48;2;252;252;252m                                                                                                                       [0m
[7m[38;2;252;252;252m [0m[38;2;0;0;0;48;2;252;252;252m                                                                                                                       [0m
[7m[38;2;252;252;252m [0m[38;2;0;0;0;48;2;252;252;252m                                                                                                                       [0m
[7m[38;2;252;252;252m [0m[38;2;0;0;0;48;2;252;252;252m                                                                                                                       [0m
[7m[38;2;252;252;252m [0m[38;2;0;0;0;48;2;252;252;252m                                                                                                                       [0m
[7m[38;2;252;252;252m [0m[38;2;0;0;0;48;2;252;252;252m                                                                                                                       [0m
[7m[38;2;252;252;252m [0m[38;2;0;0;0;48;2;252;252;252m                                                                                                                       [0m
[7m[38;2;252;252;252m [0m[38;2;0;0;0;48;2;252;252;252m                                                                                                                       [0m
[7m[38;2;252;252;252m [0m[38;2;0;0;0;48;2;252;252;252m                                                                                                                       [0m
[?25h