[?25l[0m[38;2;32;32;32;48;2;32;32;32m  [38;2;33;33;33m.[48;2;33;33;33m [48;2;34;34;34m [48;2;35;35;35m [48;2;37;37;37m [48;2;38;38;38m [48;2;39;39;39m  [48;2;40;40;40m [48;2;41;41;41m [48;2;42;42;42m  [48;2;44;44;44m [48;2;45;45;45m [48;2;46;46;46m [48;2;48;48;48m [38;2;50;50;50;48;2;49;49;49m4[48;2;54;54;54m [48;2;60;60;60m [48;2;65;65;65m [38;2;70;70;70;48;2;71;71;71m$[38;2;78;78;78;48;2;79;79;79ml[38;2;86;86;86;48;2;88;88;88mF[38;2;95;95;95;48;2;97;97;97mF[38;2;106;106;106;48;2;108;108;108mF[38;2;117;117;117;48;2;119;119;119mF[38;2;144;144;144;48;2;139;139;139m4[38;2;189;189;189;48;2;194;194;194m$[38;2;239;239;239;48;2;242;242;242mL[38;2;252;252;252;48;2;251;251;251m:[48;2;252;252;252m                                                        [48;2;251;251;251m:[38;2;253;253;253;48;2;252;252;252m:[38;2;234;234;234;48;2;239;239;239m`[38;2;198;198;198;48;2;183;183;183mL[38;2;140;140;140;48;2;129;129;129mL[38;2;106;106;106;48;2;101;101;101mL[38;2;87;87;87;48;2;84;84;84mL[38;2;71;71;71;48;2;69;69;69mL[38;2;60;60;60;48;2;59;59;59mL[38;2;52;52;52;48;2;50;50;50mL[38;2;44;44;44;48;2;42;42;42mL[38;2;35;35;35;48;2;33;33;33mL[38;2;28;28;28;48;2;27;27;27mL[48;2;25;25;25m [48;2;21;21;21m [48;2;19;19;19m [48;2;17;17;17m [38;2;16;16;16;48;2;15;15;15m:[38;2;15;15;15;48;2;14;14;14m:[48;2;13;13;13m [38;2;12;12;12;48;2;11;11;11m:    [38;2;11;11;11;48;2;10;10;10m:[38;2;10;10;10;48;2;9;9;9m: [38;2;9;9;9;48;2;8;8;8m:  [38;2;8;8;8;48;2;7;7;7m:[0m
[7m[38;2;32;32;32m [0m[38;2;0;0;0;48;2;32;32;32m  [48;2;33;33;33m [48;2;34;34;34m [48;2;35;35;35m [48;2;37;37;37m [48;2;38;38;38m [48;2;39;39;39m  [48;2;40;40;40m [48;2;41;41;41m [48;2;42;42;42m [38;2;44;44;44;48;2;43;43;43m_[48;2;44;44;44m [38;2;46;46;46;48;2;45;45;45m.[48;2;46;46;46m [48;2;48;48;48m [48;2;50;50;50m [48;2;54;54;54m [38;2;60;60;60;48;2;59;59;59m_[38;2;65;65;65;48;2;64;64;64m_[38;2;69;69;69;48;2;71;71;71mF[38;2;78;78;78;48;2;81;81;81mF[48;2;90;90;90m [38;2;98;98;98;48;2;99;99;99ml[38;2;108;108;108;48;2;109;109;109ml[38;2;121;121;121;48;2;119;119;119m4[38;2;137;137;137;48;2;147;147;147mF[38;2;194;194;194;48;2;200;200;200ml[38;2;242;242;242;48;2;244;244;244mL[38;2;253;253;253;48;2;252;252;252m.                                                         ^[38;2;246;246;246;48;2;244;244;244m:[38;2;198;198;198;48;2;193;193;193m$[38;2;147;147;147;48;2;137;137;137mL[38;2;109;109;109;48;2;107;107;107ml[38;2;88;88;88;48;2;87;87;87m$[38;2;73;73;73;48;2;70;70;70mL[38;2;62;62;62;48;2;60;60;60mL[38;2;52;52;52;48;2;51;51;51ml[38;2;46;46;46;48;2;44;44;44m.[38;2;33;33;33;48;2;35;35;35m4[48;2;28;28;28m [38;2;26;26;26;48;2;25;25;25m.[38;2;23;23;23;48;2;22;22;22m|[48;2;19;19;19m [48;2;17;17;17m [38;2;16;16;16;48;2;15;15;15m:[38;2;15;15;15;48;2;14;14;14m:[48;2;13;13;13m [38;2;12;12;12;48;2;11;11;11m: ,  [38;2;11;11;11;48;2;10;10;10m:[38;2;10;10;10;48;2;9;9;9m: [38;2;9;9;9;48;2;8;8;8m:_[38;2;8;8;8;48;2;7;7;7m:_[0m
[7m[38;2;32;32;32m [0m[38;2;0;0;0;48;2;32;32;32m  [48;2;33;33;33m [48;2;34;34;34m [48;2;35;35;35m [48;2;37;37;37m [48;2;38;38;38m [48;2;39;39;39m [38;2;40;40;40m_[48;2;40;40;40m [48;2;41;41;41m [38;2;43;43;43;48;2;42;42;42m=[48;2;44;44;44m [38;2;45;45;45m_[38;2;47;47;47;48;2;46;46;46m_[48;2;47;47;47m [48;2;48;48;48m [48;2;49;49;49m [38;2;54;54;54;48;2;53;53;53m`[38;2;60;60;60;48;2;59;59;59m4[38;2;66;66;66;48;2;65;65;65m4[38;2;70;70;70;48;2;72;72;72mL[38;2;79;79;79;48;2;81;81;81mL[48;2;90;90;90m [38;2;98;98;98;48;2;99;99;99ml[38;2;108;108;108;48;2;109;109;109ml[38;2;119;119;119;48;2;120;120;120m$[38;2;151;151;151;48;2;144;144;144m4[38;2;197;197;197;48;2;202;202;202m$[38;2;243;243;243;48;2;245;245;245mL[38;2;253;253;253;48;2;252;252;252m:                                                         ,[38;2;247;247;247;48;2;243;243;243m'[38;2;198;198;198;48;2;193;193;193m$[38;2;146;146;146;48;2;137;137;137mF[38;2;109;109;109;48;2;106;106;106m[[38;2;89;89;89;48;2;88;88;88ml[38;2;73;73;73;48;2;72;72;72m|[38;2;62;62;62;48;2;60;60;60mF[38;2;52;52;52;48;2;51;51;51ml[38;2;45;45;45;48;2;44;44;44m:[38;2;34;34;34;48;2;36;36;36m4[38;2;28;28;28;48;2;27;27;27mF[48;2;25;25;25m [38;2;20;20;20;48;2;22;22;22m_[48;2;19;19;19m [48;2;17;17;17m [38;2;16;16;16;48;2;15;15;15m:[38;2;15;15;15;48;2;14;14;14m:[48;2;13;13;13m [48;2;12;12;12m [38;2;12;12;12;48;2;11;11;11m:   [38;2;11;11;11;48;2;10;10;10m:[38;2;10;10;10;48;2;9;9;9m:  [48;2;8;8;8m  [38;2;8;8;8;48;2;7;7;7m:[0m
[7m[38;2;32;32;32m [0m[38;2;0;0;0;48;2;32;32;32m  [38;2;33;33;33m:[48;2;33;33;33m [48;2;35;35;35m [48;2;37;37;37m [38;2;39;39;39;48;2;38;38;38m4[48;2;40;40;40m [38;2;41;41;41m.:[48;2;41;41;41m [38;2;42;42;42m`[38;2;43;43;43;48;2;42;42;42m4[48;2;45;45;45m [38;2;47;47;47;48;2;46;46;46m.[48;2;47;47;47m [48;2;48;48;48m [38;2;50;50;50;48;2;49;49;49m4[38;2;53;53;53;48;2;54;54;54m[[38;2;59;59;59;48;2;58;58;58m4[38;2;62;62;62;48;2;63;63;63mL[38;2;67;67;67;48;2;69;69;69mL[38;2;76;76;76;48;2;78;78;78m[[38;2;90;90;90;48;2;89;89;89m4[38;2;99;99;99;48;2;97;97;97m4[38;2;105;105;105;48;2;107;107;107mL[38;2;115;115;115;48;2;117;117;117mL[38;2;143;143;143;48;2;136;136;136m4[38;2;176;176;176;48;2;192;192;192mL[38;2;233;233;233;48;2;239;239;239m,[38;2;254;254;254;48;2;252;252;252m.[38;2;252;252;252;48;2;251;251;251m:[48;2;252;252;252m                                                        [38;2;253;253;253;48;2;251;251;251m`[38;2;233;233;233;48;2;238;238;238m_[38;2;196;196;196;48;2;180;180;180mF[38;2;138;138;138;48;2;128;128;128mF[38;2;106;106;106;48;2;102;102;102mF[38;2;87;87;87;48;2;86;86;86ml[38;2;72;72;72;48;2;70;70;70mF[38;2;60;60;60;48;2;58;58;58mF[38;2;51;51;51;48;2;49;49;49mF[38;2;43;43;43;48;2;42;42;42mF[38;2;35;35;35;48;2;34;34;34m|[48;2;28;28;28m [48;2;25;25;25m [38;2;21;21;21;48;2;20;20;20mF[48;2;18;18;18m [48;2;17;17;17m [38;2;16;16;16;48;2;15;15;15m:[38;2;15;15;15;48;2;14;14;14m:[48;2;13;13;13m [48;2;12;12;12m [38;2;12;12;12;48;2;11;11;11m:   [38;2;11;11;11;48;2;10;10;10m:[38;2;10;10;10;48;2;9;9;9m: [38;2;9;9;9;48;2;8;8;8m::[38;2;8;8;8;48;2;7;7;7m:`[0m
[38;2;31;31;31;48;2;31;31;31m [38;2;32;32;32m:[48;2;32;32;32m  [48;2;33;33;33m [48;2;35;35;35m [48;2;37;37;37m [38;2;39;39;39;48;2;38;38;38m`[38;2;41;41;41;48;2;40;40;40m" ~`[38;2;42;42;42;48;2;41;41;41m~[38;2;43;43;43;48;2;42;42;42m`[38;2;44;44;44;48;2;43;43;43m~[38;2;46;46;46;48;2;45;45;45m"[48;2;46;46;46m [38;2;48;48;48;48;2;47;47;47m`[48;2;49;49;49m [38;2;54;54;54;48;2;52;52;52m"[38;2;56;56;56;48;2;57;57;57mL[38;2;60;60;60;48;2;61;61;61mL[38;2;67;67;67;48;2;66;66;66m4[38;2;76;76;76;48;2;74;74;74m4[38;2;85;85;85;48;2;87;87;87mL[38;2;94;94;94;48;2;95;95;95mL[38;2;104;104;104;48;2;103;103;103m4[38;2;110;110;110;48;2;112;112;112m[[38;2;130;130;130;48;2;127;127;127m"[38;2;170;170;170;48;2;161;161;161m4[38;2;208;208;208;48;2;221;221;221mL[38;2;254;254;254;48;2;250;250;250m`[48;2;252;252;252m                                                        [38;2;252;252;252;48;2;251;251;251m:[48;2;248;248;248m`[38;2;209;209;209;48;2;219;219;219my[38;2;168;168;168;48;2;153;153;153mF[38;2;123;123;123;48;2;113;113;113m~[38;2;100;100;100;48;2;95;95;95m~[38;2;83;83;83;48;2;80;80;80mF[38;2;69;69;69;48;2;66;66;66mF[38;2;58;58;58;48;2;55;55;55mF[38;2;49;49;49;48;2;47;47;47mF[38;2;41;41;41;48;2;40;40;40mF[38;2;34;34;34;48;2;31;31;31mF[38;2;28;28;28;48;2;27;27;27mF[38;2;25;25;25;48;2;24;24;24mF[48;2;21;21;21m [48;2;18;18;18m [38;2;17;17;17;48;2;16;16;16m:[48;2;15;15;15m [38;2;15;15;15;48;2;14;14;14m`[38;2;13;13;13;48;2;12;12;12m` [38;2;12;12;12;48;2;11;11;11m:  [38;2;11;11;11;48;2;10;10;10m:^[38;2;10;10;10;48;2;9;9;9m: [38;2;9;9;9;48;2;8;8;8m:~[38;2;8;8;8;48;2;7;7;7m. [0m
[7m[38;2;31;31;31m [0m[38;2;0;0;0;48;2;31;31;31m [48;2;32;32;32m  [48;2;33;33;33m [48;2;35;35;35m [48;2;37;37;37m [48;2;38;38;38m [48;2;40;40;40m     [48;2;41;41;41m [48;2;42;42;42m [48;2;44;44;44m [48;2;45;45;45m [38;2;47;47;47;48;2;46;46;46m:[48;2;48;48;48m [38;2;51;51;51;48;2;50;50;50m`[48;2;55;55;55m [48;2;59;59;59m [38;2;63;63;63;48;2;64;64;64mL[38;2;72;72;72;48;2;71;71;71m4[38;2;79;79;79;48;2;81;81;81mL[38;2;91;91;91;48;2;89;89;89m~[38;2;96;96;96;48;2;98;98;98mL[38;2;105;105;105;48;2;108;108;108mL[38;2;120;120;120;48;2;118;118;118m4[38;2;146;146;146;48;2;139;139;139m"[38;2;170;170;170;48;2;189;189;189mL[38;2;224;224;224;48;2;238;238;238m_[38;2;253;253;253;48;2;252;252;252m:                                                       [38;2;252;252;252;48;2;250;250;250m`[38;2;217;217;217;48;2;233;233;233m_[38;2;195;195;195;48;2;179;179;179mF[38;2;138;138;138;48;2;126;126;126mF[38;2;108;108;108;48;2;100;100;100m~[38;2;90;90;90;48;2;86;86;86m~[38;2;72;72;72;48;2;75;75;75my[38;2;64;64;64;48;2;61;61;61mF[38;2;53;53;53;48;2;50;50;50mF[38;2;44;44;44;48;2;43;43;43mP[38;2;34;34;34;48;2;36;36;36m_[38;2;30;30;30;48;2;28;28;28m~[38;2;26;26;26;48;2;24;24;24m~[38;2;23;23;23;48;2;22;22;22mF[38;2;21;21;21;48;2;19;19;19m~[38;2;18;18;18;48;2;17;17;17m~[38;2;17;17;17;48;2;16;16;16m`[38;2;16;16;16;48;2;15;15;15m:[38;2;15;15;15;48;2;14;14;14m:[48;2;13;13;13m [48;2;12;12;12m [38;2;12;12;12;48;2;11;11;11m:  [38;2;11;11;11;48;2;10;10;10m: [38;2;10;10;10;48;2;9;9;9m: [38;2;9;9;9;48;2;8;8;8m:[38;2;8;8;8;48;2;7;7;7m:  [0m
[38;2;31;31;31;48;2;30;30;30m~[48;2;31;31;31m [38;2;32;32;32m:[48;2;32;32;32m [38;2;34;34;34;48;2;33;33;33m`[38;2;35;35;35m"[38;2;37;37;37;48;2;34;34;34m~[38;2;35;35;35;48;2;36;36;36mw[38;2;39;39;39;48;2;38;38;38m~[38;2;40;40;40m~[48;2;39;39;39m~`[38;2;41;41;41;48;2;40;40;40m~`[38;2;42;42;42m~[38;2;43;43;43;48;2;42;42;42m~[38;2;45;45;45;48;2;44;44;44m"[38;2;46;46;46;48;2;45;45;45m`[38;2;47;47;47;48;2;46;46;46m`[38;2;50;50;50;48;2;49;49;49m`[38;2;54;54;54;48;2;52;52;52m~[48;2;56;56;56my[38;2;56;56;56;48;2;60;60;60m_[38;2;63;63;63;48;2;67;67;67m_[38;2;71;71;71;48;2;75;75;75m_[38;2;85;85;85;48;2;83;83;83m~[38;2;89;89;89;48;2;92;92;92mL[38;2;97;97;97;48;2;102;102;102m_[38;2;108;108;108;48;2;112;112;112m_[38;2;126;126;126;48;2;121;121;121m"[38;2;157;157;157;48;2;145;145;145m"[38;2;169;169;169;48;2;199;199;199m_[38;2;227;227;227;48;2;242;242;242m_[38;2;252;252;252;48;2;251;251;251m: [48;2;252;252;252m                                                    [48;2;251;251;251m:[38;2;226;226;226;48;2;237;237;237my[38;2;209;209;209;48;2;181;181;181m~[38;2;155;155;155;48;2;133;133;133m~[38;2;114;114;114;48;2;105;105;105m~[38;2;92;92;92;48;2;87;87;87m~[38;2;81;81;81;48;2;76;76;76m~[38;2;69;69;69;48;2;65;65;65m~[38;2;55;55;55;48;2;52;52;52mF[38;2;47;47;47;48;2;44;44;44m~[38;2;39;39;39;48;2;38;38;38mF[38;2;33;33;33;48;2;32;32;32mF[38;2;27;27;27;48;2;26;26;26m[[48;2;23;23;23m [48;2;20;20;20m [48;2;18;18;18m [48;2;16;16;16m [38;2;16;16;16;48;2;15;15;15m~[38;2;15;15;15;48;2;14;14;14m~"[48;2;13;13;13m [38;2;13;13;13;48;2;12;12;12m:[38;2;12;12;12;48;2;11;11;11m:  [38;2;11;11;11;48;2;10;10;10m: [38;2;10;10;10;48;2;9;9;9m: [38;2;9;9;9;48;2;8;8;8m:[38;2;8;8;8;48;2;7;7;7m: [48;2;6;6;6m [0m
[7m[38;2;30;30;30m [0m[38;2;0;0;0;48;2;30;30;30m [48;2;31;31;31m [48;2;32;32;32m [48;2;33;33;33m   [38;2;34;34;34;48;2;35;35;35m$[48;2;37;37;37m [38;2;38;38;38m`.[38;2;39;39;39;48;2;38;38;38m`[38;2;40;40;40;48;2;39;39;39m`[48;2;40;40;40m  [38;2;41;41;41;48;2;42;42;42m_[38;2;42;42;42;48;2;43;43;43m_[38;2;43;43;43;48;2;44;44;44m_[48;2;46;46;46m [38;2;46;46;46;48;2;48;48;48m_[38;2;49;49;49;48;2;50;50;50m_[38;2;53;53;53;48;2;52;52;52m"[38;2;56;56;56;48;2;55;55;55m4[38;2;62;62;62;48;2;61;61;61m4[38;2;70;70;70;48;2;68;68;68m~[38;2;78;78;78;48;2;75;75;75m~[38;2;80;80;80;48;2;83;83;83mL[38;2;94;94;94;48;2;91;91;91m~[38;2;99;99;99;48;2;102;102;102mL[38;2;114;114;114;48;2;111;111;111m~[38;2;127;127;127;48;2;121;121;121m~[38;2;157;157;157;48;2;141;141;141m"[48;2;191;191;191m_[38;2;213;213;213;48;2;236;236;236m_[38;2;251;251;251;48;2;250;250;250m:[38;2;252;252;252;48;2;251;251;251m:[48;2;252;252;252m    [48;2;251;251;251m:[48;2;252;252;252m                                            [48;2;251;251;251m:[48;2;250;250;250m [38;2;207;207;207;48;2;232;232;232m_[38;2;164;164;164;48;2;190;190;190my[38;2;157;157;157;48;2;134;134;134m~[38;2;118;118;118;48;2;106;106;106m~[38;2;97;97;97;48;2;87;87;87m~[38;2;71;71;71;48;2;77;77;77my[48;2;64;64;64m~[38;2;52;52;52;48;2;57;57;57my[38;2;49;49;49;48;2;45;45;45mF[38;2;36;36;36;48;2;40;40;40m_[48;2;33;33;33mF[38;2;30;30;30;48;2;28;28;28mF[38;2;25;25;25;48;2;24;24;24mF[38;2;22;22;22;48;2;21;21;21mF[38;2;19;19;19;48;2;18;18;18mF[38;2;18;18;18;48;2;17;17;17m`[38;2;16;16;16;48;2;15;15;15mF[48;2;14;14;14m  [38;2;14;14;14;48;2;13;13;13m:.[38;2;13;13;13;48;2;12;12;12mL[38;2;12;12;12;48;2;11;11;11m:  [38;2;11;11;11;48;2;10;10;10m: [38;2;10;10;10;48;2;9;9;9m: [38;2;9;9;9;48;2;8;8;8m.[38;2;8;8;8;48;2;7;7;7m: [48;2;6;6;6m [0m
[7m[38;2;29;29;29m [0m[38;2;30;30;30;48;2;29;29;29m:[48;2;30;30;30m [48;2;31;31;31m [48;2;32;32;32m  [38;2;33;33;33m`[48;2;34;34;34mL[48;2;37;37;37m   [48;2;38;38;38m [38;2;39;39;39m`[48;2;39;39;39m [48;2;40;40;40m  [38;2;42;42;42m`[48;2;42;42;42m [38;2;43;43;43m`[38;2;45;45;45;48;2;43;43;43m~[38;2;48;48;48;48;2;47;47;47m^[38;2;50;50;50;48;2;48;48;48m~[38;2;52;52;52;48;2;50;50;50m~[38;2;58;58;58;48;2;56;56;56m`[38;2;63;63;63;48;2;61;61;61m~[38;2;69;69;69;48;2;66;66;66m~[38;2;76;76;76;48;2;72;72;72m~[38;2;78;78;78;48;2;82;82;82my[38;2;84;84;84;48;2;91;91;91m_[38;2;94;94;94;48;2;100;100;100m_[38;2;104;104;104;48;2;109;109;109m_[38;2;120;120;120;48;2;117;117;117m~[38;2;144;144;144;48;2;132;132;132m"[38;2;153;153;153;48;2;176;176;176mL[38;2;188;188;188;48;2;225;225;225m_[38;2;240;240;240;48;2;248;248;248m,[38;2;253;253;253;48;2;252;252;252m.                                              [38;2;252;252;252;48;2;251;251;251m:[48;2;250;250;250m`[38;2;229;229;229;48;2;244;244;244m_[38;2;179;179;179;48;2;215;215;215m_[38;2;195;195;195;48;2;159;159;159m~[38;2;143;143;143;48;2;120;120;120m~[38;2;113;113;113;48;2;101;101;101m~[38;2;95;95;95;48;2;87;87;87m~[38;2;77;77;77;48;2;73;73;73mF[38;2;59;59;59;48;2;63;63;63my[38;2;57;57;57;48;2;53;53;53m~[38;2;48;48;48;48;2;46;46;46mF[38;2;39;39;39;48;2;37;37;37mF[38;2;34;34;34;48;2;32;32;32m~[38;2;30;30;30;48;2;29;29;29mF[38;2;26;26;26;48;2;25;25;25mF[48;2;23;23;23m [48;2;20;20;20m [48;2;18;18;18m [38;2;17;17;17;48;2;16;16;16m:[48;2;15;15;15m [48;2;14;14;14m  [48;2;13;13;13m [38;2;13;13;13;48;2;12;12;12m` [38;2;12;12;12;48;2;11;11;11m: [38;2;11;11;11;48;2;10;10;10m:`[38;2;10;10;10;48;2;9;9;9m~ [48;2;8;8;8m [38;2;8;8;8;48;2;7;7;7m:  [48;2;6;6;6m [0m
[38;2;27;27;27;48;2;28;28;28my[38;2;28;28;28;48;2;29;29;29mL[38;2;31;31;31;48;2;30;30;30m`~[38;2;30;30;30;48;2;31;31;31m_ [38;2;32;32;32m:[38;2;34;34;34;48;2;33;33;33m"[48;2;36;36;36myyy [48;2;37;37;37m [38;2;39;39;39;48;2;38;38;38m`[38;2;40;40;40;48;2;39;39;39m``"[48;2;40;40;40m [48;2;41;41;41m [38;2;42;42;42m4[38;2;45;45;45;48;2;44;44;44m`[38;2;47;47;47;48;2;45;45;45m`[38;2;49;49;49;48;2;47;47;47m`[38;2;53;53;53;48;2;50;50;50m~[48;2;55;55;55my[38;2;56;56;56;48;2;59;59;59my[38;2;65;65;65;48;2;62;62;62m~[38;2;71;71;71;48;2;68;68;68m~[38;2;81;81;81;48;2;76;76;76m~[38;2;90;90;90;48;2;84;84;84m~[38;2;89;89;89;48;2;94;94;94my[38;2;98;98;98;48;2;103;103;103my[38;2;116;116;116;48;2;111;111;111m~[38;2;132;132;132;48;2;123;123;123m"[38;2;167;167;167;48;2;144;144;144m~[38;2;165;165;165;48;2;194;194;194my[38;2;194;194;194;48;2;231;231;231m_[38;2;235;235;235;48;2;249;249;249m_[38;2;252;252;252;48;2;251;251;251m`[48;2;252;252;252m                                          [48;2;251;251;251m:`[38;2;231;231;231;48;2;247;247;247m_[38;2;187;187;187;48;2;225;225;225m_[38;2;157;157;157;48;2;188;188;188my[38;2;168;168;168;48;2;136;136;136m~[38;2;125;125;125;48;2;108;108;108m~[38;2;101;101;101;48;2;91;91;91m~[38;2;87;87;87;48;2;79;79;79m~[38;2;77;77;77;48;2;69;69;69m~[38;2;66;66;66;48;2;60;60;60m~[38;2;56;56;56;48;2;51;51;51m~[38;2;44;44;44;48;2;46;46;46my[38;2;36;36;36;48;2;39;39;39my[38;2;35;35;35;48;2;30;30;30m~[38;2;29;29;29;48;2;26;26;26m~[38;2;26;26;26;48;2;24;24;24m~[38;2;24;24;24;48;2;22;22;22m"[38;2;21;21;21;48;2;19;19;19m~[38;2;20;20;20;48;2;18;18;18m`[48;2;17;17;17m [38;2;17;17;17;48;2;16;16;16m`[38;2;15;15;15;48;2;14;14;14m: [48;2;13;13;13m [38;2;13;13;13;48;2;12;12;12m~[48;2;11;11;11m   [38;2;11;11;11;48;2;10;10;10m: [38;2;10;10;10;48;2;9;9;9m:[38;2;9;9;9;48;2;8;8;8m:  [38;2;8;8;8;48;2;7;7;7m~[48;2;6;6;6m [38;2;6;6;6;48;2;5;5;5m~`[0m
[38;2;27;27;27;48;2;26;26;26m~[38;2;28;28;28;48;2;27;27;27m~[48;2;28;28;28m [48;2;29;29;29m [48;2;30;30;30m  [48;2;31;31;31m [48;2;32;32;32m [48;2;33;33;33m   [38;2;35;35;35;48;2;34;34;34m`[38;2;37;37;37;48;2;35;35;35m~[38;2;34;34;34;48;2;36;36;36m_[38;2;35;35;35;48;2;37;37;37m_[38;2;39;39;39;48;2;38;38;38m~[48;2;39;39;39m [48;2;40;40;40m [48;2;41;41;41m [38;2;42;42;42m`[38;2;43;43;43;48;2;42;42;42m~[48;2;44;44;44m [38;2;47;47;47;48;2;46;46;46m"[38;2;49;49;49;48;2;47;47;47m`[38;2;51;51;51;48;2;48;48;48m~[38;2;50;50;50;48;2;52;52;52my[38;2;57;57;57;48;2;55;55;55m"[38;2;62;62;62;48;2;60;60;60m"[38;2;67;67;67;48;2;65;65;65m~[38;2;74;74;74;48;2;71;71;71m~[38;2;83;83;83;48;2;78;78;78m~[38;2;92;92;92;48;2;86;86;86m~[38;2;91;91;91;48;2;97;97;97my[38;2;101;101;101;48;2;106;106;106my[38;2;121;121;121;48;2;113;113;113m~[38;2;136;136;136;48;2;124;124;124m"[38;2;168;168;168;48;2;144;144;144m~[38;2;158;158;158;48;2;188;188;188my[38;2;173;173;173;48;2;223;223;223m_[38;2;222;222;222;48;2;245;245;245m_[38;2;252;252;252;48;2;251;251;251m:[38;2;251;251;251;48;2;252;252;252m-                                     [38;2;253;253;253m,[38;2;252;252;252;48;2;250;250;250m`[38;2;223;223;223;48;2;243;243;243m_[38;2;176;176;176;48;2;220;220;220m_[38;2;151;151;151;48;2;186;186;186my[38;2;171;171;171;48;2;135;135;135m~[38;2;129;129;129;48;2;110;110;110m~[38;2;107;107;107;48;2;95;95;95m~[38;2;79;79;79;48;2;86;86;86my[38;2;64;64;64;48;2;75;75;75m_[38;2;60;60;60;48;2;66;66;66my[38;2;62;62;62;48;2;55;55;55m~[38;2;54;54;54;48;2;48;48;48m~[38;2;46;46;46;48;2;41;41;41m~[38;2;34;34;34;48;2;37;37;37my[38;2;35;35;35;48;2;30;30;30m~[38;2;28;28;28;48;2;25;25;25m~[38;2;25;25;25;48;2;24;24;24m`[48;2;23;23;23m [48;2;22;22;22m [48;2;19;19;19m [48;2;17;17;17m [38;2;16;16;16;48;2;15;15;15m^[38;2;13;13;13;48;2;14;14;14m_[38;2;14;14;14;48;2;13;13;13m~[48;2;12;12;12m~[38;2;12;12;12;48;2;11;11;11m^   [38;2;11;11;11;48;2;10;10;10m:^[38;2;10;10;10;48;2;9;9;9m:.[38;2;9;9;9;48;2;8;8;8m: [38;2;8;8;8;48;2;7;7;7m: [48;2;6;6;6m [48;2;5;5;5m  [0m
[7m[38;2;26;26;26m [0m[38;2;27;27;27;48;2;26;26;26m`[38;2;28;28;28m`[38;2;29;29;29;48;2;28;28;28m~[38;2;30;30;30;48;2;29;29;29m~:[38;2;31;31;31;48;2;30;30;30m~[38;2;32;32;32;48;2;31;31;31m"[38;2;33;33;33;48;2;32;32;32m~~:[38;2;34;34;34;48;2;33;33;33m`  [38;2;35;35;35;48;2;34;34;34m?[48;2;36;36;36my[38;2;36;36;36;48;2;37;37;37m_[48;2;38;38;38m [38;2;40;40;40;48;2;39;39;39m~[38;2;41;41;41;48;2;40;40;40m`[38;2;42;42;42;48;2;41;41;41m~[38;2;41;41;41;48;2;43;43;43m_[38;2;43;43;43;48;2;44;44;44myy[48;2;45;45;45m_[38;2;48;48;48;48;2;46;46;46m~[38;2;51;51;51;48;2;48;48;48m~[38;2;55;55;55;48;2;50;50;50m~[38;2;52;52;52;48;2;57;57;57my[38;2;65;65;65;48;2;60;60;60m~[38;2;71;71;71;48;2;65;65;65m~[38;2;68;68;68;48;2;73;73;73my[38;2;74;74;74;48;2;80;80;80my[38;2;82;82;82;48;2;88;88;88my[38;2;89;89;89;48;2;96;96;96my[38;2;100;100;100;48;2;107;107;107my[38;2;107;107;107;48;2;115;115;115my[38;2;133;133;133;48;2;121;121;121m~[38;2;157;157;157;48;2;136;136;136m~[38;2;197;197;197;48;2;161;161;161m~[38;2;152;152;152;48;2;201;201;201m_[38;2;183;183;183;48;2;229;229;229m_[38;2;219;219;219;48;2;245;245;245m_[38;2;243;243;243;48;2;251;251;251m_[38;2;252;252;252m:[38;2;253;253;253;48;2;252;252;252m_                             [38;2;252;252;252;48;2;251;251;251m:`[38;2;238;238;238;48;2;250;250;250m_[38;2;217;217;217;48;2;244;244;244m_[38;2;181;181;181;48;2;226;226;226m_[38;2;161;161;161;48;2;198;198;198my[38;2;199;199;199;48;2;149;149;149m~[38;2;158;158;158;48;2;124;124;124m~[38;2;124;124;124;48;2;104;104;104m~[38;2;104;104;104;48;2;91;91;91m~[38;2;92;92;92;48;2;81;81;81m~[38;2;82;82;82;48;2;72;72;72m~[38;2;71;71;71;48;2;64;64;64m~[38;2;61;61;61;48;2;55;55;55m~[38;2;53;53;53;48;2;48;48;48m~[38;2;47;47;47;48;2;43;43;43m~[38;2;40;40;40;48;2;36;36;36m~[38;2;36;36;36;48;2;31;31;31m~[38;2;31;31;31;48;2;28;28;28m~[38;2;26;26;26;48;2;24;24;24m~[38;2;23;23;23;48;2;22;22;22m~ [38;2;22;22;22;48;2;21;21;21mF[38;2;20;20;20;48;2;18;18;18m~[38;2;19;19;19;48;2;17;17;17m`[38;2;17;17;17;48;2;16;16;16m:[38;2;15;15;15;48;2;14;14;14m.[38;2;13;13;13;48;2;12;12;12mL  [38;2;12;12;12;48;2;11;11;11m:   [38;2;11;11;11;48;2;10;10;10m: [38;2;10;10;10;48;2;9;9;9m: [38;2;9;9;9;48;2;8;8;8m: [38;2;8;8;8;48;2;7;7;7m: [48;2;6;6;6m [48;2;5;5;5m  [0m
[38;2;26;26;26;48;2;25;25;25m..[48;2;26;26;26m [48;2;27;27;27m [38;2;27;27;27;48;2;28;28;28m_[48;2;29;29;29m_[38;2;28;28;28m_[38;2;31;31;31;48;2;30;30;30m`~~[48;2;32;32;32my   [38;2;33;33;33m:[38;2;34;34;34;48;2;33;33;33m:[38;2;35;35;35;48;2;34;34;34m~[38;2;37;37;37;48;2;35;35;35m~[38;2;34;34;34;48;2;37;37;37m_[38;2;35;35;35;48;2;38;38;38m_ [38;2;38;38;38;48;2;39;39;39m_[38;2;41;41;41;48;2;40;40;40m"[38;2;42;42;42m`[38;2;41;41;41m~[38;2;44;44;44;48;2;41;41;41m~[38;2;45;45;45;48;2;42;42;42m~[38;2;46;46;46;48;2;44;44;44m~[38;2;48;48;48;48;2;46;46;46m~[38;2;52;52;52;48;2;48;48;48m~[38;2;56;56;56;48;2;52;52;52m~[38;2;61;61;61;48;2;57;57;57m~[38;2;67;67;67;48;2;62;62;62m~[38;2;65;65;65;48;2;69;69;69my[38;2;80;80;80;48;2;74;74;74m~[38;2;78;78;78;48;2;84;84;84my[38;2;96;96;96;48;2;88;88;88m~[38;2;103;103;103;48;2;94;94;94m~[38;2;112;112;112;48;2;102;102;102m~[38;2;125;125;125;48;2;112;112;112m~[38;2;135;135;135;48;2;121;121;121m~[38;2;156;156;156;48;2;134;134;134m~[38;2;192;192;192;48;2;154;154;154m~[38;2;157;157;157;48;2;194;194;194my[38;2;158;158;158;48;2;217;217;217m_[38;2;184;184;184;48;2;235;235;235m_[38;2;215;215;215;48;2;244;244;244m_[38;2;242;242;242;48;2;250;250;250m_[38;2;252;252;252;48;2;251;251;251m:[48;2;252;252;252m                     [38;2;253;253;253m__[38;2;252;252;252;48;2;251;251;251m:[38;2;238;238;238;48;2;249;249;249m_[38;2;215;215;215;48;2;244;244;244m_[38;2;182;182;182;48;2;232;232;232m_[38;2;152;152;152;48;2;212;212;212m_[38;2;150;150;150;48;2;189;189;189my[38;2;196;196;196;48;2;148;148;148m~[38;2;158;158;158;48;2;126;126;126m~[38;2;128;128;128;48;2;108;108;108m~[38;2;109;109;109;48;2;95;95;95m~[38;2;101;101;101;48;2;87;87;87m~[38;2;88;88;88;48;2;76;76;76m~[38;2;76;76;76;48;2;67;67;67m~[38;2;68;68;68;48;2;60;60;60m~[38;2;51;51;51;48;2;56;56;56my[38;2;44;44;44;48;2;49;49;49my[38;2;48;48;48;48;2;41;41;41m~[38;2;31;31;31;48;2;38;38;38m_[38;2;30;30;30;48;2;34;34;34my[38;2;33;33;33;48;2;28;28;28m~[38;2;29;29;29;48;2;26;26;26m~[38;2;25;25;25;48;2;23;23;23m~[38;2;22;22;22;48;2;20;20;20m~[38;2;20;20;20;48;2;19;19;19m~[38;2;21;21;21m~[38;2;19;19;19;48;2;18;18;18m^[48;2;16;16;16m [48;2;15;15;15m [38;2;16;16;16;48;2;14;14;14m`[38;2;14;14;14;48;2;13;13;13m`[38;2;13;13;13;48;2;12;12;12m`[38;2;12;12;12;48;2;11;11;11m:..   [38;2;11;11;11;48;2;10;10;10m:[38;2;10;10;10;48;2;9;9;9m: [38;2;9;9;9;48;2;8;8;8m. [38;2;8;8;8;48;2;7;7;7m.[38;2;6;6;6m_[48;2;6;6;6m  [48;2;5;5;5m  [0m
[7m[38;2;25;25;25m [0m[38;2;0;0;0;48;2;25;25;25m [38;2;26;26;26m``[38;2;27;27;27;48;2;26;26;26m~~[38;2;28;28;28;48;2;27;27;27m`[38;2;29;29;29;48;2;28;28;28m~[38;2;30;30;30;48;2;29;29;29m~~[38;2;31;31;31m`[38;2;32;32;32;48;2;31;31;31m~[38;2;31;31;31;48;2;32;32;32my[38;2;33;33;33;48;2;31;31;31m~[48;2;32;32;32m~[38;2;34;34;34;48;2;33;33;33m`[48;2;34;34;34m   [48;2;35;35;35m [38;2;38;38;38;48;2;37;37;37m` [38;2;39;39;39;48;2;38;38;38m`[38;2;40;40;40;48;2;39;39;39m` [38;2;41;41;41;48;2;40;40;40m` [38;2;42;42;42;48;2;41;41;41m~[38;2;43;43;43m~[38;2;45;45;45;48;2;43;43;43m~[38;2;47;47;47;48;2;45;45;45m~[38;2;50;50;50;48;2;47;47;47m~[38;2;53;53;53;48;2;50;50;50m~[38;2;59;59;59;48;2;55;55;55m~[38;2;57;57;57;48;2;61;61;61my[38;2;71;71;71;48;2;64;64;64m~[38;2;75;75;75;48;2;67;67;67m~[38;2;82;82;82;48;2;72;72;72m~[38;2;88;88;88;48;2;77;77;77m~[38;2;80;80;80;48;2;88;88;88my[38;2;88;88;88;48;2;96;96;96my[38;2;94;94;94;48;2;103;103;103my[38;2;99;99;99;48;2;110;110;110my[38;2;128;128;128;48;2;112;112;112m~[38;2;141;141;141;48;2;121;121;121m~[38;2;161;161;161;48;2;132;132;132m~[38;2;189;189;189;48;2;149;149;149m~[38;2;218;218;218;48;2;168;168;168m~[38;2;160;160;160;48;2;199;199;199my[38;2;154;154;154;48;2;211;211;211m_[38;2;174;174;174;48;2;227;227;227m_[38;2;191;191;191;48;2;236;236;236m_[38;2;205;205;205;48;2;242;242;242m_[38;2;216;216;216;48;2;246;246;246m_[38;2;227;227;227;48;2;249;249;249m_[38;2;234;234;234;48;2;250;250;250m_[38;2;239;239;239;48;2;251;251;251m_[38;2;243;243;243m_[38;2;244;244;244;48;2;252;252;252m_[38;2;245;245;245m____[38;2;244;244;244;48;2;251;251;251m_[38;2;239;239;239m_[38;2;232;232;232;48;2;250;250;250m_[38;2;225;225;225;48;2;248;248;248m_[38;2;218;218;218;48;2;246;246;246m_[38;2;205;205;205;48;2;242;242;242m_[38;2;189;189;189;48;2;235;235;235m_[38;2;170;170;170;48;2;226;226;226m_[38;2;153;153;153;48;2;213;213;213m_[38;2;155;155;155;48;2;197;197;197my[38;2;215;215;215;48;2;161;161;161m~[38;2;191;191;191;48;2;143;143;143m~[38;2;162;162;162;48;2;125;125;125m~[38;2;137;137;137;48;2;112;112;112m~[38;2;120;120;120;48;2;102;102;102m~[38;2;107;107;107;48;2;93;93;93m~[38;2;97;97;97;48;2;85;85;85m~[38;2;88;88;88;48;2;76;76;76m~[38;2;66;66;66;48;2;73;73;73my[38;2;60;60;60;48;2;66;66;66my[38;2;65;65;65;48;2;58;58;58m~[38;2;57;57;57;48;2;50;50;50m~[38;2;50;50;50;48;2;44;44;44m~[38;2;45;45;45;48;2;40;40;40m~[38;2;39;39;39;48;2;36;36;36m~[38;2;34;34;34;48;2;31;31;31m~[38;2;26;26;26;48;2;29;29;29m_[38;2;27;27;27;48;2;26;26;26m^[38;2;24;24;24;48;2;23;23;23m^[38;2;21;21;21m_[38;2;22;22;22;48;2;21;21;21m^[38;2;19;19;19;48;2;18;18;18m~[38;2;18;18;18;48;2;17;17;17m~[48;2;16;16;16m~[38;2;17;17;17m~[38;2;16;16;16;48;2;15;15;15m"[48;2;14;14;14m  [38;2;13;13;13;48;2;12;12;12mL [38;2;12;12;12;48;2;11;11;11m:    [38;2;11;11;11;48;2;10;10;10m.[38;2;10;10;10;48;2;9;9;9m~"[48;2;8;8;8m [38;2;8;8;8;48;2;7;7;7m:  [48;2;6;6;6m [38;2;5;5;5;48;2;4;4;4m:~~~[0m
[38;2;25;25;25;48;2;23;23;23m``[48;2;24;24;24m :[38;2;26;26;26;48;2;25;25;25m"~~[38;2;27;27;27;48;2;26;26;26m~[38;2;26;26;26;48;2;28;28;28m_[38;2;27;27;27m__[38;2;28;28;28;48;2;29;29;29m_[38;2;30;30;30m`[38;2;31;31;31m`[48;2;30;30;30m`[38;2;32;32;32;48;2;31;31;31m~[48;2;32;32;32m [38;2;34;34;34;48;2;33;33;33m~[48;2;32;32;32m~[38;2;35;35;35;48;2;33;33;33m~[38;2;34;34;34;48;2;35;35;35myy[38;2;38;38;38m~[38;2;39;39;39;48;2;36;36;36m~[48;2;37;37;37m~[48;2;38;38;38m~[38;2;40;40;40m~~[48;2;39;39;39m~[38;2;41;41;41;48;2;40;40;40m~[38;2;42;42;42;48;2;41;41;41m~[38;2;45;45;45;48;2;42;42;42m~[38;2;47;47;47;48;2;44;44;44m~[48;2;45;45;45m~[38;2;51;51;51;48;2;48;48;48m"[38;2;55;55;55;48;2;51;51;51m~[38;2;58;58;58;48;2;52;52;52m~[38;2;53;53;53;48;2;57;57;57my[38;2;64;64;64;48;2;60;60;60m~[38;2;62;62;62;48;2;67;67;67my[38;2;78;78;78;48;2;70;70;70m~[38;2;70;70;70;48;2;77;77;77my[38;2;75;75;75;48;2;83;83;83my[38;2;79;79;79;48;2;88;88;88my[38;2;83;83;83;48;2;93;93;93my[38;2;89;89;89;48;2;99;99;99my[38;2;95;95;95;48;2;106;106;106my[38;2;120;120;120m~[38;2;126;126;126;48;2;112;112;112m~[38;2;136;136;136;48;2;118;118;118m~[38;2;147;147;147;48;2;124;124;124m~[38;2;159;159;159;48;2;130;130;130m~[38;2;172;172;172;48;2;137;137;137m~[38;2;185;185;185;48;2;144;144;144m~[38;2;199;199;199;48;2;152;152;152m~[38;2;212;212;212;48;2;160;160;160m~[38;2;145;145;145;48;2;183;183;183my[38;2;148;148;148;48;2;189;189;189my[38;2;150;150;150;48;2;192;192;192my[38;2;151;151;151;48;2;193;193;193myyy[38;2;150;150;150;48;2;192;192;192my[38;2;231;231;231;48;2;173;173;173m~[38;2;222;222;222;48;2;165;165;165m~[38;2;209;209;209;48;2;157;157;157m~[38;2;199;199;199;48;2;150;150;150m~[38;2;188;188;188;48;2;143;143;143m~[38;2;172;172;172;48;2;133;133;133m~[38;2;158;158;158;48;2;123;123;123m~[38;2;145;145;145;48;2;115;115;115m~[38;2;134;134;134;48;2;109;109;109m~[38;2;125;125;125;48;2;103;103;103m~[38;2;114;114;114;48;2;96;96;96m~[38;2;105;105;105;48;2;89;89;89m~[38;2;96;96;96;48;2;83;83;83m~[38;2;89;89;89;48;2;76;76;76m~[38;2;81;81;81;48;2;70;70;70m~[38;2;75;75;75;48;2;64;64;64m~[38;2;68;68;68;48;2;59;59;59m~[38;2;62;62;62;48;2;53;53;53m~[38;2;57;57;57;48;2;48;48;48m~[38;2;52;52;52;48;2;45;45;45m~[38;2;47;47;47;48;2;41;41;41m~[38;2;41;41;41;48;2;37;37;37m~[38;2;30;30;30;48;2;35;35;35m_[38;2;34;34;34;48;2;30;30;30m~[38;2;30;30;30;48;2;27;27;27m~[38;2;27;27;27;48;2;24;24;24m~[38;2;25;25;25;48;2;23;23;23m"[38;2;23;23;23;48;2;20;20;20m~[38;2;21;21;21;48;2;19;19;19m~[38;2;20;20;20m~[48;2;18;18;18m [38;2;17;17;17;48;2;16;16;16m~[38;2;16;16;16;48;2;15;15;15m:  [48;2;14;14;14m [48;2;13;13;13m [38;2;13;13;13;48;2;12;12;12m~[48;2;11;11;11m`[38;2;12;12;12m~" [38;2;11;11;11;48;2;10;10;10m:~~[38;2;10;10;10;48;2;9;9;9m~[38;2;9;9;9;48;2;8;8;8m:`[38;2;8;8;8;48;2;7;7;7m:`[48;2;6;6;6m [38;2;7;7;7;48;2;5;5;5m~[38;2;6;6;6m~[38;2;5;5;5;48;2;4;4;4m:   [0m
[7m[38;2;23;23;23m [0m[38;2;0;0;0;48;2;23;23;23m  [38;2;23;23;23;48;2;24;24;24m_[38;2;25;25;25m:[48;2;25;25;25m   [38;2;26;26;26m:[48;2;26;26;26m [38;2;27;27;27m`[48;2;27;27;27m [38;2;29;29;29;48;2;28;28;28m:[48;2;29;29;29m [38;2;30;30;30m.[48;2;30;30;30m [48;2;31;31;31m [48;2;32;32;32m    [48;2;33;33;33m   [38;2;35;35;35;48;2;34;34;34m4[38;2;34;34;34;48;2;36;36;36my_[38;2;38;38;38;48;2;37;37;37m~[38;2;36;36;36m_[48;2;38;38;38m_[38;2;37;37;37my[38;2;36;36;36m_[38;2;38;38;38;48;2;40;40;40my[38;2;39;39;39;48;2;41;41;41my[48;2;43;43;43m_[38;2;41;41;41;48;2;44;44;44my[38;2;47;47;47m"[38;2;48;48;48;48;2;45;45;45m~[38;2;50;50;50;48;2;46;46;46m~[38;2;55;55;55;48;2;50;50;50m~[38;2;58;58;58;48;2;52;52;52m~[38;2;61;61;61;48;2;53;53;53m~[38;2;65;65;65;48;2;57;57;57m~[38;2;58;58;58;48;2;64;64;64my[38;2;61;61;61;48;2;67;67;67my[38;2;64;64;64;48;2;71;71;71my[38;2;83;83;83;48;2;73;73;73m~[38;2;87;87;87;48;2;75;75;75m~[38;2;91;91;91;48;2;78;78;78m~[38;2;77;77;77;48;2;86;86;86my[38;2;80;80;80;48;2;89;89;89my[38;2;81;81;81;48;2;92;92;92my[38;2;85;85;85;48;2;95;95;95my[38;2;88;88;88;48;2;98;98;98my[38;2;89;89;89;48;2;100;100;100my[38;2;91;91;91;48;2;103;103;103my[38;2;94;94;94;48;2;106;106;106myyy[38;2;93;93;93my[38;2;92;92;92my[38;2;93;93;93my[38;2;94;94;94;48;2;107;107;107my[38;2;93;93;93;48;2;106;106;106my[38;2;115;115;115;48;2;99;99;99m~[38;2;111;111;111;48;2;95;95;95m~[38;2;108;108;108;48;2;91;91;91m~[38;2;105;105;105;48;2;88;88;88m~[38;2;100;100;100;48;2;86;86;86m~[38;2;94;94;94;48;2;81;81;81m~[38;2;72;72;72my[38;2;69;69;69;48;2;78;78;78my[38;2;82;82;82;48;2;71;71;71m~[38;2;76;76;76;48;2;66;66;66m~[38;2;55;55;55;48;2;65;65;65m_[38;2;51;51;51;48;2;62;62;62m_[48;2;57;57;57my[38;2;47;47;47;48;2;52;52;52my[38;2;43;43;43;48;2;48;48;48my[38;2;49;49;49;48;2;42;42;42m~[38;2;43;43;43;48;2;38;38;38m~[38;2;31;31;31;48;2;37;37;37m_[38;2;37;37;37;48;2;33;33;33m~[38;2;34;34;34;48;2;30;30;30m~[38;2;30;30;30;48;2;27;27;27m~[38;2;29;29;29;48;2;26;26;26m`[38;2;25;25;25;48;2;23;23;23m~[38;2;23;23;23;48;2;21;21;21m~[38;2;21;21;21;48;2;20;20;20m~[38;2;20;20;20;48;2;19;19;19m~[38;2;19;19;19;48;2;18;18;18m~[38;2;18;18;18;48;2;17;17;17m~~ [38;2;16;16;16;48;2;15;15;15m^`[38;2;15;15;15;48;2;14;14;14m:`[38;2;14;14;14;48;2;13;13;13m`[38;2;13;13;13;48;2;12;12;12m`[38;2;12;12;12;48;2;11;11;11m:`[48;2;10;10;10m    [38;2;10;10;10;48;2;9;9;9m:  [38;2;9;9;9;48;2;8;8;8m: [38;2;8;8;8;48;2;7;7;7m. [48;2;6;6;6m [48;2;5;5;5m [38;2;5;5;5;48;2;4;4;4m:   [38;2;4;4;4;48;2;3;3;3m:[0m
[38;2;22;22;22;48;2;21;21;21m~~[38;2;20;20;20m_[48;2;22;22;22m [38;2;24;24;24;48;2;23;23;23m```:[38;2;25;25;25;48;2;24;24;24m"[38;2;26;26;26m`[48;2;25;25;25m`[38;2;27;27;27;48;2;26;26;26m`[38;2;28;28;28m``[38;2;29;29;29;48;2;27;27;27m`[48;2;28;28;28m [38;2;30;30;30;48;2;29;29;29m~[38;2;31;31;31m~~~[48;2;30;30;30m [48;2;31;31;31m [48;2;32;32;32m  [38;2;33;33;33m`[38;2;34;34;34m`[48;2;33;33;33m [38;2;35;35;35m````[38;2;36;36;36;48;2;34;34;34m`[38;2;33;33;33;48;2;35;35;35m_[38;2;35;35;35;48;2;37;37;37m__[38;2;36;36;36my[38;2;39;39;39m~[38;2;41;41;41;48;2;39;39;39m~[38;2;39;39;39;48;2;41;41;41my[48;2;42;42;42my[38;2;40;40;40;48;2;44;44;44my[38;2;42;42;42my[38;2;48;48;48;48;2;45;45;45m~[38;2;50;50;50;48;2;46;46;46m~[38;2;53;53;53;48;2;48;48;48m~[38;2;56;56;56;48;2;51;51;51m~[38;2;50;50;50;48;2;55;55;55my[48;2;56;56;56my[38;2;64;64;64;48;2;55;55;55m~[38;2;67;67;67;48;2;57;57;57m~[38;2;69;69;69;48;2;60;60;60m~[38;2;57;57;57;48;2;64;64;64my[38;2;59;59;59;48;2;66;66;66my[38;2;61;61;61;48;2;68;68;68my[38;2;62;62;62;48;2;69;69;69my[38;2;63;63;63;48;2;71;71;71my[38;2;65;65;65;48;2;73;73;73myyyy[38;2;63;63;63;48;2;72;72;72my[38;2;62;62;62;48;2;71;71;71my[38;2;63;63;63;48;2;72;72;72my[38;2;78;78;78;48;2;67;67;67m~[38;2;77;77;77m~[38;2;61;61;61;48;2;68;68;68my[38;2;58;58;58;48;2;66;66;66my[38;2;56;56;56;48;2;63;63;63my[38;2;53;53;53;48;2;60;60;60my[38;2;64;64;64;48;2;54;54;54m~[38;2;60;60;60;48;2;52;52;52m~[38;2;57;57;57;48;2;50;50;50m~[38;2;56;56;56;48;2;49;49;49m~[38;2;44;44;44my[38;2;50;50;50;48;2;44;44;44m~[38;2;46;46;46;48;2;41;41;41m~[38;2;43;43;43;48;2;38;38;38m~[38;2;40;40;40;48;2;35;35;35m~[38;2;36;36;36;48;2;32;32;32m~[38;2;34;34;34;48;2;30;30;30m`[38;2;28;28;28my[38;2;30;30;30;48;2;28;28;28m~[38;2;28;28;28;48;2;26;26;26m^[38;2;26;26;26;48;2;24;24;24m~[38;2;25;25;25;48;2;22;22;22m~[38;2;23;23;23;48;2;21;21;21m~[38;2;22;22;22;48;2;20;20;20m~[38;2;20;20;20;48;2;18;18;18m~[38;2;19;19;19m`[38;2;18;18;18;48;2;17;17;17m~[38;2;17;17;17;48;2;16;16;16m~``[38;2;16;16;16;48;2;15;15;15m:`[38;2;15;15;15;48;2;14;14;14m.[48;2;13;13;13m [38;2;13;13;13;48;2;12;12;12m~` [38;2;12;12;12;48;2;11;11;11m: [38;2;11;11;11;48;2;10;10;10m.  [38;2;10;10;10;48;2;9;9;9m:[48;2;8;8;8m`[38;2;9;9;9m~~[38;2;8;8;8;48;2;7;7;7m``[38;2;7;7;7;48;2;6;6;6m`[38;2;6;6;6;48;2;5;5;5m``[38;2;5;5;5;48;2;4;4;4m:`  [38;2;4;4;4;48;2;3;3;3m: [0m
[7m[38;2;19;19;19m [0m[38;2;0;0;0;48;2;19;19;19m [38;2;20;20;20m"[38;2;22;22;22;48;2;21;21;21m^[38;2;21;21;21;48;2;22;22;22my [38;2;23;23;23m.[38;2;24;24;24;48;2;23;23;23m.[48;2;24;24;24m   [48;2;25;25;25m [48;2;26;26;26m  [38;2;27;27;27m`[38;2;28;28;28m`~[48;2;27;27;27m~~~[38;2;29;29;29m~[38;2;30;30;30;48;2;28;28;28m~[38;2;31;31;31;48;2;30;30;30m"~`~[38;2;32;32;32m~[48;2;31;31;31m~[38;2;31;31;31;48;2;32;32;32m_  [38;2;33;33;33m:[48;2;33;33;33m [38;2;34;34;34m~ ~`[38;2;36;36;36;48;2;34;34;34m"~~[38;2;37;37;37;48;2;35;35;35m~[38;2;39;39;39;48;2;37;37;37m~[38;2;40;40;40;48;2;38;38;38m"[38;2;42;42;42m~[38;2;43;43;43;48;2;39;39;39m~[38;2;44;44;44;48;2;40;40;40m~[38;2;45;45;45m~[38;2;39;39;39;48;2;42;42;42my[38;2;38;38;38;48;2;43;43;43m_[38;2;41;41;41;48;2;44;44;44my[38;2;42;42;42;48;2;46;46;46my[38;2;44;44;44;48;2;47;47;47my[38;2;51;51;51;48;2;46;46;46m~[38;2;53;53;53;48;2;47;47;47m~[48;2;46;46;46m~[38;2;54;54;54;48;2;47;47;47m~[38;2;56;56;56m~[48;2;48;48;48m~~~[38;2;54;54;54;48;2;47;47;47m~[38;2;53;53;53;48;2;46;46;46m~[38;2;54;54;54;48;2;47;47;47m~[48;2;46;46;46m~~[38;2;52;52;52;48;2;44;44;44m~[38;2;50;50;50;48;2;42;42;42m~[38;2;48;48;48;48;2;41;41;41m~[38;2;46;46;46;48;2;40;40;40m~[38;2;35;35;35my[38;2;43;43;43;48;2;37;37;37m~[38;2;42;42;42;48;2;36;36;36m~[38;2;41;41;41;48;2;35;35;35m~[38;2;32;32;32;48;2;36;36;36my[38;2;30;30;30;48;2;34;34;34my[38;2;35;35;35;48;2;30;30;30m~[38;2;32;32;32;48;2;28;28;28m~[38;2;30;30;30;48;2;27;27;27m~[38;2;28;28;28;48;2;26;26;26m~[38;2;26;26;26;48;2;25;25;25m~[38;2;23;23;23my[38;2;24;24;24;48;2;23;23;23m~[38;2;23;23;23;48;2;22;22;22m~[38;2;21;21;21;48;2;20;20;20m"[38;2;20;20;20;48;2;19;19;19m`[38;2;19;19;19;48;2;18;18;18m:' [48;2;17;17;17m [38;2;17;17;17;48;2;16;16;16m: [38;2;16;16;16;48;2;15;15;15m. [38;2;14;14;14m_[38;2;13;13;13;48;2;14;14;14my[38;2;12;12;12;48;2;13;13;13m_[38;2;13;13;13;48;2;12;12;12m` [38;2;12;12;12;48;2;11;11;11m: ~[38;2;11;11;11;48;2;10;10;10m`  [38;2;10;10;10;48;2;9;9;9m:"[38;2;9;9;9;48;2;8;8;8m: [38;2;8;8;8;48;2;7;7;7m: [38;2;7;7;7;48;2;6;6;6m~[38;2;6;6;6;48;2;5;5;5m`[38;2;5;5;5;48;2;4;4;4m: ~   [38;2;4;4;4;48;2;3;3;3m: [0m
[7m[38;2;19;19;19m [0m[38;2;0;0;0;48;2;19;19;19m  [38;2;20;20;20m"[48;2;20;20;20m [38;2;21;21;21m:[38;2;22;22;22;48;2;21;21;21m"[38;2;23;23;23;48;2;22;22;22m"[38;2;24;24;24;48;2;23;23;23m"~"[38;2;25;25;25;48;2;24;24;24m"[48;2;25;25;25m   [38;2;26;26;26m` :[48;2;26;26;26m [48;2;25;25;25m.[38;2;27;27;27;48;2;26;26;26m`~[38;2;29;29;29;48;2;27;27;27m~~~[48;2;28;28;28m"~[48;2;29;29;29m [38;2;28;28;28m_[38;2;31;31;31;48;2;30;30;30m`~~[38;2;32;32;32m```[38;2;31;31;31m~[38;2;32;32;32;48;2;31;31;31m~[38;2;33;33;33m~~[38;2;32;32;32m~~[38;2;35;35;35;48;2;32;32;32m`[38;2;34;34;34m~~~~~[38;2;35;35;35m~~[38;2;36;36;36;48;2;33;33;33m~[38;2;38;38;38;48;2;35;35;35m"[38;2;34;34;34;48;2;36;36;36my[38;2;35;35;35;48;2;37;37;37my[48;2;38;38;38myy[38;2;40;40;40;48;2;37;37;37m~[38;2;36;36;36;48;2;39;39;39my[38;2;41;41;41;48;2;37;37;37m~~~[38;2;35;35;35;48;2;38;38;38my[48;2;37;37;37my[38;2;40;40;40;48;2;36;36;36m~[38;2;39;39;39;48;2;35;35;35m~[38;2;37;37;37;48;2;33;33;33m~[38;2;35;35;35;48;2;31;31;31m~[38;2;34;34;34;48;2;30;30;30m~[48;2;31;31;31m~~[38;2;28;28;28;48;2;30;30;30m_y[38;2;26;26;26;48;2;29;29;29m_[38;2;30;30;30;48;2;28;28;28m~[38;2;25;25;25;48;2;27;27;27my[38;2;27;27;27;48;2;25;25;25m~[38;2;26;26;26;48;2;24;24;24m~[38;2;25;25;25m~[38;2;22;22;22my[38;2;20;20;20;48;2;23;23;23m_[38;2;23;23;23;48;2;21;21;21m~[38;2;22;22;22;48;2;20;20;20m~[38;2;20;20;20;48;2;19;19;19m~[48;2;18;18;18m`[38;2;19;19;19m``[38;2;18;18;18;48;2;17;17;17m``[48;2;16;16;16m`[38;2;17;17;17m``[38;2;16;16;16;48;2;15;15;15m`[38;2;15;15;15;48;2;14;14;14m:~[38;2;13;13;13;48;2;12;12;12m^` [38;2;12;12;12;48;2;11;11;11m: "[48;2;10;10;10m [38;2;11;11;11m" [38;2;10;10;10;48;2;9;9;9m:~[38;2;9;9;9;48;2;8;8;8m```[38;2;8;8;8;48;2;7;7;7m:^[38;2;7;7;7;48;2;6;6;6m`[38;2;6;6;6;48;2;5;5;5m` [38;2;5;5;5;48;2;4;4;4m:     [38;2;4;4;4;48;2;3;3;3m: [0m
[38;2;18;18;18;48;2;17;17;17m~~~[38;2;19;19;19m`[48;2;18;18;18m~"[38;2;20;20;20m~[38;2;21;21;21;48;2;19;19;19m~[38;2;19;19;19;48;2;21;21;21my_[38;2;22;22;22m~[38;2;23;23;23;48;2;22;22;22m~[38;2;24;24;24;48;2;23;23;23m~~~[38;2;25;25;25m`[48;2;24;24;24m~[38;2;26;26;26m`[48;2;25;25;25m`[38;2;25;25;25;48;2;24;24;24m.[38;2;26;26;26;48;2;25;25;25m`   .[48;2;26;26;26m [38;2;27;27;27m~ [38;2;28;28;28;48;2;27;27;27m`[38;2;29;29;29m``~[38;2;27;27;27;48;2;29;29;29myy__[38;2;28;28;28m_[48;2;30;30;30m_[38;2;31;31;31m~~~[38;2;29;29;29m___[38;2;28;28;28m__[38;2;31;31;31m~[38;2;28;28;28m_[38;2;31;31;31m~[38;2;29;29;29m_g[38;2;31;31;31m~[38;2;29;29;29m_[48;2;31;31;31my[38;2;32;32;32;48;2;30;30;30m~~~~~~[38;2;31;31;31;48;2;29;29;29m~[38;2;27;27;27mg[38;2;31;31;31;48;2;28;28;28m~[38;2;30;30;30m~[38;2;29;29;29;48;2;27;27;27m~[38;2;28;28;28m~[38;2;27;27;27;48;2;26;26;26m~[38;2;28;28;28m~~[38;2;27;27;27;48;2;25;25;25m~[38;2;25;25;25;48;2;24;24;24m~[38;2;24;24;24;48;2;23;23;23m~[38;2;22;22;22m_[38;2;24;24;24m~[38;2;23;23;23;48;2;22;22;22m~ [48;2;21;21;21m [38;2;21;21;21;48;2;19;19;19m~[38;2;20;20;20m'  [48;2;18;18;18m [38;2;18;18;18;48;2;17;17;17m~  [38;2;17;17;17;48;2;16;16;16m: [38;2;16;16;16;48;2;15;15;15m:~`[48;2;14;14;14m [38;2;14;14;14;48;2;13;13;13m"[38;2;13;13;13;48;2;12;12;12m`[38;2;12;12;12;48;2;11;11;11m: ~[38;2;11;11;11;48;2;10;10;10m~`[38;2;10;10;10;48;2;9;9;9m:  ~[38;2;9;9;9;48;2;8;8;8m~"[48;2;7;7;7m [38;2;8;8;8m"[48;2;6;6;6m [38;2;5;5;5m_[38;2;7;7;7m~[38;2;6;6;6;48;2;5;5;5m`[38;2;5;5;5;48;2;4;4;4m~~  [38;2;4;4;4;48;2;3;3;3m:  ~`[38;2;3;3;3;48;2;2;2;2m~[0m
[38;2;17;17;17;48;2;15;15;15m```[48;2;16;16;16m [38;2;18;18;18;48;2;17;17;17m.[48;2;18;18;18m   [48;2;19;19;19m  [38;2;20;20;20m`[48;2;20;20;20m [48;2;21;21;21myy[38;2;22;22;22m~~[38;2;23;23;23;48;2;22;22;22m`[38;2;24;24;24m`[48;2;23;23;23m``[38;2;25;25;25m`[48;2;24;24;24m`~~`[38;2;26;26;26;48;2;25;25;25m` [48;2;26;26;26m     [38;2;27;27;27m````"[38;2;28;28;28m```````[38;2;27;27;27m``[38;2;28;28;28m`[38;2;27;27;27m~[38;2;28;28;28m````````````[38;2;27;27;27m`[48;2;25;25;25m```[38;2;25;25;25;48;2;24;24;24m~[38;2;26;26;26m`[38;2;25;25;25m`[48;2;23;23;23m``[38;2;23;23;23;48;2;22;22;22m~`[38;2;22;22;22;48;2;21;21;21m`[38;2;21;21;21;48;2;20;20;20m~[38;2;22;22;22m`[38;2;21;21;21m~~`[38;2;20;20;20;48;2;19;19;19m|  [38;2;19;19;19;48;2;18;18;18m:'[48;2;17;17;17m  [48;2;16;16;16m [38;2;17;17;17m'[48;2;15;15;15m [38;2;15;15;15;48;2;14;14;14m~ `[38;2;13;13;13;48;2;12;12;12m~` [38;2;12;12;12;48;2;11;11;11m:`[38;2;11;11;11;48;2;10;10;10m:`[38;2;10;10;10;48;2;9;9;9m~`[38;2;9;9;9;48;2;8;8;8m:~[48;2;7;7;7m`[38;2;8;8;8m~[48;2;6;6;6m [38;2;7;7;7;48;2;5;5;5m~`[38;2;6;6;6m` ~ [48;2;4;4;4m    [38;2;4;4;4;48;2;3;3;3m: [38;2;3;3;3;48;2;2;2;2m: `[38;2;2;2;2;48;2;1;1;1m:[0m
[7m[38;2;15;15;15m [0m[38;2;0;0;0;48;2;15;15;15m  [38;2;16;16;16m:[38;2;17;17;17;48;2;16;16;16m":[48;2;17;17;17m [38;2;18;18;18m:[48;2;18;18;18m   [38;2;19;19;19m:[48;2;19;19;19m  [38;2;20;20;20m`~[38;2;21;21;21m~[48;2;20;20;20m~[38;2;19;19;19;48;2;21;21;21my_[38;2;20;20;20m_[38;2;23;23;23;48;2;22;22;22m~  ~[38;2;24;24;24;48;2;23;23;23m~ "[38;2;25;25;25;48;2;24;24;24m~~~ [38;2;26;26;26;48;2;25;25;25m~~~~~~~~~~   [48;2;26;26;26m [48;2;25;25;25m      ~~~~"[38;2;25;25;25;48;2;24;24;24m`~"[48;2;23;23;23m~~~[38;2;24;24;24m~`~[38;2;23;23;23;48;2;22;22;22m`~~[48;2;21;21;21m [38;2;20;20;20my[38;2;19;19;19;48;2;20;20;20m_[38;2;21;21;21;48;2;19;19;19m~[38;2;20;20;20m~'[38;2;19;19;19;48;2;18;18;18m:  ~~[38;2;18;18;18;48;2;17;17;17m~  [38;2;17;17;17;48;2;16;16;16m|[48;2;15;15;15m [38;2;15;15;15;48;2;14;14;14m`   [38;2;14;14;14;48;2;13;13;13m:[48;2;12;12;12m [48;2;11;11;11m  [38;2;11;11;11;48;2;10;10;10m:  [38;2;10;10;10;48;2;9;9;9m:  [38;2;9;9;9;48;2;8;8;8m: [38;2;8;8;8;48;2;7;7;7m: [48;2;6;6;6m [48;2;5;5;5m  [38;2;5;5;5;48;2;4;4;4m:      [38;2;4;4;4;48;2;3;3;3m: [38;2;3;3;3;48;2;2;2;2m:~  [38;2;2;2;2;48;2;1;1;1m:[0m
[38;2;13;13;13;48;2;14;14;14m___[48;2;15;15;15m_ [38;2;17;17;17;48;2;16;16;16m" [38;2;18;18;18m`[48;2;17;17;17m``"~[38;2;19;19;19;48;2;18;18;18m~    :[48;2;19;19;19m  [38;2;20;20;20m`[48;2;20;20;20m [48;2;21;21;21m__[38;2;22;22;22m~`~[48;2;22;22;22m [38;2;23;23;23m:[48;2;23;23;23m  [38;2;24;24;24m`[38;2;25;25;25m`````[48;2;24;24;24m [48;2;23;23;23m`````[38;2;24;24;24m~[38;2;25;25;25m~[48;2;24;24;24m~~~~^~`[48;2;23;23;23m     [38;2;24;24;24;48;2;22;22;22m` [38;2;23;23;23m``````[38;2;22;22;22;48;2;21;21;21m``[38;2;21;21;21;48;2;20;20;20m`~[38;2;20;20;20;48;2;19;19;19m`   [38;2;19;19;19;48;2;18;18;18m: [38;2;18;18;18;48;2;17;17;17m` `` [48;2;16;16;16m  [38;2;16;16;16;48;2;15;15;15m~`[38;2;15;15;15;48;2;14;14;14m`[38;2;14;14;14;48;2;13;13;13m.[38;2;12;12;12my[38;2;11;11;11my[38;2;14;14;14;48;2;12;12;12m~[38;2;13;13;13;48;2;11;11;11m~[38;2;12;12;12m` [38;2;11;11;11;48;2;10;10;10m:`[48;2;9;9;9m  [38;2;10;10;10m"[38;2;9;9;9;48;2;8;8;8m: [38;2;6;6;6m_[48;2;7;7;7my[38;2;7;7;7;48;2;6;6;6m~[48;2;5;5;5m~[38;2;6;6;6m` [38;2;5;5;5;48;2;4;4;4m:   [38;2;4;4;4;48;2;3;3;3m:~[48;2;2;2;2m~~[38;2;3;3;3m~ ~ [38;2;2;2;2;48;2;1;1;1m: ~[0m
[38;2;12;12;12;48;2;11;11;11m~~~[38;2;13;13;13;48;2;12;12;12m~[38;2;14;14;14;48;2;13;13;13m~[38;2;12;12;12m_[48;2;14;14;14m_[38;2;16;16;16;48;2;15;15;15m"~~~[38;2;17;17;17m`[48;2;16;16;16m~~ .[38;2;18;18;18;48;2;17;17;17m`[38;2;19;19;19m`[48;2;18;18;18m~~~.[48;2;19;19;19m [48;2;18;18;18m:[38;2;20;20;20;48;2;19;19;19m`~[38;2;21;21;21m~~[38;2;19;19;19;48;2;21;21;21m___[38;2;20;20;20my[38;2;22;22;22m~~  "[38;2;23;23;23;48;2;22;22;22m^[38;2;22;22;22;48;2;21;21;21m`  "[38;2;23;23;23;48;2;22;22;22m~[38;2;21;21;21m.[38;2;23;23;23m~~~~~~~~[38;2;22;22;22;48;2;21;21;21m~[38;2;21;21;21;48;2;22;22;22my[38;2;20;20;20;48;2;21;21;21mg[38;2;19;19;19m_[48;2;20;20;20m____[38;2;21;21;21;48;2;19;19;19m~~~~~[38;2;20;20;20m~      [38;2;19;19;19;48;2;18;18;18m|[38;2;18;18;18;48;2;17;17;17m~[38;2;17;17;17;48;2;16;16;16m~~[38;2;16;16;16;48;2;15;15;15m^    '[48;2;14;14;14m [38;2;15;15;15m'[38;2;12;12;12;48;2;13;13;13m_[38;2;13;13;13;48;2;12;12;12m`[38;2;12;12;12;48;2;11;11;11m`   [38;2;11;11;11;48;2;10;10;10m: [38;2;10;10;10;48;2;9;9;9m: [38;2;9;9;9;48;2;8;8;8m:  [38;2;8;8;8;48;2;7;7;7m:`[38;2;6;6;6;48;2;5;5;5mL[38;2;5;5;5;48;2;4;4;4m:[48;2;5;5;5m [48;2;4;4;4m:..    [38;2;4;4;4;48;2;3;3;3m:[38;2;3;3;3;48;2;2;2;2m:     [38;2;2;2;2;48;2;1;1;1m:.[38;2;1;1;1;48;2;0;0;0m:.[0m
[7m[38;2;11;11;11m [0m[38;2;0;0;0;48;2;11;11;11m  [38;2;12;12;12m`~~`[38;2;13;13;13;48;2;12;12;12m~[38;2;12;12;12;48;2;14;14;14m___[38;2;13;13;13m,[38;2;16;16;16;48;2;15;15;15m~~~~`[38;2;17;17;17;48;2;16;16;16m"~ [48;2;17;17;17m [38;2;18;18;18m`[38;2;19;19;19m`[38;2;18;18;18m`[38;2;19;19;19;48;2;18;18;18m`~~  [48;2;19;19;19m   [38;2;20;20;20m~~~~~~~~~~~`[48;2;20;20;20m [38;2;21;21;21m""[48;2;19;19;19m~````[38;2;20;20;20m~~               [38;2;19;19;19;48;2;18;18;18m:  [38;2;18;18;18;48;2;17;17;17m`[38;2;17;17;17;48;2;16;16;16m| [38;2;16;16;16;48;2;15;15;15m|[38;2;15;15;15;48;2;14;14;14m:[38;2;13;13;13m___[38;2;15;15;15m~[38;2;14;14;14;48;2;13;13;13m~[38;2;13;13;13;48;2;12;12;12m~`[38;2;12;12;12;48;2;11;11;11m`   [38;2;11;11;11;48;2;10;10;10m:~[38;2;10;10;10;48;2;9;9;9m:~[38;2;9;9;9;48;2;8;8;8m:~[38;2;8;8;8;48;2;7;7;7m:~~`[38;2;7;7;7;48;2;6;6;6m`[38;2;5;5;5;48;2;4;4;4m:`[48;2;5;5;5m [48;2;4;4;4m:  [38;2;4;4;4;48;2;3;3;3m:~~~[38;2;3;3;3;48;2;2;2;2m:[38;2;2;2;2;48;2;1;1;1m:~~~~~~[38;2;1;1;1;48;2;0;0;0m:~ [0m
[38;2;11;11;11;48;2;10;10;10m~~~ ...:[48;2;11;11;11m  [38;2;12;12;12m"[38;2;11;11;11;48;2;12;12;12m.[38;2;14;14;14m~[38;2;11;11;11;48;2;13;13;13m__[38;2;12;12;12m_[48;2;14;14;14m [38;2;15;15;15m.:[38;2;16;16;16;48;2;15;15;15m` ~[38;2;17;17;17;48;2;16;16;16m~~~  ^[38;2;18;18;18;48;2;17;17;17m~~~`[38;2;19;19;19;48;2;18;18;18m~~  ~~~~~~~~        ~~       [48;2;17;17;17m  [38;2;18;18;18m~   ~~~ [48;2;16;16;16m  [38;2;17;17;17m'[48;2;15;15;15m [38;2;16;16;16m'[38;2;14;14;14;48;2;13;13;13m~[38;2;13;13;13;48;2;12;12;12m` [38;2;12;12;12;48;2;11;11;11m: `[38;2;11;11;11;48;2;10;10;10m:[48;2;11;11;11m [48;2;10;10;10m:[38;2;9;9;9m___[48;2;9;9;9m [38;2;10;10;10m`[38;2;9;9;9;48;2;8;8;8m..`[38;2;6;6;6;48;2;7;7;7m_[38;2;5;5;5m_[48;2;6;6;6m___[38;2;6;6;6;48;2;5;5;5m:[38;2;5;5;5;48;2;4;4;4m: .   [38;2;4;4;4;48;2;3;3;3m:  [38;2;3;3;3;48;2;2;2;2m: [48;2;1;1;1m [38;2;1;1;1;48;2;0;0;0m......~  [0m
[38;2;8;8;8;48;2;8;8;8m  [38;2;9;9;9m:[38;2;10;10;10;48;2;9;9;9m.[48;2;10;10;10m   [38;2;11;11;11m:[48;2;11;11;11m       [38;2;12;12;12m:[38;2;13;13;13;48;2;12;12;12m~"[48;2;13;13;13m [38;2;15;15;15;48;2;14;14;14m~~[38;2;13;13;13m_[48;2;15;15;15m [38;2;16;16;16m~~~~~~`~[38;2;17;17;17;48;2;16;16;16m~`[38;2;18;18;18m~~~~~~~~~[38;2;17;17;17m~~~[38;2;16;16;16;48;2;17;17;17m_yg[38;2;18;18;18;48;2;16;16;16m~~~~~~~~~~~~[38;2;15;15;15mya[38;2;17;17;17;48;2;15;15;15m~~~~~~[48;2;16;16;16m:[48;2;17;17;17m [48;2;16;16;16m  [48;2;15;15;15m [38;2;15;15;15;48;2;14;14;14m~[38;2;14;14;14;48;2;13;13;13mF"[38;2;12;12;12;48;2;11;11;11m~~~   [38;2;11;11;11;48;2;10;10;10m.[48;2;11;11;11m [48;2;10;10;10m [48;2;9;9;9m   [48;2;8;8;8m    [48;2;7;7;7m [48;2;6;6;6m [38;2;5;5;5;48;2;4;4;4m:    `  [38;2;4;4;4;48;2;3;3;3m:~[48;2;4;4;4m  [48;2;3;3;3m [38;2;3;3;3;48;2;2;2;2m~"[38;2;2;2;2;48;2;1;1;1m:[38;2;1;1;1;48;2;0;0;0m:         [0m
[38;2;8;8;8;48;2;7;7;7m...[38;2;9;9;9;48;2;8;8;8m~[38;2;10;10;10;48;2;9;9;9m"~~ [38;2;11;11;11;48;2;10;10;10m~~~ ...:[38;2;12;12;12;48;2;11;11;11m`~~~~~[38;2;13;13;13m~[38;2;14;14;14;48;2;12;12;12m"~~[38;2;12;12;12;48;2;14;14;14my[48;2;13;13;13m__[48;2;14;14;14m___ [38;2;15;15;15m.............................. [38;2;12;12;12m___[38;2;15;15;15m"[38;2;12;12;12;48;2;15;15;15m__[48;2;14;14;14m_[38;2;13;13;13my[38;2;14;14;14;48;2;13;13;13m`[38;2;13;13;13;48;2;12;12;12m`[38;2;12;12;12;48;2;11;11;11m..'[38;2;11;11;11;48;2;10;10;10m.[38;2;9;9;9m_[38;2;11;11;11m~~~`~[38;2;10;10;10;48;2;9;9;9m`[38;2;9;9;9;48;2;8;8;8m: [48;2;7;7;7m~[38;2;8;8;8m~.[38;2;5;5;5m_[38;2;8;8;8;48;2;6;6;6m~[38;2;7;7;7;48;2;5;5;5m~[38;2;6;6;6m`[38;2;5;5;5;48;2;4;4;4m"    [38;2;4;4;4;48;2;3;3;3m:~~^ [48;2;2;2;2m [38;2;3;3;3;48;2;1;1;1m~[38;2;2;2;2m~~~[38;2;1;1;1;48;2;0;0;0m:~         [0m
[38;2;5;5;5;48;2;6;6;6myyy [48;2;7;7;7m   [38;2;9;9;9;48;2;8;8;8m"  :[48;2;9;9;9m    [38;2;11;11;11;48;2;10;10;10m"     [48;2;11;11;11m     [38;2;12;12;12m`~~~~`[38;2;13;13;13m~~~~[48;2;12;12;12m~[38;2;12;12;12;48;2;13;13;13myyyy[38;2;14;14;14;48;2;12;12;12m~[38;2;13;13;13m`~~~~~~~~~~~~`[38;2;14;14;14m~[38;2;12;12;12;48;2;13;13;13my[38;2;13;13;13;48;2;12;12;12m~~~~[48;2;11;11;11m~~[38;2;12;12;12m" `[38;2;13;13;13m~[38;2;12;12;12m"   ~  [38;2;11;11;11;48;2;10;10;10m:'[48;2;9;9;9m [38;2;10;10;10m'[48;2;8;8;8m     [38;2;9;9;9m~[38;2;8;8;8;48;2;7;7;7m" [38;2;6;6;6;48;2;5;5;5m~[38;2;7;7;7m``[38;2;6;6;6m`[38;2;5;5;5;48;2;4;4;4m:~`     [48;2;3;3;3m    [38;2;3;3;3;48;2;2;2;2m:[38;2;2;2;2;48;2;1;1;1m|[48;2;0;0;0m   [38;2;1;1;1m~~          [0m
[7m[38;2;5;5;5m [0m[38;2;0;0;0;48;2;5;5;5m  [38;2;6;6;6m"[38;2;5;5;5;48;2;6;6;6m___[38;2;6;6;6;48;2;7;7;7m_[38;2;8;8;8m~~ [38;2;9;9;9;48;2;8;8;8m"~~~ :[48;2;9;9;9m   [38;2;10;10;10m`~[38;2;11;11;11;48;2;10;10;10m~~~~~ ....[48;2;11;11;11m                        [38;2;12;12;12m~~~~   [38;2;11;11;11;48;2;10;10;10m:..[48;2;11;11;11m     [48;2;10;10;10m:`[38;2;10;10;10;48;2;9;9;9m.~~'[38;2;9;9;9;48;2;8;8;8m., [38;2;8;8;8;48;2;7;7;7m.~~[38;2;6;6;6my[38;2;5;5;5;48;2;6;6;6m_[38;2;7;7;7m"[38;2;6;6;6;48;2;5;5;5m`[38;2;5;5;5;48;2;4;4;4m`~~` [38;2;4;4;4;48;2;3;3;3m:~````[48;2;2;2;2m`[38;2;3;3;3m~` [48;2;1;1;1m`[38;2;2;2;2m` [38;2;1;1;1;48;2;0;0;0m:~~~           [0m
[38;2;4;4;4;48;2;4;4;4m       [38;2;6;6;6;48;2;5;5;5m~[38;2;5;5;5;48;2;6;6;6myyy [48;2;7;7;7m [38;2;6;6;6m__,[38;2;9;9;9;48;2;8;8;8m`~~~~  [38;2;10;10;10m`[48;2;9;9;9m~~`~~~~:[38;2;11;11;11;48;2;10;10;10m"~~~~~ ~~ ~~     [48;2;11;11;11m  [48;2;10;10;10m   [48;2;11;11;11m [48;2;10;10;10m     ~~~[38;2;10;10;10;48;2;9;9;9m~ `[38;2;11;11;11m~~```[38;2;10;10;10m~~[38;2;9;9;9;48;2;8;8;8m"   ~[38;2;6;6;6;48;2;7;7;7m__[48;2;5;5;5m~[38;2;7;7;7m`` [48;2;4;4;4m [38;2;5;5;5m~`    [48;2;3;3;3m    [38;2;3;3;3;48;2;2;2;2m:   [38;2;2;2;2;48;2;1;1;1m. " [48;2;0;0;0m  [38;2;1;1;1m~              [0m
[7m[38;2;4;4;4m [0m[38;2;0;0;0;48;2;4;4;4m      [38;2;5;5;5m"~~~[38;2;6;6;6m`[48;2;5;5;5m```:[38;2;5;5;5;48;2;6;6;6m__[48;2;7;7;7m___[38;2;6;6;6m_[38;2;8;8;8m..`[48;2;8;8;8m   [38;2;9;9;9m``~~[38;2;10;10;10m````[48;2;9;9;9m   [48;2;8;8;8m````[38;2;9;9;9m.[38;2;10;10;10;48;2;9;9;9m`~~`~~~~~~~~~~`[48;2;8;8;8m`[38;2;9;9;9m.[38;2;10;10;10m``[38;2;9;9;9m~~```````[48;2;7;7;7m [38;2;8;8;8m`[38;2;5;5;5m_[38;2;8;8;8m`[38;2;7;7;7;48;2;6;6;6m~[48;2;5;5;5m~[38;2;6;6;6m``[48;2;4;4;4m [38;2;5;5;5m``     [38;2;4;4;4;48;2;3;3;3m.``[38;2;3;3;3;48;2;2;2;2m:``[48;2;1;1;1m`[48;2;2;2;2m [38;2;2;2;2;48;2;1;1;1m.~`[38;2;1;1;1;48;2;0;0;0m.```                 [0m
[38;2;4;4;4;48;2;3;3;3m~~~.[48;2;4;4;4m        [38;2;5;5;5m"~~   :[48;2;5;5;5m  [38;2;6;6;6m"[38;2;7;7;7m`[38;2;6;6;6m~[38;2;5;5;5;48;2;6;6;6myyyy[38;2;7;7;7m~[38;2;8;8;8m~~[38;2;6;6;6;48;2;7;7;7my_ _________________ [48;2;8;8;8m        [48;2;7;7;7m _ _[38;2;8;8;8m~[38;2;7;7;7;48;2;6;6;6mF[38;2;8;8;8m~~~~~~[38;2;6;6;6;48;2;5;5;5m~[38;2;5;5;5;48;2;4;4;4m~`[38;2;6;6;6m`[38;2;5;5;5m`~~`    [38;2;4;4;4;48;2;3;3;3m:~~~[38;2;3;3;3;48;2;2;2;2m~  `   [48;2;1;1;1m [38;2;1;1;1;48;2;0;0;0m:~"                     [0m
[38;2;3;3;3;48;2;2;2;2m```.[48;2;3;3;3m    [38;2;4;4;4m...:[48;2;4;4;4m       [38;2;5;5;5m````"~~~~~~~`[38;2;6;6;6;48;2;5;5;5m~~````   ``````````~[38;2;7;7;7m~~~~~~~~~[38;2;6;6;6m~~`[48;2;4;4;4m`[38;2;5;5;5m`. ~~~~'       [38;2;4;4;4;48;2;3;3;3m:..[38;2;2;2;2m_ [38;2;3;3;3;48;2;2;2;2m.. [38;2;2;2;2;48;2;1;1;1m:.~~```[38;2;1;1;1;48;2;0;0;0m.`                       [0m
[7m[38;2;2;2;2m [0m[38;2;0;0;0;48;2;2;2;2m          [48;2;3;3;3m [38;2;4;4;4m..:[48;2;4;4;4m                 [38;2;5;5;5m`~~~~    `~~~~~~~~~~~~~~~~~~~~~~                [38;2;4;4;4;48;2;3;3;3m`[38;2;3;3;3;48;2;2;2;2m:    [38;2;2;2;2;48;2;1;1;1m: ` [38;2;1;1;1;48;2;0;0;0m: ~~"                         [0m
[7m[38;2;2;2;2m [0m[38;2;0;0;0;48;2;2;2;2m          [38;2;3;3;3m```"[38;2;4;4;4m````[48;2;3;3;3m`~~~:[48;2;4;4;4m                                [48;2;3;3;3m: ~~~~~~~~~~~~~~~~~ [48;2;4;4;4m  [48;2;5;5;5m`[48;2;6;6;6m~~[38;2;3;3;3;48;2;5;5;5m~[38;2;4;4;4;48;2;3;3;3mwg[48;2;2;2;2m [38;2;2;2;2;48;2;1;1;1m~`[48;2;0;0;0m [38;2;1;1;1m~``                             [0m
[?25h