[?25l[0m[7m[38;2;252;252;252m [0m[38;2;253;253;253;48;2;252;252;252m.[38;2;249;249;249;48;2;251;251;251m_[38;2;221;221;221;48;2;233;233;233m_[38;2;172;172;172;48;2;187;187;187my[38;2;135;135;135;48;2;120;120;120mF[38;2;74;74;74;48;2;63;63;63mF[38;2;20;20;20;48;2;14;14;14m^[38;2;1;1;1;48;2;0;0;0m`:[38;2;28;28;28;48;2;6;6;6m_[38;2;94;94;94;48;2;133;133;133mF[38;2;209;209;209;48;2;233;233;233m"[38;2;253;253;253;48;2;252;252;252m:[38;2;250;250;250;48;2;251;251;251m~[48;2;252;252;252m                                                                                                         [0m
[7m[38;2;252;252;252m [0m[38;2;0;0;0;48;2;252;252;252m [38;2;233;233;233;48;2;240;240;240my[38;2;210;210;210;48;2;194;194;194mF[38;2;153;153;153;48;2;137;137;137mF[38;2;96;96;96;48;2;83;83;83mF[38;2;50;50;50;48;2;33;33;33m~[38;2;5;5;5;48;2;2;2;2m`[48;2;0;0;0m [38;2;1;1;1m~[38;2;93;93;93;48;2;61;61;61my[38;2;158;158;158;48;2;184;184;184m^[38;2;253;253;253;48;2;251;251;251m:[38;2;251;251;251;48;2;250;250;250m~[48;2;252;252;252m                                                                                                          [0m
[38;2;252;252;252;48;2;252;252;252m [38;2;235;235;235;48;2;246;246;246m_[38;2;226;226;226;48;2;209;209;209mF[38;2;172;172;172;48;2;157;157;157mF[38;2;118;118;118;48;2;104;104;104mF[38;2;43;43;43;48;2;56;56;56m_[38;2;15;15;15;48;2;9;9;9m^[48;2;0;0;0m  [38;2;41;41;41;48;2;13;13;13m_[38;2;108;108;108;48;2;145;145;145mF[38;2;221;221;221;48;2;240;240;240m"[38;2;250;250;250;48;2;252;252;252m_[48;2;251;251;251m [48;2;252;252;252m                                                                                                          [0m
[38;2;243;243;243;48;2;246;246;246m_[38;2;213;213;213;48;2;222;222;222my[38;2;181;181;181;48;2;169;169;169mF[38;2;132;132;132;48;2;120;120;120mF[38;2;89;89;89;48;2;72;72;72m~[38;2;40;40;40;48;2;25;25;25m~[38;2;1;1;1;48;2;0;0;0m` [38;2;4;4;4m_[38;2;120;120;120;48;2;79;79;79my[38;2;170;170;170;48;2;202;202;202m^[38;2;253;253;253;48;2;251;251;251m:[38;2;250;250;250mF[48;2;252;252;252m                                                                                                           [0m
[38;2;232;232;232;48;2;237;237;237my[38;2;202;202;202;48;2;191;191;191mF[38;2;151;151;151;48;2;140;140;140mF[38;2;105;105;105;48;2;96;96;96mF[38;2;64;64;64;48;2;56;56;56mF[38;2;20;20;20;48;2;15;15;15mF[48;2;0;0;0m [38;2;1;1;1m;[38;2;68;68;68;48;2;34;34;34my[38;2;132;132;132;48;2;167;167;167m~[38;2;245;245;245;48;2;250;250;250m~[38;2;250;250;250;48;2;251;251;251m_[38;2;252;252;252m:[48;2;252;252;252m                                                                                                           [0m
[38;2;227;227;227;48;2;231;231;231my[38;2;194;194;194;48;2;186;186;186m[[38;2;132;132;132;48;2;140;140;140m"[38;2;136;136;136;48;2;102;102;102m_[38;2;94;94;94;48;2;65;65;65m_[38;2;15;15;15;48;2;10;10;10m~[48;2;0;0;0m [38;2;37;37;37;48;2;7;7;7m_[38;2;98;98;98;48;2;136;136;136mF[38;2;210;210;210;48;2;233;233;233m^[38;2;253;253;253;48;2;252;252;252m:[38;2;252;252;252;48;2;251;251;251m_[48;2;252;252;252m                                                                                                            [0m
[38;2;219;219;219;48;2;207;207;207mF[38;2;180;180;180;48;2;172;172;172m~[38;2;162;162;162;48;2;158;158;158m_[38;2;149;149;149m~[38;2;108;108;108;48;2;128;128;128m"[38;2;57;57;57;48;2;39;39;39ms[38;2;76;76;76;48;2;19;19;19m_[38;2;157;157;157;48;2;99;99;99my[38;2;176;176;176;48;2;213;213;213m^[38;2;249;249;249;48;2;251;251;251m_ [48;2;252;252;252m                                                                                                             [0m
[38;2;189;189;189;48;2;195;195;195m4[38;2;193;193;193;48;2;174;174;174m_[38;2;181;181;181;48;2;168;168;168m_[38;2;162;162;162;48;2;165;165;165mu[38;2;113;113;113;48;2;124;124;124my[38;2;40;40;40;48;2;24;24;24m~[38;2;102;102;102;48;2;137;137;137mF[38;2;206;206;206;48;2;232;232;232m"[38;2;252;252;252;48;2;251;251;251mF[38;2;250;250;250m~[48;2;252;252;252m                                                                                                              [0m
[38;2;239;239;239;48;2;221;221;221m_[38;2;224;224;224;48;2;214;214;214my[38;2;192;192;192;48;2;213;213;213m~[38;2;195;195;195;48;2;174;174;174mL[38;2;100;100;100;48;2;82;82;82mF[38;2;159;159;159m_[38;2;160;160;160;48;2;202;202;202m~[38;2;250;250;250;48;2;251;251;251mW[38;2;248;248;248;48;2;249;249;249mF[48;2;252;252;252m                                                                                                               [0m
[38;2;245;245;245;48;2;250;250;250m~[38;2;240;240;240;48;2;248;248;248m~[38;2;247;247;247;48;2;240;240;240m_[38;2;182;182;182;48;2;201;201;201m4[38;2;115;115;115;48;2;178;178;178m~[38;2;196;196;196;48;2;238;238;238m~[38;2;248;248;248;48;2;250;250;250m~[38;2;250;250;250;48;2;251;251;251mF [48;2;252;252;252m                                                                                                               [0m
[7m[38;2;252;252;252m [0m[38;2;0;0;0;48;2;252;252;252m [38;2;250;250;250;48;2;251;251;251m`[38;2;243;243;243m`[38;2;244;244;244m`[48;2;252;252;252m                                                                                                                   [0m
[7m[38;2;252;252;252m [0m[38;2;0;0;0;48;2;252;252;252m                                                                                                                       [0m
[7m[38;2;252;252;252m [0m[38;2;0;0;0;48;2;252;252;252m                                                                                                                       [0m
[7m[38;2;252;252;252m [0m[38;2;0;0;0;48;2;252;252;252m                                                                                                                       [0m
[7m[38;2;252;252;252m [0m[38;2;0;0;0;48;2;252;252;252m                                                                                                                       [0m
[7m[38;2;252;252;252m [0m[38;2;0;0;0;48;2;252;252;252m                                                                                                                       [0m
[7m[38;2;252;252;252m [0m[38;2;0;0;0;48;2;252;252;252m                                                                                                                       [0m
[7m[38;2;252;252;252m [0m[38;2;0;0;0;48;2;252;252;252m                                                                                                                       [0m
[7m[38;2;252;252;252m [0m[38;2;0;0;0;48;2;252;252;252m                                                                                                                       [0m
[7m[38;2;252;252;252m [0m[38;2;0;0;0;48;2;252;252;252m                                                                                                                       [0m
[7m[38;2;252;252;252m [0m[38;2;0;0;0;48;2;252;252;252m                                                                                                                       [0m
[7m[38;2;252;252;252m [0m[38;2;0;0;0;48;2;252;252;252m                                                                                                                       [0m
[7m[38;2;252;252;252m [0m[38;2;0;0;0;48;2;252;252;252m                                                                                                                       [0m
[7m[38;2;252;252;252m [0m[38;2;0;0;0;48;2;252;252;252m                                                                                                                       [0m
[7m[38;2;252;252;252m [0m[38;2;0;0;0;48;2;252;252;252m                                                                                                                       [0m
[7m[38;2;252;252;252m [0m[38;2;0;0;0;48;2;252;252;252m                                                                                                                       [0m
[7m[38;2;252;252;252m [0m[38;2;0;0;0;48;2;252;252;252m                                                                                                                       [0m
[7m[38;2;252;252;252m [0m[38;2;0;0;0;48;2;252;252;252m                                                                                                                       [0m
[7m[38;2;252;252;252m [0m[38;2;0;0;0;48;2;252;252;252m                                                                                                                       [0m
[7m[38;2;252;252;252m [0m[38;2;0;0;0;48;2;252;252;252m                                                                                                                       [0m
[7m[38;2;252;252;252m [0m[38;2;0;0;0;48;2;252;252;252m                                                                                                                       [0m
[7m[38;2;252;252;252m [0m[38;2;0;0;0;48;2;252;252;252m                                                                                                                       [0m
[7m[38;2;252;252;252m [0m[38;2;0;0;0;48;2;252;252;252m                                                                                                                       [0m
[7m[38;2;252;252;252m [0m[38;2;0;0;0;48;2;252;252;252m                                                                                                                       [0m
[7m[38;2;252;252;252m [0m[38;2;0;0;0;48;2;252;252;252m                                                                              [38;2;253;253;253m,[38;2;247;247;247;48;2;251;251;251m_[38;2;231;231;231;48;2;250;250;250m_[38;2;230;230;230m_[38;2;245;245;245;48;2;251;251;251m_[38;2;252;252;252m:[48;2;252;252;252m                                   [0m
[7m[38;2;252;252;252m [0m[38;2;0;0;0;48;2;252;252;252m                                                                             [48;2;251;251;251m [38;2;253;253;253;48;2;252;252;252m:[38;2;246;246;246;48;2;238;238;238m.[38;2;167;167;167;48;2;191;191;191ma[38;2;108;108;108;48;2;158;158;158my[38;2;39;39;39;48;2;162;162;162m_[38;2;55;55;55;48;2;199;199;199m_[38;2;154;154;154;48;2;232;232;232m_[38;2;233;233;233;48;2;248;248;248m,[48;2;252;252;252m                                 [0m
[?25h