[?25l[0m[7m[38;2;0;0;0m [0m[38;2;0;0;0;48;2;0;0;0m                                                                                                                       [0m
[7m[38;2;0;0;0m [0m[38;2;0;0;0;48;2;0;0;0m                                                                                                                       [0m
[7m[38;2;0;0;0m [0m[38;2;0;0;0;48;2;0;0;0m                                                                                                                       [0m
[7m[38;2;0;0;0m [0m[38;2;0;0;0;48;2;0;0;0m                                                                                                                       [0m
[7m[38;2;0;0;0m [0m[38;2;0;0;0;48;2;0;0;0m                                                                                                                       [0m
[7m[38;2;0;0;0m [0m[38;2;0;0;0;48;2;0;0;0m                                                                                                                       [0m
[7m[38;2;0;0;0m [0m[38;2;0;0;0;48;2;0;0;0m                                                                                                                       [0m
[7m[38;2;0;0;0m [0m[38;2;0;0;0;48;2;0;0;0m                                                                                                                       [0m
[7m[38;2;0;0;0m [0m[38;2;0;0;0;48;2;0;0;0m                                                                                                                       [0m
[7m[38;2;0;0;0m [0m[38;2;0;0;0;48;2;0;0;0m                                                                                                                       [0m
[7m[38;2;0;0;0m [0m[38;2;0;0;0;48;2;0;0;0m                                                         [48;2;5;5;5m`[38;2;43;43;43;48;2;8;8;8m_[38;2;0;0;0;48;2;2;2;2m`[48;2;0;0;0m                                                           [0m
[7m[38;2;0;0;0m [0m[38;2;0;0;0;48;2;0;0;0m                                                    [38;2;1;1;1m_ [38;2;0;0;0;48;2;6;6;6m`[38;2;123;123;123;48;2;35;35;35m_[38;2;195;195;195;48;2;110;110;110my[38;2;136;136;136;48;2;203;203;203m~[38;2;137;137;137;48;2;113;113;113mL[38;2;40;40;40;48;2;21;21;21mL[48;2;0;0;0m                                                           [0m
[7m[38;2;0;0;0m [0m[38;2;0;0;0;48;2;0;0;0m                                                [38;2;29;29;29;48;2;16;16;16mu[38;2;124;124;124;48;2;74;74;74my[38;2;33;33;33;48;2;168;168;168m~[38;2;32;32;32;48;2;169;169;169m~[38;2;37;37;37;48;2;176;176;176m~[38;2;28;28;28;48;2;161;161;161m~[38;2;54;54;54;48;2;177;177;177m~[38;2;127;127;127;48;2;148;148;148m.[38;2;158;158;158;48;2;201;201;201my[38;2;232;232;232;48;2;238;238;238mW[38;2;176;176;176;48;2;154;154;154mL[38;2;59;59;59;48;2;33;33;33mL[38;2;1;1;1;48;2;0;0;0m.         __                                               [0m
[7m[38;2;0;0;0m [0m[38;2;0;0;0;48;2;0;0;0m                                                [38;2;1;1;1;48;2;19;19;19m:[38;2;73;73;73;48;2;116;116;116mi[38;2;218;218;218;48;2;234;234;234m,[38;2;253;253;253;48;2;250;250;250m`[38;2;251;251;251;48;2;249;249;249m~[38;2;237;237;237;48;2;248;248;248m_[38;2;253;253;253;48;2;231;231;231m'[38;2;118;118;118;48;2;97;97;97mF[38;2;133;133;133;48;2;121;121;121m4[38;2;245;245;245;48;2;226;226;226m][38;2;136;136;136;48;2;158;158;158ma[38;2;180;180;180;48;2;71;71;71m_[38;2;185;185;185;48;2;82;82;82my[38;2;217;217;217;48;2;105;105;105my[38;2;215;215;215;48;2;106;106;106my[38;2;206;206;206;48;2;99;99;99my[38;2;202;202;202;48;2;95;95;95my[38;2;188;188;188;48;2;85;85;85my[38;2;176;176;176;48;2;78;78;78my[38;2;166;166;166;48;2;73;73;73my[38;2;155;155;155;48;2;67;67;67my[38;2;200;200;200;48;2;69;69;69m_[38;2;190;190;190;48;2;58;58;58m_[38;2;183;183;183;48;2;48;48;48m_[38;2;179;179;179;48;2;41;41;41m_[38;2;172;172;172;48;2;31;31;31m_[38;2;140;140;140;48;2;18;18;18m_[38;2;54;54;54;48;2;5;5;5m_[38;2;4;4;4;48;2;0;0;0m,                                          [0m
[7m[38;2;0;0;0m [0m[38;2;0;0;0;48;2;0;0;0m                                              [48;2;3;3;3m`[38;2;80;80;80;48;2;20;20;20m_[38;2;192;192;192;48;2;71;71;71m_[38;2;65;65;65;48;2;182;182;182m~[38;2;202;202;202;48;2;237;237;237m~[38;2;254;254;254;48;2;251;251;251m`[38;2;252;252;252m:[38;2;228;228;228;48;2;242;242;242m~[38;2;183;183;183;48;2;207;207;207m7[38;2;206;206;206;48;2;108;108;108m_[38;2;133;133;133;48;2;174;174;174mF[38;2;250;250;250;48;2;242;242;242m:[38;2;204;204;204;48;2;239;239;239m~[38;2;222;222;222;48;2;247;247;247m`[38;2;242;242;242;48;2;251;251;251m`[38;2;253;253;253;48;2;252;252;252m'7[38;2;248;248;248;48;2;251;251;251m`[38;2;247;247;247m`[38;2;242;242;242m`[38;2;238;238;238;48;2;250;250;250m`[38;2;236;236;236;48;2;249;249;249m`[38;2;233;233;233m`[38;2;231;231;231m`[38;2;227;227;227m`[38;2;225;225;225m`[38;2;224;224;224m`[38;2;219;219;219;48;2;247;247;247m`[38;2;199;199;199;48;2;232;232;232m~[38;2;92;92;92;48;2;140;140;140m~[38;2;57;57;57;48;2;29;29;29mL[48;2;0;0;0m                                          [0m
[7m[38;2;0;0;0m [0m[38;2;0;0;0;48;2;0;0;0m                                          [38;2;1;1;1m.[38;2;31;31;31;48;2;2;2;2m_[38;2;111;111;111;48;2;29;29;29m_[38;2;164;164;164;48;2;82;82;82my[38;2;69;69;69;48;2;156;156;156m~[38;2;117;117;117;48;2;150;150;150m~[38;2;185;185;185;48;2;199;199;199mF[38;2;161;161;161;48;2;228;228;228m_[38;2;215;215;215;48;2;242;242;242m_[38;2;254;254;254;48;2;251;251;251m.[48;2;252;252;252m [48;2;251;251;251m [38;2;252;252;252;48;2;250;250;250m'[38;2;232;232;232;48;2;247;247;247m~[38;2;243;243;243;48;2;250;250;250m~[38;2;253;253;253;48;2;252;252;252m`[48;2;251;251;251m [38;2;252;252;252m:[48;2;252;252;252m            [48;2;251;251;251m: [38;2;253;253;253m.[38;2;195;195;195;48;2;221;221;221m"[38;2;131;131;131;48;2;89;89;89mL[38;2;31;31;31;48;2;11;11;11m,[48;2;0;0;0m                                         [0m
[7m[38;2;0;0;0m [0m[38;2;0;0;0;48;2;0;0;0m                                        [38;2;47;47;47;48;2;10;10;10m_[38;2;145;145;145;48;2;38;38;38m_[38;2;158;158;158;48;2;76;76;76my[38;2;45;45;45;48;2;135;135;135m~[38;2;39;39;39;48;2;118;118;118m_[38;2;31;31;31;48;2;120;120;120my[38;2;33;33;33;48;2;127;127;127my[38;2;36;36;36;48;2;134;134;134my[38;2;180;180;180;48;2;73;73;73m~[38;2;59;59;59;48;2;102;102;102m$[38;2;186;186;186;48;2;208;208;208mF[38;2;246;246;246;48;2;249;249;249mL[38;2;252;252;252;48;2;251;251;251m_:[48;2;252;252;252m                    [48;2;251;251;251m`[38;2;254;254;254;48;2;245;245;245m:[38;2;142;142;142;48;2;127;127;127ml[38;2;39;39;39;48;2;25;25;25m[[48;2;0;0;0m                                         [0m
[7m[38;2;0;0;0m [0m[38;2;0;0;0;48;2;0;0;0m                                       [48;2;3;3;3m.[38;2;53;53;53;48;2;38;38;38mJ[38;2;0;0;0;48;2;106;106;106m_[38;2;176;176;176;48;2;62;62;62m~[38;2;72;72;72;48;2;17;17;17m~[38;2;0;0;0;48;2;2;2;2m`[38;2;1;1;1;48;2;0;0;0m.[38;2;36;36;36;48;2;4;4;4m_[38;2;143;143;143;48;2;40;40;40m_[38;2;43;43;43;48;2;151;151;151m~[38;2;154;154;154;48;2;224;224;224m~[38;2;253;253;253;48;2;249;249;249m`[48;2;251;251;251m [48;2;252;252;252m                     [48;2;251;251;251m [38;2;254;254;254m:[38;2;206;206;206;48;2;233;233;233m_[38;2;72;72;72;48;2;108;108;108mj[38;2;24;24;24;48;2;11;11;11m^[48;2;0;0;0m                                         [0m
[7m[38;2;0;0;0m [0m[38;2;0;0;0;48;2;0;0;0m                                            [38;2;38;38;38;48;2;8;8;8m_[38;2;149;149;149;48;2;52;52;52m_[38;2;51;51;51;48;2;164;164;164m~[38;2;189;189;189;48;2;229;229;229m"[38;2;251;251;251;48;2;248;248;248m:[38;2;249;249;249;48;2;251;251;251m~[38;2;252;252;252m.[48;2;252;252;252m                     [48;2;251;251;251m [48;2;250;250;250m.[38;2;210;210;210;48;2;240;240;240m_[38;2;98;98;98;48;2;145;145;145my[38;2;66;66;66;48;2;27;27;27m~[38;2;1;1;1;48;2;0;0;0m`                                         [0m
[7m[38;2;0;0;0m [0m[38;2;0;0;0;48;2;0;0;0m                                         [38;2;1;1;1m_[38;2;36;36;36;48;2;3;3;3m_[38;2;142;142;142;48;2;48;48;48m_[38;2;73;73;73;48;2;171;171;171m~[38;2;191;191;191;48;2;235;235;235m"[38;2;253;253;253;48;2;250;250;250m`[38;2;249;249;249;48;2;251;251;251m`[38;2;252;252;252m:[48;2;252;252;252m                     [48;2;251;251;251m:[38;2;250;250;250m.[38;2;252;252;252;48;2;249;249;249m:[38;2;169;169;169;48;2;227;227;227m_[38;2;71;71;71;48;2;132;132;132my[38;2;58;58;58;48;2;23;23;23m^[48;2;0;0;0m                                           [0m
[7m[38;2;0;0;0m [0m[38;2;0;0;0;48;2;0;0;0m                                        [48;2;3;3;3m`[38;2;95;95;95;48;2;34;34;34m_[38;2;50;50;50;48;2;145;145;145m~[38;2;180;180;180;48;2;229;229;229m~[38;2;251;251;251;48;2;249;249;249m'[38;2;252;252;252;48;2;251;251;251m_.[48;2;252;252;252m                     [48;2;251;251;251m:[38;2;249;249;249m_[38;2;252;252;252;48;2;250;250;250m`[38;2;189;189;189;48;2;240;240;240m_[38;2;118;118;118;48;2;189;189;189my[38;2;133;133;133;48;2;58;58;58m~[38;2;31;31;31;48;2;6;6;6m~[48;2;0;0;0m                                            [0m
[7m[38;2;0;0;0m [0m[38;2;0;0;0;48;2;0;0;0m                                       [38;2;53;53;53;48;2;13;13;13m_[38;2;170;170;170;48;2;85;85;85m_[38;2;132;132;132;48;2;208;208;208m~[38;2;252;252;252;48;2;247;247;247m:[38;2;250;250;250;48;2;251;251;251m=[38;2;252;252;252m:[48;2;252;252;252m                     [48;2;251;251;251m [38;2;250;250;250m.[38;2;252;252;252;48;2;247;247;247m`[38;2;160;160;160;48;2;228;228;228m_[38;2;44;44;44;48;2;170;170;170m_[38;2;155;155;155;48;2;59;59;59m~[38;2;55;55;55;48;2;12;12;12m'[48;2;0;0;0m                                              [0m
[7m[38;2;0;0;0m [0m[38;2;0;0;0;48;2;0;0;0m                                      [38;2;1;1;1;48;2;7;7;7m'[38;2;115;115;115;48;2;84;84;84m4[38;2;202;202;202;48;2;220;220;220m~[38;2;254;254;254;48;2;251;251;251m: [38;2;253;253;253;48;2;252;252;252m~                   [38;2;252;252;252;48;2;251;251;251m:[38;2;249;249;249m_[38;2;252;252;252;48;2;250;250;250m`[38;2;183;183;183;48;2;239;239;239m_[38;2;80;80;80;48;2;188;188;188m_[38;2;40;40;40;48;2;122;122;122my[38;2;108;108;108;48;2;30;30;30m~[38;2;28;28;28;48;2;3;3;3m~[48;2;0;0;0m                                                [0m
[7m[38;2;0;0;0m [0m[38;2;0;0;0;48;2;0;0;0m                                      [38;2;3;3;3;48;2;1;1;1m`[38;2;64;64;64;48;2;23;23;23m~[38;2;191;191;191;48;2;81;81;81m~[38;2;73;73;73;48;2;180;180;180m_[38;2;208;208;208;48;2;239;239;239m_[38;2;254;254;254;48;2;251;251;251m. [48;2;252;252;252m                [38;2;252;252;252;48;2;251;251;251m: [38;2;253;253;253m.[38;2;250;250;250;48;2;240;240;240m'[38;2;66;66;66;48;2;184;184;184m_[38;2;145;145;145;48;2;59;59;59m~[38;2;38;38;38;48;2;8;8;8m~[48;2;0;0;0m                                                   [0m
[7m[38;2;0;0;0m [0m[38;2;0;0;0;48;2;0;0;0m                                        [38;2;2;2;2m`[38;2;70;70;70;48;2;37;37;37m`[38;2;86;86;86;48;2;150;150;150m_[38;2;211;211;211;48;2;241;241;241m_[38;2;252;252;252;48;2;250;250;250m.[38;2;250;250;250;48;2;251;251;251m_[48;2;252;252;252m              [48;2;251;251;251m [38;2;252;252;252;48;2;249;249;249m`[38;2;185;185;185;48;2;240;240;240m_[38;2;86;86;86;48;2;190;190;190m_[38;2;164;164;164;48;2;71;71;71m~[38;2;50;50;50;48;2;12;12;12m~[38;2;2;2;2;48;2;0;0;0m'                                                    [0m
[7m[38;2;0;0;0m [0m[38;2;0;0;0;48;2;0;0;0m                                         [38;2;1;1;1m=[38;2;63;63;63;48;2;23;23;23m`[38;2;55;55;55;48;2;121;121;121my[38;2;97;97;97;48;2;212;212;212m_[38;2;228;228;228;48;2;244;244;244m,[38;2;242;242;242;48;2;250;250;250m_[38;2;250;250;250;48;2;251;251;251m,[48;2;252;252;252m        [38;2;252;252;252;48;2;251;251;251m: [48;2;250;250;250m`[48;2;246;246;246m`[38;2;142;142;142;48;2;223;223;223m_[38;2;30;30;30;48;2;159;159;159m_[38;2;143;143;143;48;2;52;52;52m~[38;2;38;38;38;48;2;8;8;8m~[48;2;0;0;0m                                                       [0m
[7m[38;2;0;0;0m [0m[38;2;0;0;0;48;2;0;0;0m                                           [38;2;6;6;6;48;2;1;1;1m`[38;2;60;60;60;48;2;15;15;15m"[38;2;149;149;149;48;2;48;48;48m~[38;2;62;62;62;48;2;143;143;143my[38;2;110;110;110;48;2;204;204;204m_[38;2;207;207;207;48;2;244;244;244m_[38;2;252;252;252;48;2;250;250;250m`[38;2;253;253;253;48;2;252;252;252m_, [38;2;252;252;252;48;2;251;251;251m`[38;2;220;220;220;48;2;248;248;248m_[38;2;178;178;178;48;2;244;244;244m_[38;2;162;162;162;48;2;240;240;240m_[38;2;130;130;130;48;2;224;224;224m_[38;2;101;101;101;48;2;185;185;185my[38;2;190;190;190;48;2;82;82;82m~[38;2;101;101;101;48;2;25;25;25m~[38;2;23;23;23;48;2;2;2;2m~[48;2;0;0;0m                                                         [0m
[7m[38;2;0;0;0m [0m[38;2;0;0;0;48;2;0;0;0m                                             [38;2;1;1;1m"`[38;2;48;48;48;48;2;17;17;17m"[38;2;164;164;164;48;2;71;71;71m~[38;2;3;3;3;48;2;168;168;168m_[38;2;26;26;26;48;2;204;204;204m_[38;2;45;45;45;48;2;210;210;210m_[38;2;74;74;74;48;2;215;215;215m_[38;2;36;36;36;48;2;196;196;196m_[38;2;191;191;191;48;2;83;83;83m~[38;2;113;113;113;48;2;34;34;34m~[38;2;73;73;73;48;2;19;19;19m~[38;2;28;28;28;48;2;6;6;6m~[38;2;4;4;4;48;2;1;1;1m`[48;2;0;0;0m                                                            [0m
[7m[38;2;0;0;0m [0m[38;2;0;0;0;48;2;0;0;0m                                                 [38;2;1;1;1m`[38;2;17;17;17;48;2;2;2;2m`[38;2;24;24;24;48;2;5;5;5m"[38;2;45;45;45;48;2;7;7;7m~[38;2;22;22;22;48;2;4;4;4m`[48;2;0;0;0m [38;2;2;2;2m`                                                               [0m
[7m[38;2;0;0;0m [0m[38;2;0;0;0;48;2;0;0;0m                                                                                                                       [0m
[7m[38;2;0;0;0m [0m[38;2;0;0;0;48;2;0;0;0m                                                                                                                       [0m
[7m[38;2;0;0;0m [0m[38;2;0;0;0;48;2;0;0;0m                                                                                                                       [0m
[7m[38;2;0;0;0m [0m[38;2;0;0;0;48;2;0;0;0m                                                                                                                       [0m
[7m[38;2;0;0;0m [0m[38;2;0;0;0;48;2;0;0;0m                                                                                                                       [0m
[7m[38;2;0;0;0m [0m[38;2;0;0;0;48;2;0;0;0m                                                                                                                       [0m
[7m[38;2;0;0;0m [0m[38;2;0;0;0;48;2;0;0;0m                                                                                                                       [0m
[?25h