[?25l[0m[7m[38;2;0;0;0m [0m[38;2;0;0;0;48;2;0;0;0m                                                                                                                       [0m
[7m[38;2;0;0;0m [0m[38;2;0;0;0;48;2;0;0;0m                                                                                                                       [0m
[7m[38;2;0;0;0m [0m[38;2;0;0;0;48;2;0;0;0m                                                                                                                       [0m
[7m[38;2;0;0;0m [0m[38;2;0;0;0;48;2;0;0;0m                                                                                                                       [0m
[7m[38;2;0;0;0m [0m[38;2;0;0;0;48;2;0;0;0m                                                                                                                       [0m
[7m[38;2;0;0;0m [0m[38;2;0;0;0;48;2;0;0;0m                                                                                                                       [0m
[7m[38;2;0;0;0m [0m[38;2;0;0;0;48;2;0;0;0m                                                                                                                       [0m
[7m[38;2;0;0;0m [0m[38;2;0;0;0;48;2;0;0;0m                                                                                                                       [0m
[7m[38;2;0;0;0m [0m[38;2;0;0;0;48;2;0;0;0m                                                                                                                       [0m
[7m[38;2;0;0;0m [0m[38;2;0;0;0;48;2;0;0;0m                                                                                                                       [0m
[7m[38;2;0;0;0m [0m[38;2;0;0;0;48;2;0;0;0m                                                                                                                       [0m
[7m[38;2;0;0;0m [0m[38;2;0;0;0;48;2;0;0;0m                                                                                                                       [0m
[7m[38;2;0;0;0m [0m[38;2;0;0;0;48;2;0;0;0m                                                                                                                       [0m
[7m[38;2;0;0;0m [0m[38;2;0;0;0;48;2;0;0;0m                                                            [38;2;1;1;1m_[38;2;0;0;0;48;2;2;2;2m:[38;2;60;60;60;48;2;5;5;5m_[38;2;87;87;87;48;2;9;9;9m__[38;2;74;74;74;48;2;8;8;8m_[38;2;57;57;57;48;2;5;5;5m_[38;2;28;28;28;48;2;2;2;2m_[38;2;4;4;4;48;2;0;0;0m, [38;2;1;1;1m.                                                [0m
[7m[38;2;0;0;0m [0m[38;2;0;0;0;48;2;0;0;0m                                                          [48;2;5;5;5m:[38;2;108;108;108;48;2;27;27;27m_[38;2;228;228;228;48;2;78;78;78m_[38;2;32;32;32;48;2;169;169;169m~[38;2;92;92;92;48;2;206;206;206m~[38;2;127;127;127;48;2;217;217;217m~[38;2;128;128;128m~[38;2;113;113;113;48;2;214;214;214m~[38;2;92;92;92;48;2;209;209;209m~[38;2;63;63;63;48;2;201;201;201m~[38;2;34;34;34;48;2;179;179;179m~[38;2;18;18;18;48;2;153;153;153m~[38;2;243;243;243;48;2;95;95;95m_[38;2;216;216;216;48;2;62;62;62m_[38;2;78;78;78;48;2;19;19;19m_[38;2;3;3;3;48;2;1;1;1m.[38;2;1;1;1;48;2;0;0;0m_                                            [0m
[7m[38;2;0;0;0m [0m[38;2;0;0;0;48;2;0;0;0m                                                       [48;2;2;2;2m:[38;2;83;83;83;48;2;16;16;16m_[38;2;186;186;186;48;2;71;71;71m_[38;2;78;78;78;48;2;179;179;179m~[38;2;152;152;152;48;2;229;229;229m`[38;2;251;251;251;48;2;248;248;248m:[38;2;248;248;248;48;2;250;250;250m=~[38;2;249;249;249;48;2;251;251;251m~[38;2;250;250;250m`` [38;2;252;252;252m.[38;2;250;250;250m=[38;2;249;249;249m=[38;2;247;247;247;48;2;249;249;249m=[38;2;253;253;253;48;2;242;242;242m:[38;2;103;103;103;48;2;161;161;161m`[38;2;72;72;72;48;2;39;39;39mL[48;2;1;1;1m [48;2;0;0;0m                                            [0m
[7m[38;2;0;0;0m [0m[38;2;0;0;0;48;2;0;0;0m                                                    [38;2;1;1;1m_[38;2;0;0;0;48;2;5;5;5m`[38;2;105;105;105;48;2;32;32;32m_[38;2;232;232;232;48;2;103;103;103m_[38;2;112;112;112;48;2;210;210;210m~[38;2;228;228;228;48;2;245;245;245m~[38;2;251;251;251;48;2;250;250;250m.[48;2;251;251;251m [38;2;252;252;252m.[48;2;252;252;252m        [48;2;251;251;251m:[48;2;250;250;250m [38;2;253;253;253;48;2;249;249;249m`[38;2;191;191;191;48;2;201;201;201m"[38;2;93;93;93;48;2;60;60;60m[[38;2;1;1;1;48;2;0;0;0m"                                            [0m
[7m[38;2;0;0;0m [0m[38;2;0;0;0;48;2;0;0;0m                                                  [48;2;2;2;2m:[38;2;78;78;78;48;2;14;14;14m_[38;2;181;181;181;48;2;65;65;65m_[38;2;63;63;63;48;2;171;171;171m~[38;2;144;144;144;48;2;229;229;229m`[38;2;252;252;252;48;2;250;250;250m:[48;2;251;251;251m,_ [48;2;252;252;252m           [38;2;250;250;250;48;2;251;251;251m`[38;2;254;254;254;48;2;248;248;248m:[38;2;167;167;167;48;2;190;190;190my[38;2;84;84;84;48;2;50;50;50mF[48;2;0;0;0m                                             [0m
[7m[38;2;0;0;0m [0m[38;2;0;0;0;48;2;0;0;0m                                                [38;2;39;39;39;48;2;8;8;8m_[38;2;130;130;130;48;2;41;41;41m_[38;2;177;177;177;48;2;99;99;99my[38;2;108;108;108;48;2;209;209;209m~[38;2;227;227;227;48;2;247;247;247m~[38;2;253;253;253;48;2;251;251;251m`[38;2;252;252;252m_:[48;2;252;252;252m   [48;2;251;251;251m:....[48;2;252;252;252m     [48;2;251;251;251m [38;2;253;253;253m.[38;2;215;215;215;48;2;237;237;237m_[38;2;142;142;142;48;2;103;103;103mF[38;2;44;44;44;48;2;17;17;17m'[48;2;0;0;0m                                             [0m
[7m[38;2;0;0;0m [0m[38;2;0;0;0;48;2;0;0;0m                                             [48;2;5;5;5m`[38;2;81;81;81;48;2;26;26;26m_[38;2;132;132;132;48;2;73;73;73my[38;2;89;89;89;48;2;173;173;173m~[38;2;172;172;172;48;2;229;229;229m~[38;2;231;231;231;48;2;247;247;247m~[38;2;254;254;254;48;2;251;251;251m` [38;2;250;250;250muw[38;2;254;254;254m.[38;2;237;237;237m_[38;2;226;226;226;48;2;250;250;250m_[38;2;220;220;220m_[38;2;213;213;213;48;2;248;248;248m_[38;2;211;211;211;48;2;247;247;247m__[38;2;212;212;212m_[38;2;216;216;216;48;2;249;249;249m_[38;2;220;220;220;48;2;250;250;250m_[38;2;224;224;224;48;2;251;251;251m_[38;2;229;229;229m_[38;2;234;234;234m_[38;2;237;237;237m_[38;2;245;245;245m_[38;2;254;254;254;48;2;244;244;244m`[38;2;116;116;116;48;2;165;165;165my[38;2;72;72;72;48;2;36;36;36m~[48;2;0;0;0m                                              [0m
[7m[38;2;0;0;0m [0m[38;2;0;0;0;48;2;0;0;0m                                             [38;2;43;43;43;48;2;35;35;35my[38;2;107;107;107;48;2;139;139;139mF[38;2;187;187;187;48;2;224;224;224m~[38;2;219;219;219;48;2;244;244;244m_[38;2;197;197;197m_[38;2;171;171;171;48;2;241;241;241m_[38;2;141;141;141;48;2;236;236;236m_[38;2;115;115;115;48;2;224;224;224m_[38;2;87;87;87;48;2;202;202;202m_[38;2;93;93;93;48;2;181;181;181my[38;2;50;50;50;48;2;156;156;156my[38;2;29;29;29;48;2;122;122;122my[38;2;169;169;169;48;2;63;63;63m~[38;2;140;140;140;48;2;45;45;45m~[38;2;122;122;122;48;2;32;32;32m~[38;2;118;118;118;48;2;29;29;29m~~[38;2;121;121;121;48;2;31;31;31m~[38;2;128;128;128;48;2;38;38;38m~[38;2;142;142;142;48;2;49;49;49m~[38;2;159;159;159;48;2;60;60;60m~[38;2;26;26;26;48;2;104;104;104my[38;2;42;42;42;48;2;121;121;121my[38;2;67;67;67;48;2;140;140;140my[38;2;61;61;61;48;2;164;164;164m_[38;2;78;78;78;48;2;148;148;148my[38;2;88;88;88;48;2;37;37;37m~[38;2;4;4;4;48;2;1;1;1m'[48;2;0;0;0m                                              [0m
[7m[38;2;0;0;0m [0m[38;2;0;0;0;48;2;0;0;0m                                             [38;2;41;41;41;48;2;15;15;15m"[38;2;151;151;151;48;2;46;46;46m~[38;2;205;205;205;48;2;59;59;59m~[38;2;181;181;181;48;2;50;50;50m~[38;2;153;153;153;48;2;41;41;41m~[38;2;119;119;119;48;2;32;32;32m~[38;2;68;68;68;48;2;16;16;16m~[38;2;22;22;22;48;2;4;4;4m~[48;2;0;0;0m       [38;2;1;1;1m"       `[38;2;12;12;12;48;2;2;2;2m~[38;2;7;7;7;48;2;1;1;1m~[48;2;0;0;0m                                                [0m
[7m[38;2;0;0;0m [0m[38;2;0;0;0;48;2;0;0;0m                                              [38;2;1;1;1m7[38;2;2;2;2;48;2;1;1;1m"[38;2;3;3;3m"~[48;2;0;0;0m~[38;2;1;1;1m`                                                                   [0m
[7m[38;2;0;0;0m [0m[38;2;0;0;0;48;2;0;0;0m                                                                                                                       [0m
[7m[38;2;0;0;0m [0m[38;2;0;0;0;48;2;0;0;0m                                                                                                                       [0m
[7m[38;2;0;0;0m [0m[38;2;0;0;0;48;2;0;0;0m                                                                                                                       [0m
[7m[38;2;0;0;0m [0m[38;2;0;0;0;48;2;0;0;0m                                                                                                                       [0m
[7m[38;2;0;0;0m [0m[38;2;0;0;0;48;2;0;0;0m                                                                                                                       [0m
[7m[38;2;0;0;0m [0m[38;2;0;0;0;48;2;0;0;0m                                                                                                                       [0m
[7m[38;2;0;0;0m [0m[38;2;0;0;0;48;2;0;0;0m                                                                                                                       [0m
[7m[38;2;0;0;0m [0m[38;2;0;0;0;48;2;0;0;0m                                                                                                                       [0m
[7m[38;2;0;0;0m [0m[38;2;0;0;0;48;2;0;0;0m                                                                                                                       [0m
[7m[38;2;0;0;0m [0m[38;2;0;0;0;48;2;0;0;0m                                                                                                                       [0m
[7m[38;2;0;0;0m [0m[38;2;0;0;0;48;2;0;0;0m                                                                                                                       [0m
[7m[38;2;0;0;0m [0m[38;2;0;0;0;48;2;0;0;0m                                                                                                                       [0m
[7m[38;2;0;0;0m [0m[38;2;0;0;0;48;2;0;0;0m                                                                                                                       [0m
[?25h