[?25l[0m[7m[38;2;252;252;252m [0m[38;2;0;0;0;48;2;252;252;252m                                                                                                                       [0m
[7m[38;2;252;252;252m [0m[38;2;0;0;0;48;2;252;252;252m                                                                                                                       [0m
[7m[38;2;252;252;252m [0m[38;2;0;0;0;48;2;252;252;252m                                                                                                                       [0m
[7m[38;2;252;252;252m [0m[38;2;0;0;0;48;2;252;252;252m                                                                                                                       [0m
[7m[38;2;252;252;252m [0m[38;2;0;0;0;48;2;252;252;252m                                                                                                                       [0m
[7m[38;2;252;252;252m [0m[38;2;0;0;0;48;2;252;252;252m                                                                                                                       [0m
[7m[38;2;252;252;252m [0m[38;2;0;0;0;48;2;252;252;252m                                                                                                                       [0m
[7m[38;2;252;252;252m [0m[38;2;0;0;0;48;2;252;252;252m                                   [38;2;252;252;252;48;2;251;251;251m:.[48;2;250;250;250m`[38;2;214;214;214;48;2;248;248;248m_[38;2;231;231;231;48;2;250;250;250m_[38;2;252;252;252m:[38;2;212;212;212;48;2;248;248;248m_[38;2;196;196;196;48;2;246;246;246m_[38;2;194;194;194m_[38;2;201;201;201;48;2;247;247;247m_[38;2;228;228;228;48;2;249;249;249m_[38;2;252;252;252;48;2;251;251;251m:.[48;2;252;252;252m                                                                       [0m
[7m[38;2;252;252;252m [0m[38;2;0;0;0;48;2;252;252;252m                                  [38;2;252;252;252;48;2;251;251;251m:[48;2;250;250;250m [38;2;251;251;251;48;2;248;248;248m:[38;2;200;200;200;48;2;217;217;217my[38;2;44;44;44;48;2;112;112;112ma[38;2;201;201;201;48;2;78;78;78m~[38;2;228;228;228;48;2;83;83;83m~[38;2;169;169;169;48;2;56;56;56m~[38;2;127;127;127;48;2;41;41;41m~[38;2;120;120;120;48;2;39;39;39m~[38;2;136;136;136;48;2;47;47;47m~[38;2;194;194;194;48;2;83;83;83m~[38;2;52;52;52;48;2;178;178;178m_[38;2;186;186;186;48;2;236;236;236m_[38;2;251;251;251;48;2;248;248;248m`[38;2;249;249;249;48;2;250;250;250m_[48;2;251;251;251m [48;2;252;252;252m                                                                    [0m
[7m[38;2;252;252;252m [0m[38;2;0;0;0;48;2;252;252;252m                                  [38;2;252;252;252;48;2;251;251;251m:[38;2;248;248;248;48;2;249;249;249m$[38;2;247;247;247;48;2;236;236;236m`[38;2;183;183;183;48;2;142;142;142m~[38;2;0;0;0;48;2;24;24;24m:[38;2;2;2;2;48;2;1;1;1my[48;2;0;0;0m   [38;2;1;1;1m`[38;2;2;2;2m` [38;2;35;35;35;48;2;10;10;10m"[38;2;137;137;137;48;2;56;56;56m~[38;2;93;93;93;48;2;171;171;171m_[38;2;252;252;252;48;2;244;244;244m:[48;2;250;250;250m [48;2;251;251;251m:[48;2;252;252;252m                                                                   [0m
[7m[38;2;252;252;252m [0m[38;2;0;0;0;48;2;252;252;252m                                  [38;2;252;252;252;48;2;251;251;251m:[38;2;247;247;247;48;2;250;250;250m~[38;2;248;248;248;48;2;239;239;239m:[38;2;206;206;206;48;2;155;155;155my[38;2;164;164;164;48;2;56;56;56m_[38;2;42;42;42;48;2;14;14;14m,[38;2;0;0;0;48;2;1;1;1m`[48;2;0;0;0m      [48;2;1;1;1m:[38;2;77;77;77;48;2;49;49;49m"[38;2;113;113;113;48;2;179;179;179m_[38;2;254;254;254;48;2;246;246;246m:[38;2;250;250;250;48;2;251;251;251m*[38;2;252;252;252m:[48;2;252;252;252m                                                                  [0m
[7m[38;2;252;252;252m [0m[38;2;0;0;0;48;2;252;252;252m                                   [38;2;252;252;252;48;2;251;251;251m.:[38;2;247;247;247;48;2;250;250;250m`[38;2;194;194;194;48;2;219;219;219m"[38;2;176;176;176;48;2;80;80;80m_[38;2;32;32;32;48;2;12;12;12m,[38;2;1;1;1;48;2;0;0;0m.     [38;2;2;2;2;48;2;1;1;1mw[38;2;44;44;44;48;2;20;20;20m_[38;2;82;82;82;48;2;128;128;128mF[38;2;236;236;236;48;2;243;243;243mL[48;2;251;251;251m [38;2;252;252;252m:[48;2;252;252;252m                                                                  [0m
[7m[38;2;252;252;252m [0m[38;2;0;0;0;48;2;252;252;252m                                     [38;2;252;252;252;48;2;251;251;251m:[38;2;253;253;253;48;2;250;250;250m'[38;2;215;215;215;48;2;230;230;230m`[38;2;84;84;84;48;2;149;149;149m~[38;2;48;48;48;48;2;23;23;23mL[38;2;0;0;0;48;2;1;1;1m:[38;2;1;1;1;48;2;0;0;0ms [38;2;63;63;63;48;2;18;18;18m_[38;2;201;201;201;48;2;62;62;62m_[38;2;245;245;245;48;2;93;93;93m_[38;2;65;65;65;48;2;175;175;175m~[38;2;200;200;200;48;2;233;233;233m"[38;2;254;254;254;48;2;250;250;250m`[38;2;250;250;250;48;2;251;251;251m`[38;2;252;252;252m:[48;2;252;252;252m                                                                  [0m
[7m[38;2;252;252;252m [0m[38;2;0;0;0;48;2;252;252;252m                                    [48;2;251;251;251m [48;2;250;250;250m [38;2;250;250;250;48;2;239;239;239m'[38;2;157;157;157;48;2;175;175;175m4[38;2;100;100;100;48;2;44;44;44m~[38;2;0;0;0;48;2;4;4;4m:[48;2;0;0;0m   [38;2;50;50;50;48;2;27;27;27m"[38;2;63;63;63;48;2;134;134;134m_[38;2;206;206;206;48;2;236;236;236m_[38;2;253;253;253;48;2;250;250;250m`[48;2;251;251;251m [48;2;252;252;252m                                                                     [0m
[7m[38;2;252;252;252m [0m[38;2;0;0;0;48;2;252;252;252m                                  [38;2;252;252;252;48;2;251;251;251m:[38;2;249;249;249m,[38;2;251;251;251;48;2;249;249;249m`[38;2;177;177;177;48;2;226;226;226m_[38;2;58;58;58;48;2;141;141;141my[38;2;80;80;80;48;2;25;25;25m~[38;2;0;0;0;48;2;3;3;3m:[48;2;0;0;0m     [38;2;47;47;47;48;2;28;28;28m"[38;2;95;95;95;48;2;140;140;140mL[38;2;232;232;232;48;2;241;241;241m,[38;2;250;250;250;48;2;251;251;251m"[38;2;252;252;252m:[48;2;252;252;252m                                                                    [0m
[7m[38;2;252;252;252m [0m[38;2;0;0;0;48;2;252;252;252m                                 [38;2;252;252;252;48;2;251;251;251m.[38;2;250;250;250my[38;2;251;251;251;48;2;243;243;243m'[38;2;149;149;149;48;2;200;200;200my[38;2;146;146;146;48;2;60;60;60m~[38;2;0;0;0;48;2;8;8;8m`[38;2;1;1;1;48;2;0;0;0m`      [38;2;11;11;11;48;2;7;7;7m4[38;2;59;59;59;48;2;98;98;98ml[38;2;217;217;217;48;2;230;230;230m,[38;2;254;254;254;48;2;251;251;251m` [48;2;252;252;252m                                                                    [0m
[7m[38;2;252;252;252m [0m[38;2;0;0;0;48;2;252;252;252m                                 [48;2;251;251;251m [38;2;249;249;249mF[38;2;248;248;248;48;2;238;238;238m:[38;2;199;199;199;48;2;152;152;152my[38;2;167;167;167;48;2;51;51;51m_[38;2;47;47;47;48;2;14;14;14m,[48;2;0;0;0m       [38;2;0;0;0;48;2;1;1;1m:[38;2;82;82;82;48;2;57;57;57m4[38;2;175;175;175;48;2;197;197;197m~[38;2;254;254;254;48;2;248;248;248m:[38;2;250;250;250;48;2;251;251;251m_[38;2;252;252;252m:[48;2;252;252;252m                                                                   [0m
[7m[38;2;252;252;252m [0m[38;2;0;0;0;48;2;252;252;252m                                   [48;2;251;251;251m [38;2;246;246;246;48;2;248;248;248m`[38;2;201;201;201;48;2;225;225;225m"[38;2;88;88;88;48;2;124;124;124m"[38;2;32;32;32;48;2;14;14;14mL[48;2;0;0;0m      [38;2;1;1;1m^[38;2;2;2;2;48;2;27;27;27m:[38;2;90;90;90;48;2;134;134;134mL[38;2;231;231;231;48;2;240;240;240m,[38;2;250;250;250;48;2;251;251;251m" [48;2;252;252;252m                                                                   [0m
[7m[38;2;252;252;252m [0m[38;2;0;0;0;48;2;252;252;252m                                  [38;2;252;252;252;48;2;251;251;251m:[38;2;250;250;250m_[48;2;248;248;248m:[38;2;160;160;160;48;2;218;218;218m_[38;2;107;107;107;48;2;70;70;70mF[38;2;0;0;0;48;2;8;8;8m:[38;2;1;1;1;48;2;0;0;0m~      [38;2;0;0;0;48;2;5;5;5m'[38;2;100;100;100;48;2;74;74;74mj[38;2;202;202;202;48;2;219;219;219mF[38;2;248;248;248;48;2;250;250;250mL[38;2;252;252;252;48;2;251;251;251m_:[48;2;252;252;252m                                                                  [0m
[7m[38;2;252;252;252m [0m[38;2;0;0;0;48;2;252;252;252m                                  [38;2;252;252;252;48;2;251;251;251m::[38;2;245;245;245;48;2;225;225;225m'[38;2;130;130;130;48;2;79;79;79m~[38;2;0;0;0;48;2;8;8;8m:[38;2;1;1;1;48;2;0;0;0m~      [48;2;6;6;6m`[38;2;99;99;99;48;2;63;63;63my[38;2;137;137;137;48;2;204;204;204m~[38;2;254;254;254;48;2;248;248;248m`[38;2;250;250;250;48;2;251;251;251m![38;2;252;252;252m:[48;2;252;252;252m                                                                   [0m
[7m[38;2;252;252;252m [0m[38;2;0;0;0;48;2;252;252;252m                                 [38;2;252;252;252;48;2;251;251;251m.[38;2;250;250;250m.[38;2;229;229;229;48;2;237;237;237mu[38;2;200;200;200;48;2;136;136;136m~[38;2;0;0;0;48;2;23;23;23m:[38;2;1;1;1;48;2;0;0;0m.      ^[38;2;38;38;38;48;2;22;22;22m4[38;2;92;92;92;48;2;127;127;127mL[38;2;198;198;198;48;2;233;233;233m_[38;2;253;253;253;48;2;250;250;250m:[48;2;251;251;251m [48;2;252;252;252m                                                                    [0m
[7m[38;2;252;252;252m [0m[38;2;0;0;0;48;2;252;252;252m                                [38;2;252;252;252;48;2;251;251;251m::[38;2;251;251;251;48;2;249;249;249m:[38;2;194;194;194;48;2;220;220;220m_[38;2;103;103;103;48;2;71;71;71mF[38;2;0;0;0;48;2;8;8;8m:[48;2;0;0;0m        [48;2;1;1;1m'[38;2;77;77;77;48;2;48;48;48m4[38;2;136;136;136;48;2;185;185;185m_[38;2;254;254;254;48;2;247;247;247m:[48;2;250;250;250m [38;2;252;252;252;48;2;251;251;251m:[48;2;252;252;252m                                                                   [0m
[7m[38;2;252;252;252m [0m[38;2;0;0;0;48;2;252;252;252m                                [48;2;251;251;251m [38;2;251;251;251;48;2;250;250;250my[38;2;245;245;245;48;2;232;232;232m`[38;2;173;173;173;48;2;119;119;119m~[38;2;0;0;0;48;2;17;17;17m:[38;2;1;1;1;48;2;0;0;0m:        `[38;2;21;21;21;48;2;9;9;9m"[38;2;67;67;67;48;2;99;99;99m$[38;2;180;180;180;48;2;223;223;223m_[38;2;253;253;253;48;2;250;250;250m:[38;2;250;250;250;48;2;251;251;251m_[38;2;252;252;252m:[48;2;252;252;252m                                                                  [0m
[7m[38;2;252;252;252m [0m[38;2;0;0;0;48;2;252;252;252m                               [38;2;252;252;252;48;2;251;251;251m:[38;2;250;250;250m,[38;2;252;252;252;48;2;249;249;249m`[38;2;197;197;197;48;2;211;211;211my[38;2;13;13;13;48;2;47;47;47m:[38;2;0;0;0;48;2;1;1;1m:[48;2;0;0;0m          [38;2;1;1;1m=[48;2;25;25;25m:[38;2;89;89;89;48;2;131;131;131mL[38;2;254;254;254;48;2;239;239;239m`[38;2;252;252;252;48;2;251;251;251m_ [48;2;252;252;252m                                                                  [0m
[7m[38;2;252;252;252m [0m[38;2;0;0;0;48;2;252;252;252m                               [38;2;252;252;252;48;2;251;251;251m|[38;2;249;249;249;48;2;250;250;250mi[38;2;246;246;246;48;2;237;237;237m`[38;2;176;176;176;48;2;150;150;150mF[38;2;37;37;37;48;2;18;18;18mL[38;2;1;1;1;48;2;0;0;0m_           [38;2;0;0;0;48;2;1;1;1m'[38;2;76;76;76;48;2;52;52;52m4[38;2;154;154;154;48;2;196;196;196m_[38;2;254;254;254;48;2;248;248;248m:[38;2;250;250;250;48;2;251;251;251my[38;2;252;252;252m:[48;2;252;252;252m                                                                 [0m
[7m[38;2;252;252;252m [0m[38;2;0;0;0;48;2;252;252;252m                               [38;2;252;252;252;48;2;251;251;251ml[38;2;249;249;249;48;2;250;250;250mF[38;2;221;221;221;48;2;230;230;230m4[38;2;116;116;116;48;2;93;93;93mF[38;2;0;0;0;48;2;11;11;11m:[38;2;1;1;1;48;2;0;0;0m:            [38;2;0;0;0;48;2;20;20;20m:[38;2;96;96;96;48;2;125;125;125m$[38;2;235;235;235;48;2;242;242;242mL[38;2;250;250;250;48;2;251;251;251m~ [48;2;252;252;252m                                                                 [0m
[7m[38;2;252;252;252m [0m[38;2;0;0;0;48;2;252;252;252m                                [38;2;252;252;252;48;2;251;251;251m:[38;2;210;210;210;48;2;218;218;218m4[38;2;65;65;65;48;2;49;49;49mL[38;2;0;0;0;48;2;2;2;2m:[38;2;1;1;1;48;2;0;0;0m`            [38;2;0;0;0;48;2;3;3;3m:[38;2;54;54;54;48;2;90;90;90m$[38;2;213;213;213;48;2;226;226;226mL[38;2;254;254;254;48;2;251;251;251m: [48;2;252;252;252m                                                                 [0m
[7m[38;2;252;252;252m [0m[38;2;0;0;0;48;2;252;252;252m                              [48;2;251;251;251m [38;2;252;252;252m`[38;2;249;249;249;48;2;241;241;241m`[38;2;194;194;194;48;2;168;168;168mF[38;2;41;41;41;48;2;21;21;21mL[48;2;0;0;0m               [38;2;35;35;35;48;2;71;71;71m$[38;2;186;186;186;48;2;203;203;203mL[38;2;254;254;254;48;2;248;248;248m`[48;2;250;250;250m [38;2;252;252;252;48;2;251;251;251m:[48;2;252;252;252m                                                                [0m
[7m[38;2;252;252;252m [0m[38;2;0;0;0;48;2;252;252;252m                              [38;2;252;252;252;48;2;251;251;251m|[48;2;250;250;250m [38;2;242;242;242;48;2;231;231;231m:[38;2;143;143;143;48;2;118;118;118mF[38;2;0;0;0;48;2;15;15;15m:[38;2;1;1;1;48;2;0;0;0m:              [38;2;29;29;29;48;2;60;60;60m$[38;2;165;165;165;48;2;183;183;183mL[38;2;243;243;243;48;2;247;247;247mL[48;2;250;250;250m [38;2;252;252;252;48;2;251;251;251m:[48;2;252;252;252m                                                                [0m
[7m[38;2;252;252;252m [0m[38;2;0;0;0;48;2;252;252;252m                              [38;2;252;252;252;48;2;251;251;251m:[38;2;250;250;250mF[38;2;217;217;217;48;2;227;227;227m4[38;2;95;95;95;48;2;76;76;76m~[38;2;0;0;0;48;2;6;6;6m:[38;2;1;1;1;48;2;0;0;0m~              [38;2;51;51;51;48;2;34;34;34m4[38;2;139;139;139;48;2;158;158;158m[[38;2;239;239;239;48;2;245;245;245mL[38;2;249;249;249;48;2;250;250;250m.[38;2;252;252;252;48;2;251;251;251m:[48;2;252;252;252m                                                                [0m
[7m[38;2;252;252;252m [0m[38;2;0;0;0;48;2;252;252;252m                              [38;2;252;252;252;48;2;251;251;251m:[48;2;250;250;250m:[38;2;205;205;205;48;2;215;215;215m4[38;2;62;62;62;48;2;45;45;45mL[38;2;0;0;0;48;2;1;1;1m:[48;2;0;0;0m              [38;2;1;1;1m:[38;2;36;36;36;48;2;23;23;23m4[38;2;101;101;101;48;2;132;132;132ml[38;2;237;237;237;48;2;244;244;244mL[48;2;250;250;250m [38;2;252;252;252;48;2;251;251;251m:[48;2;252;252;252m                                                                [0m
[7m[38;2;252;252;252m [0m[38;2;0;0;0;48;2;252;252;252m                             [48;2;251;251;251m [38;2;252;252;252m`[38;2;242;242;242;48;2;245;245;245mu[38;2;179;179;179;48;2;191;191;191my[38;2;45;45;45;48;2;24;24;24mL[48;2;0;0;0m                [38;2;0;0;0;48;2;13;13;13m:[38;2;83;83;83;48;2;112;112;112m$[38;2;233;233;233;48;2;242;242;242mL[38;2;253;253;253;48;2;252;252;252m,[38;2;251;251;251m_                                                                [0m
[7m[38;2;252;252;252m [0m[38;2;0;0;0;48;2;252;252;252m                             [38;2;252;252;252;48;2;251;251;251m|[48;2;250;250;250m [38;2;235;235;235;48;2;240;240;240m4[38;2;181;181;181;48;2;165;165;165m[[38;2;38;38;38;48;2;18;18;18mL[48;2;0;0;0m                [38;2;0;0;0;48;2;2;2;2m:[38;2;48;48;48;48;2;84;84;84m$[38;2;202;202;202;48;2;220;220;220m_[38;2;253;253;253;48;2;250;250;250m:[48;2;251;251;251m [48;2;252;252;252m                                                                [0m
[7m[38;2;252;252;252m [0m[38;2;0;0;0;48;2;252;252;252m                             [38;2;252;252;252;48;2;251;251;251ml[38;2;251;251;251;48;2;250;250;250mu[38;2;235;235;235;48;2;240;240;240m4[38;2;158;158;158;48;2;170;170;170m4[38;2;38;38;38;48;2;18;18;18mL[38;2;2;2;2;48;2;0;0;0m_                [38;2;68;68;68;48;2;47;47;47m4[38;2;178;178;178;48;2;192;192;192mF[38;2;244;244;244;48;2;248;248;248mL[38;2;251;251;251;48;2;250;250;250m`[38;2;252;252;252;48;2;251;251;251m:[48;2;252;252;252m                                                               [0m
[7m[38;2;252;252;252m [0m[38;2;0;0;0;48;2;252;252;252m                             [38;2;252;252;252;48;2;251;251;251m::[38;2;245;245;245;48;2;250;250;250m`[38;2;199;199;199;48;2;231;231;231m"[38;2;70;70;70;48;2;168;168;168m~[38;2;202;202;202;48;2;73;73;73m_[38;2;158;158;158;48;2;26;26;26m_[38;2;85;85;85;48;2;11;11;11m_[38;2;0;0;0;48;2;2;2;2m`[38;2;1;1;1;48;2;0;0;0mw         .[38;2;0;0;0;48;2;3;3;3m:[38;2;89;89;89;48;2;15;15;15m_[38;2;189;189;189;48;2;86;86;86m_[38;2;195;195;195;48;2;224;224;224m~[38;2;253;253;253;48;2;250;250;250m`[48;2;251;251;251m [38;2;252;252;252m:[48;2;252;252;252m                                                               [0m
[7m[38;2;252;252;252m [0m[38;2;0;0;0;48;2;252;252;252m                                [38;2;252;252;252;48;2;251;251;251m:[38;2;250;250;250m`[38;2;234;234;234;48;2;248;248;248m`[38;2;208;208;208;48;2;239;239;239m"[38;2;134;134;134;48;2;217;217;217m~[38;2;61;61;61;48;2;184;184;184m~[38;2;252;252;252;48;2;113;113;113m_[38;2;243;243;243;48;2;78;78;78m_[38;2;208;208;208;48;2;57;57;57m_[38;2;66;66;66;48;2;22;22;22m,[38;2;0;0;0;48;2;2;2;2m:[38;2;2;2;2;48;2;0;0;0m_[38;2;0;0;0;48;2;1;1;1m`[38;2;66;66;66;48;2;17;17;17m_[38;2;182;182;182;48;2;51;51;51m_[38;2;238;238;238;48;2;77;77;77m_[38;2;253;253;253;48;2;114;114;114m_[38;2;57;57;57;48;2;187;187;187m~[38;2;128;128;128;48;2;222;222;222m~[38;2;228;228;228;48;2;247;247;247m~[38;2;254;254;254;48;2;251;251;251m`[38;2;252;252;252m.[48;2;252;252;252m                                                                 [0m
[?25h