[?25l[0m[7m[38;2;0;0;0m [0m[38;2;0;0;0;48;2;0;0;0m                                                                                                                   [38;2;2;2;2;48;2;4;4;4m.[38;2;62;62;62;48;2;77;77;77mL[38;2;157;157;157;48;2;174;174;174mL[38;2;225;225;225;48;2;230;230;230m[[0m
[7m[38;2;0;0;0m [0m[38;2;0;0;0;48;2;0;0;0m                                                                                                                   [38;2;2;2;2;48;2;5;5;5m.[38;2;89;89;89;48;2;75;75;75m4[38;2;161;161;161;48;2;181;181;181mL[38;2;231;231;231;48;2;237;237;237mL[0m
[7m[38;2;0;0;0m [0m[38;2;0;0;0;48;2;0;0;0m                                                                                                                   [48;2;2;2;2m [38;2;60;60;60;48;2;72;72;72mL[38;2;155;155;155;48;2;172;172;172mL[38;2;232;232;232;48;2;234;234;234m$[0m
[7m[38;2;0;0;0m [0m[38;2;0;0;0;48;2;0;0;0m                                                                                                                   [48;2;1;1;1m.[38;2;53;53;53;48;2;63;63;63mL[38;2;146;146;146;48;2;164;164;164mL[38;2;223;223;223;48;2;232;232;232mL[0m
[7m[38;2;0;0;0m [0m[38;2;0;0;0;48;2;0;0;0m                                                                                                                    [38;2;48;48;48;48;2;57;57;57mL[38;2;140;140;140;48;2;157;157;157mL[38;2;224;224;224;48;2;227;227;227m$[0m
[7m[38;2;0;0;0m [0m[38;2;0;0;0;48;2;0;0;0m                                                                                                                   [48;2;1;1;1m [38;2;46;46;46;48;2;54;54;54mL[38;2;136;136;136;48;2;152;152;152mL[38;2;224;224;224;48;2;228;228;228m$[0m
[7m[38;2;0;0;0m [0m[38;2;0;0;0;48;2;0;0;0m                                                                                                                   [48;2;1;1;1m [38;2;47;47;47;48;2;55;55;55mF[38;2;139;139;139;48;2;153;153;153mF[38;2;224;224;224;48;2;228;228;228m$[0m
[7m[38;2;0;0;0m [0m[38;2;0;0;0;48;2;0;0;0m                                                                                                                   [48;2;1;1;1m [38;2;54;54;54;48;2;65;65;65mF[38;2;148;148;148;48;2;165;165;165mF[38;2;225;225;225;48;2;233;233;233mF[0m
[7m[38;2;0;0;0m [0m[38;2;0;0;0;48;2;0;0;0m                                                                                                                   [48;2;2;2;2m`[38;2;70;70;70;48;2;82;82;82mF[38;2;167;167;167;48;2;185;185;185mF[38;2;234;234;234;48;2;240;240;240mF[0m
[7m[38;2;0;0;0m [0m[38;2;0;0;0;48;2;0;0;0m                                                                                                                   [38;2;4;4;4;48;2;8;8;8m`[38;2;84;84;84;48;2;100;100;100mF[38;2;182;182;182;48;2;197;197;197mF[38;2;243;243;243;48;2;245;245;245ml[0m
[7m[38;2;0;0;0m [0m[38;2;0;0;0;48;2;0;0;0m                                                                                                                   [38;2;22;22;22;48;2;18;18;18m4[38;2;103;103;103;48;2;120;120;120mF[38;2;195;195;195;48;2;212;212;212mF[38;2;244;244;244;48;2;250;250;250m~[0m
[7m[38;2;0;0;0m [0m[38;2;0;0;0;48;2;0;0;0m                                                                                                                   [38;2;36;36;36;48;2;26;26;26m_[38;2;122;122;122;48;2;139;139;139mF[38;2;212;212;212;48;2;224;224;224mF[38;2;253;253;253;48;2;251;251;251m~[0m
[7m[38;2;0;0;0m [0m[38;2;0;0;0;48;2;0;0;0m                                                                                                                   [38;2;38;38;38;48;2;47;47;47mF[38;2;141;141;141;48;2;159;159;159mF[38;2;223;223;223;48;2;232;232;232mF[38;2;252;252;252;48;2;251;251;251m:[0m
[7m[38;2;0;0;0m [0m[38;2;0;0;0;48;2;0;0;0m                                                                                                                   [38;2;52;52;52;48;2;63;63;63mF[38;2;159;159;159;48;2;178;178;178mF[38;2;234;234;234;48;2;239;239;239mF[48;2;252;252;252m [0m
[7m[38;2;0;0;0m [0m[38;2;0;0;0;48;2;0;0;0m                                                                                                                  [48;2;5;5;5m`[38;2;114;114;114;48;2;87;87;87m_[38;2;180;180;180;48;2;200;200;200mF[38;2;241;241;241;48;2;246;246;246m~[38;2;252;252;252;48;2;251;251;251m:[0m
[7m[38;2;0;0;0m [0m[38;2;0;0;0;48;2;0;0;0m                                                                                                                  [38;2;61;61;61;48;2;42;42;42my[38;2;122;122;122;48;2;155;155;155m~[38;2;214;214;214;48;2;227;227;227m^[38;2;250;250;250;48;2;248;248;248m_[48;2;251;251;251mL[0m
[7m[38;2;0;0;0m [0m[38;2;0;0;0;48;2;0;0;0m                                                                                                                 [38;2;28;28;28;48;2;15;15;15m_[38;2;125;125;125;48;2;100;100;100my[38;2;187;187;187;48;2;207;207;207mF[38;2;242;242;242;48;2;248;248;248m^[38;2;253;253;253;48;2;252;252;252m. [0m
[7m[38;2;0;0;0m [0m[38;2;0;0;0;48;2;0;0;0m                                                                                                                [48;2;2;2;2m`[38;2;87;87;87;48;2;62;62;62my[38;2;140;140;140;48;2;173;173;173m~[38;2;226;226;226;48;2;236;236;236m^[48;2;252;252;252m [48;2;253;253;253m [48;2;252;252;252m [0m
[7m[38;2;0;0;0m [0m[38;2;0;0;0;48;2;0;0;0m                                                                                                                [38;2;61;61;61;48;2;29;29;29m_[38;2;109;109;109;48;2;130;130;130mF[38;2;196;196;196;48;2;209;209;209mF[38;2;241;241;241;48;2;243;243;243mF[48;2;251;251;251m [48;2;253;253;253m [48;2;252;252;252m [0m
[7m[38;2;0;0;0m [0m[38;2;0;0;0;48;2;0;0;0m                                                                                                               [48;2;9;9;9m`[38;2;69;69;69;48;2;94;94;94m~[38;2;157;157;157;48;2;171;171;171mF[38;2;210;210;210;48;2;216;216;216mF[38;2;238;238;238;48;2;241;241;241mL[48;2;252;252;252m [48;2;253;253;253m [48;2;252;252;252m [0m
[7m[38;2;0;0;0m [0m[38;2;0;0;0;48;2;0;0;0m                                                                                                               [38;2;34;34;34;48;2;29;29;29m4[38;2;122;122;122;48;2;139;139;139mF[38;2;185;185;185;48;2;199;199;199m~[38;2;219;219;219;48;2;230;230;230m~[38;2;241;241;241;48;2;247;247;247m~[48;2;252;252;252m [38;2;253;253;253m. [0m
[7m[38;2;0;0;0m [0m[38;2;0;0;0;48;2;0;0;0m                                                                                                               [38;2;16;16;16;48;2;23;23;23m:[38;2;137;137;137;48;2;155;155;155mF[38;2;215;215;215;48;2;225;225;225mF[38;2;241;241;241;48;2;246;246;246m"[48;2;251;251;251m [38;2;253;253;253;48;2;252;252;252m`  [0m
[7m[38;2;0;0;0m [0m[38;2;0;0;0;48;2;0;0;0m                                                                                                               [38;2;11;11;11;48;2;17;17;17m:[38;2;140;140;140;48;2;160;160;160mL[38;2;231;231;231;48;2;234;234;234ml[38;2;253;253;253;48;2;252;252;252my[38;2;251;251;251m~   [0m
[7m[38;2;0;0;0m [0m[38;2;0;0;0;48;2;0;0;0m                                                                                                            [48;2;7;7;7m`[38;2;98;98;98;48;2;37;37;37m_[38;2;72;72;72;48;2;24;24;24m_[38;2;10;10;10;48;2;15;15;15m:[38;2;139;139;139;48;2;159;159;159mL[38;2;232;232;232;48;2;234;234;234m$[48;2;254;254;254m [48;2;253;253;253m [48;2;252;252;252m   [0m
[7m[38;2;0;0;0m [0m[38;2;0;0;0;48;2;0;0;0m                                                                                                            [38;2;38;38;38;48;2;28;28;28m4[38;2;158;158;158;48;2;125;125;125m4[38;2;118;118;118;48;2;93;93;93m$[38;2;27;27;27;48;2;23;23;23m+[38;2;142;142;142;48;2;159;159;159mF[38;2;228;228;228;48;2;236;236;236mF[38;2;254;254;254;48;2;253;253;253m. [48;2;252;252;252m   [0m
[7m[38;2;0;0;0m [0m[38;2;0;0;0;48;2;0;0;0m                                                                                                             [38;2;16;16;16;48;2;4;4;4m"[38;2;22;22;22m~[38;2;0;0;0;48;2;5;5;5m:[38;2;142;142;142;48;2;77;77;77m~[38;2;15;15;15;48;2;179;179;179m_[38;2;109;109;109;48;2;221;221;221m_[38;2;196;196;196;48;2;242;242;242m_[38;2;235;235;235;48;2;251;251;251m_[38;2;247;247;247m_ [0m
[7m[38;2;0;0;0m [0m[38;2;0;0;0;48;2;0;0;0m                                                                                                                 [38;2;10;10;10;48;2;1;1;1m`[38;2;62;62;62;48;2;13;13;13m~[38;2;124;124;124;48;2;31;31;31m~[38;2;178;178;178;48;2;71;71;71m~[38;2;66;66;66;48;2;156;156;156my[38;2;89;89;89;48;2;198;198;198m_[0m
[7m[38;2;0;0;0m [0m[38;2;0;0;0;48;2;0;0;0m                                                                                                                  [38;2;1;1;1m`[38;2;3;3;3m"[38;2;4;4;4m~[38;2;3;3;3;48;2;1;1;1m`[38;2;15;15;15;48;2;2;2;2m`[0m
[7m[38;2;0;0;0m [0m[38;2;0;0;0;48;2;0;0;0m                                                                                                                       [0m
[7m[38;2;0;0;0m [0m[38;2;0;0;0;48;2;0;0;0m                                                                                                                       [0m
[7m[38;2;0;0;0m [0m[38;2;0;0;0;48;2;0;0;0m                                                                                                                       [0m
[7m[38;2;0;0;0m [0m[38;2;0;0;0;48;2;0;0;0m                                                                                                                       [0m
[7m[38;2;0;0;0m [0m[38;2;0;0;0;48;2;0;0;0m                                                                                                                       [0m
[7m[38;2;0;0;0m [0m[38;2;0;0;0;48;2;0;0;0m                                                                                                                       [0m
[7m[38;2;0;0;0m [0m[38;2;0;0;0;48;2;0;0;0m                                                                                                                       [0m
[7m[38;2;0;0;0m [0m[38;2;0;0;0;48;2;0;0;0m                                                                                                                       [0m
[?25h