[?25l[0m[7m[38;2;0;0;0m [0m[38;2;0;0;0;48;2;0;0;0m                                                                                                                       [0m
[7m[38;2;0;0;0m [0m[38;2;0;0;0;48;2;0;0;0m                                                                                                                       [0m
[7m[38;2;0;0;0m [0m[38;2;0;0;0;48;2;0;0;0m                                                                                                                       [0m
[7m[38;2;0;0;0m [0m[38;2;0;0;0;48;2;0;0;0m                                                                                                                       [0m
[7m[38;2;0;0;0m [0m[38;2;0;0;0;48;2;0;0;0m                                                                                                                       [0m
[7m[38;2;0;0;0m [0m[38;2;0;0;0;48;2;0;0;0m                                                                                                                       [0m
[7m[38;2;0;0;0m [0m[38;2;0;0;0;48;2;0;0;0m                                                                                                                       [0m
[7m[38;2;0;0;0m [0m[38;2;0;0;0;48;2;0;0;0m                                                                                                                       [0m
[7m[38;2;0;0;0m [0m[38;2;0;0;0;48;2;0;0;0m                                        [38;2;8;8;8m__[38;2;7;7;7m_[38;2;4;4;4m_[38;2;2;2;2m_   [38;2;1;1;1m__   __[38;2;0;0;0;48;2;1;1;1m`[38;2;35;35;35;48;2;5;5;5m_[38;2;92;92;92;48;2;23;23;23m_[38;2;149;149;149;48;2;41;41;41m_[38;2;195;195;195;48;2;55;55;55m_[38;2;228;228;228;48;2;70;70;70m_[38;2;249;249;249;48;2;86;86;86m_[38;2;222;222;222;48;2;72;72;72m_[38;2;78;78;78;48;2;22;22;22m_[38;2;3;3;3;48;2;1;1;1m.[48;2;0;0;0m                                                      [0m
[7m[38;2;0;0;0m [0m[38;2;0;0;0;48;2;0;0;0m                                      [38;2;62;62;62;48;2;30;30;30my[38;2;180;180;180;48;2;109;109;109my[38;2;100;100;100;48;2;192;192;192m~[48;2;194;194;194m~~[38;2;81;81;81;48;2;184;184;184m~[38;2;61;61;61;48;2;175;175;175m~[38;2;30;30;30;48;2;159;159;159m~[38;2;202;202;202;48;2;96;96;96my[38;2;164;164;164;48;2;72;72;72my[38;2;199;199;199;48;2;63;63;63m_[38;2;167;167;167;48;2;73;73;73my[38;2;203;203;203;48;2;96;96;96my[38;2;13;13;13;48;2;151;151;151m~[38;2;17;17;17;48;2;155;155;155m~[38;2;37;37;37;48;2;166;166;166m~[38;2;48;48;48;48;2;172;172;172m~[38;2;86;86;86;48;2;190;190;190m~[38;2;152;152;152;48;2;223;223;223m~[38;2;189;189;189;48;2;239;239;239m~[38;2;190;190;190;48;2;241;241;241m`[38;2;216;216;216;48;2;245;245;245m`[38;2;237;237;237;48;2;249;249;249m` [38;2;254;254;254;48;2;241;241;241m:[38;2;105;105;105;48;2;167;167;167m`[38;2;69;69;69;48;2;36;36;36mL[38;2;1;1;1;48;2;0;0;0m^                                                     [0m
[7m[38;2;0;0;0m [0m[38;2;0;0;0;48;2;0;0;0m                                     [38;2;1;1;1m.[38;2;83;83;83;48;2;54;54;54m4[38;2;136;136;136;48;2;189;189;189m_[38;2;254;254;254;48;2;248;248;248m:[38;2;248;248;248;48;2;249;249;249mT[38;2;249;249;249;48;2;251;251;251m~~[38;2;250;250;250m~[48;2;252;252;252m [38;2;247;247;247;48;2;251;251;251m`[38;2;239;239;239;48;2;250;250;250m`[38;2;234;234;234m`[38;2;239;239;239m`[38;2;247;247;247;48;2;251;251;251m`[38;2;253;253;253;48;2;252;252;252m7T[38;2;252;252;252;48;2;251;251;251m: [38;2;250;250;250m~ [38;2;252;252;252m:[48;2;252;252;252m  [48;2;251;251;251m:[48;2;250;250;250m [38;2;254;254;254;48;2;246;246;246m:[38;2;169;169;169;48;2;188;188;188m4[38;2;73;73;73;48;2;44;44;44mL[48;2;0;0;0m                                                      [0m
[7m[38;2;0;0;0m [0m[38;2;0;0;0;48;2;0;0;0m                                     [38;2;1;1;1m`[38;2;21;21;21;48;2;9;9;9m"[38;2;52;52;52;48;2;104;104;104mL[38;2;186;186;186;48;2;228;228;228m_[38;2;253;253;253;48;2;251;251;251m:[38;2;250;250;250m_[38;2;252;252;252m:[48;2;252;252;252m                [48;2;251;251;251m:[48;2;250;250;250m [38;2;254;254;254;48;2;244;244;244m:[38;2;149;149;149;48;2;164;164;164mg[38;2;60;60;60;48;2;35;35;35mL[48;2;0;0;0m                                                      [0m
[7m[38;2;0;0;0m [0m[38;2;0;0;0;48;2;0;0;0m                                      [38;2;1;1;1m~[38;2;56;56;56;48;2;21;21;21m`[38;2;75;75;75;48;2;126;126;126mL[38;2;180;180;180;48;2;235;235;235m_[38;2;253;253;253;48;2;250;250;250m.[38;2;247;247;247;48;2;251;251;251m_[38;2;252;252;252m:[38;2;253;253;253;48;2;252;252;252m_              [38;2;251;251;251m-[38;2;253;253;253m:[48;2;236;236;236m'[38;2;124;124;124;48;2;94;94;94mL[38;2;23;23;23;48;2;12;12;12m~[48;2;0;0;0m                                                      [0m
[7m[38;2;0;0;0m [0m[38;2;0;0;0;48;2;0;0;0m                                        [38;2;49;49;49;48;2;12;12;12m`[38;2;142;142;142;48;2;74;74;74m~[38;2;71;71;71;48;2;187;187;187m_[38;2;108;108;108;48;2;208;208;208m_[38;2;155;155;155;48;2;215;215;215my[38;2;251;251;251;48;2;241;241;241m`[38;2;254;254;254;48;2;252;252;252m.[38;2;251;251;251m.           [38;2;252;252;252;48;2;251;251;251m:`[38;2;253;253;253;48;2;245;245;245m'[38;2;128;128;128;48;2;180;180;180my[38;2;100;100;100;48;2;50;50;50m~[38;2;16;16;16;48;2;4;4;4m~[48;2;0;0;0m                                                      [0m
[7m[38;2;0;0;0m [0m[38;2;0;0;0;48;2;0;0;0m                                         [38;2;5;5;5;48;2;1;1;1m`[38;2;47;47;47;48;2;5;5;5m`[38;2;73;73;73;48;2;51;51;51m_[38;2;129;129;129;48;2;172;172;172mF[38;2;254;254;254;48;2;246;246;246m:[38;2;249;249;249;48;2;251;251;251m*[38;2;252;252;252m:[48;2;252;252;252m         [48;2;251;251;251m: [38;2;253;253;253m.[38;2;210;210;210;48;2;242;242;242m_[38;2;102;102;102;48;2;195;195;195m_[38;2;90;90;90;48;2;51;51;51mF[38;2;13;13;13;48;2;2;2;2m~[38;2;1;1;1;48;2;0;0;0m`                                                      [0m
[7m[38;2;0;0;0m [0m[38;2;0;0;0;48;2;0;0;0m                                          [48;2;2;2;2m'[38;2;73;73;73;48;2;53;53;53mJ[38;2;118;118;118;48;2;182;182;182m_[38;2;254;254;254;48;2;248;248;248m.[48;2;251;251;251m [48;2;252;252;252m          [38;2;252;252;252;48;2;251;251;251m:[48;2;250;250;250m [38;2;254;254;254;48;2;242;242;242m:[38;2;130;130;130;48;2;159;159;159ma[38;2;74;74;74;48;2;42;42;42m"[38;2;6;6;6;48;2;3;3;3m'[38;2;1;1;1;48;2;0;0;0m`                                                       [0m
[7m[38;2;0;0;0m [0m[38;2;0;0;0;48;2;0;0;0m                                          [38;2;1;1;1m:[38;2;49;49;49;48;2;35;35;35my[38;2;122;122;122;48;2;156;156;156mF[38;2;241;241;241;48;2;246;246;246mL[48;2;250;250;250m [38;2;252;252;252;48;2;251;251;251m:[48;2;252;252;252m         [48;2;251;251;251m:[48;2;250;250;250m [38;2;254;254;254;48;2;242;242;242m:[38;2;166;166;166;48;2;142;142;142mL[38;2;53;53;53;48;2;30;30;30mL[48;2;1;1;1m [38;2;1;1;1;48;2;0;0;0m_                                                       [0m
[7m[38;2;0;0;0m [0m[38;2;0;0;0;48;2;0;0;0m                                          [48;2;2;2;2m`[38;2;38;38;38;48;2;86;86;86mF[38;2;184;184;184;48;2;215;215;215m~[38;2;254;254;254;48;2;250;250;250m:[38;2;250;250;250;48;2;251;251;251m"[38;2;252;252;252m:[48;2;252;252;252m         [48;2;251;251;251m: [38;2;254;254;254;48;2;248;248;248m'[38;2;174;174;174;48;2;214;214;214m~[38;2;214;214;214;48;2;120;120;120my[38;2;170;170;170;48;2;75;75;75my[38;2;172;172;172;48;2;47;47;47m_[38;2;111;111;111;48;2;14;14;14m_[38;2;27;27;27;48;2;3;3;3m,[48;2;0;0;0m                                                     [0m
[7m[38;2;0;0;0m [0m[38;2;0;0;0;48;2;0;0;0m                                        [38;2;1;1;1m_[38;2;0;0;0;48;2;2;2;2m`[38;2;79;79;79;48;2;38;38;38m_[38;2;115;115;115;48;2;162;162;162mF[38;2;254;254;254;48;2;245;245;245m:[38;2;252;252;252;48;2;251;251;251m":[48;2;252;252;252m             [48;2;251;251;251m:[38;2;251;251;251;48;2;252;252;252m`[38;2;236;236;236;48;2;250;250;250m`[38;2;216;216;216;48;2;244;244;244m`[38;2;169;169;169;48;2;220;220;220m~[38;2;165;165;165;48;2;102;102;102my[38;2;85;85;85;48;2;24;24;24m,[38;2;1;1;1;48;2;0;0;0m:                                                   [0m
[7m[38;2;0;0;0m [0m[38;2;0;0;0;48;2;0;0;0m                                      [48;2;1;1;1m:[38;2;71;71;71;48;2;5;5;5m_[38;2;163;163;163;48;2;38;38;38m_[38;2;188;188;188;48;2;105;105;105my[38;2;135;135;135;48;2;214;214;214m~[38;2;231;231;231;48;2;246;246;246m~[38;2;250;250;250;48;2;251;251;251mY[38;2;252;252;252m:[48;2;252;252;252m                 [48;2;251;251;251m:[38;2;253;253;253;48;2;250;250;250m`[38;2;224;224;224;48;2;240;240;240m`[38;2;108;108;108;48;2;163;163;163m~[38;2;100;100;100;48;2;38;38;38m,[48;2;0;0;0m                                                   [0m
[7m[38;2;0;0;0m [0m[38;2;0;0;0;48;2;0;0;0m                                     [38;2;26;26;26;48;2;12;12;12my[38;2;114;114;114;48;2;71;71;71ma[38;2;104;104;104;48;2;193;193;193m~[38;2;222;222;222;48;2;244;244;244m~[38;2;238;238;238;48;2;249;249;249m`[38;2;252;252;252;48;2;251;251;251m..[48;2;252;252;252m                    [48;2;251;251;251m,[38;2;250;250;250mw[38;2;253;253;253;48;2;240;240;240m:[38;2;163;163;163;48;2;115;115;115mL[38;2;69;69;69;48;2;22;22;22m,[38;2;1;1;1;48;2;0;0;0m*                                                 [0m
[7m[38;2;0;0;0m [0m[38;2;0;0;0;48;2;0;0;0m                                     [38;2;21;21;21;48;2;7;7;7m"[38;2;43;43;43;48;2;69;69;69mm[38;2;142;142;142;48;2;162;162;162mF[38;2;176;176;176;48;2;231;231;231m_[38;2;229;229;229;48;2;246;246;246m_[38;2;252;252;252;48;2;251;251;251m:[48;2;252;252;252m     [38;2;253;253;253m.[38;2;248;248;248;48;2;251;251;251m_[38;2;247;247;247;48;2;250;250;250m,[38;2;253;253;253;48;2;252;252;252m.             [38;2;250;250;250;48;2;251;251;251m`[38;2;253;253;253;48;2;249;249;249m`[38;2;200;200;200;48;2;234;234;234m"[38;2;82;82;82;48;2;138;138;138m~[38;2;88;88;88;48;2;28;28;28m,[48;2;0;0;0m                                                 [0m
[7m[38;2;0;0;0m [0m[38;2;0;0;0;48;2;0;0;0m                                      [38;2;48;48;48;48;2;13;13;13m`[38;2;96;96;96;48;2;52;52;52m~[38;2;88;88;88;48;2;142;142;142mF[38;2;206;206;206;48;2;231;231;231m~[38;2;253;253;253;48;2;250;250;250m'[38;2;251;251;251;48;2;252;252;252m! [38;2;252;252;252;48;2;251;251;251m:`[38;2;253;253;253;48;2;248;248;248m:[38;2;196;196;196;48;2;224;224;224my[38;2;90;90;90;48;2;189;189;189m_[38;2;96;96;96;48;2;195;195;195m_[38;2;210;210;210;48;2;234;234;234m_[38;2;253;253;253;48;2;251;251;251m: [48;2;252;252;252m            [48;2;251;251;251m [38;2;254;254;254m`[38;2;211;211;211;48;2;229;229;229m"[38;2;138;138;138;48;2;84;84;84mL[38;2;49;49;49;48;2;9;9;9m,[48;2;0;0;0m                                                [0m
[7m[38;2;0;0;0m [0m[38;2;0;0;0;48;2;0;0;0m                                     [48;2;1;1;1m`[38;2;96;96;96;48;2;39;39;39m_[38;2;78;78;78;48;2;160;160;160m~[38;2;208;208;208;48;2;240;240;240m~[38;2;253;253;253;48;2;250;250;250m`[38;2;250;250;250;48;2;251;251;251m`[48;2;252;252;252m  [38;2;252;252;252;48;2;251;251;251m:[38;2;250;250;250m`[38;2;253;253;253;48;2;250;250;250m'[38;2;197;197;197;48;2;221;221;221m"[38;2;108;108;108;48;2;69;69;69mL[38;2;74;74;74;48;2;59;59;59m4[38;2;185;185;185;48;2;200;200;200mF[38;2;245;245;245;48;2;249;249;249mL[48;2;250;250;250m [38;2;252;252;252;48;2;251;251;251m:[48;2;252;252;252m           [48;2;251;251;251m:[38;2;249;249;249m`[38;2;253;253;253;48;2;250;250;250m`[38;2;178;178;178;48;2;231;231;231m"[38;2;96;96;96;48;2;184;184;184m~[38;2;207;207;207;48;2;87;87;87m_[38;2;126;126;126;48;2;25;25;25m_[38;2;37;37;37;48;2;2;2;2m_[38;2;3;3;3;48;2;0;0;0m,                                            [0m
[7m[38;2;0;0;0m [0m[38;2;0;0;0;48;2;0;0;0m                                  [38;2;1;1;1m,[38;2;0;0;0;48;2;2;2;2m`[38;2;89;89;89;48;2;22;22;22m_[38;2;215;215;215;48;2;92;92;92m_[38;2;117;117;117;48;2;206;206;206m~[38;2;236;236;236;48;2;247;247;247m`[38;2;252;252;252;48;2;251;251;251m`:[48;2;252;252;252m   [48;2;251;251;251m:[38;2;250;250;250m_[38;2;253;253;253;48;2;249;249;249m:[38;2;182;182;182;48;2;217;217;217m_[38;2;86;86;86;48;2;54;54;54mF[38;2;34;34;34;48;2;87;87;87mI[38;2;221;221;221;48;2;229;229;229mL[48;2;252;252;252m [48;2;251;251;251m [48;2;252;252;252m               [38;2;252;252;252;48;2;251;251;251m:[38;2;250;250;250m'[38;2;228;228;228;48;2;246;246;246m`[38;2;193;193;193;48;2;232;232;232m~[38;2;80;80;80;48;2;187;187;187m~[38;2;221;221;221;48;2;84;84;84m_[38;2;109;109;109;48;2;26;26;26m_[38;2;28;28;28;48;2;4;4;4m,[48;2;0;0;0m                                          [0m
[7m[38;2;0;0;0m [0m[38;2;0;0;0;48;2;0;0;0m                                [38;2;1;1;1m_[38;2;35;35;35;48;2;2;2;2m_[38;2;132;132;132;48;2;36;36;36m_[38;2;194;194;194;48;2;110;110;110my[38;2;135;135;135;48;2;215;215;215m"[38;2;251;251;251;48;2;247;247;247m:[38;2;253;253;253;48;2;251;251;251m`[38;2;250;250;250m`[48;2;252;252;252m    [38;2;252;252;252;48;2;251;251;251m: [38;2;253;253;253;48;2;250;250;250m.[38;2;203;203;203;48;2;230;230;230m_[38;2;62;62;62;48;2;118;118;118my[38;2;38;38;38;48;2;17;17;17m~[38;2;100;100;100;48;2;75;75;75m4[38;2;221;221;221;48;2;230;230;230mL[38;2;254;254;254;48;2;252;252;252m:[48;2;251;251;251m [48;2;252;252;252m                 [38;2;252;252;252;48;2;251;251;251m:[38;2;248;248;248m`[38;2;253;253;253m`[38;2;254;254;254;48;2;250;250;250m`[38;2;156;156;156;48;2;227;227;227m"[38;2;74;74;74;48;2;171;171;171m~[38;2;141;141;141;48;2;56;56;56m,[38;2;18;18;18;48;2;4;4;4m,[48;2;0;0;0m                                        [0m
[7m[38;2;0;0;0m [0m[38;2;0;0;0;48;2;0;0;0m                               [38;2;59;59;59;48;2;9;9;9m_[38;2;172;172;172;48;2;58;58;58m_[38;2;57;57;57;48;2;168;168;168m~[38;2;183;183;183;48;2;227;227;227m"[38;2;241;241;241;48;2;248;248;248m`[38;2;250;250;250;48;2;251;251;251mF [48;2;252;252;252m     [38;2;252;252;252;48;2;251;251;251m:[38;2;250;250;250m_[38;2;251;251;251;48;2;249;249;249m:[38;2;182;182;182;48;2;228;228;228m_[38;2;58;58;58;48;2;122;122;122my[38;2;41;41;41;48;2;15;15;15m~[38;2;80;80;80;48;2;27;27;27m_[38;2;85;85;85;48;2;143;143;143mF[38;2;221;221;221;48;2;237;237;237m~[38;2;254;254;254;48;2;252;252;252m`[38;2;252;252;252;48;2;251;251;251m:[48;2;252;252;252m                 [38;2;251;251;251m_[38;2;252;252;252;48;2;251;251;251m_  [38;2;253;253;253;48;2;249;249;249m:[38;2;154;154;154;48;2;209;209;209my[38;2;118;118;118;48;2;70;70;70mF[38;2;22;22;22;48;2;10;10;10m~[48;2;0;0;0m                                        [0m
[7m[38;2;0;0;0m [0m[38;2;0;0;0;48;2;0;0;0m                            [38;2;18;18;18m_[38;2;92;92;92;48;2;20;20;20m_[38;2;189;189;189;48;2;83;83;83m_[38;2;89;89;89;48;2;192;192;192m~[38;2;202;202;202;48;2;240;240;240m~[38;2;252;252;252;48;2;250;250;250m`[38;2;248;248;248;48;2;251;251;251m~[38;2;252;252;252m:[48;2;252;252;252m      [48;2;251;251;251m [48;2;250;250;250m`[38;2;251;251;251;48;2;242;242;242m:[38;2;88;88;88;48;2;198;198;198m_[38;2;147;147;147;48;2;65;65;65m~[38;2;30;30;30;48;2;13;13;13m~[38;2;95;95;95;48;2;55;55;55my[38;2;110;110;110;48;2;195;195;195m~[38;2;253;253;253;48;2;246;246;246m:[38;2;250;250;250;48;2;251;251;251m=[38;2;253;253;253;48;2;252;252;252m~                 [38;2;252;252;252;48;2;251;251;251m`[38;2;253;253;253;48;2;248;248;248m:[38;2;112;112;112;48;2;218;218;218m_[38;2;44;44;44;48;2;174;174;174m_[38;2;181;181;181;48;2;224;224;224m_[38;2;254;254;254;48;2;246;246;246m`[38;2;134;134;134;48;2;206;206;206m"[38;2;168;168;168;48;2;94;94;94my[38;2;132;132;132;48;2;29;29;29m_[38;2;52;52;52;48;2;3;3;3m_[38;2;5;5;5;48;2;0;0;0m,                                      [0m
[7m[38;2;0;0;0m [0m[38;2;0;0;0;48;2;0;0;0m                          [38;2;29;29;29;48;2;3;3;3m_[38;2;105;105;105;48;2;17;17;17m_[38;2;191;191;191;48;2;93;93;93m_[38;2;138;138;138;48;2;214;214;214m~[38;2;224;224;224;48;2;247;247;247m~[38;2;252;252;252;48;2;251;251;251m` [48;2;252;252;252m     [48;2;251;251;251m:[38;2;250;250;250m_e[38;2;252;252;252;48;2;249;249;249m`[38;2;172;172;172;48;2;237;237;237m_[38;2;84;84;84;48;2;187;187;187m_[38;2;177;177;177;48;2;75;75;75m~[38;2;66;66;66;48;2;16;16;16m~[38;2;1;1;1;48;2;6;6;6m`[38;2;91;91;91;48;2;61;61;61my[38;2;146;146;146;48;2;204;204;204m~[38;2;254;254;254;48;2;248;248;248m`[38;2;250;250;250;48;2;251;251;251m^[38;2;252;252;252m:[48;2;252;252;252m                [48;2;251;251;251m:_[48;2;243;243;243m`[38;2;106;106;106;48;2;159;159;159my[38;2;92;92;92;48;2;35;35;35m~[38;2;2;2;2;48;2;12;12;12m:[38;2;129;129;129;48;2;53;53;53m~[38;2;69;69;69;48;2;165;165;165my[38;2;91;91;91;48;2;199;199;199m_[38;2;114;114;114;48;2;208;208;208m_[38;2;86;86;86;48;2;182;182;182m_[38;2;121;121;121;48;2;72;72;72mF[38;2;27;27;27;48;2;11;11;11mF[48;2;0;0;0m                                      [0m
[7m[38;2;0;0;0m [0m[38;2;0;0;0;48;2;0;0;0m                        [38;2;5;5;5;48;2;3;3;3mu[38;2;81;81;81;48;2;42;42;42m4[38;2;46;46;46;48;2;120;120;120m_[38;2;71;71;71;48;2;159;159;159m_[38;2;186;186;186;48;2;215;215;215m_[38;2;253;253;253;48;2;250;250;250m:[38;2;249;249;249;48;2;251;251;251m_[38;2;252;252;252m:[48;2;252;252;252m   [48;2;251;251;251m:[38;2;250;250;250m,[38;2;254;254;254m.[38;2;252;252;252;48;2;245;245;245m'[38;2;148;148;148;48;2;228;228;228m_[38;2;23;23;23;48;2;189;189;189m_[38;2;224;224;224;48;2;93;93;93m~[38;2;114;114;114;48;2;35;35;35m~[38;2;25;25;25;48;2;5;5;5m~[48;2;0;0;0m [38;2;0;0;0;48;2;2;2;2m.[38;2;73;73;73;48;2;47;47;47my[38;2;119;119;119;48;2;183;183;183m~[38;2;254;254;254;48;2;247;247;247m:[48;2;250;250;250m [38;2;252;252;252;48;2;251;251;251m:[48;2;252;252;252m               [48;2;251;251;251m:[38;2;250;250;250m.[38;2;240;240;240m_[38;2;254;254;254;48;2;248;248;248m:[38;2;185;185;185;48;2;207;207;207my[38;2;95;95;95;48;2;58;58;58mF[38;2;0;0;0;48;2;1;1;1m:[48;2;0;0;0m  [38;2;2;2;2m`[38;2;35;35;35;48;2;3;3;3m`[38;2;46;46;46;48;2;4;4;4m`[38;2;30;30;30;48;2;3;3;3m`[38;2;4;4;4;48;2;0;0;0m`                                       [0m
[7m[38;2;0;0;0m [0m[38;2;0;0;0;48;2;0;0;0m                        [38;2;3;3;3m`[38;2;35;35;35;48;2;9;9;9m_[38;2;128;128;128;48;2;50;50;50m_[38;2;81;81;81;48;2;160;160;160m~[38;2;209;209;209;48;2;239;239;239m~[38;2;253;253;253;48;2;250;250;250m`[38;2;252;252;252;48;2;251;251;251m_[48;2;252;252;252m [38;2;253;253;253;48;2;251;251;251m_ [38;2;252;252;252;48;2;249;249;249m`[38;2;184;184;184;48;2;241;241;241m_[38;2;119;119;119;48;2;213;213;213m_[38;2;63;63;63;48;2;166;166;166my[38;2;175;175;175;48;2;61;61;61m~[38;2;105;105;105;48;2;19;19;19m~[38;2;0;0;0;48;2;4;4;4m:[48;2;0;0;0m [38;2;1;1;1m` :[38;2;57;57;57;48;2;33;33;33my[38;2;97;97;97;48;2;156;156;156m~[38;2;254;254;254;48;2;243;243;243m:[38;2;252;252;252;48;2;250;250;250m`[48;2;251;251;251m:[48;2;252;252;252m               [48;2;251;251;251m:[38;2;250;250;250my[38;2;254;254;254;48;2;245;245;245m:[38;2;148;148;148;48;2;180;180;180m4[38;2;66;66;66;48;2;144;144;144my[38;2;36;36;36;48;2;104;104;104my[38;2;54;54;54;48;2;22;22;22m~[38;2;1;1;1;48;2;0;0;0m^                                              [0m
[7m[38;2;0;0;0m [0m[38;2;0;0;0;48;2;0;0;0m                        [38;2;65;65;65;48;2;32;32;32my[38;2;55;55;55;48;2;131;131;131m~[38;2;152;152;152;48;2;200;200;200m~[38;2;214;214;214;48;2;235;235;235m=[38;2;234;234;234;48;2;244;244;244m=[38;2;253;253;253;48;2;243;243;243m`[38;2;180;180;180;48;2;234;234;234m_[38;2;40;40;40;48;2;209;209;209m_[38;2;28;28;28;48;2;208;208;208m_[38;2;12;12;12;48;2;192;192;192m_[38;2;226;226;226;48;2;95;95;95m~[38;2;128;128;128;48;2;40;40;40m~[38;2;60;60;60;48;2;10;10;10m`[38;2;0;0;0;48;2;1;1;1m:[38;2;1;1;1;48;2;0;0;0m`     [38;2;50;50;50;48;2;23;23;23m_[38;2;87;87;87;48;2;135;135;135mF[38;2;219;219;219;48;2;239;239;239m~[38;2;254;254;254;48;2;250;250;250m`[38;2;252;252;252;48;2;251;251;251m.[48;2;252;252;252m                [48;2;251;251;251m:y[38;2;254;254;254;48;2;250;250;250m`[38;2;210;210;210;48;2;230;230;230m"[38;2;136;136;136;48;2;87;87;87mL[38;2;40;40;40;48;2;11;11;11m,[38;2;1;1;1;48;2;0;0;0m_                                               [0m
[7m[38;2;0;0;0m [0m[38;2;0;0;0;48;2;0;0;0m                        [38;2;56;56;56;48;2;21;21;21m"[38;2;143;143;143;48;2;70;70;70m~[38;2;51;51;51;48;2;145;145;145my[38;2;53;53;53;48;2;155;155;155my[38;2;43;43;43;48;2;141;141;141my[38;2;32;32;32;48;2;118;118;118my[38;2;132;132;132;48;2;28;28;28m~[38;2;21;21;21;48;2;6;6;6m`[38;2;14;14;14;48;2;2;2;2m"[38;2;8;8;8;48;2;1;1;1m`[48;2;0;0;0m        [38;2;1;1;1m_[38;2;38;38;38;48;2;14;14;14m_[38;2;66;66;66;48;2;115;115;115mF[38;2;204;204;204;48;2;230;230;230m"[38;2;254;254;254;48;2;250;250;250m`[38;2;250;250;250;48;2;251;251;251m`[38;2;252;252;252m:[48;2;252;252;252m                 [48;2;251;251;251m:[38;2;250;250;250mF[38;2;254;254;254;48;2;248;248;248m`[38;2;162;162;162;48;2;196;196;196m~[38;2;97;97;97;48;2;55;55;55mL[38;2;8;8;8;48;2;1;1;1m,[48;2;0;0;0m                                               [0m
[7m[38;2;0;0;0m [0m[38;2;0;0;0;48;2;0;0;0m                          [38;2;1;1;1m``             _[48;2;7;7;7m`[38;2;103;103;103;48;2;75;75;75my[38;2;167;167;167;48;2;217;217;217m~[38;2;252;252;252;48;2;250;250;250m.[38;2;250;250;250;48;2;251;251;251m~[38;2;252;252;252m:[48;2;252;252;252m                   [48;2;251;251;251m:[38;2;250;250;250m*[38;2;254;254;254;48;2;244;244;244m:[38;2;118;118;118;48;2;152;152;152m~[38;2;62;62;62;48;2;32;32;32mL[38;2;1;1;1;48;2;0;0;0m=                                              [0m
[7m[38;2;0;0;0m [0m[38;2;0;0;0;48;2;0;0;0m                                         [48;2;1;1;1m [38;2;80;80;80;48;2;54;54;54my[38;2;133;133;133;48;2;190;190;190m~[38;2;254;254;254;48;2;248;248;248m:[48;2;250;250;250m [38;2;252;252;252;48;2;251;251;251m:[48;2;252;252;252m                     [48;2;251;251;251m [38;2;254;254;254;48;2;250;250;250m`[38;2;215;215;215;48;2;235;235;235m`[38;2;83;83;83;48;2;117;117;117m4[38;2;57;57;57;48;2;16;16;16m,[38;2;1;1;1;48;2;0;0;0my                                             [0m
[7m[38;2;0;0;0m [0m[38;2;0;0;0;48;2;0;0;0m                                        [38;2;1;1;1m+[38;2;58;58;58;48;2;34;34;34my[38;2;99;99;99;48;2;158;158;158m~[38;2;254;254;254;48;2;245;245;245m:[38;2;252;252;252;48;2;251;251;251m":[48;2;252;252;252m                      [48;2;251;251;251m:[38;2;250;250;250m~[38;2;253;253;253;48;2;249;249;249m`[38;2;180;180;180;48;2;214;214;214m~[38;2;120;120;120;48;2;72;72;72mL[38;2;26;26;26;48;2;6;6;6m,[48;2;0;0;0m                                             [0m
[?25h