[?25l[0m[7m[38;2;252;252;252m [0m[38;2;0;0;0;48;2;252;252;252m                                                                                                                       [0m
[7m[38;2;252;252;252m [0m[38;2;0;0;0;48;2;252;252;252m                                                                                                                       [0m
[7m[38;2;252;252;252m [0m[38;2;0;0;0;48;2;252;252;252m                                                                                                                       [0m
[7m[38;2;252;252;252m [0m[38;2;0;0;0;48;2;252;252;252m                                                                                                                       [0m
[7m[38;2;252;252;252m [0m[38;2;0;0;0;48;2;252;252;252m                                                                                                                       [0m
[7m[38;2;252;252;252m [0m[38;2;0;0;0;48;2;252;252;252m                                                                                                                       [0m
[7m[38;2;252;252;252m [0m[38;2;0;0;0;48;2;252;252;252m                                                                                                                       [0m
[7m[38;2;252;252;252m [0m[38;2;0;0;0;48;2;252;252;252m                                                                                                                       [0m
[7m[38;2;252;252;252m [0m[38;2;0;0;0;48;2;252;252;252m                                                                                                                       [0m
[7m[38;2;252;252;252m [0m[38;2;0;0;0;48;2;252;252;252m                                                                                                                       [0m
[7m[38;2;252;252;252m [0m[38;2;0;0;0;48;2;252;252;252m                                                                                                                       [0m
[7m[38;2;252;252;252m [0m[38;2;0;0;0;48;2;252;252;252m                                                                                                                       [0m
[7m[38;2;252;252;252m [0m[38;2;0;0;0;48;2;252;252;252m                                                                                                                       [0m
[7m[38;2;252;252;252m [0m[38;2;0;0;0;48;2;252;252;252m                                                                                                                       [0m
[7m[38;2;252;252;252m [0m[38;2;0;0;0;48;2;252;252;252m                                                                                                                       [0m
[7m[38;2;252;252;252m [0m[38;2;0;0;0;48;2;252;252;252m                                                                                                                       [0m
[7m[38;2;252;252;252m [0m[38;2;0;0;0;48;2;252;252;252m                                                                                                                       [0m
[7m[38;2;252;252;252m [0m[38;2;0;0;0;48;2;252;252;252m                                                                                                                       [0m
[7m[38;2;252;252;252m [0m[38;2;0;0;0;48;2;252;252;252m                                                      [38;2;252;252;252;48;2;251;251;251m:  [38;2;250;250;250m*[38;2;247;247;247m_[38;2;246;246;246m_[38;2;252;252;252m_[38;2;253;253;253;48;2;252;252;252m_[38;2;252;252;252;48;2;251;251;251m:[48;2;252;252;252m                                                        [0m
[7m[38;2;252;252;252m [0m[38;2;0;0;0;48;2;252;252;252m                                                    [38;2;252;252;252;48;2;251;251;251m: [38;2;254;254;254;48;2;250;250;250m.[38;2;197;197;197;48;2;237;237;237m_[38;2;96;96;96;48;2;190;190;190my[38;2;38;38;38;48;2;133;133;133my[38;2;209;209;209;48;2;68;68;68m~[38;2;206;206;206;48;2;65;65;65m~[38;2;219;219;219;48;2;102;102;102m~[38;2;105;105;105;48;2;204;204;204m_[38;2;252;252;252;48;2;246;246;246m`[48;2;251;251;251m :[48;2;252;252;252m                                                      [0m
[7m[38;2;252;252;252m [0m[38;2;0;0;0;48;2;252;252;252m                                                    [38;2;252;252;252;48;2;251;251;251m:[48;2;250;250;250m_[38;2;254;254;254;48;2;236;236;236m'[38;2;85;85;85;48;2;125;125;125my[38;2;42;42;42;48;2;18;18;18m~[38;2;5;5;5;48;2;2;2;2m~[48;2;0;0;0m [38;2;2;2;2m~[38;2;0;0;0;48;2;4;4;4m'[38;2;74;74;74;48;2;62;62;62m4[38;2;197;197;197;48;2;215;215;215mw[38;2;200;200;200;48;2;243;243;243m_[38;2;238;238;238;48;2;249;249;249m,[38;2;252;252;252;48;2;251;251;251m::[48;2;252;252;252m                                                    [0m
[7m[38;2;252;252;252m [0m[38;2;0;0;0;48;2;252;252;252m                                                    [38;2;252;252;252;48;2;251;251;251m.[38;2;254;254;254m'[38;2;217;217;217;48;2;228;228;228m4[38;2;105;105;105;48;2;67;67;67mL[38;2;0;0;0;48;2;4;4;4m`[38;2;1;1;1;48;2;0;0;0m.,[38;2;0;0;0;48;2;8;8;8m:[38;2;99;99;99;48;2;57;57;57my[38;2;108;108;108;48;2;186;186;186m~[38;2;141;141;141;48;2;205;205;205m_[38;2;51;51;51;48;2;114;114;114mg[38;2;53;53;53;48;2;127;127;127mg[38;2;190;190;190;48;2;219;219;219mw[38;2;248;248;248;48;2;249;249;249m.[38;2;250;250;250;48;2;251;251;251my[38;2;252;252;252m:[48;2;252;252;252m                                                  [0m
[7m[38;2;252;252;252m [0m[38;2;0;0;0;48;2;252;252;252m                                                    [38;2;252;252;252;48;2;251;251;251m:[48;2;250;250;250m [38;2;254;254;254;48;2;239;239;239m:[38;2;188;188;188;48;2;131;131;131m_[38;2;63;63;63;48;2;28;28;28m,[38;2;2;2;2;48;2;1;1;1m>[48;2;0;0;0m [38;2;0;0;0;48;2;2;2;2m:[38;2;71;71;71;48;2;17;17;17m`[38;2;121;121;121;48;2;30;30;30m~[38;2;84;84;84;48;2;15;15;15m~[38;2;19;19;19;48;2;8;8;8m'[38;2;76;76;76;48;2;57;57;57mu[38;2;188;188;188;48;2;210;210;210mF[38;2;251;251;251;48;2;248;248;248m`[48;2;251;251;251m [38;2;252;252;252m.[48;2;252;252;252m                                 [38;2;253;253;253m^                [0m
[7m[38;2;252;252;252m [0m[38;2;0;0;0;48;2;252;252;252m                                                    [38;2;252;252;252;48;2;251;251;251m`[38;2;254;254;254m.[38;2;211;211;211;48;2;240;240;240m_[38;2;54;54;54;48;2;168;168;168m_[38;2;65;65;65;48;2;33;33;33mF[38;2;0;0;0;48;2;1;1;1m:[48;2;0;0;0m  [48;2;4;4;4m`[38;2;77;77;77;48;2;3;3;3m_[38;2;30;30;30;48;2;2;2;2m_[38;2;0;0;0;48;2;8;8;8m:[38;2;94;94;94;48;2;76;76;76m"[38;2;211;211;211;48;2;228;228;228mL[38;2;252;252;252;48;2;251;251;251m::[48;2;252;252;252m                                                   [0m
[7m[38;2;252;252;252m [0m[38;2;0;0;0;48;2;252;252;252m                                                 [38;2;252;252;252;48;2;251;251;251m:[38;2;250;250;250m_[38;2;252;252;252;48;2;250;250;250m`[38;2;201;201;201;48;2;241;241;241m_[38;2;94;94;94;48;2;192;192;192m_[38;2;164;164;164;48;2;73;73;73m~[38;2;45;45;45;48;2;11;11;11m~[38;2;2;2;2;48;2;0;0;0m'  [38;2;0;0;0;48;2;1;1;1m`[38;2;56;56;56;48;2;35;35;35m4[38;2;164;164;164;48;2;139;139;139ma[38;2;67;67;67;48;2;185;185;185m~[38;2;44;44;44;48;2;187;187;187m~[38;2;143;143;143;48;2;219;219;219m~[38;2;234;234;234;48;2;248;248;248m~[38;2;253;253;253;48;2;252;252;252m.                                                    [0m
[7m[38;2;252;252;252m [0m[38;2;0;0;0;48;2;252;252;252m                                                [38;2;252;252;252;48;2;251;251;251m:[38;2;249;249;249m,[38;2;253;253;253;48;2;249;249;249m:[38;2;174;174;174;48;2;223;223;223m_[38;2;55;55;55;48;2;115;115;115mg[38;2;41;41;41;48;2;11;11;11m~[48;2;0;0;0m      [38;2;0;0;0;48;2;2;2;2m'[38;2;75;75;75;48;2;37;37;37m"[38;2;49;49;49;48;2;160;160;160m_[38;2;204;204;204;48;2;237;237;237m_[38;2;251;251;251;48;2;248;248;248m.[38;2;247;247;247;48;2;251;251;251m_[38;2;250;250;250;48;2;252;252;252m_ [48;2;251;251;251m [48;2;252;252;252m                                                  [0m
[7m[38;2;252;252;252m [0m[38;2;0;0;0;48;2;252;252;252m                                                [48;2;251;251;251m [38;2;249;249;249;48;2;250;250;250m$[38;2;254;254;254;48;2;238;238;238m:[38;2;149;149;149;48;2;132;132;132mF[38;2;40;40;40;48;2;23;23;23mL[48;2;1;1;1m [48;2;0;0;0m       [38;2;1;1;1m'[38;2;0;0;0;48;2;16;16;16m:[38;2;151;151;151;48;2;82;82;82m~[38;2;122;122;122;48;2;193;193;193m_[38;2;156;156;156;48;2;199;199;199my[38;2;160;160;160;48;2;203;203;203my[38;2;156;156;156;48;2;217;217;217m_[38;2;170;170;170;48;2;228;228;228m_[38;2;206;206;206;48;2;240;240;240m_[38;2;243;243;243;48;2;249;249;249m,[38;2;252;252;252;48;2;251;251;251m:[48;2;252;252;252m                                               [0m
[7m[38;2;252;252;252m [0m[38;2;0;0;0;48;2;252;252;252m                                                [38;2;252;252;252;48;2;251;251;251m:[38;2;251;251;251;48;2;250;250;250m_[38;2;254;254;254;48;2;243;243;243m:[38;2;144;144;144;48;2;173;173;173m"[38;2;61;61;61;48;2;32;32;32mL[38;2;1;1;1;48;2;0;0;0m`         [38;2;22;22;22;48;2;15;15;15m4[38;2;73;73;73;48;2;89;89;89mL[38;2;130;130;130;48;2;133;133;133mF[38;2;148;148;148;48;2;135;135;135m_[38;2;173;173;173;48;2;141;141;141m_[38;2;208;208;208;48;2;162;162;162m_[38;2;198;198;198;48;2;216;216;216mF[38;2;241;241;241;48;2;246;246;246m~[38;2;252;252;252;48;2;251;251;251m:[48;2;252;252;252m                                               [0m
[7m[38;2;252;252;252m [0m[38;2;0;0;0;48;2;252;252;252m                                                 [38;2;252;252;252;48;2;251;251;251m:[48;2;250;250;250m'[38;2;254;254;254;48;2;236;236;236m:[38;2;80;80;80;48;2;140;140;140m~[38;2;88;88;88;48;2;28;28;28m_[38;2;17;17;17;48;2;3;3;3m,[48;2;0;0;0m       [38;2;0;0;0;48;2;1;1;1m:[38;2;48;48;48;48;2;18;18;18m_[38;2;115;115;115;48;2;85;85;85m_[38;2;160;160;160;48;2;151;151;151ma[38;2;170;170;170;48;2;206;206;206m~[38;2;207;207;207;48;2;238;238;238m~[38;2;232;232;232;48;2;248;248;248m~[38;2;246;246;246;48;2;250;250;250m`[38;2;252;252;252;48;2;251;251;251m:[48;2;252;252;252m                                                [0m
[7m[38;2;252;252;252m [0m[38;2;0;0;0;48;2;252;252;252m                                                  [38;2;252;252;252;48;2;251;251;251m:[38;2;253;253;253;48;2;252;252;252m'[38;2;240;240;240;48;2;247;247;247m`[38;2;145;145;145;48;2;219;219;219m~[38;2;70;70;70;48;2;162;162;162m~[38;2;27;27;27;48;2;100;100;100m~[38;2;112;112;112;48;2;59;59;59my[38;2;118;118;118;48;2;42;42;42m_[38;2;100;100;100;48;2;30;30;30m_[38;2;111;111;111;48;2;33;33;33m_[38;2;118;118;118;48;2;39;39;39m_[38;2;101;101;101;48;2;47;47;47my[38;2;24;24;24;48;2;90;90;90m~[38;2;71;71;71;48;2;116;116;116m~[38;2;124;124;124;48;2;131;131;131m~[38;2;148;148;148;48;2;157;157;157m:[38;2;212;212;212;48;2;220;220;220mF[38;2;247;247;247;48;2;249;249;249mL[38;2;252;252;252;48;2;251;251;251m:[48;2;252;252;252m                                                  [0m
[7m[38;2;252;252;252m [0m[38;2;0;0;0;48;2;252;252;252m                                                     [38;2;253;253;253;48;2;250;250;250m'[38;2;224;224;224;48;2;239;239;239m"[38;2;227;227;227;48;2;195;195;195my[38;2;228;228;228;48;2;167;167;167m_[38;2;210;210;210;48;2;152;152;152m_[38;2;192;192;192;48;2;143;143;143m_[38;2;170;170;170;48;2;139;139;139m_[38;2;162;162;162;48;2;137;137;137m_[38;2;160;160;160m_[38;2;163;163;163;48;2;138;138;138m_[38;2;177;177;177;48;2;140;140;140m_[38;2;202;202;202;48;2;152;152;152m_[38;2;233;233;233;48;2;189;189;189m_[38;2;226;226;226;48;2;238;238;238m^[38;2;252;252;252;48;2;251;251;251m`:[48;2;252;252;252m                                                  [0m
[7m[38;2;252;252;252m [0m[38;2;0;0;0;48;2;252;252;252m                                                      [38;2;252;252;252;48;2;251;251;251m:[38;2;250;250;250m`[38;2;244;244;244;48;2;250;250;250m`[38;2;236;236;236;48;2;248;248;248m~[38;2;219;219;219;48;2;242;242;242m~[38;2;195;195;195;48;2;234;234;234m~[38;2;184;184;184;48;2;229;229;229m~[38;2;181;181;181;48;2;228;228;228m~[38;2;186;186;186;48;2;232;232;232m~[38;2;203;203;203;48;2;238;238;238m~[38;2;225;225;225;48;2;245;245;245m~[38;2;245;245;245;48;2;250;250;250m~[38;2;252;252;252;48;2;251;251;251m:[48;2;252;252;252m                                                    [0m
[7m[38;2;252;252;252m [0m[38;2;0;0;0;48;2;252;252;252m                                                            [38;2;253;253;253m``                                                         [0m
[7m[38;2;252;252;252m [0m[38;2;0;0;0;48;2;252;252;252m                                                                                                                       [0m
[7m[38;2;252;252;252m [0m[38;2;0;0;0;48;2;252;252;252m                                                                                                                       [0m
[7m[38;2;252;252;252m [0m[38;2;0;0;0;48;2;252;252;252m                       [38;2;252;252;252;48;2;251;251;251m:[48;2;252;252;252m                                                                                               [0m
[?25h