[?25l[0m[7m[38;2;252;252;252m [0m[38;2;0;0;0;48;2;252;252;252m                                       [38;2;252;252;252;48;2;251;251;251m:[38;2;250;250;250mi[38;2;251;251;251;48;2;244;244;244m`[38;2;161;161;161;48;2;204;204;204my[38;2;55;55;55;48;2;144;144;144mg[38;2;214;214;214;48;2;71;71;71m~[38;2;158;158;158;48;2;47;47;47m~[38;2;106;106;106;48;2;30;30;30m~[38;2;58;58;58;48;2;14;14;14m~[38;2;0;0;0;48;2;2;2;2m:[48;2;0;0;0m             [38;2;28;28;28;48;2;9;9;9m"[38;2;135;135;135;48;2;67;67;67m~[38;2;124;124;124;48;2;196;196;196m_[38;2;250;250;250;48;2;245;245;245m'[48;2;251;251;251my[38;2;252;252;252m:[48;2;252;252;252m                                                   [0m
[7m[38;2;252;252;252m [0m[38;2;0;0;0;48;2;252;252;252m                                       [38;2;252;252;252;48;2;251;251;251m:[38;2;250;250;250m.[38;2;251;251;251;48;2;244;244;244m'[38;2;139;139;139;48;2;188;188;188m_[38;2;59;59;59;48;2;32;32;32mM[38;2;0;0;0;48;2;1;1;1m:[38;2;1;1;1;48;2;0;0;0m``               [48;2;1;1;1m [38;2;0;0;0;48;2;21;21;21m:[38;2;126;126;126;48;2;116;116;116mj[38;2;229;229;229;48;2;239;239;239mL[48;2;250;250;250m [48;2;251;251;251m [48;2;252;252;252m                                                   [0m
[7m[38;2;252;252;252m [0m[38;2;0;0;0;48;2;252;252;252m                                       [38;2;252;252;252;48;2;251;251;251m.[38;2;251;251;251;48;2;250;250;250my[48;2;240;240;240m:[38;2;199;199;199;48;2;150;150;150my[38;2;12;12;12;48;2;37;37;37m:[38;2;0;0;0;48;2;2;2;2m.[38;2;1;1;1;48;2;0;0;0m_                [38;2;0;0;0;48;2;1;1;1m:[38;2;73;73;73;48;2;48;48;48m4[38;2;159;159;159;48;2;206;206;206m~[38;2;251;251;251;48;2;248;248;248m:[38;2;252;252;252;48;2;251;251;251m,:[48;2;252;252;252m                                                   [0m
[7m[38;2;252;252;252m [0m[38;2;0;0;0;48;2;252;252;252m                                        [38;2;252;252;252;48;2;251;251;251m: [38;2;251;251;251;48;2;243;243;243m:[38;2;131;131;131;48;2;198;198;198m~[38;2;212;212;212;48;2;91;91;91m_[38;2;155;155;155;48;2;34;34;34m_[38;2;26;26;26;48;2;6;6;6m,[48;2;0;0;0m              [38;2;3;3;3;48;2;1;1;1m.[38;2;0;0;0;48;2;23;23;23m`[38;2;165;165;165;48;2;101;101;101my[38;2;214;214;214;48;2;232;232;232m~[38;2;251;251;251;48;2;250;250;250m"[38;2;252;252;252;48;2;251;251;251m:[48;2;252;252;252m                                                    [0m
[7m[38;2;252;252;252m [0m[38;2;0;0;0;48;2;252;252;252m                                           [38;2;252;252;252;48;2;251;251;251m.[38;2;243;243;243;48;2;248;248;248m`[38;2;194;194;194;48;2;224;224;224m"[38;2;146;146;146;48;2;92;92;92my[38;2;32;32;32;48;2;15;15;15m,[38;2;1;1;1;48;2;0;0;0m=          [38;2;0;0;0;48;2;1;1;1m:[38;2;1;1;1;48;2;31;31;31m`[38;2;187;187;187;48;2;92;92;92my[38;2;92;92;92;48;2;196;196;196m~[38;2;229;229;229;48;2;245;245;245m~[48;2;251;251;251m [38;2;252;252;252m:[48;2;252;252;252m                                                     [0m
[7m[38;2;252;252;252m [0m[38;2;0;0;0;48;2;252;252;252m                                           [38;2;252;252;252;48;2;251;251;251m:[38;2;250;250;250m`[38;2;253;253;253;48;2;250;250;250m'[38;2;200;200;200;48;2;221;221;221m"[38;2;107;107;107;48;2;64;64;64mL[38;2;0;0;0;48;2;6;6;6m:[38;2;1;1;1;48;2;0;0;0m,        [38;2;0;0;0;48;2;1;1;1m`[38;2;59;59;59;48;2;40;40;40mu[38;2;106;106;106;48;2;175;175;175m~[38;2;249;249;249;48;2;243;243;243m:[48;2;250;250;250m4[38;2;252;252;252;48;2;251;251;251m:[48;2;252;252;252m                                                       [0m
[7m[38;2;252;252;252m [0m[38;2;0;0;0;48;2;252;252;252m                                            [38;2;252;252;252;48;2;251;251;251m.[48;2;250;250;250m [48;2;241;241;241m:[38;2;130;130;130;48;2;165;165;165m~[38;2;53;53;53;48;2;26;26;26mL[38;2;1;1;1;48;2;0;0;0m~        [38;2;0;0;0;48;2;35;35;35m'[38;2;87;87;87;48;2;159;159;159m~[38;2;249;249;249;48;2;242;242;242m:[38;2;252;252;252;48;2;251;251;251m":[48;2;252;252;252m                                                        [0m
[7m[38;2;252;252;252m [0m[38;2;0;0;0;48;2;252;252;252m                                         [38;2;252;252;252;48;2;251;251;251m: :[38;2;231;231;231;48;2;250;250;250m_[38;2;222;222;222;48;2;249;249;249m_[38;2;224;224;224;48;2;248;248;248m_[38;2;245;245;245;48;2;222;222;222m:[38;2;107;107;107;48;2;64;64;64mL[38;2;0;0;0;48;2;6;6;6m:[48;2;0;0;0m       [48;2;28;28;28m'[38;2;69;69;69;48;2;140;140;140m~[38;2;224;224;224;48;2;240;240;240m~[38;2;252;252;252;48;2;250;250;250m`[48;2;251;251;251m.[48;2;252;252;252m                                                         [0m
[7m[38;2;252;252;252m [0m[38;2;0;0;0;48;2;252;252;252m                                      [38;2;252;252;252;48;2;251;251;251m:[38;2;250;250;250m,[38;2;252;252;252;48;2;250;250;250m`[38;2;200;200;200;48;2;238;238;238m_[38;2;33;33;33;48;2;192;192;192m_[38;2;42;42;42;48;2;141;141;141my[38;2;204;204;204;48;2;70;70;70m~[38;2;187;187;187;48;2;63;63;63m~[38;2;189;189;189;48;2;66;66;66m~[38;2;214;214;214;48;2;76;76;76m~[38;2;124;124;124;48;2;51;51;51m~[38;2;23;23;23;48;2;8;8;8m~[48;2;0;0;0m      [38;2;0;0;0;48;2;26;26;26m'[38;2;59;59;59;48;2;133;133;133m~[38;2;216;216;216;48;2;237;237;237m~[38;2;253;253;253;48;2;250;250;250m`[38;2;252;252;252;48;2;251;251;251m.[48;2;252;252;252m                                                          [0m
[7m[38;2;252;252;252m [0m[38;2;0;0;0;48;2;252;252;252m                                      [38;2;252;252;252;48;2;251;251;251m: [38;2;247;247;247;48;2;232;232;232m`[38;2;169;169;169;48;2;104;104;104m~[38;2;0;0;0;48;2;17;17;17m:[38;2;2;2;2;48;2;1;1;1mF[48;2;0;0;0m           [38;2;0;0;0;48;2;30;30;30m:[38;2;89;89;89;48;2;140;140;140m~[38;2;218;218;218;48;2;238;238;238m~[38;2;251;251;251;48;2;249;249;249m`[48;2;251;251;251m [48;2;252;252;252m                                                           [0m
[7m[38;2;252;252;252m [0m[38;2;0;0;0;48;2;252;252;252m                                      [38;2;252;252;252;48;2;251;251;251m.[38;2;249;249;249m+[48;2;235;235;235m:[38;2;194;194;194;48;2;122;122;122m_[38;2;0;0;0;48;2;21;21;21m`[38;2;1;1;1;48;2;0;0;0m+          [38;2;0;0;0;48;2;1;1;1m:[38;2;68;68;68;48;2;51;51;51m4[38;2;167;167;167;48;2;200;200;200m~[48;2;248;248;248m [38;2;250;250;250;48;2;251;251;251m7[38;2;252;252;252m:[48;2;252;252;252m                                                           [0m
[7m[38;2;252;252;252m [0m[38;2;0;0;0;48;2;252;252;252m                                      [38;2;252;252;252;48;2;251;251;251m:.[38;2;251;251;251;48;2;250;250;250m'[38;2;215;215;215;48;2;231;231;231m"[38;2;166;166;166;48;2;112;112;112my[38;2;1;1;1;48;2;21;21;21m:[48;2;0;0;0m           [38;2;77;77;77;48;2;54;54;54m4[38;2;190;190;190;48;2;210;210;210mL[38;2;253;253;253;48;2;249;249;249m`[48;2;251;251;251m [48;2;252;252;252m                                                            [0m
[7m[38;2;252;252;252m [0m[38;2;0;0;0;48;2;252;252;252m                                       [38;2;252;252;252;48;2;251;251;251m::[38;2;253;253;253;48;2;250;250;250m'[38;2;247;247;247;48;2;227;227;227m:[38;2;128;128;128;48;2;83;83;83mL[38;2;0;0;0;48;2;11;11;11m:[48;2;0;0;0m        [38;2;1;1;1m_[38;2;0;0;0;48;2;10;10;10m:[38;2;39;39;39;48;2;95;95;95mF[38;2;190;190;190;48;2;220;220;220m~[38;2;252;252;252;48;2;249;249;249m`[48;2;251;251;251m.[48;2;252;252;252m                                                            [0m
[7m[38;2;252;252;252m [0m[38;2;0;0;0;48;2;252;252;252m                                        [38;2;252;252;252;48;2;251;251;251m:_[38;2;251;251;251;48;2;247;247;247m:[38;2;174;174;174;48;2;209;209;209m~[38;2;158;158;158;48;2;66;66;66m_[38;2;31;31;31;48;2;9;9;9m,[38;2;4;4;4;48;2;1;1;1m.[48;2;0;0;0m     [38;2;0;0;0;48;2;4;4;4m:[38;2;110;110;110;48;2;32;32;32m_[38;2;49;49;49;48;2;146;146;146m~[38;2;187;187;187;48;2;229;229;229m"[38;2;252;252;252;48;2;250;250;250m`[38;2;250;250;250;48;2;251;251;251m`[38;2;252;252;252m:[48;2;252;252;252m                                                            [0m
[7m[38;2;252;252;252m [0m[38;2;0;0;0;48;2;252;252;252m                                          [38;2;252;252;252;48;2;251;251;251m:[48;2;250;250;250m'[38;2;192;192;192;48;2;234;234;234m`[38;2;75;75;75;48;2;188;188;188m~[38;2;180;180;180;48;2;92;92;92my[38;2;118;118;118;48;2;43;43;43m_[38;2;19;19;19;48;2;6;6;6m,[38;2;1;1;1;48;2;0;0;0m_ [38;2;0;0;0;48;2;1;1;1m:[38;2;72;72;72;48;2;52;52;52mu[38;2;140;140;140;48;2;193;193;193m~[38;2;238;238;238;48;2;246;246;246m~[38;2;249;249;249;48;2;250;250;250m~[38;2;252;252;252;48;2;251;251;251m:[48;2;252;252;252m                                                              [0m
[7m[38;2;252;252;252m [0m[38;2;0;0;0;48;2;252;252;252m                                           [38;2;252;252;252;48;2;251;251;251m:[38;2;251;251;251;48;2;250;250;250m`[38;2;253;253;253;48;2;242;242;242m'[38;2;108;108;108;48;2;192;192;192m_[38;2;105;105;105;48;2;55;55;55m"[38;2;20;20;20;48;2;4;4;4m~[38;2;1;1;1;48;2;0;0;0m`  [38;2;24;24;24;48;2;7;7;7m"[38;2;108;108;108;48;2;62;62;62m~[38;2;161;161;161;48;2;195;195;195mw[38;2;253;253;253;48;2;247;247;247m`[48;2;251;251;251m [38;2;252;252;252m:[48;2;252;252;252m                                                             [0m
[7m[38;2;252;252;252m [0m[38;2;0;0;0;48;2;252;252;252m                                          [38;2;252;252;252;48;2;251;251;251m.[38;2;249;249;249;48;2;250;250;250mi[38;2;251;251;251;48;2;238;238;238m'[38;2;195;195;195;48;2;139;139;139m~[38;2;72;72;72;48;2;30;30;30m`[38;2;0;0;0;48;2;2;2;2m`[48;2;0;0;0m    [48;2;1;1;1m'[38;2;57;57;57;48;2;36;36;36m4[38;2;115;115;115;48;2;164;164;164m_[38;2;253;253;253;48;2;244;244;244m`[38;2;250;250;250;48;2;251;251;251m.[38;2;252;252;252m:[48;2;252;252;252m                                                             [0m
[7m[38;2;252;252;252m [0m[38;2;0;0;0;48;2;252;252;252m                                          [38;2;252;252;252;48;2;251;251;251m:_[38;2;251;251;251;48;2;245;245;245m'[38;2;155;155;155;48;2;202;202;202m~[38;2;184;184;184;48;2;78;78;78m_[38;2;94;94;94;48;2;14;14;14m_[38;2;0;0;0;48;2;2;2;2m:[48;2;0;0;0m  [48;2;2;2;2m:[38;2;70;70;70;48;2;4;4;4m_[38;2;129;129;129;48;2;41;41;41m_[38;2;118;118;118;48;2;158;158;158m~[38;2;252;252;252;48;2;243;243;243m`[48;2;250;250;250m [48;2;251;251;251m:[48;2;252;252;252m                                                             [0m
[7m[38;2;252;252;252m [0m[38;2;0;0;0;48;2;252;252;252m                                             [38;2;249;249;249;48;2;251;251;251m`[38;2;217;217;217;48;2;242;242;242m`[38;2;145;145;145;48;2;208;208;208m~[38;2;32;32;32;48;2;107;107;107m~[48;2;14;14;14mr[38;2;73;73;73;48;2;27;27;27m_[38;2;183;183;183;48;2;97;97;97my[38;2;103;103;103;48;2;203;203;203m~[38;2;180;180;180;48;2;231;231;231m~[38;2;196;196;196;48;2;236;236;236m~[38;2;253;253;253;48;2;250;250;250m`[38;2;251;251;251;48;2;252;252;252m`                                                              [0m
[7m[38;2;252;252;252m [0m[38;2;0;0;0;48;2;252;252;252m                                             [38;2;252;252;252;48;2;251;251;251m.[38;2;249;249;249;48;2;250;250;250ml[38;2;252;252;252;48;2;235;235;235m:[38;2;128;128;128;48;2;108;108;108mL[38;2;0;0;0;48;2;21;21;21m.[38;2;29;29;29;48;2;83;83;83ml[38;2;193;193;193;48;2;225;225;225m_[38;2;254;254;254;48;2;250;250;250m'[38;2;252;252;252;48;2;251;251;251m=.[48;2;252;252;252m                                                                [0m
[7m[38;2;252;252;252m [0m[38;2;0;0;0;48;2;252;252;252m                                             [38;2;252;252;252;48;2;251;251;251m.[48;2;250;250;250m [38;2;253;253;253;48;2;242;242;242m:[38;2;193;193;193;48;2;165;165;165mL[38;2;57;57;57;48;2;29;29;29mL[38;2;5;5;5;48;2;35;35;35m:[38;2;106;106;106;48;2;145;145;145mF[38;2;223;223;223;48;2;237;237;237mW[38;2;252;252;252;48;2;251;251;251m::[48;2;252;252;252m                                                                [0m
[7m[38;2;252;252;252m [0m[38;2;0;0;0;48;2;252;252;252m                                             [38;2;252;252;252;48;2;251;251;251m: [48;2;250;250;250m'[38;2;219;219;219;48;2;237;237;237m"[38;2;92;92;92;48;2;169;169;169m~[38;2;172;172;172;48;2;80;80;80m_[38;2;87;87;87;48;2;143;143;143ms[38;2;208;208;208;48;2;230;230;230m,[38;2;252;252;252;48;2;250;250;250m:[38;2;250;250;250;48;2;251;251;251m.[38;2;252;252;252m:[48;2;252;252;252m                                                               [0m
[7m[38;2;252;252;252m [0m[38;2;0;0;0;48;2;252;252;252m                                                [38;2;252;252;252;48;2;251;251;251m:[38;2;254;254;254m'[38;2;209;209;209;48;2;245;245;245m`[38;2;200;200;200;48;2;239;239;239m~[38;2;236;236;236;48;2;249;249;249m~[38;2;253;253;253;48;2;251;251;251m`[38;2;251;251;251;48;2;252;252;252m`                                                                [0m
[7m[38;2;252;252;252m [0m[38;2;0;0;0;48;2;252;252;252m                                                  [38;2;252;252;252;48;2;251;251;251m:[38;2;250;250;250m`[48;2;252;252;252m                                                                   [0m
[7m[38;2;252;252;252m [0m[38;2;0;0;0;48;2;252;252;252m                                                                                                                       [0m
[7m[38;2;252;252;252m [0m[38;2;0;0;0;48;2;252;252;252m                                                                                                                       [0m
[7m[38;2;252;252;252m [0m[38;2;0;0;0;48;2;252;252;252m                                                                                                                       [0m
[7m[38;2;252;252;252m [0m[38;2;0;0;0;48;2;252;252;252m                                                                                                                       [0m
[7m[38;2;252;252;252m [0m[38;2;0;0;0;48;2;252;252;252m                                                                                                                       [0m
[7m[38;2;252;252;252m [0m[38;2;0;0;0;48;2;252;252;252m                                                                                                                       [0m
[7m[38;2;252;252;252m [0m[38;2;0;0;0;48;2;252;252;252m                                                                                                                       [0m
[7m[38;2;252;252;252m [0m[38;2;0;0;0;48;2;252;252;252m                                                                                                                       [0m
[7m[38;2;252;252;252m [0m[38;2;0;0;0;48;2;252;252;252m                                                                                                                       [0m
[7m[38;2;252;252;252m [0m[38;2;0;0;0;48;2;252;252;252m                                                                                                                       [0m
[7m[38;2;252;252;252m [0m[38;2;0;0;0;48;2;252;252;252m                                                                                                                       [0m
[7m[38;2;252;252;252m [0m[38;2;0;0;0;48;2;252;252;252m                                                                                                                       [0m
[?25h