[?25l[0m[7m[38;2;0;0;0m [0m[38;2;0;0;0;48;2;0;0;0m                                   [38;2;63;63;63;48;2;18;18;18m`[38;2;52;52;52;48;2;115;115;115mL[38;2;135;135;135;48;2;222;222;222m_[38;2;254;254;254;48;2;250;250;250m:[38;2;253;253;253;48;2;252;252;252m~        [38;2;252;252;252;48;2;251;251;251m:[48;2;250;250;250m [38;2;254;254;254;48;2;242;242;242m:[38;2;131;131;131;48;2;167;167;167m~[38;2;59;59;59;48;2;30;30;30mL[38;2;1;1;1;48;2;0;0;0m`                                                                 [0m
[7m[38;2;0;0;0m [0m[38;2;0;0;0;48;2;0;0;0m                                    [38;2;24;24;24;48;2;4;4;4m`[38;2;102;102;102;48;2;48;48;48m"[38;2;79;79;79;48;2;166;166;166m_[38;2;203;203;203;48;2;243;243;243m_[38;2;253;253;253;48;2;250;250;250m.[38;2;250;250;250;48;2;251;251;251m,[38;2;253;253;253;48;2;252;252;252m,     [38;2;252;252;252;48;2;251;251;251m: [38;2;253;253;253;48;2;250;250;250m'[38;2;252;252;252;48;2;230;230;230m:[38;2;138;138;138;48;2;92;92;92mL[38;2;32;32;32;48;2;13;13;13m,[38;2;1;1;1;48;2;0;0;0m_                                                                [0m
[7m[38;2;0;0;0m [0m[38;2;0;0;0;48;2;0;0;0m                                     [38;2;1;1;1m"[38;2;61;61;61;48;2;18;18;18m`[38;2;53;53;53;48;2;110;110;110my[38;2;114;114;114;48;2;211;211;211m_[38;2;254;254;254;48;2;248;248;248m:[38;2;253;253;253;48;2;252;252;252m`=     [38;2;252;252;252;48;2;251;251;251m:[38;2;249;249;249m'[38;2;254;254;254;48;2;247;247;247m'[38;2;171;171;171;48;2;203;203;203m~[38;2;92;92;92;48;2;50;50;50mL[38;2;0;0;0;48;2;3;3;3m:[48;2;0;0;0m                                                                [0m
[7m[38;2;0;0;0m [0m[38;2;0;0;0;48;2;0;0;0m                                      [38;2;1;1;1m`[38;2;11;11;11;48;2;3;3;3m`[38;2;77;77;77;48;2;31;31;31m~[38;2;45;45;45;48;2;135;135;135m_[38;2;160;160;160;48;2;225;225;225m_[38;2;253;253;253;48;2;248;248;248m.[38;2;250;250;250;48;2;251;251;251m+[38;2;252;252;252m:[48;2;252;252;252m    [48;2;251;251;251m:[38;2;251;251;251;48;2;250;250;250m`[38;2;254;254;254;48;2;241;241;241m:[38;2;116;116;116;48;2;154;154;154m~[38;2;48;48;48;48;2;29;29;29mr[38;2;1;1;1;48;2;0;0;0m`                                                               [0m
[7m[38;2;0;0;0m [0m[38;2;0;0;0;48;2;0;0;0m                                        [38;2;2;2;2m~[38;2;19;19;19;48;2;5;5;5m`[38;2;103;103;103;48;2;47;47;47m"[38;2;42;42;42;48;2;158;158;158m_[38;2;157;157;157;48;2;230;230;230m_[38;2;253;253;253;48;2;249;249;249m.[38;2;249;249;249;48;2;251;251;251m_[38;2;252;252;252m:[48;2;252;252;252m   [48;2;251;251;251m:[38;2;253;253;253;48;2;250;250;250m'[38;2;252;252;252;48;2;230;230;230m:[38;2;144;144;144;48;2;95;95;95mL[38;2;41;41;41;48;2;15;15;15m,[38;2;1;1;1;48;2;0;0;0m_                                                              [0m
[7m[38;2;0;0;0m [0m[38;2;0;0;0;48;2;0;0;0m                                          [38;2;1;1;1m`[38;2;32;32;32;48;2;7;7;7m`[38;2;114;114;114;48;2;45;45;45m~[38;2;48;48;48;48;2;156;156;156m_[38;2;164;164;164;48;2;229;229;229m_[38;2;251;251;251;48;2;248;248;248m`[38;2;252;252;252;48;2;251;251;251m`:[38;2;253;253;253;48;2;252;252;252m_[38;2;252;252;252;48;2;251;251;251m:[38;2;250;250;250m~[38;2;254;254;254;48;2;248;248;248m'[38;2;186;186;186;48;2;216;216;216m~[38;2;112;112;112;48;2;64;64;64mL[38;2;24;24;24;48;2;6;6;6m,[38;2;1;1;1;48;2;0;0;0m_                                                             [0m
[7m[38;2;0;0;0m [0m[38;2;0;0;0;48;2;0;0;0m                                            [38;2;2;2;2m~[38;2;22;22;22;48;2;5;5;5m`[38;2;99;99;99;48;2;40;40;40m"[38;2;22;22;22;48;2;145;145;145m_[38;2;117;117;117;48;2;225;225;225m_[38;2;253;253;253;48;2;249;249;249m:[48;2;253;253;253m [48;2;252;252;252m= [38;2;252;252;252;48;2;251;251;251m_[38;2;254;254;254;48;2;245;245;245m:[38;2;147;147;147;48;2;187;187;187m~[38;2;81;81;81;48;2;44;44;44mL[38;2;0;0;0;48;2;2;2;2m:[48;2;0;0;0m                                                             [0m
[7m[38;2;0;0;0m [0m[38;2;0;0;0;48;2;0;0;0m                                              [38;2;1;1;1m`[38;2;11;11;11;48;2;4;4;4m`[38;2;86;86;86;48;2;28;28;28m"[38;2;187;187;187;48;2;87;87;87m~[38;2;83;83;83;48;2;195;195;195m_[38;2;193;193;193;48;2;244;244;244m_[38;2;254;254;254;48;2;251;251;251m.[38;2;253;253;253;48;2;252;252;252m~[38;2;252;252;252;48;2;251;251;251m~[38;2;254;254;254;48;2;243;243;243m:[38;2;123;123;123;48;2;171;171;171m~[38;2;87;87;87;48;2;41;41;41m,[48;2;1;1;1m [48;2;0;0;0m                                                            [0m
[7m[38;2;0;0;0m [0m[38;2;0;0;0;48;2;0;0;0m                                                 [38;2;4;4;4;48;2;1;1;1m`[38;2;45;45;45;48;2;11;11;11m`[38;2;119;119;119;48;2;50;50;50m~[38;2;8;8;8;48;2;152;152;152m_[38;2;81;81;81;48;2;222;222;222m_[38;2;210;210;210;48;2;243;243;243m_[38;2;252;252;252;48;2;249;249;249m`[48;2;242;242;242m:[38;2;112;112;112;48;2;174;174;174m~[38;2;97;97;97;48;2;44;44;44m,[38;2;0;0;0;48;2;2;2;2m`[48;2;0;0;0m                                                           [0m
[7m[38;2;0;0;0m [0m[38;2;0;0;0;48;2;0;0;0m                                                   [38;2;1;1;1m~[38;2;0;0;0;48;2;2;2;2m.[38;2;58;58;58;48;2;14;14;14m"[38;2;152;152;152;48;2;48;48;48m~[38;2;52;52;52;48;2;141;141;141my[38;2;75;75;75;48;2;193;193;193m_[38;2;170;170;170;48;2;229;229;229m_[38;2;140;140;140;48;2;193;193;193m~[38;2;129;129;129;48;2;60;60;60m_[38;2;32;32;32;48;2;6;6;6m,[38;2;1;1;1;48;2;0;0;0m,                                                         [0m
[7m[38;2;0;0;0m [0m[38;2;0;0;0;48;2;0;0;0m                                                       [38;2;1;1;1m`[38;2;41;41;41;48;2;6;6;6m`[38;2;115;115;115;48;2;35;35;35m`[38;2;69;69;69;48;2;136;136;136my[38;2;88;88;88;48;2;152;152;152m_[38;2;62;62;62;48;2;33;33;33mF[38;2;1;1;1;48;2;0;0;0m"                                                         [0m
[7m[38;2;0;0;0m [0m[38;2;0;0;0;48;2;0;0;0m                                                          [38;2;12;12;12;48;2;4;4;4m`[38;2;59;59;59;48;2;11;11;11m~[38;2;17;17;17;48;2;2;2;2m~[48;2;0;0;0m                                                          [0m
[7m[38;2;0;0;0m [0m[38;2;0;0;0;48;2;0;0;0m                                                                                                                       [0m
[7m[38;2;0;0;0m [0m[38;2;0;0;0;48;2;0;0;0m                                                         [48;2;2;2;2m:[38;2;85;85;85;48;2;9;9;9m_[38;2;149;149;149;48;2;17;17;17m_[38;2;48;48;48;48;2;7;7;7m,[48;2;0;0;0m                                                          [0m
[7m[38;2;0;0;0m [0m[38;2;0;0;0;48;2;0;0;0m                                                        [38;2;1;1;1m.[38;2;46;46;46;48;2;24;24;24m4[38;2;61;61;61;48;2;136;136;136m_[38;2;90;90;90;48;2;200;200;200m_[38;2;98;98;98;48;2;59;59;59mF[38;2;0;0;0;48;2;3;3;3m`[48;2;0;0;0m                                                         [0m
[7m[38;2;0;0;0m [0m[38;2;0;0;0;48;2;0;0;0m                                                          [38;2;17;17;17;48;2;3;3;3m`[38;2;28;28;28;48;2;5;5;5m~[38;2;0;0;0;48;2;1;1;1m:[48;2;0;0;0m                                                          [0m
[7m[38;2;0;0;0m [0m[38;2;0;0;0;48;2;0;0;0m                                                                                                                       [0m
[7m[38;2;0;0;0m [0m[38;2;0;0;0;48;2;0;0;0m                                                                                                                       [0m
[7m[38;2;0;0;0m [0m[38;2;0;0;0;48;2;0;0;0m                                                                                                                       [0m
[7m[38;2;0;0;0m [0m[38;2;0;0;0;48;2;0;0;0m                                                                                                                       [0m
[7m[38;2;0;0;0m [0m[38;2;0;0;0;48;2;0;0;0m                                                                                                                       [0m
[7m[38;2;0;0;0m [0m[38;2;0;0;0;48;2;0;0;0m                                                                                                                       [0m
[7m[38;2;0;0;0m [0m[38;2;0;0;0;48;2;0;0;0m                                                                                                                       [0m
[7m[38;2;0;0;0m [0m[38;2;0;0;0;48;2;0;0;0m                                                                                                                       [0m
[7m[38;2;0;0;0m [0m[38;2;0;0;0;48;2;0;0;0m                                                                                                                       [0m
[7m[38;2;0;0;0m [0m[38;2;0;0;0;48;2;0;0;0m                                                                                                                       [0m
[7m[38;2;0;0;0m [0m[38;2;0;0;0;48;2;0;0;0m                                                                                                                       [0m
[7m[38;2;0;0;0m [0m[38;2;0;0;0;48;2;0;0;0m                                                                                                                       [0m
[7m[38;2;0;0;0m [0m[38;2;0;0;0;48;2;0;0;0m                                                                                                                       [0m
[7m[38;2;0;0;0m [0m[38;2;0;0;0;48;2;0;0;0m                                                                                                                       [0m
[7m[38;2;0;0;0m [0m[38;2;0;0;0;48;2;0;0;0m                                                                                                                       [0m
[7m[38;2;0;0;0m [0m[38;2;0;0;0;48;2;0;0;0m                                                                                                                       [0m
[7m[38;2;0;0;0m [0m[38;2;0;0;0;48;2;0;0;0m                                                                                                                       [0m
[7m[38;2;0;0;0m [0m[38;2;0;0;0;48;2;0;0;0m                                                                                                                       [0m
[7m[38;2;0;0;0m [0m[38;2;0;0;0;48;2;0;0;0m                                                                                                                       [0m
[7m[38;2;0;0;0m [0m[38;2;0;0;0;48;2;0;0;0m                                                                                                                       [0m
[?25h