[?25l[0m[7m[38;2;0;0;0m [0m[38;2;0;0;0;48;2;0;0;0m                                                                                                                       [0m
[7m[38;2;0;0;0m [0m[38;2;0;0;0;48;2;0;0;0m                                                                                                                       [0m
[7m[38;2;0;0;0m [0m[38;2;0;0;0;48;2;0;0;0m                                                                                                                       [0m
[7m[38;2;0;0;0m [0m[38;2;0;0;0;48;2;0;0;0m                                                                                                                       [0m
[7m[38;2;0;0;0m [0m[38;2;0;0;0;48;2;0;0;0m                                                                                                                       [0m
[7m[38;2;0;0;0m [0m[38;2;0;0;0;48;2;0;0;0m                                                                                                                       [0m
[7m[38;2;0;0;0m [0m[38;2;0;0;0;48;2;0;0;0m                                                                                                                       [0m
[7m[38;2;0;0;0m [0m[38;2;0;0;0;48;2;0;0;0m                                                                                                                       [0m
[7m[38;2;0;0;0m [0m[38;2;0;0;0;48;2;0;0;0m                                                                                                                       [0m
[7m[38;2;0;0;0m [0m[38;2;0;0;0;48;2;0;0;0m                                                                                                                       [0m
[7m[38;2;0;0;0m [0m[38;2;0;0;0;48;2;0;0;0m                                                          [48;2;7;7;7m:[38;2;103;103;103;48;2;25;25;25m__[38;2;35;35;35;48;2;7;7;7m,[48;2;0;0;0m                                                         [0m
[7m[38;2;0;0;0m [0m[38;2;0;0;0;48;2;0;0;0m                                                       [48;2;4;4;4m:[38;2;115;115;115;48;2;26;26;26m_[38;2;166;166;166;48;2;84;84;84my[38;2;103;103;103;48;2;193;193;193m~[38;2;183;183;183;48;2;233;233;233m~[38;2;184;184;184;48;2;231;231;231m"[38;2;126;126;126;48;2;200;200;200m~[38;2;188;188;188;48;2;112;112;112my[38;2;134;134;134;48;2;51;51;51m_[38;2;41;41;41;48;2;9;9;9m_[48;2;0;0;0m                                                      [0m
[7m[38;2;0;0;0m [0m[38;2;0;0;0;48;2;0;0;0m                                                     [48;2;1;1;1m`[38;2;72;72;72;48;2;31;31;31m_[38;2;40;40;40;48;2;145;145;145m~[38;2;151;151;151;48;2;222;222;222m~[38;2;236;236;236;48;2;246;246;246m~[38;2;252;252;252;48;2;250;250;250m.[38;2;248;248;248m~[38;2;245;245;245;48;2;248;248;248m~[38;2;246;246;246;48;2;245;245;245my[38;2;245;245;245;48;2;240;240;240m:[38;2;171;171;171;48;2;206;206;206m~[38;2;157;157;157;48;2;111;111;111my[38;2;91;91;91;48;2;39;39;39m,[38;2;17;17;17;48;2;4;4;4m,[48;2;0;0;0m                                                    [0m
[7m[38;2;0;0;0m [0m[38;2;0;0;0;48;2;0;0;0m                                                   [38;2;1;1;1m.[38;2;0;0;0;48;2;23;23;23m:[38;2;157;157;157;48;2;93;93;93my[38;2;147;147;147;48;2;215;215;215m~[38;2;249;249;249;48;2;245;245;245m:[38;2;252;252;252;48;2;251;251;251m` [48;2;252;252;252m  [48;2;250;250;250m [38;2;249;249;249;48;2;248;248;248mL[38;2;246;246;246;48;2;244;244;244m_[38;2;243;243;243;48;2;241;241;241m.[38;2;205;205;205;48;2;230;230;230m"[38;2;126;126;126;48;2;182;182;182m~[38;2;178;178;178;48;2;84;84;84m_[38;2;75;75;75;48;2;20;20;20m_[38;2;11;11;11;48;2;1;1;1m,[38;2;1;1;1;48;2;0;0;0m_                                                 [0m
[7m[38;2;0;0;0m [0m[38;2;0;0;0;48;2;0;0;0m                                                  [38;2;1;1;1m_[38;2;0;0;0;48;2;6;6;6m:[38;2;98;98;98;48;2;76;76;76m4[38;2;208;208;208;48;2;227;227;227m"[38;2;253;253;253;48;2;251;251;251m`[38;2;249;249;249m`[38;2;252;252;252m^~~~ [38;2;251;251;251;48;2;250;250;250m:[38;2;248;248;248m`[38;2;249;249;249;48;2;251;251;251m`~[38;2;246;246;246;48;2;249;249;249m`[38;2;209;209;209;48;2;238;238;238m`[38;2;113;113;113;48;2;178;178;178m~[38;2;140;140;140;48;2;65;65;65m_[38;2;35;35;35;48;2;10;10;10m_[38;2;1;1;1;48;2;0;0;0m:                                                [0m
[7m[38;2;0;0;0m [0m[38;2;0;0;0;48;2;0;0;0m                                                  [38;2;1;1;1m:[38;2;25;25;25;48;2;16;16;16m4[38;2;127;127;127;48;2;105;105;105m4[38;2;235;235;235;48;2;242;242;242mL[38;2;249;249;249;48;2;250;250;250m.[38;2;251;251;251m:[48;2;251;251;251m   [38;2;252;252;252m____[48;2;252;252;252m  [48;2;251;251;251m:[38;2;250;250;250m~[48;2;246;246;246m:[38;2;180;180;180;48;2;217;217;217m"[38;2;80;80;80;48;2;123;123;123m~[38;2;51;51;51;48;2;25;25;25mL[38;2;2;2;2;48;2;0;0;0m.                                               [0m
[7m[38;2;0;0;0m [0m[38;2;0;0;0;48;2;0;0;0m                                                  [38;2;1;1;1m`[38;2;0;0;0;48;2;13;13;13m:[38;2;63;63;63;48;2;106;106;106ml[38;2;231;231;231;48;2;241;241;241mL[38;2;252;252;252;48;2;251;251;251m,    [48;2;252;252;252m     [48;2;251;251;251m:[38;2;253;253;253m.[38;2;252;252;252;48;2;243;243;243m`[38;2;146;146;146;48;2;209;209;209m_[38;2;64;64;64;48;2;147;147;147m_[38;2;139;139;139;48;2;68;68;68m~[38;2;54;54;54;48;2;18;18;18m~[38;2;3;3;3;48;2;1;1;1m'[48;2;0;0;0m                                               [0m
[7m[38;2;0;0;0m [0m[38;2;0;0;0;48;2;0;0;0m                                                   [48;2;1;1;1m'[38;2;70;70;70;48;2;50;50;50m4[38;2;168;168;168;48;2;194;194;194mL[38;2;244;244;244;48;2;248;248;248mr[38;2;249;249;249;48;2;250;250;250m.[48;2;251;251;251m   [48;2;252;252;252m   [38;2;252;252;252;48;2;251;251;251m:`[48;2;248;248;248m:[38;2;162;162;162;48;2;224;224;224m_[38;2;86;86;86;48;2;155;155;155my[38;2;121;121;121;48;2;50;50;50m~[38;2;38;38;38;48;2;12;12;12m"[38;2;3;3;3;48;2;0;0;0m~                                                 [0m
[7m[38;2;0;0;0m [0m[38;2;0;0;0;48;2;0;0;0m                                                   [38;2;1;1;1m~[38;2;0;0;0;48;2;26;26;26m:[38;2;93;93;93;48;2;132;132;132mL[38;2;231;231;231;48;2;239;239;239m,[48;2;250;250;250m [38;2;252;252;252;48;2;251;251;251m:[48;2;252;252;252m   [48;2;251;251;251m:[38;2;250;250;250m_[38;2;252;252;252;48;2;249;249;249m.[38;2;190;190;190;48;2;238;238;238m_[38;2;101;101;101;48;2;172;172;172my[38;2;123;123;123;48;2;51;51;51m~[38;2;32;32;32;48;2;8;8;8m~[38;2;1;1;1;48;2;0;0;0m`                                                   [0m
[7m[38;2;0;0;0m [0m[38;2;0;0;0;48;2;0;0;0m                                                    [48;2;2;2;2m:[38;2;82;82;82;48;2;57;57;57m4[38;2;172;172;172;48;2;205;205;205m_[38;2;253;253;253;48;2;248;248;248m`[48;2;251;251;251m [38;2;252;252;252m:[48;2;252;252;252m [48;2;251;251;251m:[38;2;251;251;251;48;2;250;250;250m~[38;2;252;252;252;48;2;246;246;246m:[38;2;167;167;167;48;2;211;211;211my[38;2;159;159;159;48;2;77;77;77m~[38;2;44;44;44;48;2;9;9;9m~[48;2;0;0;0m                                                      [0m
[7m[38;2;0;0;0m [0m[38;2;0;0;0;48;2;0;0;0m                                                     [48;2;28;28;28m:[38;2;99;99;99;48;2;135;135;135mL[38;2;220;220;220;48;2;235;235;235m,[38;2;252;252;252;48;2;250;250;250m.[48;2;251;251;251m :[38;2;250;250;250mg[38;2;253;253;253;48;2;248;248;248m:[38;2;161;161;161;48;2;214;214;214m_[38;2;110;110;110;48;2;70;70;70mF[38;2;26;26;26;48;2;6;6;6m~[48;2;0;0;0m                                                       [0m
[7m[38;2;0;0;0m [0m[38;2;0;0;0;48;2;0;0;0m                                                     [48;2;5;5;5m:[38;2;82;82;82;48;2;63;63;63m4[38;2;176;176;176;48;2;197;197;197mL[38;2;253;253;253;48;2;245;245;245m`[38;2;250;250;250;48;2;249;249;249m~[38;2;249;249;249;48;2;251;251;251m_[38;2;254;254;254;48;2;250;250;250m.[38;2;208;208;208;48;2;232;232;232m_[38;2;71;71;71;48;2;111;111;111my[38;2;35;35;35;48;2;13;13;13m~[48;2;0;0;0m                                                        [0m
[7m[38;2;0;0;0m [0m[38;2;0;0;0;48;2;0;0;0m                                                     [48;2;1;1;1m:[38;2;50;50;50;48;2;36;36;36m4[38;2;123;123;123;48;2;147;147;147mL[38;2;212;212;212;48;2;225;225;225m_[38;2;242;242;242;48;2;244;244;244m,[38;2;248;248;248;48;2;246;246;246m`[38;2;254;254;254;48;2;242;242;242m'[38;2;130;130;130;48;2;167;167;167my[38;2;58;58;58;48;2;33;33;33mF[38;2;1;1;1;48;2;0;0;0m.                                                        [0m
[7m[38;2;0;0;0m [0m[38;2;0;0;0;48;2;0;0;0m                                                      [38;2;27;27;27;48;2;17;17;17m4[38;2;108;108;108;48;2;92;92;92m4[38;2;147;147;147;48;2;187;187;187m_[38;2;216;216;216;48;2;235;235;235m_[38;2;253;253;253;48;2;242;242;242m:[38;2;139;139;139;48;2;189;189;189my[38;2;86;86;86;48;2;52;52;52m^[38;2;14;14;14;48;2;5;5;5m~[48;2;0;0;0m                                                         [0m
[7m[38;2;0;0;0m [0m[38;2;0;0;0;48;2;0;0;0m                                                      [48;2;3;3;3m:[38;2;52;52;52;48;2;23;23;23m"[38;2;109;109;109;48;2;50;50;50m~[38;2;52;52;52;48;2;125;125;125my[38;2;65;65;65;48;2;151;151;151my[38;2;93;93;93;48;2;43;43;43m"[38;2;16;16;16;48;2;2;2;2m~[38;2;3;3;3;48;2;0;0;0m`                                                         [0m
[7m[38;2;0;0;0m [0m[38;2;0;0;0;48;2;0;0;0m                                                          [38;2;1;1;1m=~                                                           [0m
[7m[38;2;0;0;0m [0m[38;2;0;0;0;48;2;0;0;0m                                                                                                                       [0m
[7m[38;2;0;0;0m [0m[38;2;0;0;0;48;2;0;0;0m                                                                                                                       [0m
[7m[38;2;0;0;0m [0m[38;2;0;0;0;48;2;0;0;0m                                                                                                                       [0m
[7m[38;2;0;0;0m [0m[38;2;0;0;0;48;2;0;0;0m                                                                                                                       [0m
[7m[38;2;0;0;0m [0m[38;2;0;0;0;48;2;0;0;0m                                                                                                                       [0m
[7m[38;2;0;0;0m [0m[38;2;0;0;0;48;2;0;0;0m                                                                                                                       [0m
[7m[38;2;0;0;0m [0m[38;2;0;0;0;48;2;0;0;0m                                                                                                                       [0m
[7m[38;2;0;0;0m [0m[38;2;0;0;0;48;2;0;0;0m                                                                                                                       [0m
[7m[38;2;0;0;0m [0m[38;2;0;0;0;48;2;0;0;0m                                                                                                                       [0m
[7m[38;2;0;0;0m [0m[38;2;0;0;0;48;2;0;0;0m                                                                                                                       [0m
[?25h