[?25l[0m[7m[38;2;0;0;0m [0m[38;2;0;0;0;48;2;0;0;0m                                       [38;2;7;7;7;48;2;3;3;3m`[38;2;95;95;95;48;2;70;70;70m4[38;2;162;162;162;48;2;208;208;208m_[38;2;247;247;247;48;2;219;219;219m:[38;2;117;117;117;48;2;74;74;74mL[38;2;0;0;0;48;2;9;9;9m:[48;2;0;0;0m                                                                          [0m
[7m[38;2;0;0;0m [0m[38;2;0;0;0;48;2;0;0;0m                                       [38;2;1;1;1m^[38;2;41;41;41;48;2;16;16;16m`[38;2;70;70;70;48;2;119;119;119mL[38;2;212;212;212;48;2;230;230;230m_[38;2;160;160;160;48;2;195;195;195m~[38;2;78;78;78;48;2;39;39;39mL[38;2;0;0;0;48;2;1;1;1m:[48;2;0;0;0m                                                                         [0m
[7m[38;2;0;0;0m [0m[38;2;0;0;0;48;2;0;0;0m                                        [38;2;1;1;1m+[38;2;69;69;69;48;2;40;40;40m`[38;2;121;121;121;48;2;160;160;160mL[38;2;250;250;250;48;2;230;230;230m:[38;2;174;174;174;48;2;132;132;132mL[38;2;0;0;0;48;2;24;24;24m:[48;2;0;0;0m                                                                         [0m
[7m[38;2;0;0;0m [0m[38;2;0;0;0;48;2;0;0;0m                                         [38;2;6;6;6;48;2;2;2;2m`[38;2;90;90;90;48;2;63;63;63m4[38;2;154;154;154;48;2;202;202;202m_[38;2;249;249;249;48;2;223;223;223m:[38;2;125;125;125;48;2;79;79;79mL[38;2;0;0;0;48;2;10;10;10m:[48;2;0;0;0m                                                                        [0m
[7m[38;2;0;0;0m [0m[38;2;0;0;0;48;2;0;0;0m                                         [38;2;1;1;1m~[38;2;28;28;28;48;2;14;14;14m"[38;2;65;65;65;48;2;114;114;114mL[38;2;205;205;205;48;2;228;228;228m_[38;2;165;165;165;48;2;198;198;198m~[38;2;83;83;83;48;2;43;43;43mL[38;2;0;0;0;48;2;2;2;2m:[48;2;0;0;0m                                                                       [0m
[7m[38;2;0;0;0m [0m[38;2;0;0;0;48;2;0;0;0m                                           [38;2;62;62;62;48;2;36;36;36m`[38;2;112;112;112;48;2;153;153;153mL[38;2;251;251;251;48;2;230;230;230m'[38;2;181;181;181;48;2;139;139;139mL[38;2;42;42;42;48;2;24;24;24mr[38;2;1;1;1;48;2;0;0;0m`                                                                      [0m
[7m[38;2;0;0;0m [0m[38;2;0;0;0;48;2;0;0;0m                                           [38;2;4;4;4;48;2;2;2;2m`[38;2;84;84;84;48;2;59;59;59m4[38;2;145;145;145;48;2;198;198;198m_[38;2;250;250;250;48;2;223;223;223m:[38;2;132;132;132;48;2;87;87;87mL[38;2;0;0;0;48;2;13;13;13m:[48;2;0;0;0m                                                                      [0m
[7m[38;2;0;0;0m [0m[38;2;0;0;0;48;2;0;0;0m                                           [38;2;1;1;1m`[38;2;25;25;25;48;2;11;11;11m"[38;2;63;63;63;48;2;106;106;106m[[38;2;200;200;200;48;2;227;227;227m_[38;2;173;173;173;48;2;205;205;205m~[38;2;90;90;90;48;2;46;46;46mL[38;2;0;0;0;48;2;2;2;2m:[38;2;1;1;1;48;2;0;0;0m,                                                                    [0m
[7m[38;2;0;0;0m [0m[38;2;0;0;0;48;2;0;0;0m                                            [38;2;2;2;2;48;2;1;1;1m+[38;2;9;9;9;48;2;34;34;34m:[38;2;109;109;109;48;2;148;148;148mL[38;2;253;253;253;48;2;232;232;232m:[38;2;115;115;115;48;2;157;157;157m~[38;2;45;45;45;48;2;27;27;27mr[38;2;1;1;1;48;2;0;0;0m`     [38;2;0;0;0;48;2;6;6;6m`[38;2;66;66;66;48;2;15;15;15m_[38;2;101;101;101;48;2;25;25;25m_[38;2;87;87;87;48;2;21;21;21m_[38;2;34;34;34;48;2;6;6;6m_[48;2;0;0;0m      [38;2;2;2;2m_[38;2;6;6;6m_[38;2;4;4;4m_____[38;2;2;2;2m_                                            [0m
[7m[38;2;0;0;0m [0m[38;2;0;0;0;48;2;0;0;0m                                            [38;2;1;1;1m`[38;2;3;3;3;48;2;1;1;1m`[38;2;77;77;77;48;2;56;56;56mJ[38;2;142;142;142;48;2;193;193;193m_[38;2;253;253;253;48;2;226;226;226m:[38;2;138;138;138;48;2;94;94;94mL[38;2;0;0;0;48;2;15;15;15m:[38;2;31;31;31;48;2;6;6;6m_[38;2;98;98;98;48;2;18;18;18m_[38;2;135;135;135;48;2;21;21;21m_[38;2;110;110;110;48;2;14;14;14m_[38;2;92;92;92;48;2;34;34;34m_[38;2;149;149;149;48;2;110;110;110my[38;2;132;132;132;48;2;202;202;202m~[38;2;172;172;172;48;2;228;228;228m~[38;2;183;183;183;48;2;234;234;234m"[38;2;139;139;139;48;2;207;207;207m~[38;2;165;165;165;48;2;95;95;95my[38;2;172;172;172;48;2;53;53;53m_[38;2;192;192;192;48;2;70;70;70m_[38;2;170;170;170;48;2;83;83;83my[38;2;190;190;190;48;2;102;102;102my[38;2;208;208;208;48;2;121;121;121my[38;2;217;217;217;48;2;135;135;135my[38;2;76;76;76;48;2;178;178;178m~[38;2;77;77;77;48;2;181;181;181m~[38;2;76;76;76m~[38;2;75;75;75m~~[38;2;74;74;74;48;2;180;180;180m~[38;2;60;60;60;48;2;170;170;170m~[38;2;202;202;202;48;2;105;105;105my[38;2;199;199;199;48;2;66;66;66m_[38;2;104;104;104;48;2;22;22;22m_[38;2;22;22;22;48;2;2;2;2m_[48;2;0;0;0m                                        [0m
[7m[38;2;0;0;0m [0m[38;2;0;0;0;48;2;0;0;0m                                             [38;2;1;1;1m~[38;2;23;23;23;48;2;10;10;10m"[38;2;53;53;53;48;2;101;101;101mi[38;2;196;196;196;48;2;226;226;226m_[38;2;179;179;179;48;2;208;208;208m~[38;2;96;96;96;48;2;54;54;54mL[38;2;61;61;61;48;2;47;47;47m4[38;2;169;169;169;48;2;150;150;150ma[38;2;180;180;180;48;2;228;228;228m~[38;2;157;157;157;48;2;226;226;226m~[38;2;130;130;130;48;2;218;218;218m~[38;2;176;176;176;48;2;229;229;229m~[38;2;251;251;251;48;2;247;247;247m:[38;2;250;250;250;48;2;251;251;251m~ [38;2;253;253;253m'[38;2;233;233;233;48;2;248;248;248m`[38;2;218;218;218;48;2;243;243;243m~[38;2;230;230;230;48;2;247;247;247m~[38;2;239;239;239;48;2;250;250;250m`[38;2;244;244;244;48;2;251;251;251m`[38;2;248;248;248m`[38;2;251;251;251;48;2;252;252;252m-[38;2;253;253;253mT~~~~~T[38;2;248;248;248;48;2;251;251;251m`[38;2;235;235;235;48;2;248;248;248m`[38;2;155;155;155;48;2;221;221;221m~[38;2;190;190;190;48;2;114;114;114my[38;2;126;126;126;48;2;38;38;38m,[38;2;11;11;11;48;2;2;2;2m,[48;2;0;0;0m                                      [0m
[7m[38;2;0;0;0m [0m[38;2;0;0;0;48;2;0;0;0m                                               [38;2;19;19;19;48;2;57;57;57ml[38;2;165;165;165;48;2;181;181;181mL[38;2;254;254;254;48;2;240;240;240m:[38;2;144;144;144;48;2;200;200;200m~[38;2;137;137;137;48;2;95;95;95my[38;2;153;153;153;48;2;133;133;133m`[38;2;222;222;222;48;2;234;234;234m,[38;2;253;253;253;48;2;251;251;251m.`[48;2;252;252;252m"                   [48;2;251;251;251m  [38;2;252;252;252;48;2;246;246;246m:[38;2;145;145;145;48;2;181;181;181m"[38;2;95;95;95;48;2;56;56;56mL[38;2;7;7;7;48;2;2;2;2m,[48;2;0;0;0m                                     [0m
[7m[38;2;0;0;0m [0m[38;2;0;0;0;48;2;0;0;0m                                               [38;2;27;27;27;48;2;10;10;10m"[38;2;123;123;123;48;2;74;74;74m~[38;2;133;133;133;48;2;203;203;203m_[38;2;253;253;253;48;2;235;235;235m:[38;2;138;138;138;48;2;165;165;165ma[38;2;114;114;114;48;2;150;150;150mi[38;2;228;228;228;48;2;235;235;235mF[38;2;253;253;253;48;2;251;251;251m`[38;2;252;252;252m.[48;2;252;252;252m         [38;2;251;251;251m_         [38;2;250;250;250;48;2;251;251;251m_[48;2;252;252;252m [38;2;252;252;252;48;2;247;247;247m`[38;2;177;177;177;48;2;210;210;210my[38;2;84;84;84;48;2;131;131;131my[38;2;72;72;72;48;2;33;33;33m~[38;2;6;6;6;48;2;1;1;1m~[48;2;0;0;0m                                     [0m
[7m[38;2;0;0;0m [0m[38;2;0;0;0;48;2;0;0;0m                                               [38;2;1;1;1m"[38;2;21;21;21;48;2;8;8;8m"[38;2;44;44;44;48;2;94;94;94ml[38;2;192;192;192;48;2;222;222;222m_[38;2;189;189;189m~[38;2;137;137;137;48;2;186;186;186m~[38;2;238;238;238;48;2;233;233;233m`[38;2;251;251;251;48;2;252;252;252mL`       [38;2;253;253;253m.[38;2;252;252;252;48;2;249;249;249m'[38;2;211;211;211;48;2;247;247;247m_[38;2;214;214;214;48;2;249;249;249m_[38;2;234;234;234;48;2;251;251;251m_[38;2;249;249;249m, [38;2;252;252;252m:[38;2;247;247;247m_[38;2;235;235;235;48;2;250;250;250m_[38;2;205;205;205;48;2;244;244;244m_[38;2;166;166;166;48;2;233;233;233m_[38;2;171;171;171;48;2;235;235;235m_[38;2;203;203;203;48;2;233;233;233m_[38;2;201;201;201m_[38;2;177;177;177;48;2;162;162;162m[[38;2;74;74;74;48;2;52;52;52ml[38;2;2;2;2;48;2;1;1;1m.[48;2;0;0;0m                                      [0m
[7m[38;2;0;0;0m [0m[38;2;0;0;0;48;2;0;0;0m                                                [38;2;1;1;1m=[38;2;50;50;50;48;2;35;35;35m4[38;2;143;143;143;48;2;160;160;160m$[38;2;240;240;240;48;2;245;245;245mL[38;2;229;229;229;48;2;247;247;247m`[38;2;246;246;246;48;2;250;250;250m~[38;2;253;253;253;48;2;252;252;252m`       [38;2;252;252;252;48;2;251;251;251m: [48;2;241;241;241m:[38;2;137;137;137;48;2;172;172;172m4[38;2;53;53;53;48;2;107;107;107ma[38;2;33;33;33;48;2;121;121;121my[38;2;67;67;67;48;2;158;158;158my[38;2;93;93;93;48;2;176;176;176my[38;2;97;97;97;48;2;179;179;179my[38;2;87;87;87;48;2;167;167;167my[38;2;59;59;59;48;2;139;139;139my[38;2;164;164;164;48;2;71;71;71m~[38;2;108;108;108;48;2;39;39;39m~[38;2;124;124;124;48;2;31;31;31m`[38;2;143;143;143;48;2;52;52;52m~[38;2;167;167;167;48;2;66;66;66m~[38;2;117;117;117;48;2;43;43;43m~[38;2;36;36;36;48;2;13;13;13m^[38;2;1;1;1;48;2;0;0;0m~                                      [0m
[38;2;78;78;78;48;2;7;7;7m___[38;2;79;79;79m_[38;2;80;80;80m_[38;2;81;81;81m______________________________[38;2;80;80;80m_[38;2;81;81;81m_[38;2;82;82;82m___________[48;2;8;8;8m__[38;2;95;95;95;48;2;41;41;41m_[38;2;158;158;158;48;2;146;146;146m4[38;2;239;239;239;48;2;245;245;245mL[48;2;252;252;252m           [48;2;251;251;251m [38;2;253;253;253;48;2;250;250;250m`[38;2;218;218;218;48;2;239;239;239m`[38;2;116;116;116;48;2;158;158;158m~[48;2;43;43;43m_[38;2;83;83;83;48;2;10;10;10m_[38;2;81;81;81;48;2;8;8;8m_____[48;2;7;7;7m__________[38;2;82;82;82m___________________________________[0m
[38;2;115;115;115;48;2;187;187;187m~~~[38;2;116;116;116m~[38;2;118;118;118m~[38;2;119;119;119m~[48;2;188;188;188m~~~~~~~~~~~~~~~~~~~~~~~~~~~~[48;2;187;187;187m~[38;2;118;118;118m~[38;2;120;120;120;48;2;188;188;188m~~~~~~~~~~~~[48;2;187;187;187m~[38;2;121;121;121;48;2;191;191;191m~[38;2;132;132;132;48;2;207;207;207m~[38;2;189;189;189;48;2;234;234;234m~[38;2;253;253;253;48;2;250;250;250m`[48;2;252;252;252m            [38;2;240;240;240;48;2;250;250;250m_[38;2;210;210;210;48;2;244;244;244m_[38;2;172;172;172;48;2;227;227;227m_[38;2;144;144;144;48;2;199;199;199m_[38;2;123;123;123;48;2;188;188;188m~[38;2;120;120;120m~[38;2;119;119;119m~~~~~~[38;2;120;120;120m~[38;2;119;119;119m~~~~~~[38;2;120;120;120m~~~~~~~~~~~~~~~~~~~~~~~~~~~~~~~~~~~~[0m
[38;2;87;87;87;48;2;21;21;21m~~~[38;2;86;86;86m~[38;2;85;85;85m~~~~~~~~~~~~~~~~~~~~~~~~~~~~~~~~~~~~~~~~~~~~[38;2;84;84;84;48;2;27;27;27m~[38;2;62;62;62;48;2;94;94;94mm[38;2;166;166;166;48;2;192;192;192mF[38;2;253;253;253;48;2;246;246;246m:[48;2;251;251;251m [48;2;252;252;252m          [38;2;252;252;252;48;2;251;251;251m`~[38;2;254;254;254;48;2;238;238;238m.[38;2;137;137;137;48;2;170;170;170m=[38;2;34;34;34;48;2;85;85;85ma[38;2;94;94;94;48;2;23;23;23m~[38;2;86;86;86;48;2;21;21;21m~[38;2;85;85;85m~~~~~~~~~~~~~~~~~~~~~~~~~~~~~~~~~~~~~~~~~~~~~~~~~~[0m
[38;2;1;1;1;48;2;0;0;0m```                                     ``[38;2;0;0;0;48;2;1;1;1m:[38;2;34;34;34;48;2;6;6;6m_[38;2;77;77;77;48;2;16;16;16m_[38;2;124;124;124;48;2;30;30;30m_[38;2;157;157;157;48;2;44;44;44m_[38;2;185;185;185;48;2;58;58;58m_[38;2;201;201;201;48;2;70;70;70m_[38;2;89;89;89;48;2;139;139;139mF[38;2;209;209;209;48;2;218;218;218m-[38;2;254;254;254;48;2;250;250;250m:[38;2;252;252;252;48;2;251;251;251m.[48;2;252;252;252m        [48;2;251;251;251m:[48;2;250;250;250m`[38;2;212;212;212;48;2;244;244;244m_[38;2;164;164;164;48;2;232;232;232m_[38;2;138;138;138;48;2;219;219;219m_[38;2;97;97;97;48;2;167;167;167m_[38;2;77;77;77;48;2;49;49;49mF[38;2;5;5;5;48;2;3;3;3mL[48;2;0;0;0m                                                   [0m
[7m[38;2;0;0;0m [0m[38;2;0;0;0;48;2;0;0;0m                                     [48;2;1;1;1m:[38;2;50;50;50;48;2;6;6;6m_[38;2;109;109;109;48;2;30;30;30m_[38;2;172;172;172;48;2;72;72;72m_[38;2;186;186;186;48;2;115;115;115my[38;2;93;93;93;48;2;185;185;185m~[38;2;136;136;136;48;2;214;214;214m~[38;2;175;175;175;48;2;233;233;233m~[38;2;199;199;199;48;2;241;241;241m~[38;2;217;217;217;48;2;245;245;245m~[38;2;229;229;229;48;2;247;247;247m~[38;2;236;236;236;48;2;249;249;249m~[38;2;244;244;244;48;2;251;251;251m~[38;2;254;254;254;48;2;252;252;252m`        [48;2;251;251;251m [38;2;253;253;253;48;2;250;250;250m:[38;2;220;220;220;48;2;230;230;230m4[38;2;116;116;116;48;2;153;153;153ma[38;2;128;128;128;48;2;57;57;57m~[38;2;95;95;95;48;2;28;28;28m~[38;2;64;64;64;48;2;17;17;17m~[38;2;21;21;21;48;2;4;4;4m~[48;2;0;0;0m                                                    [0m
[7m[38;2;0;0;0m [0m[38;2;0;0;0;48;2;0;0;0m                                   [38;2;1;1;1m.[38;2;46;46;46;48;2;11;11;11m_[38;2;134;134;134;48;2;59;59;59m_[38;2;187;187;187;48;2;129;129;129my[38;2;145;145;145;48;2;210;210;210m~[38;2;207;207;207;48;2;239;239;239m~[38;2;235;235;235;48;2;249;249;249m`[38;2;252;252;252;48;2;251;251;251m:.:[48;2;252;252;252m              [48;2;251;251;251m:`[38;2;253;253;253;48;2;246;246;246m:[38;2;151;151;151;48;2;190;190;190m~[38;2;94;94;94;48;2;53;53;53mL[38;2;0;0;0;48;2;3;3;3m`[48;2;0;0;0m                                                      [0m
[7m[38;2;0;0;0m [0m[38;2;0;0;0;48;2;0;0;0m                                   [38;2;42;42;42;48;2;22;22;22my[38;2;78;78;78;48;2;116;116;116mF[38;2;158;158;158;48;2;207;207;207m~[38;2;231;231;231;48;2;247;247;247m~[38;2;253;253;253;48;2;251;251;251m`[38;2;252;252;252m:[48;2;252;252;252m                   [48;2;251;251;251m: [48;2;245;245;245m:[38;2;139;139;139;48;2;199;199;199m~[38;2;156;156;156;48;2;84;84;84my[38;2;105;105;105;48;2;20;20;20m_[38;2;21;21;21;48;2;2;2;2m,[48;2;0;0;0m                                                    [0m
[7m[38;2;0;0;0m [0m[38;2;0;0;0;48;2;0;0;0m                                  [38;2;6;6;6;48;2;4;4;4m4[38;2;44;44;44;48;2;76;76;76m[[38;2;167;167;167;48;2;187;187;187mF[38;2;253;253;253;48;2;247;247;247m:[48;2;252;252;252m^                       [38;2;252;252;252;48;2;251;251;251m:[48;2;250;250;250m.[38;2;226;226;226;48;2;245;245;245m`[38;2;160;160;160;48;2;217;217;217m~[38;2;185;185;185;48;2;110;110;110my[38;2;114;114;114;48;2;38;38;38m,[38;2;21;21;21;48;2;3;3;3m,[48;2;0;0;0m                                                  [0m
[7m[38;2;0;0;0m [0m[38;2;0;0;0;48;2;0;0;0m                                  [38;2;7;7;7;48;2;5;5;5m4[38;2;66;66;66;48;2;85;85;85ml[38;2;192;192;192;48;2;203;203;203mF[38;2;254;254;254;48;2;250;250;250m:[48;2;251;251;251m [48;2;252;252;252m                         [38;2;252;252;252;48;2;251;251;251m:_[38;2;254;254;254;48;2;248;248;248m`[38;2;156;156;156;48;2;211;211;211m~[38;2;163;163;163;48;2;86;86;86m_[38;2;63;63;63;48;2;15;15;15m,[48;2;0;0;0m                                                 [0m
[7m[38;2;0;0;0m [0m[38;2;0;0;0;48;2;0;0;0m                                  [38;2;1;1;1;48;2;4;4;4m:[38;2;57;57;57;48;2;76;76;76mi[38;2;178;178;178;48;2;195;195;195mL[38;2;254;254;254;48;2;249;249;249m:[48;2;251;251;251m [48;2;252;252;252m                          [38;2;252;252;252;48;2;251;251;251m:_[38;2;254;254;254;48;2;250;250;250m:[38;2;190;190;190;48;2;220;220;220m"[38;2;132;132;132;48;2;86;86;86mL[38;2;41;41;41;48;2;12;12;12m,[48;2;0;0;0m                                                [0m
[7m[38;2;0;0;0m [0m[38;2;0;0;0;48;2;0;0;0m                                   [38;2;63;63;63;48;2;44;44;44m4[38;2;137;137;137;48;2;166;166;166mL[38;2;254;254;254;48;2;247;247;247m`[38;2;252;252;252;48;2;251;251;251m,[48;2;252;252;252m                            [38;2;254;254;254m.[38;2;252;252;252;48;2;241;241;241m`[38;2;156;156;156;48;2;135;135;135mF[38;2;48;48;48;48;2;29;29;29mF[48;2;0;0;0m                                                [0m
[7m[38;2;0;0;0m [0m[38;2;0;0;0;48;2;0;0;0m                                   [38;2;34;34;34;48;2;15;15;15m`[38;2;65;65;65;48;2;111;111;111mL[38;2;190;190;190;48;2;224;224;224m_[38;2;254;254;254;48;2;251;251;251m:[38;2;252;252;252m"[48;2;252;252;252m                          [48;2;251;251;251m`[38;2;253;253;253;48;2;250;250;250m.[38;2;182;182;182;48;2;216;216;216m_[38;2;132;132;132;48;2;100;100;100mF[38;2;39;39;39;48;2;20;20;20m'[48;2;0;0;0m                                                [0m
[7m[38;2;0;0;0m [0m[38;2;0;0;0;48;2;0;0;0m                                    [38;2;64;64;64;48;2;30;30;30m`[38;2;96;96;96;48;2;140;140;140mL[38;2;208;208;208;48;2;238;238;238m_[38;2;253;253;253;48;2;251;251;251m. [38;2;252;252;252m:[48;2;252;252;252m                      [48;2;251;251;251m `[48;2;249;249;249m'[38;2;183;183;183;48;2;224;224;224m_[38;2;87;87;87;48;2;141;141;141m_[38;2;61;61;61;48;2;35;35;35mF[38;2;5;5;5;48;2;1;1;1m~[48;2;0;0;0m                                                [0m
[7m[38;2;0;0;0m [0m[38;2;0;0;0;48;2;0;0;0m                                    [38;2;2;2;2m`[38;2;73;73;73;48;2;21;21;21m`[38;2;166;166;166;48;2;91;91;91m~[38;2;105;105;105;48;2;204;204;204m_[38;2;187;187;187;48;2;243;243;243m_[38;2;241;241;241;48;2;249;249;249m,[38;2;252;252;252;48;2;251;251;251m` .:[48;2;252;252;252m                [38;2;253;253;253m.[38;2;234;234;234;48;2;250;250;250m_[38;2;206;206;206;48;2;247;247;247m_[38;2;228;228;228;48;2;250;250;250m_[38;2;249;249;249;48;2;239;239;239m:[38;2;131;131;131;48;2;163;163;163m4[38;2;61;61;61;48;2;48;48;48mL[38;2;12;12;12;48;2;2;2;2m~[48;2;0;0;0m                                                 [0m
[7m[38;2;0;0;0m [0m[38;2;0;0;0;48;2;0;0;0m                                      [38;2;4;4;4m`[38;2;54;54;54;48;2;12;12;12m`[38;2;120;120;120;48;2;41;41;41m~[38;2;211;211;211;48;2;85;85;85m~[38;2;1;1;1;48;2;156;156;156m_[38;2;42;42;42;48;2;197;197;197m_[38;2;145;145;145;48;2;230;230;230m_[38;2;253;253;253;48;2;249;249;249m:[38;2;249;249;249;48;2;251;251;251m_[38;2;235;235;235;48;2;249;249;249m_[38;2;212;212;212;48;2;245;245;245m__[38;2;218;218;218;48;2;247;247;247m_[38;2;224;224;224;48;2;248;248;248m_[38;2;227;227;227;48;2;249;249;249m_[38;2;238;238;238;48;2;251;251;251m_[38;2;253;253;253m.[38;2;252;252;252m:[48;2;252;252;252m [48;2;251;251;251m`[38;2;254;254;254m.[38;2;210;210;210;48;2;243;243;243m_[38;2;172;172;172;48;2;237;237;237m_[38;2;234;234;234;48;2;247;247;247m,[38;2;251;251;251;48;2;238;238;238m`[38;2;111;111;111;48;2;169;169;169my[38;2;169;169;169;48;2;79;79;79m~[38;2;76;76;76;48;2;141;141;141my[38;2;180;180;180;48;2;227;227;227m_[38;2;215;215;215;48;2;235;235;235m`[38;2;95;95;95;48;2;149;149;149m~[38;2;79;79;79;48;2;34;34;34m_[38;2;6;6;6;48;2;1;1;1m,[48;2;0;0;0m                                                [0m
[7m[38;2;0;0;0m [0m[38;2;0;0;0;48;2;0;0;0m                                           [38;2;31;31;31;48;2;6;6;6m`[38;2;99;99;99;48;2;32;32;32m~[38;2;39;39;39;48;2;121;121;121my[38;2;84;84;84;48;2;169;169;169my[38;2;80;80;80;48;2;148;148;148my[38;2;166;166;166;48;2;74;74;74m~[38;2;152;152;152;48;2;46;46;46m~[38;2;156;156;156;48;2;47;47;47m~[38;2;162;162;162;48;2;52;52;52m~[38;2;167;167;167;48;2;56;56;56m~[38;2;184;184;184;48;2;93;93;93m~[38;2;167;167;167;48;2;201;201;201my[38;2;252;252;252;48;2;247;247;247m'[48;2;251;251;251m` [38;2;254;254;254;48;2;248;248;248m:[38;2;198;198;198;48;2;207;207;207m4[38;2;77;77;77;48;2;112;112;112ma[38;2;119;119;119;48;2;160;160;160my[38;2;225;225;225;48;2;234;234;234mW[38;2;120;120;120;48;2;150;150;150m7[38;2;80;80;80;48;2;33;33;33m,[38;2;3;3;3;48;2;16;16;16m:[38;2;139;139;139;48;2;85;85;85m~[38;2;170;170;170;48;2;220;220;220m_[38;2;250;250;250;48;2;239;239;239m:[38;2;118;118;118;48;2;169;169;169m~[38;2;88;88;88;48;2;47;47;47mL[38;2;25;25;25;48;2;4;4;4m,[48;2;0;0;0m                                               [0m
[7m[38;2;0;0;0m [0m[38;2;0;0;0;48;2;0;0;0m                                              [38;2;11;11;11;48;2;1;1;1m`[38;2;14;14;14m`[38;2;3;3;3;48;2;0;0;0m`[38;2;1;1;1m` [38;2;2;2;2m~~[38;2;28;28;28;48;2;14;14;14m"[38;2;128;128;128;48;2;91;91;91m~[38;2;142;142;142;48;2;222;222;222m_[38;2;239;239;239;48;2;247;247;247m,[38;2;219;219;219;48;2;245;245;245m_[38;2;171;171;171;48;2;229;229;229m_[38;2;89;89;89;48;2;166;166;166m_[38;2;76;76;76;48;2;49;49;49mF[38;2;2;2;2;48;2;61;61;61m.[38;2;152;152;152;48;2;203;203;203m_[38;2;247;247;247;48;2;226;226;226m:[38;2;139;139;139;48;2;93;93;93mL[38;2;43;43;43;48;2;15;15;15m,[38;2;1;1;1;48;2;12;12;12m'[38;2;125;125;125;48;2;72;72;72m~[38;2;128;128;128;48;2;204;204;204m_[38;2;249;249;249;48;2;240;240;240m'[38;2;145;145;145;48;2;196;196;196m~[38;2;112;112;112;48;2;65;65;65mL[38;2;26;26;26;48;2;6;6;6m_[48;2;0;0;0m                                              [0m
[7m[38;2;0;0;0m [0m[38;2;0;0;0;48;2;0;0;0m                                                      [38;2;14;14;14;48;2;5;5;5m`[38;2;95;95;95;48;2;21;21;21m~[38;2;167;167;167;48;2;51;51;51m~[38;2;165;165;165;48;2;56;56;56m~[38;2;129;129;129;48;2;41;41;41m~[38;2;68;68;68;48;2;16;16;16m~[38;2;17;17;17;48;2;3;3;3m~[38;2;25;25;25;48;2;11;11;11m"[38;2;74;74;74;48;2;105;105;105m$[38;2;212;212;212;48;2;226;226;226m,[38;2;168;168;168;48;2;199;199;199m~[38;2;99;99;99;48;2;55;55;55mL[38;2;12;12;12;48;2;4;4;4m,[38;2;0;0;0;48;2;6;6;6m`[38;2;103;103;103;48;2;55;55;55m"[38;2;120;120;120;48;2;190;190;190m_[38;2;230;230;230;48;2;241;241;241m,[38;2;174;174;174;48;2;213;213;213m~[38;2;161;161;161;48;2;88;88;88m_[38;2;46;46;46;48;2;12;12;12m_[48;2;0;0;0m                                             [0m
[7m[38;2;0;0;0m [0m[38;2;0;0;0;48;2;0;0;0m                                                              [48;2;30;30;30m:[38;2;111;111;111;48;2;151;151;151my[38;2;247;247;247;48;2;231;231;231m`[38;2;89;89;89;48;2;152;152;152m`[38;2;83;83;83;48;2;34;34;34m,[38;2;3;3;3;48;2;2;2;2m"[38;2;0;0;0;48;2;4;4;4m`[38;2;82;82;82;48;2;44;44;44m"[38;2;92;92;92;48;2;174;174;174m_[38;2;224;224;224;48;2;239;239;239m,[38;2;190;190;190;48;2;226;226;226m"[38;2;76;76;76;48;2;125;125;125m~[38;2;80;80;80;48;2;24;24;24m,[48;2;0;0;0m                                            [0m
[7m[38;2;0;0;0m [0m[38;2;0;0;0;48;2;0;0;0m                                                             [38;2;1;1;1m`[38;2;0;0;0;48;2;2;2;2m'[38;2;67;67;67;48;2;49;49;49m4[38;2;144;144;144;48;2;196;196;196m_[38;2;245;245;245;48;2;226;226;226m:[38;2;76;76;76;48;2;109;109;109m4[38;2;48;48;48;48;2;14;14;14m,[38;2;2;2;2;48;2;1;1;1m.[38;2;0;0;0;48;2;3;3;3m`[38;2;73;73;73;48;2;36;36;36m"[38;2;88;88;88;48;2;159;159;159m_[38;2;216;216;216;48;2;236;236;236m,[38;2;208;208;208;48;2;234;234;234m"[38;2;92;92;92;48;2;145;145;145m~[38;2;103;103;103;48;2;36;36;36m,[38;2;7;7;7;48;2;1;1;1m,[48;2;0;0;0m                                          [0m
[7m[38;2;0;0;0m [0m[38;2;0;0;0;48;2;0;0;0m                                                              [38;2;1;1;1m^[38;2;0;0;0;48;2;10;10;10m:[38;2;67;67;67;48;2;98;98;98m$[38;2;201;201;201;48;2;225;225;225m_[38;2;168;168;168;48;2;204;204;204m~[38;2;104;104;104;48;2;59;59;59mL[38;2;6;6;6;48;2;3;3;3m.[38;2;1;1;1;48;2;0;0;0m"[38;2;0;0;0;48;2;2;2;2m`[38;2;59;59;59;48;2;31;31;31m"[38;2;56;56;56;48;2;150;150;150m_[38;2;209;209;209;48;2;234;234;234m_[38;2;228;228;228;48;2;242;242;242m`[38;2;119;119;119;48;2;179;179;179m~[38;2;97;97;97;48;2;52;52;52mL[38;2;19;19;19;48;2;3;3;3m,[48;2;0;0;0m                                         [0m
[?25h