[?25l[0m[7m[38;2;252;252;252m [0m[38;2;0;0;0;48;2;252;252;252m                                                                                                                       [0m
[7m[38;2;252;252;252m [0m[38;2;0;0;0;48;2;252;252;252m                                                                                                                       [0m
[7m[38;2;252;252;252m [0m[38;2;0;0;0;48;2;252;252;252m                                                                                                                       [0m
[7m[38;2;252;252;252m [0m[38;2;0;0;0;48;2;252;252;252m                                                                                                                       [0m
[7m[38;2;252;252;252m [0m[38;2;0;0;0;48;2;252;252;252m                                                                                                                       [0m
[7m[38;2;252;252;252m [0m[38;2;0;0;0;48;2;252;252;252m                                                                                                                       [0m
[7m[38;2;252;252;252m [0m[38;2;0;0;0;48;2;252;252;252m                                                                                                                       [0m
[7m[38;2;252;252;252m [0m[38;2;0;0;0;48;2;252;252;252m                                                                                                                       [0m
[7m[38;2;252;252;252m [0m[38;2;0;0;0;48;2;252;252;252m                                                                                                                       [0m
[7m[38;2;252;252;252m [0m[38;2;0;0;0;48;2;252;252;252m                                                                                                                       [0m
[7m[38;2;252;252;252m [0m[38;2;0;0;0;48;2;252;252;252m                                                                                                                       [0m
[7m[38;2;252;252;252m [0m[38;2;0;0;0;48;2;252;252;252m                                                                                                                       [0m
[7m[38;2;252;252;252m [0m[38;2;0;0;0;48;2;252;252;252m                                                                                                                       [0m
[7m[38;2;252;252;252m [0m[38;2;0;0;0;48;2;252;252;252m                                                                                                                       [0m
[7m[38;2;252;252;252m [0m[38;2;0;0;0;48;2;252;252;252m                                                                                                                       [0m
[7m[38;2;252;252;252m [0m[38;2;0;0;0;48;2;252;252;252m                                                                                                                       [0m
[7m[38;2;252;252;252m [0m[38;2;0;0;0;48;2;252;252;252m                                                                                                                       [0m
[7m[38;2;252;252;252m [0m[38;2;0;0;0;48;2;252;252;252m                                                        [38;2;252;252;252;48;2;251;251;251m: [38;2;250;250;250muL [48;2;252;252;252m                                                          [0m
[7m[38;2;252;252;252m [0m[38;2;0;0;0;48;2;252;252;252m                                                       [38;2;253;253;253;48;2;250;250;250m:[38;2;162;162;162;48;2;238;238;238m_[38;2;102;102;102;48;2;219;219;219m_[38;2;78;78;78;48;2;200;200;200m_[38;2;80;80;80;48;2;202;202;202m_[38;2;115;115;115;48;2;223;223;223m_[38;2;205;205;205;48;2;243;243;243m_[38;2;252;252;252;48;2;250;250;250m`[38;2;250;250;250;48;2;251;251;251m_[38;2;252;252;252m:[48;2;252;252;252m                                                      [0m
[7m[38;2;252;252;252m [0m[38;2;0;0;0;48;2;252;252;252m                                                    [38;2;252;252;252;48;2;251;251;251m:[38;2;250;250;250mg[38;2;254;254;254;48;2;243;243;243m:[38;2;132;132;132;48;2;186;186;186my[38;2;122;122;122;48;2;52;52;52m~[38;2;26;26;26;48;2;5;5;5m~[38;2;0;0;0;48;2;1;1;1m`[38;2;3;3;3mf[38;2;42;42;42;48;2;15;15;15m"[38;2;56;56;56;48;2;111;111;111ms[38;2;191;191;191;48;2;221;221;221m,[38;2;251;251;251;48;2;249;249;249m:[48;2;251;251;251m [38;2;252;252;252m:[48;2;252;252;252m                                                     [0m
[7m[38;2;252;252;252m [0m[38;2;0;0;0;48;2;252;252;252m                                                   [38;2;252;252;252;48;2;251;251;251m: [38;2;254;254;254;48;2;248;248;248m:[38;2;188;188;188;48;2;208;208;208my[38;2;84;84;84;48;2;53;53;53mF[38;2;0;0;0;48;2;3;3;3m:[38;2;1;1;1;48;2;0;0;0m`_[38;2;0;0;0;48;2;3;3;3m:[38;2;91;91;91;48;2;31;31;31m_[38;2;45;45;45;48;2;144;144;144m~[38;2;208;208;208;48;2;234;234;234m~[38;2;252;252;252;48;2;249;249;249m`[38;2;247;247;247;48;2;251;251;251m_[48;2;252;252;252m [38;2;252;252;252;48;2;251;251;251m:[48;2;252;252;252m                                                    [0m
[7m[38;2;252;252;252m [0m[38;2;0;0;0;48;2;252;252;252m                                                   [38;2;252;252;252;48;2;251;251;251m:[38;2;250;250;250m`[38;2;254;254;254;48;2;249;249;249m'[38;2;198;198;198;48;2;223;223;223m"[38;2;145;145;145;48;2;100;100;100mL[38;2;32;32;32;48;2;17;17;17mr[38;2;2;2;2;48;2;1;1;1my,[38;2;0;0;0;48;2;8;8;8m:[38;2;103;103;103;48;2;77;77;77m4[38;2;197;197;197;48;2;231;231;231m_[38;2;253;253;253;48;2;239;239;239m:[38;2;96;96;96;48;2;167;167;167my[38;2;71;71;71;48;2;147;147;147mg[38;2;158;158;158;48;2;215;215;215m_[38;2;252;252;252;48;2;248;248;248m`[38;2;250;250;250;48;2;251;251;251my[38;2;252;252;252m:[48;2;252;252;252m                                                  [0m
[7m[38;2;252;252;252m [0m[38;2;0;0;0;48;2;252;252;252m                                                    [38;2;252;252;252;48;2;251;251;251m:[38;2;251;251;251;48;2;250;250;250m_[38;2;254;254;254;48;2;242;242;242m'[38;2;195;195;195;48;2;155;155;155mL[38;2;91;91;91;48;2;43;43;43m,[48;2;4;4;4m [38;2;1;1;1;48;2;0;0;0m` [38;2;2;2;2;48;2;15;15;15m'[38;2;118;118;118;48;2;50;50;50m~[38;2;133;133;133;48;2;41;41;41m~[38;2;52;52;52;48;2;13;13;13m~[38;2;0;0;0;48;2;31;31;31m:[38;2;175;175;175;48;2;142;142;142m_[38;2;233;233;233;48;2;241;241;241mL[38;2;250;250;250;48;2;249;249;249m,[48;2;251;251;251m [48;2;252;252;252m                                 [38;2;253;253;253m^                [0m
[7m[38;2;252;252;252m [0m[38;2;0;0;0;48;2;252;252;252m                                                     [38;2;254;254;254m.[48;2;243;243;243m:[38;2;69;69;69;48;2;185;185;185m_[38;2;98;98;98;48;2;50;50;50m~[38;2;1;1;1;48;2;5;5;5m:[48;2;0;0;0m [38;2;0;0;0;48;2;2;2;2m:[38;2;28;28;28;48;2;13;13;13my[38;2;48;48;48;48;2;26;26;26m_[38;2;1;1;1;48;2;5;5;5m`[38;2;3;3;3;48;2;1;1;1my[38;2;48;48;48;48;2;30;30;30m4[38;2;132;132;132;48;2;169;169;169mL[38;2;251;251;251;48;2;242;242;242m`[48;2;250;250;250m [38;2;252;252;252;48;2;251;251;251m.[48;2;252;252;252m                                                  [0m
[7m[38;2;252;252;252m [0m[38;2;0;0;0;48;2;252;252;252m                                                  [38;2;252;252;252;48;2;251;251;251m:`[38;2;253;253;253;48;2;249;249;249m:[38;2;162;162;162;48;2;227;227;227m_[38;2;60;60;60;48;2;128;128;128my[38;2;57;57;57;48;2;18;18;18m~[38;2;0;0;0;48;2;1;1;1m.[48;2;0;0;0m  [48;2;2;2;2m'[38;2;4;4;4;48;2;31;31;31m:[38;2;129;129;129;48;2;91;91;91ma[38;2;216;216;216;48;2;89;89;89m_[38;2;220;220;220;48;2;66;66;66m_[38;2;182;182;182;48;2;101;101;101my[38;2;144;144;144;48;2;213;213;213m~[38;2;244;244;244;48;2;248;248;248m'[38;2;250;250;250;48;2;251;251;251m^[38;2;252;252;252m.[48;2;252;252;252m                                                  [0m
[7m[38;2;252;252;252m [0m[38;2;0;0;0;48;2;252;252;252m                                                 [38;2;252;252;252;48;2;251;251;251m:`[38;2;254;254;254;48;2;242;242;242m:[38;2;81;81;81;48;2;182;182;182m_[38;2;116;116;116;48;2;49;49;49m~[38;2;22;22;22;48;2;4;4;4m~[38;2;1;1;1;48;2;0;0;0m"   [38;2;2;2;2m`[38;2;0;0;0;48;2;5;5;5m'[38;2;93;93;93;48;2;52;52;52m"[38;2;100;100;100;48;2;186;186;186m_[38;2;234;234;234;48;2;245;245;245m,[38;2;253;253;253;48;2;249;249;249m~[48;2;252;252;252m~[48;2;253;253;253m [48;2;252;252;252m                                                    [0m
[7m[38;2;252;252;252m [0m[38;2;0;0;0;48;2;252;252;252m                                                [38;2;252;252;252;48;2;251;251;251m:[38;2;249;249;249;48;2;250;250;250mI[38;2;254;254;254;48;2;240;240;240m:[38;2;112;112;112;48;2;162;162;162my[38;2;68;68;68;48;2;30;30;30m~[38;2;0;0;0;48;2;1;1;1m`[48;2;0;0;0m       [48;2;3;3;3m'[38;2;79;79;79;48;2;42;42;42m"[38;2;97;97;97;48;2;172;172;172m_[38;2;250;250;250;48;2;241;241;241m`[38;2;248;248;248;48;2;249;249;249ma[48;2;251;251;251m_[38;2;251;251;251;48;2;252;252;252m,[38;2;253;253;253m_                                                  [0m
[7m[38;2;252;252;252m [0m[38;2;0;0;0;48;2;252;252;252m                                                [38;2;252;252;252;48;2;251;251;251m:[48;2;250;250;250m [38;2;254;254;254;48;2;235;235;235m:[38;2;122;122;122;48;2;94;94;94mL[38;2;23;23;23;48;2;12;12;12mL[38;2;1;1;1;48;2;0;0;0m_        [38;2;0;0;0;48;2;2;2;2m:[38;2;11;11;11;48;2;50;50;50m:[38;2;215;215;215;48;2;158;158;158m~[38;2;149;149;149;48;2;195;195;195my[38;2;155;155;155;48;2;198;198;198my[38;2;159;159;159;48;2;217;217;217m_[38;2;196;196;196;48;2;238;238;238m_[38;2;232;232;232;48;2;248;248;248m_[38;2;249;249;249;48;2;251;251;251m,[48;2;252;252;252m                                                [0m
[7m[38;2;252;252;252m [0m[38;2;0;0;0;48;2;252;252;252m                                                [38;2;252;252;252;48;2;251;251;251m:[38;2;250;250;250mT[38;2;254;254;254;48;2;243;243;243m'[38;2;137;137;137;48;2;180;180;180m~[38;2;177;177;177;48;2;56;56;56m_[38;2;66;66;66;48;2;15;15;15m,[38;2;0;0;0;48;2;1;1;1m`[48;2;0;0;0m       [48;2;13;13;13m:[38;2;61;61;61;48;2;81;81;81mF[38;2;128;128;128;48;2;136;136;136m~[38;2;139;139;139;48;2;134;134;134m_[38;2;147;147;147;48;2;135;135;135m_[38;2;149;149;149;48;2;140;140;140m_[38;2;168;168;168;48;2;152;152;152m~[38;2;184;184;184;48;2;200;200;200mK[38;2;235;235;235;48;2;242;242;242mL[38;2;252;252;252;48;2;251;251;251m:[48;2;252;252;252m                                               [0m
[7m[38;2;252;252;252m [0m[38;2;0;0;0;48;2;252;252;252m                                                 [38;2;252;252;252;48;2;251;251;251m:[38;2;250;250;250m`[38;2;252;252;252;48;2;250;250;250m'[38;2;212;212;212;48;2;239;239;239m`[38;2;126;126;126;48;2;199;199;199m~[38;2;44;44;44;48;2;119;119;119m~[38;2;134;134;134;48;2;55;55;55m_[38;2;107;107;107;48;2;34;34;34m_[38;2;34;34;34;48;2;9;9;9m,[48;2;0;0;0m   [38;2;0;0;0;48;2;7;7;7m:[38;2;68;68;68;48;2;51;51;51m4[38;2;111;111;111;48;2;124;124;124m"[38;2;134;134;134;48;2;139;139;139m:[38;2;185;185;185;48;2;166;166;166my[38;2;165;165;165;48;2;215;215;215m~[38;2;170;170;170;48;2;224;224;224m~[38;2;193;193;193;48;2;236;236;236m~[38;2;229;229;229;48;2;245;245;245m"[38;2;247;247;247;48;2;251;251;251m~[48;2;252;252;252m                                                [0m
[7m[38;2;252;252;252m [0m[38;2;0;0;0;48;2;252;252;252m                                                    [38;2;253;253;253;48;2;251;251;251m'[38;2;227;227;227;48;2;235;235;235m"[38;2;226;226;226;48;2;182;182;182m_[38;2;190;190;190;48;2;148;148;148m_[38;2;123;123;123;48;2;136;136;136m~[38;2;48;48;48;48;2;101;101;101m~[38;2;5;5;5;48;2;80;80;80m~[38;2;1;1;1;48;2;77;77;77m~[38;2;3;3;3;48;2;78;78;78m~[38;2;10;10;10;48;2;87;87;87m~[38;2;65;65;65;48;2;111;111;111m~[38;2;127;127;127;48;2;133;133;133m~[38;2;169;169;169;48;2;149;149;149m_[38;2;193;193;193;48;2;210;210;210mF[38;2;242;242;242;48;2;247;247;247m~[38;2;252;252;252;48;2;251;251;251m`[48;2;252;252;252m                                                   [0m
[7m[38;2;252;252;252m [0m[38;2;0;0;0;48;2;252;252;252m                                                     [38;2;252;252;252;48;2;251;251;251m:[38;2;242;242;242;48;2;249;249;249m`[38;2;217;217;217;48;2;241;241;241m~[38;2;180;180;180;48;2;225;225;225m~[38;2;227;227;227;48;2;186;186;186my[38;2;237;237;237;48;2;174;174;174m_[38;2;218;218;218;48;2;161;161;161m_[38;2;211;211;211;48;2;157;157;157m__[38;2;224;224;224;48;2;162;162;162m_[38;2;242;242;242;48;2;182;182;182m_[38;2;182;182;182;48;2;223;223;223m~[38;2;233;233;233;48;2;246;246;246m~[38;2;252;252;252;48;2;251;251;251m`[48;2;252;252;252m                                                    [0m
[7m[38;2;252;252;252m [0m[38;2;0;0;0;48;2;252;252;252m                                                        [38;2;252;252;252;48;2;251;251;251m::[38;2;243;243;243;48;2;250;250;250m`[38;2;229;229;229;48;2;248;248;248m`[38;2;226;226;226;48;2;247;247;247m`[38;2;234;234;234;48;2;249;249;249m~`[38;2;247;247;247;48;2;251;251;251m~[38;2;251;251;251;48;2;252;252;252m~                                                      [0m
[7m[38;2;252;252;252m [0m[38;2;0;0;0;48;2;252;252;252m                                                                                                                       [0m
[7m[38;2;252;252;252m [0m[38;2;0;0;0;48;2;252;252;252m                                                                                                                       [0m
[7m[38;2;252;252;252m [0m[38;2;0;0;0;48;2;252;252;252m                       [38;2;252;252;252;48;2;251;251;251m:[48;2;252;252;252m                                                                                               [0m
[?25h