[?25l[0m[7m[38;2;252;252;252m [0m[38;2;0;0;0;48;2;252;252;252m                                                                                                      [38;2;252;252;252;48;2;251;251;251m:[38;2;240;240;240;48;2;243;243;243m`[38;2;228;228;228;48;2;222;222;222mL[38;2;203;203;203;48;2;198;198;198mL[38;2;173;173;173;48;2;177;177;177m4[38;2;154;154;154;48;2;158;158;158m~[38;2;158;158;158;48;2;151;151;151m_[38;2;160;160;160;48;2;153;153;153m_[38;2;166;166;166;48;2;159;159;159m_[38;2;169;169;169;48;2;161;161;161m_[38;2;166;166;166;48;2;157;157;157m_[38;2;158;158;158;48;2;151;151;151m_[38;2;150;150;150;48;2;145;145;145m_[38;2;144;144;144;48;2;140;140;140m_[38;2;139;139;139;48;2;135;135;135m__[38;2;143;143;143;48;2;139;139;139m_[0m
[7m[38;2;252;252;252m [0m[38;2;0;0;0;48;2;252;252;252m                                                                     [38;2;252;252;252;48;2;251;251;251m~~.[48;2;252;252;252m                              [48;2;251;251;251m:[38;2;249;249;249;48;2;247;247;247m.[38;2;235;235;235;48;2;231;231;231mL[38;2;212;212;212;48;2;206;206;206mL[38;2;189;189;189;48;2;183;183;183mL[38;2;166;166;166;48;2;170;170;170m~[38;2;161;161;161;48;2;166;166;166m~[38;2;163;163;163;48;2;170;170;170m~[38;2;169;169;169;48;2;175;175;175m~[38;2;173;173;173;48;2;177;177;177m~[38;2;171;171;171;48;2;175;175;175m~[38;2;162;162;162;48;2;168;168;168m~[38;2;166;166;166;48;2;158;158;158m_[38;2;156;156;156;48;2;151;151;151my[38;2;154;154;154;48;2;147;147;147m_[38;2;141;141;141m~[38;2;153;153;153;48;2;149;149;149my[0m
[7m[38;2;252;252;252m [0m[38;2;0;0;0;48;2;252;252;252m                                                                     [38;2;251;251;251;48;2;250;250;250m;_[38;2;252;252;252;48;2;251;251;251m_[48;2;252;252;252m                               [38;2;250;250;250;48;2;251;251;251m`[38;2;238;238;238;48;2;243;243;243m~[38;2;231;231;231;48;2;220;220;220m_[38;2;208;208;208;48;2;196;196;196m_[38;2;192;192;192;48;2;182;182;182m_[38;2;183;183;183;48;2;178;178;178my[38;2;176;176;176;48;2;181;181;181m~[38;2;187;187;187m_[38;2;186;186;186m_[48;2;180;180;180m_[38;2;183;183;183;48;2;177;177;177m_[38;2;175;175;175;48;2;172;172;172my[38;2;170;170;170;48;2;166;166;166my[38;2;169;169;169;48;2;161;161;161m_[38;2;168;168;168;48;2;159;159;159m_[38;2;167;167;167;48;2;162;162;162my[0m
[7m[38;2;252;252;252m [0m[38;2;0;0;0;48;2;252;252;252m                                                                     [38;2;252;252;252;48;2;251;251;251m:.[48;2;252;252;252m                                [38;2;253;253;253m`[48;2;251;251;251m.[38;2;236;236;236;48;2;244;244;244m"[38;2;217;217;217;48;2;227;227;227m~[38;2;201;201;201;48;2;211;211;211m~[38;2;206;206;206;48;2;199;199;199my[38;2;203;203;203;48;2;196;196;196my[38;2;205;205;205;48;2;197;197;197my[38;2;204;204;204my[38;2;207;207;207;48;2;195;195;195m_[38;2;204;204;204;48;2;192;192;192m_[38;2;201;201;201;48;2;189;189;189m_[38;2;193;193;193;48;2;185;185;185my[48;2;183;183;183my[38;2;192;192;192;48;2;182;182;182my[38;2;193;193;193;48;2;183;183;183my[0m
[7m[38;2;252;252;252m [0m[38;2;0;0;0;48;2;252;252;252m                                                                                                         [38;2;252;252;252;48;2;251;251;251m:[38;2;240;240;240;48;2;245;245;245m~[38;2;237;237;237;48;2;231;231;231my[38;2;228;228;228;48;2;220;220;220m_[38;2;211;211;211;48;2;218;218;218m~[38;2;230;230;230;48;2;220;220;220m_[48;2;222;222;222my[38;2;231;231;231;48;2;221;221;221my[38;2;230;230;230;48;2;220;220;220my[38;2;229;229;229;48;2;217;217;217my[38;2;235;235;235;48;2;216;216;216m_[38;2;225;225;225;48;2;214;214;214myyy[0m
[7m[38;2;252;252;252m [0m[38;2;0;0;0;48;2;252;252;252m                                                                                                          [38;2;252;252;252;48;2;251;251;251m:[38;2;242;242;242;48;2;246;246;246m~[48;2;235;235;235my[38;2;228;228;228;48;2;237;237;237m~[38;2;235;235;235;48;2;243;243;243m~[38;2;240;240;240;48;2;247;247;247m~[38;2;241;241;241m~~~[38;2;240;240;240m~[38;2;239;239;239m~~~[0m
[7m[38;2;252;252;252m [0m[38;2;0;0;0;48;2;252;252;252m                                                                                                           [38;2;252;252;252;48;2;251;251;251m:[38;2;250;250;250m`[38;2;248;248;248;48;2;250;250;250m~[48;2;251;251;251m~ [38;2;252;252;252m:[48;2;252;252;252m [48;2;251;251;251m:    [0m
[7m[38;2;252;252;252m [0m[38;2;0;0;0;48;2;252;252;252m                                                                                                                       [0m
[7m[38;2;252;252;252m [0m[38;2;0;0;0;48;2;252;252;252m                                                                                                                       [0m
[7m[38;2;252;252;252m [0m[38;2;0;0;0;48;2;252;252;252m                                                                                                                       [0m
[7m[38;2;252;252;252m [0m[38;2;0;0;0;48;2;252;252;252m                                                                                                                       [0m
[7m[38;2;252;252;252m [0m[38;2;0;0;0;48;2;252;252;252m                                                                                                                       [0m
[7m[38;2;252;252;252m [0m[38;2;0;0;0;48;2;252;252;252m                                                                                                                       [0m
[7m[38;2;252;252;252m [0m[38;2;0;0;0;48;2;252;252;252m                                                                                                                       [0m
[7m[38;2;252;252;252m [0m[38;2;0;0;0;48;2;252;252;252m                                                                                                                       [0m
[7m[38;2;252;252;252m [0m[38;2;0;0;0;48;2;252;252;252m                                                                                                                       [0m
[7m[38;2;252;252;252m [0m[38;2;0;0;0;48;2;252;252;252m                                                                                                                       [0m
[7m[38;2;252;252;252m [0m[38;2;0;0;0;48;2;252;252;252m                                                                                                                       [0m
[7m[38;2;252;252;252m [0m[38;2;0;0;0;48;2;252;252;252m                                                                                                                       [0m
[38;2;248;248;248;48;2;251;251;251m_[38;2;249;249;249m_[38;2;252;252;252m:[48;2;252;252;252m                                                                                                                     [0m
[38;2;244;244;244;48;2;239;239;239m~[38;2;241;241;241;48;2;244;244;244my[38;2;247;247;247;48;2;248;248;248mw[48;2;251;251;251m [48;2;252;252;252m                                                                                                                    [0m
[38;2;235;235;235;48;2;235;235;235m [38;2;240;240;240;48;2;239;239;239mJ[38;2;247;247;247;48;2;246;246;246m4[48;2;251;251;251m [48;2;252;252;252m                                                                                                                    [0m
[38;2;241;241;241;48;2;237;237;237m_[38;2;246;246;246;48;2;243;243;243my[38;2;248;248;248;48;2;250;250;250m~[48;2;253;253;253m [38;2;253;253;253;48;2;252;252;252m^                                                                                                                   [0m
[38;2;243;243;243;48;2;248;248;248m~[38;2;247;247;247;48;2;250;250;250m~[38;2;253;253;253;48;2;252;252;252m:~                                                                                                                    [0m
[7m[38;2;252;252;252m [0m[38;2;0;0;0;48;2;252;252;252m                                                                                                                       [0m
[7m[38;2;252;252;252m [0m[38;2;0;0;0;48;2;252;252;252m                                                                                                                       [0m
[7m[38;2;252;252;252m [0m[38;2;0;0;0;48;2;252;252;252m                                                                                                                       [0m
[7m[38;2;252;252;252m [0m[38;2;0;0;0;48;2;252;252;252m                                                                                                                       [0m
[7m[38;2;252;252;252m [0m[38;2;0;0;0;48;2;252;252;252m                                                                                                                       [0m
[7m[38;2;252;252;252m [0m[38;2;0;0;0;48;2;252;252;252m                                                                                                                       [0m
[7m[38;2;252;252;252m [0m[38;2;0;0;0;48;2;252;252;252m                                                                                                                       [0m
[7m[38;2;252;252;252m [0m[38;2;0;0;0;48;2;252;252;252m                                                                                                                       [0m
[7m[38;2;252;252;252m [0m[38;2;0;0;0;48;2;252;252;252m                                                                                                                       [0m
[7m[38;2;252;252;252m [0m[38;2;0;0;0;48;2;252;252;252m                                                                                                                       [0m
[7m[38;2;252;252;252m [0m[38;2;0;0;0;48;2;252;252;252m                                                                                                                       [0m
[7m[38;2;252;252;252m [0m[38;2;0;0;0;48;2;252;252;252m                                                                                                                       [0m
[?25h