[?25l[0m[7m[38;2;0;0;0m [0m[38;2;0;0;0;48;2;0;0;0m                                      [38;2;1;1;1m`[38;2;82;82;82;48;2;57;57;57m4[38;2;155;155;155;48;2;194;194;194m~[38;2;253;253;253;48;2;249;249;249m`[48;2;251;251;251m [48;2;252;252;252m                                               [38;2;252;252;252;48;2;251;251;251m.[38;2;249;249;249m"[38;2;224;224;224;48;2;244;244;244m_[38;2;115;115;115;48;2;150;150;150my[38;2;71;71;71;48;2;28;28;28m~[48;2;0;0;0m                        [0m
[7m[38;2;0;0;0m [0m[38;2;0;0;0;48;2;0;0;0m                                     [38;2;1;1;1m,[38;2;0;0;0;48;2;10;10;10m'[38;2;79;79;79;48;2;106;106;106ml[38;2;220;220;220;48;2;238;238;238m~[38;2;254;254;254;48;2;252;252;252m`                                                [38;2;252;252;252;48;2;250;250;250m_[38;2;253;253;253;48;2;248;248;248m`[38;2;140;140;140;48;2;175;175;175my[38;2;95;95;95;48;2;49;49;49m~[38;2;1;1;1;48;2;0;0;0m`                        [0m
[7m[38;2;0;0;0m [0m[38;2;0;0;0;48;2;0;0;0m                                     [38;2;1;1;1m:[38;2;49;49;49;48;2;37;37;37my[38;2;124;124;124;48;2;156;156;156mF[38;2;254;254;254;48;2;246;246;246m:[38;2;252;252;252;48;2;251;251;251m~[38;2;253;253;253;48;2;252;252;252m:                                              [38;2;250;250;250;48;2;251;251;251my[38;2;253;253;253m`[38;2;184;184;184;48;2;210;210;210my[38;2;119;119;119;48;2;76;76;76mF[38;2;7;7;7;48;2;1;1;1m~[48;2;0;0;0m                         [0m
[7m[38;2;0;0;0m [0m[38;2;0;0;0;48;2;0;0;0m                                     [38;2;1;1;1m.[38;2;89;89;89;48;2;65;65;65m4[38;2;177;177;177;48;2;204;204;204m~[38;2;254;254;254;48;2;250;250;250m:[38;2;252;252;252;48;2;251;251;251m.[38;2;253;253;253;48;2;252;252;252m:                                             [38;2;250;250;250;48;2;251;251;251m_`[38;2;221;221;221;48;2;241;241;241m_[38;2;105;105;105;48;2;134;134;134my[38;2;50;50;50;48;2;18;18;18m~[48;2;0;0;0m                          [0m
[7m[38;2;0;0;0m [0m[38;2;0;0;0;48;2;0;0;0m                                    [38;2;1;1;1m_[38;2;24;24;24;48;2;13;13;13m_[38;2;89;89;89;48;2;114;114;114ml[38;2;229;229;229;48;2;240;240;240m~[38;2;254;254;254;48;2;252;252;252m` [48;2;253;253;253m [48;2;252;252;252m                                             [38;2;251;251;251;48;2;250;250;250m_[38;2;253;253;253;48;2;249;249;249m:[38;2;146;146;146;48;2;179;179;179my[38;2;94;94;94;48;2;52;52;52m~[38;2;1;1;1;48;2;0;0;0m=                          [0m
[7m[38;2;0;0;0m [0m[38;2;0;0;0;48;2;0;0;0m                                    [38;2;1;1;1m:[38;2;51;51;51;48;2;36;36;36m4[38;2;125;125;125;48;2;155;155;155mF[38;2;254;254;254;48;2;247;247;247m:[48;2;251;251;251m [38;2;253;253;253;48;2;252;252;252m:[48;2;253;253;253m [48;2;252;252;252m                                            [38;2;250;250;250;48;2;251;251;251my[38;2;253;253;253m:[38;2;180;180;180;48;2;219;219;219m_[38;2;131;131;131;48;2;84;84;84mF[38;2;19;19;19;48;2;3;3;3m~[48;2;0;0;0m                           [0m
[7m[38;2;0;0;0m [0m[38;2;0;0;0;48;2;0;0;0m                                     [38;2;26;26;26;48;2;64;64;64m[[38;2;163;163;163;48;2;184;184;184mF[38;2;254;254;254;48;2;248;248;248m:[48;2;250;250;250m [38;2;253;253;253;48;2;252;252;252m"~                                           [38;2;251;251;251m_[38;2;252;252;252;48;2;251;251;251my[38;2;253;253;253;48;2;243;243;243m`[38;2;111;111;111;48;2;140;140;140my[38;2;55;55;55;48;2;22;22;22m~[38;2;1;1;1;48;2;0;0;0m"                           [0m
[7m[38;2;0;0;0m [0m[38;2;0;0;0;48;2;0;0;0m                                    [48;2;2;2;2m`[38;2;62;62;62;48;2;83;83;83ml[38;2;195;195;195;48;2;215;215;215m~[38;2;254;254;254;48;2;250;250;250m:[48;2;251;251;251m [48;2;252;252;252m                                             [48;2;250;250;250m [38;2;253;253;253m`[38;2;186;186;186;48;2;204;204;204my[38;2;109;109;109;48;2;70;70;70mF[38;2;1;1;1;48;2;0;0;0m`                            [0m
[7m[38;2;0;0;0m [0m[38;2;0;0;0;48;2;0;0;0m                                    [38;2;2;2;2;48;2;12;12;12m'[38;2;85;85;85;48;2;110;110;110ml[38;2;226;226;226;48;2;237;237;237m~[48;2;252;252;252m [38;2;252;252;252;48;2;251;251;251m:[48;2;252;252;252m                                             [38;2;251;251;251;48;2;250;250;250mL[38;2;253;253;253;48;2;248;248;248m:[38;2;131;131;131;48;2;153;153;153m4[38;2;57;57;57;48;2;32;32;32mF[48;2;0;0;0m                             [0m
[7m[38;2;0;0;0m [0m[38;2;0;0;0;48;2;0;0;0m                                    [38;2;12;12;12;48;2;30;30;30mF[38;2;109;109;109;48;2;133;133;133ml[38;2;253;253;253;48;2;245;245;245m:[38;2;251;251;251;48;2;250;250;250m`[38;2;252;252;252;48;2;251;251;251m:[48;2;252;252;252m                                            [48;2;251;251;251m [38;2;253;253;253;48;2;252;252;252m:[38;2;210;210;210;48;2;233;233;233m_[38;2;75;75;75;48;2;110;110;110m4[38;2;13;13;13;48;2;3;3;3m~[48;2;0;0;0m                             [0m
[7m[38;2;0;0;0m [0m[38;2;0;0;0;48;2;0;0;0m                                   [38;2;1;1;1m:[38;2;25;25;25;48;2;39;39;39ml[38;2;127;127;127;48;2;147;147;147ml[38;2;254;254;254;48;2;246;246;246m:[38;2;249;249;249;48;2;250;250;250m:[38;2;252;252;252;48;2;251;251;251m:[48;2;252;252;252m                                            [48;2;250;250;250m [38;2;253;253;253;48;2;249;249;249m`[38;2;159;159;159;48;2;181;181;181my[38;2;86;86;86;48;2;53;53;53mF[48;2;0;0;0m                              [0m
[7m[38;2;0;0;0m [0m[38;2;0;0;0;48;2;0;0;0m                                   [38;2;1;1;1m`[38;2;59;59;59;48;2;42;42;42m4[38;2;145;145;145;48;2;160;160;160ml[38;2;254;254;254;48;2;247;247;247m:[38;2;248;248;248;48;2;249;249;249m[[38;2;252;252;252;48;2;251;251;251m:[48;2;252;252;252m                                            [38;2;250;250;250;48;2;251;251;251m~[38;2;253;253;253;48;2;248;248;248m`[38;2;111;111;111;48;2;141;141;141m4[38;2;42;42;42;48;2;24;24;24m~[48;2;0;0;0m                              [0m
[7m[38;2;0;0;0m [0m[38;2;0;0;0;48;2;0;0;0m                                    [38;2;39;39;39;48;2;55;55;55ml[38;2;163;163;163;48;2;173;173;173m$[38;2;254;254;254;48;2;247;247;247m:[38;2;248;248;248;48;2;249;249;249m[[38;2;252;252;252;48;2;251;251;251m:[48;2;252;252;252m                                           [48;2;251;251;251m [38;2;253;253;253;48;2;252;252;252m:[48;2;241;241;241m`[38;2;147;147;147;48;2;107;107;107m[[38;2;16;16;16;48;2;8;8;8m~[48;2;0;0;0m                              [0m
[7m[38;2;0;0;0m [0m[38;2;0;0;0;48;2;0;0;0m                                    [38;2;45;45;45;48;2;63;63;63mi[38;2;177;177;177;48;2;185;185;185ml[38;2;254;254;254;48;2;248;248;248m:[38;2;248;248;248;48;2;249;249;249m[[38;2;252;252;252;48;2;251;251;251m:[48;2;252;252;252m                                           [48;2;251;251;251m [38;2;253;253;253m`[38;2;215;215;215;48;2;223;223;223my[38;2;65;65;65;48;2;100;100;100m4[38;2;3;3;3;48;2;1;1;1m~[48;2;0;0;0m                              [0m
[7m[38;2;0;0;0m [0m[38;2;0;0;0;48;2;0;0;0m                                    [38;2;46;46;46;48;2;65;65;65mi[38;2;182;182;182;48;2;188;188;188m$[38;2;247;247;247;48;2;249;249;249mL[38;2;249;249;249;48;2;250;250;250mI[38;2;252;252;252;48;2;251;251;251m:[48;2;252;252;252m                                          [48;2;251;251;251m:[48;2;250;250;250m [38;2;253;253;253m`[38;2;189;189;189;48;2;199;199;199m4[38;2;50;50;50;48;2;81;81;81m4[48;2;0;0;0m                               [0m
[7m[38;2;0;0;0m [0m[38;2;0;0;0;48;2;0;0;0m                                    [38;2;46;46;46;48;2;65;65;65mi[38;2;182;182;182;48;2;188;188;188m$[38;2;247;247;247;48;2;249;249;249mL[38;2;249;249;249;48;2;250;250;250m$[38;2;252;252;252;48;2;251;251;251m:[48;2;252;252;252m                                          [48;2;251;251;251m:[48;2;250;250;250m [38;2;253;253;253;48;2;249;249;249m`[38;2;163;163;163;48;2;179;179;179m4[38;2;80;80;80;48;2;56;56;56ml[48;2;0;0;0m                               [0m
[7m[38;2;0;0;0m [0m[38;2;0;0;0;48;2;0;0;0m                                    [38;2;44;44;44;48;2;62;62;62mi[38;2;177;177;177;48;2;184;184;184m$[38;2;254;254;254;48;2;248;248;248m:[38;2;249;249;249;48;2;250;250;250m$[38;2;252;252;252;48;2;251;251;251m:[48;2;252;252;252m                                          [48;2;251;251;251m:[48;2;250;250;250m [38;2;253;253;253;48;2;248;248;248m`[38;2;168;168;168;48;2;154;154;154ml[38;2;61;61;61;48;2;42;42;42ml[38;2;1;1;1;48;2;0;0;0m:                              [0m
[7m[38;2;0;0;0m [0m[38;2;0;0;0;48;2;0;0;0m                                    [38;2;41;41;41;48;2;59;59;59mi[38;2;160;160;160;48;2;180;180;180mL[38;2;254;254;254;48;2;248;248;248m:[38;2;249;249;249;48;2;250;250;250m$[38;2;252;252;252;48;2;251;251;251m:[48;2;252;252;252m                                           [48;2;250;250;250m [38;2;253;253;253;48;2;248;248;248m`[38;2;157;157;157;48;2;138;138;138ml[38;2;46;46;46;48;2;29;29;29mF[38;2;1;1;1;48;2;0;0;0m:                              [0m
[7m[38;2;0;0;0m [0m[38;2;0;0;0;48;2;0;0;0m                                   [38;2;1;1;1m:[38;2;35;35;35;48;2;51;51;51mi[38;2;156;156;156;48;2;168;168;168m$[38;2;254;254;254;48;2;247;247;247m:[38;2;249;249;249;48;2;250;250;250m$[38;2;252;252;252;48;2;251;251;251m:[48;2;252;252;252m                                           [48;2;251;251;251m [38;2;253;253;253;48;2;248;248;248m:[38;2;150;150;150;48;2;125;125;125ml[38;2;31;31;31;48;2;19;19;19mF[38;2;1;1;1;48;2;0;0;0m"                              [0m
[7m[38;2;0;0;0m [0m[38;2;0;0;0;48;2;0;0;0m                                   [38;2;1;1;1m:[38;2;55;55;55;48;2;38;38;38m4[38;2;134;134;134;48;2;155;155;155mi[38;2;254;254;254;48;2;247;247;247m:[38;2;249;249;249;48;2;250;250;250m%[38;2;252;252;252;48;2;251;251;251m:[48;2;252;252;252m                                          [48;2;251;251;251m [38;2;253;253;253;48;2;252;252;252mj[48;2;243;243;243m`[38;2;140;140;140;48;2;107;107;107ml[38;2;15;15;15;48;2;7;7;7m~[48;2;0;0;0m                               [0m
[7m[38;2;0;0;0m [0m[38;2;0;0;0;48;2;0;0;0m                                   [38;2;1;1;1m:[38;2;38;38;38;48;2;26;26;26m4[38;2;109;109;109;48;2;135;135;135mi[38;2;243;243;243;48;2;247;247;247mL[48;2;251;251;251m [48;2;252;252;252m                                           [48;2;251;251;251m [48;2;253;253;253m [38;2;248;248;248;48;2;242;242;242m:[38;2;138;138;138;48;2;104;104;104ml[38;2;8;8;8;48;2;5;5;5mL[48;2;0;0;0m                               [0m
[7m[38;2;0;0;0m [0m[38;2;0;0;0;48;2;0;0;0m                                    [38;2;6;6;6;48;2;15;15;15m:[38;2;87;87;87;48;2;115;115;115mi[38;2;251;251;251;48;2;238;238;238m`[38;2;254;254;254;48;2;252;252;252m.[48;2;251;251;251m [48;2;252;252;252m                                          [48;2;251;251;251m [48;2;253;253;253m [38;2;248;248;248;48;2;242;242;242m:[38;2;138;138;138;48;2;104;104;104ml[38;2;8;8;8;48;2;5;5;5mL[48;2;0;0;0m                               [0m
[7m[38;2;0;0;0m [0m[38;2;0;0;0;48;2;0;0;0m                                    [38;2;1;1;1;48;2;4;4;4m:[38;2;65;65;65;48;2;92;92;92mi[38;2;213;213;213;48;2;225;225;225mL[38;2;254;254;254;48;2;251;251;251m: [48;2;252;252;252m                                          [48;2;251;251;251m [48;2;253;253;253m [38;2;248;248;248;48;2;242;242;242m:[38;2;138;138;138;48;2;104;104;104ml[38;2;8;8;8;48;2;5;5;5mL[48;2;0;0;0m                               [0m
[7m[38;2;0;0;0m [0m[38;2;0;0;0;48;2;0;0;0m                                     [38;2;49;49;49;48;2;73;73;73mi[38;2;185;185;185;48;2;202;202;202mL[38;2;254;254;254;48;2;249;249;249m:[48;2;250;250;250m [48;2;252;252;252m                                          [48;2;251;251;251m [48;2;253;253;253m [38;2;248;248;248;48;2;242;242;242m:[38;2;138;138;138;48;2;104;104;104ml[38;2;8;8;8;48;2;5;5;5mL[48;2;0;0;0m                               [0m
[7m[38;2;0;0;0m [0m[38;2;0;0;0;48;2;0;0;0m                                    [38;2;1;1;1m,[38;2;72;72;72;48;2;49;49;49m4[38;2;154;154;154;48;2;177;177;177mL[38;2;254;254;254;48;2;248;248;248m:[48;2;250;250;250m [48;2;252;252;252m                                          [48;2;251;251;251m [48;2;253;253;253m [38;2;248;248;248;48;2;242;242;242m:[38;2;138;138;138;48;2;104;104;104ml[38;2;8;8;8;48;2;5;5;5mL[48;2;0;0;0m                               [0m
[7m[38;2;0;0;0m [0m[38;2;0;0;0;48;2;0;0;0m                                    [38;2;1;1;1m:[38;2;43;43;43;48;2;29;29;29m4[38;2;111;111;111;48;2;143;143;143m[[38;2;254;254;254;48;2;246;246;246m:[38;2;252;252;252;48;2;251;251;251m_[48;2;252;252;252m                                          [48;2;251;251;251m [48;2;253;253;253m [38;2;248;248;248;48;2;242;242;242m'[38;2;138;138;138;48;2;103;103;103ml[38;2;8;8;8;48;2;5;5;5mL[48;2;0;0;0m                               [0m
[7m[38;2;0;0;0m [0m[38;2;0;0;0;48;2;0;0;0m                                    [38;2;1;1;1m`[38;2;15;15;15;48;2;9;9;9m"[38;2;74;74;74;48;2;105;105;105mi[38;2;222;222;222;48;2;233;233;233m,[48;2;252;252;252m [48;2;251;251;251m [48;2;252;252;252m                                         [48;2;251;251;251m [38;2;253;253;253;48;2;252;252;252m^[38;2;250;250;250;48;2;244;244;244m:[38;2;89;89;89;48;2;124;124;124m4[38;2;24;24;24;48;2;11;11;11m,[48;2;0;0;0m                               [0m
[7m[38;2;0;0;0m [0m[38;2;0;0;0;48;2;0;0;0m                                     [38;2;1;1;1m`[38;2;89;89;89;48;2;63;63;63m4[38;2;181;181;181;48;2;202;202;202mL[38;2;254;254;254;48;2;249;249;249m:[38;2;250;250;250;48;2;251;251;251m:[48;2;252;252;252m                                          [48;2;251;251;251m [38;2;253;253;253;48;2;248;248;248m`[38;2;150;150;150;48;2;124;124;124ml[38;2;32;32;32;48;2;20;20;20mL[38;2;1;1;1;48;2;0;0;0m,                              [0m
[7m[38;2;0;0;0m [0m[38;2;0;0;0;48;2;0;0;0m                                      [38;2;57;57;57;48;2;39;39;39m4[38;2;131;131;131;48;2;160;160;160mL[38;2;254;254;254;48;2;246;246;246m:[48;2;250;250;250m [38;2;252;252;252;48;2;251;251;251m:[48;2;252;252;252m                                         [48;2;250;250;250m [38;2;253;253;253;48;2;248;248;248m`[38;2;159;159;159;48;2;138;138;138ml[38;2;48;48;48;48;2;30;30;30mL[38;2;1;1;1;48;2;0;0;0m:                              [0m
[7m[38;2;0;0;0m [0m[38;2;0;0;0;48;2;0;0;0m                                      [38;2;31;31;31;48;2;18;18;18m`[38;2;84;84;84;48;2;123;123;123m[[38;2;254;254;254;48;2;241;241;241m`[38;2;251;251;251;48;2;252;252;252m`[48;2;251;251;251m [48;2;252;252;252m                                        [38;2;252;252;252;48;2;251;251;251m:[48;2;250;250;250m [38;2;253;253;253;48;2;248;248;248m`[38;2;142;142;142;48;2;165;165;165m4[38;2;69;69;69;48;2;44;44;44m[[38;2;1;1;1;48;2;0;0;0m:                              [0m
[7m[38;2;0;0;0m [0m[38;2;0;0;0;48;2;0;0;0m                                      [38;2;3;3;3;48;2;1;1;1m`[38;2;96;96;96;48;2;68;68;68m4[38;2;181;181;181;48;2;209;209;209m_[38;2;254;254;254;48;2;250;250;250m:[38;2;250;250;250;48;2;251;251;251m.[48;2;252;252;252m                                        [38;2;252;252;252;48;2;251;251;251m:[48;2;250;250;250m [38;2;253;253;253;48;2;249;249;249m`[38;2;172;172;172;48;2;187;187;187m4[38;2;89;89;89;48;2;61;61;61ml[38;2;1;1;1;48;2;0;0;0m"                              [0m
[7m[38;2;0;0;0m [0m[38;2;0;0;0;48;2;0;0;0m                                      [38;2;1;1;1m_[38;2;52;52;52;48;2;33;33;33m4[38;2;117;117;117;48;2;152;152;152mL[38;2;254;254;254;48;2;246;246;246m:[38;2;252;252;252;48;2;251;251;251m_[48;2;252;252;252m                                         [38;2;251;251;251;48;2;250;250;250m:[38;2;253;253;253;48;2;251;251;251m:[38;2;200;200;200;48;2;210;210;210m4[38;2;55;55;55;48;2;89;89;89m4[48;2;0;0;0m                               [0m
[7m[38;2;0;0;0m [0m[38;2;0;0;0;48;2;0;0;0m                                      [38;2;1;1;1m`[38;2;11;11;11;48;2;5;5;5m`[38;2;110;110;110;48;2;83;83;83m4[38;2;206;206;206;48;2;226;226;226m_[38;2;254;254;254;48;2;251;251;251m: [48;2;252;252;252m                                        [48;2;251;251;251m [38;2;253;253;253;48;2;252;252;252m`[38;2;225;225;225;48;2;234;234;234m"[38;2;77;77;77;48;2;114;114;114m4[38;2;17;17;17;48;2;6;6;6m,[48;2;0;0;0m                              [0m
[7m[38;2;0;0;0m [0m[38;2;0;0;0;48;2;0;0;0m                                        [38;2;69;69;69;48;2;46;46;46m4[38;2;146;146;146;48;2;175;175;175mL[38;2;254;254;254;48;2;247;247;247m:[38;2;250;250;250;48;2;251;251;251m:[48;2;252;252;252m                                        [38;2;252;252;252;48;2;251;251;251m:"[38;2;253;253;253;48;2;248;248;248m'[38;2;114;114;114;48;2;145;145;145m4[38;2;46;46;46;48;2;26;26;26mL[48;2;0;0;0m                              [0m
[7m[38;2;0;0;0m [0m[38;2;0;0;0;48;2;0;0;0m                                        [38;2;24;24;24;48;2;13;13;13m"[38;2;71;71;71;48;2;113;113;113m[[38;2;221;221;221;48;2;236;236;236m,[38;2;253;253;253;48;2;251;251;251m: [48;2;252;252;252m                                       [38;2;252;252;252;48;2;251;251;251m:[48;2;249;249;249m [38;2;253;253;253m:[38;2;162;162;162;48;2;181;181;181m4[38;2;87;87;87;48;2;55;55;55mL[48;2;0;0;0m                              [0m
[7m[38;2;0;0;0m [0m[38;2;0;0;0;48;2;0;0;0m                                        [38;2;1;1;1m.[38;2;78;78;78;48;2;52;52;52m4[38;2;144;144;144;48;2;187;187;187m_[38;2;254;254;254;48;2;248;248;248m:[48;2;250;250;250m [38;2;252;252;252;48;2;251;251;251m:[48;2;252;252;252m                                       [38;2;249;249;249;48;2;250;250;250m"[38;2;253;253;253;48;2;251;251;251m:[38;2;207;207;207;48;2;221;221;221m"[38;2;63;63;63;48;2;102;102;102m4[38;2;7;7;7;48;2;1;1;1m,[48;2;0;0;0m                             [0m
[?25h