[?25l[0m[7m[38;2;0;0;0m [0m[38;2;0;0;0;48;2;0;0;0m                                                                                                                       [0m
[7m[38;2;0;0;0m [0m[38;2;0;0;0;48;2;0;0;0m                                                                                                                       [0m
[7m[38;2;0;0;0m [0m[38;2;0;0;0;48;2;0;0;0m                                                                                                                       [0m
[7m[38;2;0;0;0m [0m[38;2;0;0;0;48;2;0;0;0m                                                                                                                       [0m
[7m[38;2;0;0;0m [0m[38;2;0;0;0;48;2;0;0;0m                                                                                                                       [0m
[7m[38;2;0;0;0m [0m[38;2;0;0;0;48;2;0;0;0m                                                      [48;2;6;6;6m`[38;2;112;112;112;48;2;15;15;15m_[38;2;176;176;176;48;2;26;26;26m_[38;2;192;192;192;48;2;35;35;35m_[38;2;190;190;190;48;2;33;33;33m_[38;2;181;181;181;48;2;28;28;28m_[38;2;130;130;130;48;2;17;17;17m_[38;2;43;43;43;48;2;5;5;5m_[38;2;1;1;1;48;2;0;0;0m.                                                        [0m
[7m[38;2;0;0;0m [0m[38;2;0;0;0;48;2;0;0;0m                                                   [38;2;1;1;1m_[38;2;0;0;0;48;2;16;16;16m:[38;2;136;136;136;48;2;67;67;67my[38;2;69;69;69;48;2;186;186;186m~[38;2;153;153;153;48;2;226;226;226m~[38;2;222;222;222;48;2;243;243;243m"[38;2;232;232;232;48;2;248;248;248m`[38;2;230;230;230m`[38;2;228;228;228;48;2;245;245;245m"[38;2;179;179;179;48;2;231;231;231m~[38;2;104;104;104;48;2;206;206;206m~[38;2;177;177;177;48;2;97;97;97my[38;2;70;70;70;48;2;25;25;25m_[38;2;0;0;0;48;2;1;1;1m`[48;2;0;0;0m                                                      [0m
[7m[38;2;0;0;0m [0m[38;2;0;0;0;48;2;0;0;0m                                                  [38;2;1;1;1m_[38;2;0;0;0;48;2;13;13;13m:[38;2;82;82;82;48;2;104;104;104m$[38;2;206;206;206;48;2;235;235;235m~[38;2;252;252;252;48;2;250;250;250m`[38;2;248;248;248;48;2;251;251;251m`[38;2;252;252;252m.[48;2;252;252;252m  [38;2;253;253;253m:[38;2;252;252;252;48;2;251;251;251ms[38;2;251;251;251;48;2;249;249;249m`[38;2;254;254;254;48;2;238;238;238m:[38;2;159;159;159;48;2;125;125;125mL[38;2;46;46;46;48;2;24;24;24mL[48;2;0;0;0m                                                      [0m
[7m[38;2;0;0;0m [0m[38;2;0;0;0;48;2;0;0;0m                                                  [38;2;1;1;1m~[38;2;22;22;22;48;2;11;11;11m"[38;2;55;55;55;48;2;99;99;99ml[38;2;189;189;189;48;2;231;231;231m_[38;2;252;252;252;48;2;250;250;250m:[38;2;249;249;249;48;2;251;251;251m_[38;2;252;252;252m:[48;2;252;252;252m  [38;2;253;253;253m`[38;2;247;247;247;48;2;251;251;251m_[38;2;253;253;253;48;2;249;249;249m.[38;2;188;188;188;48;2;231;231;231m_[38;2;137;137;137;48;2;94;94;94mF[38;2;36;36;36;48;2;14;14;14m~[38;2;1;1;1;48;2;0;0;0m"                                                     [0m
[7m[38;2;0;0;0m [0m[38;2;0;0;0;48;2;0;0;0m                                                    [38;2;35;35;35;48;2;12;12;12m"[38;2;146;146;146;48;2;67;67;67m~[38;2;54;54;54;48;2;182;182;182m_[38;2;148;148;148;48;2;227;227;227m_[38;2;189;189;189;48;2;245;245;245m_[38;2;196;196;196;48;2;247;247;247m_[38;2;194;194;194;48;2;246;246;246m_[38;2;167;167;167;48;2;236;236;236m_[38;2;104;104;104;48;2;206;206;206m_[38;2;72;72;72;48;2;167;167;167my[38;2;152;152;152;48;2;54;54;54m~[38;2;42;42;42;48;2;7;7;7m~[48;2;0;0;0m                                                       [0m
[7m[38;2;0;0;0m [0m[38;2;0;0;0;48;2;0;0;0m                                                     [38;2;1;1;1m`[38;2;24;24;24;48;2;3;3;3m`[38;2;97;97;97;48;2;13;13;13m`[38;2;93;93;93;48;2;28;28;28m~[38;2;113;113;113;48;2;36;36;36m~[38;2;111;111;111;48;2;34;34;34m~[38;2;112;112;112;48;2;20;20;20m`[38;2;64;64;64;48;2;7;7;7m`[38;2;7;7;7;48;2;1;1;1m`[48;2;0;0;0m                                                         [0m
[7m[38;2;0;0;0m [0m[38;2;0;0;0;48;2;0;0;0m                                                         [38;2;1;1;1m``                                                            [0m
[7m[38;2;0;0;0m [0m[38;2;0;0;0;48;2;0;0;0m                                                                                                                       [0m
[7m[38;2;0;0;0m [0m[38;2;0;0;0;48;2;0;0;0m                                                                                                                       [0m
[7m[38;2;0;0;0m [0m[38;2;0;0;0;48;2;0;0;0m                                                                                                                       [0m
[7m[38;2;0;0;0m [0m[38;2;0;0;0;48;2;0;0;0m                                                                                                                       [0m
[7m[38;2;0;0;0m [0m[38;2;0;0;0;48;2;0;0;0m                                                                                                                       [0m
[7m[38;2;0;0;0m [0m[38;2;0;0;0;48;2;0;0;0m                                                                                                                       [0m
[7m[38;2;0;0;0m [0m[38;2;0;0;0;48;2;0;0;0m                                                                                                                       [0m
[7m[38;2;0;0;0m [0m[38;2;0;0;0;48;2;0;0;0m                                                                                                                       [0m
[7m[38;2;0;0;0m [0m[38;2;0;0;0;48;2;0;0;0m                                                                                                                       [0m
[7m[38;2;0;0;0m [0m[38;2;0;0;0;48;2;0;0;0m                                                                                                                       [0m
[7m[38;2;0;0;0m [0m[38;2;0;0;0;48;2;0;0;0m                                                                                                                       [0m
[7m[38;2;0;0;0m [0m[38;2;0;0;0;48;2;0;0;0m                                                                                                                       [0m
[7m[38;2;0;0;0m [0m[38;2;0;0;0;48;2;0;0;0m                                                                                                                       [0m
[7m[38;2;0;0;0m [0m[38;2;0;0;0;48;2;0;0;0m                                                                                                                       [0m
[7m[38;2;0;0;0m [0m[38;2;0;0;0;48;2;0;0;0m                                                                                                                       [0m
[7m[38;2;0;0;0m [0m[38;2;0;0;0;48;2;0;0;0m                                                                                                                       [0m
[7m[38;2;0;0;0m [0m[38;2;0;0;0;48;2;0;0;0m                                                                                                                       [0m
[7m[38;2;0;0;0m [0m[38;2;0;0;0;48;2;0;0;0m                                                                                                                       [0m
[7m[38;2;0;0;0m [0m[38;2;0;0;0;48;2;0;0;0m                                                                                                                       [0m
[7m[38;2;0;0;0m [0m[38;2;0;0;0;48;2;0;0;0m                                                                                                                       [0m
[7m[38;2;0;0;0m [0m[38;2;0;0;0;48;2;0;0;0m                                                                                                                       [0m
[7m[38;2;0;0;0m [0m[38;2;0;0;0;48;2;0;0;0m                                                                                                                       [0m
[7m[38;2;0;0;0m [0m[38;2;0;0;0;48;2;0;0;0m                                                                                                                       [0m
[7m[38;2;0;0;0m [0m[38;2;0;0;0;48;2;0;0;0m                                                                                                                       [0m
[?25h