[?25l[0m[7m[38;2;0;0;0m [0m[38;2;0;0;0;48;2;0;0;0m                                                                                                                       [0m
[7m[38;2;0;0;0m [0m[38;2;0;0;0;48;2;0;0;0m                                                                                                                       [0m
[7m[38;2;0;0;0m [0m[38;2;0;0;0;48;2;0;0;0m                                                                                                                       [0m
[7m[38;2;0;0;0m [0m[38;2;0;0;0;48;2;0;0;0m                                                                                                                       [0m
[7m[38;2;0;0;0m [0m[38;2;0;0;0;48;2;0;0;0m                                                                                                                       [0m
[7m[38;2;0;0;0m [0m[38;2;0;0;0;48;2;0;0;0m                                                                                                                       [0m
[7m[38;2;0;0;0m [0m[38;2;0;0;0;48;2;0;0;0m                                                                                                                       [0m
[7m[38;2;0;0;0m [0m[38;2;0;0;0;48;2;0;0;0m                                                                                                                       [0m
[7m[38;2;0;0;0m [0m[38;2;0;0;0;48;2;0;0;0m                                                          [48;2;2;2;2m:[38;2;53;53;53;48;2;12;12;12m_[38;2;102;102;102;48;2;30;30;30m_[38;2;135;135;135;48;2;40;40;40m_[38;2;115;115;115;48;2;32;32;32m_[38;2;82;82;82;48;2;20;20;20m_[38;2;54;54;54;48;2;11;11;11m_[38;2;36;36;36;48;2;4;4;4m_[38;2;8;8;8;48;2;1;1;1m,[38;2;1;1;1;48;2;0;0;0m,                                                   [0m
[7m[38;2;0;0;0m [0m[38;2;0;0;0;48;2;0;0;0m                                                         [48;2;2;2;2m`[38;2;59;59;59;48;2;26;26;26m_[38;2;130;130;130;48;2;111;111;111my[38;2;166;166;166;48;2;218;218;218m~[38;2;194;194;194;48;2;237;237;237m~[38;2;190;190;190;48;2;235;235;235m~[38;2;168;168;168;48;2;227;227;227m~[38;2;154;154;154;48;2;221;221;221m~[38;2;138;138;138;48;2;213;213;213m~[38;2;102;102;102;48;2;194;194;194m~[38;2;55;55;55;48;2;164;164;164m~[38;2;167;167;167;48;2;80;80;80my[38;2;158;158;158;48;2;37;37;37m_[38;2;64;64;64;48;2;8;8;8m_[38;2;8;8;8;48;2;1;1;1m,[48;2;0;0;0m                                               [0m
[7m[38;2;0;0;0m [0m[38;2;0;0;0;48;2;0;0;0m                                                         [38;2;24;24;24;48;2;14;14;14m4[38;2;115;115;115;48;2;92;92;92m4[38;2;156;156;156;48;2;214;214;214m~[38;2;234;234;234;48;2;246;246;246m~[38;2;250;250;250;48;2;251;251;251m~    [38;2;252;252;252m.:[38;2;240;240;240;48;2;249;249;249m`[38;2;204;204;204;48;2;237;237;237m"[38;2;115;115;115;48;2;209;209;209m~[38;2;199;199;199;48;2;112;112;112my[38;2;145;145;145;48;2;49;49;49m_[38;2;35;35;35;48;2;9;9;9m_[48;2;0;0;0m                                             [0m
[7m[38;2;0;0;0m [0m[38;2;0;0;0;48;2;0;0;0m                                                         [38;2;3;3;3;48;2;31;31;31m:[38;2;108;108;108;48;2;141;141;141mF[38;2;226;226;226;48;2;238;238;238mM[38;2;253;253;253;48;2;251;251;251m`[38;2;252;252;252m:[48;2;252;252;252m       [48;2;251;251;251m `[38;2;253;253;253;48;2;250;250;250m`[38;2;185;185;185;48;2;238;238;238m`[38;2;113;113;113;48;2;192;192;192m~[38;2;200;200;200;48;2;85;85;85m_[38;2;91;91;91;48;2;21;21;21m_[38;2;18;18;18;48;2;2;2;2m,[48;2;0;0;0m                                          [0m
[7m[38;2;0;0;0m [0m[38;2;0;0;0;48;2;0;0;0m                                                        [48;2;4;4;4m:[38;2;86;86;86;48;2;54;54;54m_[38;2;151;151;151;48;2;178;178;178mF[38;2;240;240;240;48;2;245;245;245mL[48;2;251;251;251m [38;2;252;252;252m:[48;2;252;252;252m          [48;2;251;251;251m.`[38;2;233;233;233;48;2;247;247;247m`[38;2;139;139;139;48;2;213;213;213m~[38;2;176;176;176;48;2;99;99;99my[38;2;114;114;114;48;2;30;30;30m,[38;2;7;7;7;48;2;1;1;1m,[38;2;1;1;1;48;2;0;0;0m_                                       [0m
[7m[38;2;0;0;0m [0m[38;2;0;0;0;48;2;0;0;0m                                                        [38;2;33;33;33;48;2;21;21;21m4[38;2;101;101;101;48;2;126;126;126mF[38;2;215;215;215;48;2;232;232;232m~[38;2;253;253;253;48;2;251;251;251m:[38;2;252;252;252m:[48;2;252;252;252m             [38;2;250;250;250;48;2;251;251;251m`[38;2;252;252;252m.[38;2;237;237;237;48;2;247;247;247m`[38;2;171;171;171;48;2;221;221;221m~[38;2;62;62;62;48;2;142;142;142m~[38;2;129;129;129;48;2;37;37;37m_[38;2;34;34;34;48;2;3;3;3m_[48;2;0;0;0m                                      [0m
[7m[38;2;0;0;0m [0m[38;2;0;0;0;48;2;0;0;0m                                                        [48;2;15;15;15m:[38;2;109;109;109;48;2;86;86;86m4[38;2;134;134;134;48;2;211;211;211m_[38;2;221;221;221;48;2;242;242;242m,[38;2;252;252;252;48;2;250;250;250m`[48;2;251;251;251m:[48;2;252;252;252m              [48;2;251;251;251m:.[38;2;240;240;240;48;2;248;248;248m`[38;2;174;174;174;48;2;225;225;225m~[38;2;65;65;65;48;2;157;157;157m~[38;2;118;118;118;48;2;46;46;46m_[38;2;20;20;20;48;2;4;4;4m_[48;2;0;0;0m                                    [0m
[7m[38;2;0;0;0m [0m[38;2;0;0;0;48;2;0;0;0m                                                         [38;2;23;23;23;48;2;6;6;6m"[38;2;93;93;93;48;2;38;38;38m~[38;2;102;102;102;48;2;145;145;145mg[38;2;200;200;200;48;2;231;231;231m_[38;2;251;251;251;48;2;250;250;250m:[38;2;252;252;252;48;2;251;251;251m`[48;2;252;252;252m               [48;2;251;251;251m:_[48;2;249;249;249m'[38;2;162;162;162;48;2;217;217;217m"[38;2;60;60;60;48;2;125;125;125m~[38;2;85;85;85;48;2;25;25;25m_[38;2;7;7;7;48;2;1;1;1m,[48;2;0;0;0m                                  [0m
[7m[38;2;0;0;0m [0m[38;2;0;0;0;48;2;0;0;0m                                                          [48;2;1;1;1m:[38;2;58;58;58;48;2;30;30;30m"[38;2;55;55;55;48;2;137;137;137m_[38;2;178;178;178;48;2;230;230;230m_[38;2;251;251;251;48;2;250;250;250m`[48;2;252;252;252m                 [48;2;251;251;251m [38;2;253;253;253m`[38;2;224;224;224;48;2;244;244;244m`[38;2;104;104;104;48;2;175;175;175m"[38;2;117;117;117;48;2;58;58;58m_[38;2;22;22;22;48;2;5;5;5m_[48;2;0;0;0m                                 [0m
[7m[38;2;0;0;0m [0m[38;2;0;0;0;48;2;0;0;0m                                                            [38;2;2;2;2;48;2;32;32;32m:[38;2;127;127;127;48;2;144;144;144m$[38;2;226;226;226;48;2;236;236;236mL[38;2;252;252;252;48;2;251;251;251m: [48;2;252;252;252m                [48;2;251;251;251m:`[38;2;242;242;242;48;2;248;248;248m`[38;2;151;151;151;48;2;205;205;205m"[38;2;130;130;130;48;2;84;84;84mL[38;2;36;36;36;48;2;11;11;11m_[48;2;0;0;0m                                [0m
[7m[38;2;0;0;0m [0m[38;2;0;0;0;48;2;0;0;0m                                                            [38;2;33;33;33;48;2;22;22;22m4[38;2;132;132;132;48;2;118;118;118m4[38;2;214;214;214;48;2;225;225;225mL[38;2;247;247;247;48;2;249;249;249mL[48;2;251;251;251m [48;2;252;252;252m                 [38;2;252;252;252;48;2;251;251;251m:[48;2;250;250;250m [48;2;248;248;248m:[38;2;155;155;155;48;2;189;189;189m"[38;2;109;109;109;48;2;70;70;70mL[38;2;20;20;20;48;2;6;6;6m_[48;2;0;0;0m                               [0m
[7m[38;2;0;0;0m [0m[38;2;0;0;0;48;2;0;0;0m                                                            [48;2;16;16;16m:[38;2;86;86;86;48;2;105;105;105m$[38;2;196;196;196;48;2;215;215;215m_[38;2;250;250;250;48;2;248;248;248m:[38;2;252;252;252;48;2;251;251;251m:[48;2;252;252;252m                  [48;2;251;251;251m [38;2;253;253;253m`[38;2;228;228;228;48;2;240;240;240m`[38;2;132;132;132;48;2;158;158;158m~[38;2;77;77;77;48;2;45;45;45mL[38;2;7;7;7;48;2;1;1;1m,[48;2;0;0;0m                              [0m
[7m[38;2;0;0;0m [0m[38;2;0;0;0;48;2;0;0;0m                                                            [48;2;1;1;1m:[38;2;54;54;54;48;2;39;39;39m4[38;2;133;133;133;48;2;162;162;162mL[38;2;236;236;236;48;2;241;241;241mr[48;2;251;251;251m [48;2;252;252;252m                   [48;2;251;251;251m [38;2;253;253;253m`[38;2;204;204;204;48;2;216;216;216m`[38;2;92;92;92;48;2;116;116;116m4[38;2;34;34;34;48;2;19;19;19mL[48;2;0;0;0m                              [0m
[7m[38;2;0;0;0m [0m[38;2;0;0;0;48;2;0;0;0m                                                             [38;2;18;18;18;48;2;8;8;8m"[38;2;89;89;89;48;2;70;70;70m4[38;2;146;146;146;48;2;200;200;200m_[38;2;252;252;252;48;2;246;246;246m`[48;2;251;251;251m" [48;2;252;252;252m           [48;2;251;251;251m:[38;2;245;245;245m_[38;2;246;246;246m_[38;2;252;252;252m:[48;2;252;252;252m  [48;2;251;251;251m:[38;2;254;254;254;48;2;250;250;250m.[38;2;219;219;219;48;2;225;225;225m4[38;2;146;146;146;48;2;131;131;131ml[38;2;29;29;29;48;2;46;46;46m4[38;2;8;8;8;48;2;2;2;2m,[48;2;0;0;0m                             [0m
[7m[38;2;0;0;0m [0m[38;2;0;0;0;48;2;0;0;0m                                                              [48;2;9;9;9m:[38;2;107;107;107;48;2;65;65;65m~[38;2;116;116;116;48;2;188;188;188m_[38;2;222;222;222;48;2;241;241;241m,[38;2;248;248;248;48;2;250;250;250m,[38;2;252;252;252;48;2;251;251;251m:[38;2;253;253;253;48;2;252;252;252ma_ ~      .[38;2;243;243;243;48;2;246;246;246m7[48;2;240;240;240m`[38;2;241;241;241;48;2;246;246;246my[38;2;247;247;247;48;2;251;251;251m_[38;2;252;252;252m.[38;2;249;249;249my[38;2;242;242;242;48;2;250;250;250m_[38;2;237;237;237;48;2;232;232;232m:[38;2;174;174;174;48;2;147;147;147mL[38;2;73;73;73;48;2;52;52;52mL[38;2;6;6;6;48;2;5;5;5m.[48;2;0;0;0m                             [0m
[7m[38;2;0;0;0m [0m[38;2;0;0;0;48;2;0;0;0m                                                               [48;2;5;5;5m:[38;2;85;85;85;48;2;48;48;48m"[38;2;195;195;195;48;2;140;140;140m~[38;2;175;175;175;48;2;207;207;207my[38;2;193;193;193;48;2;231;231;231m_[38;2;237;237;237;48;2;247;247;247m,[38;2;249;249;249;48;2;251;251;251m_[48;2;252;252;252m         [38;2;252;252;252;48;2;251;251;251m:[38;2;245;245;245;48;2;250;250;250m~[38;2;238;238;238;48;2;247;247;247m~[38;2;245;245;245;48;2;249;249;249m~[48;2;251;251;251m [38;2;247;247;247;48;2;249;249;249m"[38;2;237;237;237;48;2;239;239;239m4[38;2;212;212;212;48;2;224;224;224my[38;2;183;183;183;48;2;170;170;170mF[38;2;71;71;71;48;2;91;91;91m4[38;2;37;37;37;48;2;19;19;19m_[38;2;6;6;6;48;2;2;2;2m,[48;2;0;0;0m                            [0m
[7m[38;2;0;0;0m [0m[38;2;0;0;0;48;2;0;0;0m                                                                [48;2;7;7;7m:[38;2;77;77;77;48;2;55;55;55m~[38;2;113;113;113;48;2;142;142;142m_[38;2;184;184;184;48;2;177;177;177m`[38;2;222;222;222;48;2;209;209;209m~[38;2;237;237;237;48;2;243;243;243m,[38;2;250;250;250;48;2;251;251;251m,[48;2;252;252;252m          [38;2;253;253;253m`  [48;2;251;251;251m.[38;2;236;236;236;48;2;239;239;239m4[38;2;186;186;186;48;2;196;196;196my[38;2;124;124;124;48;2;144;144;144my[38;2;97;97;97;48;2;80;80;80mF[38;2;46;46;46;48;2;35;35;35mF[38;2;9;9;9;48;2;6;6;6mL[48;2;0;0;0m                            [0m
[7m[38;2;0;0;0m [0m[38;2;0;0;0;48;2;0;0;0m                                                                 [48;2;8;8;8m:[38;2;91;91;91;48;2;64;64;64m~[38;2;126;126;126;48;2;172;172;172m_[38;2;231;231;231;48;2;217;217;217ma[38;2;236;236;236;48;2;243;243;243m~[38;2;252;252;252;48;2;251;251;251m.[48;2;252;252;252m             [38;2;253;253;253m`[38;2;242;242;242;48;2;249;249;249m`[38;2;197;197;197;48;2;225;225;225m~[38;2;178;178;178;48;2;143;143;143my[38;2;108;108;108;48;2;66;66;66m_[38;2;27;27;27;48;2;17;17;17m_[38;2;4;4;4;48;2;1;1;1m~[48;2;0;0;0m                            [0m
[7m[38;2;0;0;0m [0m[38;2;0;0;0;48;2;0;0;0m                                                                  [48;2;7;7;7m:[38;2;93;93;93;48;2;57;57;57m~[38;2;120;120;120;48;2;170;170;170m_[38;2;218;218;218;48;2;237;237;237m,[38;2;250;250;250;48;2;251;251;251m,[48;2;252;252;252m              [48;2;251;251;251m [38;2;252;252;252m:[38;2;217;217;217;48;2;237;237;237m`[38;2;130;130;130;48;2;167;167;167m"[38;2;97;97;97;48;2;65;65;65mL[38;2;28;28;28;48;2;9;9;9m_[48;2;0;0;0m                            [0m
[7m[38;2;0;0;0m [0m[38;2;0;0;0;48;2;0;0;0m                                                                   [48;2;13;13;13m:[38;2;100;100;100;48;2;82;82;82m4[38;2;154;154;154;48;2;193;193;193m_[38;2;234;234;234;48;2;244;244;244m,[48;2;251;251;251m [48;2;252;252;252m              [38;2;252;252;252;48;2;251;251;251m.[38;2;253;253;253m`[38;2;216;216;216;48;2;230;230;230m"[38;2;131;131;131;48;2;154;154;154m~[38;2;83;83;83;48;2;55;55;55mL[38;2;21;21;21;48;2;6;6;6m,[48;2;0;0;0m                           [0m
[7m[38;2;0;0;0m [0m[38;2;0;0;0;48;2;0;0;0m                                                                   [48;2;1;1;1m`[38;2;35;35;35;48;2;20;20;20m"[38;2;133;133;133;48;2;102;102;102m~[38;2;170;170;170;48;2;205;205;205m_[38;2;236;236;236;48;2;246;246;246m,[48;2;251;251;251m [48;2;252;252;252m              [38;2;252;252;252;48;2;251;251;251m:[38;2;245;245;245;48;2;249;249;249m`[38;2;192;192;192;48;2;210;210;210m"[38;2;148;148;148;48;2;119;119;119mL[38;2;58;58;58;48;2;36;36;36mL[38;2;7;7;7;48;2;1;1;1m,[48;2;0;0;0m                          [0m
[7m[38;2;0;0;0m [0m[38;2;0;0;0;48;2;0;0;0m                                                                    [48;2;2;2;2m:[38;2;56;56;56;48;2;35;35;35m"[38;2;148;148;148;48;2;121;121;121m~[38;2;197;197;197;48;2;215;215;215mL[38;2;243;243;243;48;2;247;247;247m,[38;2;253;253;253;48;2;252;252;252m"             [38;2;252;252;252;48;2;251;251;251m:[38;2;253;253;253;48;2;252;252;252m`[38;2;233;233;233;48;2;243;243;243m`[38;2;168;168;168;48;2;190;190;190m~[38;2;124;124;124;48;2;93;93;93mL[38;2;39;39;39;48;2;22;22;22mL[38;2;1;1;1;48;2;0;0;0m;                         [0m
[7m[38;2;0;0;0m [0m[38;2;0;0;0;48;2;0;0;0m                                                                     [48;2;8;8;8m:[38;2;74;74;74;48;2;63;63;63m4[38;2;137;137;137;48;2;160;160;160mL[38;2;215;215;215;48;2;230;230;230m_[38;2;246;246;246;48;2;249;249;249m,[38;2;252;252;252;48;2;251;251;251m~ [48;2;252;252;252m            [48;2;251;251;251m:[38;2;253;253;253;48;2;252;252;252m:[38;2;226;226;226;48;2;236;236;236m"[38;2;151;151;151;48;2;172;172;172m~[38;2;102;102;102;48;2;72;72;72mL[38;2;38;38;38;48;2;12;12;12m,[38;2;1;1;1;48;2;0;0;0m,                        [0m
[7m[38;2;0;0;0m [0m[38;2;0;0;0;48;2;0;0;0m                                                                      [38;2;5;5;5;48;2;21;21;21m:[38;2;115;115;115;48;2;93;93;93m"[38;2;164;164;164;48;2;185;185;185mL[38;2;230;230;230;48;2;236;236;236mr[38;2;248;248;248;48;2;249;249;249mr[38;2;252;252;252;48;2;251;251;251m`[48;2;252;252;252m             [48;2;251;251;251m:[38;2;253;253;253m.[38;2;206;206;206;48;2;224;224;224m"[38;2;173;173;173;48;2;141;141;141mL[38;2;82;82;82;48;2;55;55;55mL[38;2;17;17;17;48;2;6;6;6m_[48;2;0;0;0m                        [0m
[7m[38;2;0;0;0m [0m[38;2;0;0;0;48;2;0;0;0m                                                                      [48;2;4;4;4m:[38;2;61;61;61;48;2;41;41;41m"[38;2;99;99;99;48;2;126;126;126mL[38;2;174;174;174;48;2;202;202;202m_[38;2;236;236;236;48;2;244;244;244m,[38;2;252;252;252;48;2;251;251;251my[48;2;252;252;252m              [48;2;251;251;251m"[48;2;249;249;249m:[38;2;188;188;188;48;2;206;206;206m"[38;2;148;148;148;48;2;119;119;119mL[38;2;65;65;65;48;2;42;42;42mL[38;2;14;14;14;48;2;4;4;4m,[48;2;0;0;0m                       [0m
[7m[38;2;0;0;0m [0m[38;2;0;0;0;48;2;0;0;0m                                                                       [38;2;1;1;1;48;2;7;7;7m:[38;2;63;63;63;48;2;52;52;52m4[38;2;122;122;122;48;2;146;146;146mL[38;2;205;205;205;48;2;221;221;221mL[38;2;245;245;245;48;2;249;249;249m,[38;2;252;252;252;48;2;251;251;251mL[48;2;252;252;252m             [48;2;251;251;251m:[38;2;253;253;253;48;2;252;252;252m`[38;2;231;231;231;48;2;240;240;240m"[38;2;171;171;171;48;2;187;187;187m~[38;2;128;128;128;48;2;101;101;101mL[38;2;53;53;53;48;2;32;32;32mL[38;2;8;8;8;48;2;2;2;2m,[48;2;0;0;0m                      [0m
[7m[38;2;0;0;0m [0m[38;2;0;0;0;48;2;0;0;0m                                                                        [38;2;25;25;25;48;2;16;16;16m"[38;2;97;97;97;48;2;80;80;80m~[38;2;147;147;147;48;2;170;170;170mL[38;2;218;218;218;48;2;235;235;235m_[38;2;248;248;248;48;2;251;251;251m,[38;2;252;252;252m::[48;2;252;252;252m            [48;2;251;251;251m [38;2;253;253;253m:[38;2;214;214;214;48;2;228;228;228m"[38;2;183;183;183;48;2;157;157;157mL[38;2;103;103;103;48;2;78;78;78mL[38;2;33;33;33;48;2;19;19;19mL[38;2;2;2;2;48;2;0;0;0m,                     [0m
[7m[38;2;0;0;0m [0m[38;2;0;0;0;48;2;0;0;0m                                                                        [48;2;1;1;1m:[38;2;41;41;41;48;2;26;26;26m"[38;2;117;117;117;48;2;98;98;98m~[38;2;162;162;162;48;2;184;184;184mL[38;2;224;224;224;48;2;236;236;236m_[38;2;247;247;247;48;2;249;249;249m,[38;2;252;252;252;48;2;251;251;251m`:[48;2;252;252;252m            [38;2;253;253;253m`[38;2;241;241;241;48;2;247;247;247m`[38;2;194;194;194;48;2;210;210;210m~[38;2;159;159;159;48;2;133;133;133mL[38;2;83;83;83;48;2;59;59;59mL[38;2;34;34;34;48;2;11;11;11m,[48;2;0;0;0m                     [0m
[?25h