[?25l[0m[7m[38;2;0;0;0m [0m[38;2;0;0;0;48;2;0;0;0m                                                                                                                       [0m
[7m[38;2;0;0;0m [0m[38;2;0;0;0;48;2;0;0;0m                                                                                                                       [0m
[7m[38;2;0;0;0m [0m[38;2;0;0;0;48;2;0;0;0m                                                                                                                       [0m
[7m[38;2;0;0;0m [0m[38;2;0;0;0;48;2;0;0;0m                                                                                                                       [0m
[7m[38;2;0;0;0m [0m[38;2;0;0;0;48;2;0;0;0m                                                                                                                       [0m
[7m[38;2;0;0;0m [0m[38;2;0;0;0;48;2;0;0;0m                                                                                                                       [0m
[7m[38;2;0;0;0m [0m[38;2;0;0;0;48;2;0;0;0m                                                                                                                       [0m
[7m[38;2;0;0;0m [0m[38;2;0;0;0;48;2;0;0;0m                                                                                                                       [0m
[7m[38;2;0;0;0m [0m[38;2;0;0;0;48;2;0;0;0m                                                                                                                       [0m
[7m[38;2;0;0;0m [0m[38;2;0;0;0;48;2;0;0;0m                                                                                                                       [0m
[7m[38;2;0;0;0m [0m[38;2;0;0;0;48;2;0;0;0m                                                                                                                       [0m
[7m[38;2;0;0;0m [0m[38;2;0;0;0;48;2;0;0;0m                                                                                                                       [0m
[7m[38;2;0;0;0m [0m[38;2;0;0;0;48;2;0;0;0m                                                                                                                       [0m
[7m[38;2;0;0;0m [0m[38;2;0;0;0;48;2;0;0;0m                                                                                                                       [0m
[7m[38;2;0;0;0m [0m[38;2;0;0;0;48;2;0;0;0m                                                                                                                       [0m
[7m[38;2;0;0;0m [0m[38;2;0;0;0;48;2;0;0;0m                                                                                                                       [0m
[7m[38;2;0;0;0m [0m[38;2;0;0;0;48;2;0;0;0m                                                                                                                       [0m
[7m[38;2;0;0;0m [0m[38;2;0;0;0;48;2;0;0;0m                                                                                                                       [0m
[7m[38;2;0;0;0m [0m[38;2;0;0;0;48;2;0;0;0m                                                       [38;2;1;1;1m_ +=* __                                                        [0m
[7m[38;2;0;0;0m [0m[38;2;0;0;0;48;2;0;0;0m                                                  [48;2;2;2;2m:[38;2;72;72;72m_[38;2;118;118;118;48;2;4;4;4m_[38;2;139;139;139;48;2;12;12;12m_[38;2;153;153;153;48;2;21;21;21m_[38;2;160;160;160;48;2;32;32;32m_[38;2;198;198;198;48;2;76;76;76m_[38;2;217;217;217;48;2;127;127;127my[38;2;79;79;79;48;2;181;181;181m~[38;2;224;224;224;48;2;142;142;142my[38;2;200;200;200;48;2;101;101;101my[38;2;187;187;187;48;2;62;62;62m_[38;2;161;161;161;48;2;34;34;34m_[38;2;152;152;152;48;2;22;22;22m_[38;2;145;145;145;48;2;13;13;13m_[38;2;92;92;92;48;2;4;4;4m_[38;2;20;20;20;48;2;2;2;2m,[48;2;0;0;0m                                                    [0m
[7m[38;2;0;0;0m [0m[38;2;0;0;0;48;2;0;0;0m                                                 [48;2;4;4;4m:[38;2;91;91;91;48;2;61;61;61mu[38;2;110;110;110;48;2;190;190;190m~[38;2;156;156;156;48;2;212;212;212m_[38;2;205;205;205;48;2;231;231;231m_[38;2;206;206;206;48;2;245;245;245m`[38;2;208;208;208;48;2;247;247;247m`[38;2;224;224;224;48;2;248;248;248m`[38;2;252;252;252;48;2;250;250;250m.[38;2;250;250;250;48;2;251;251;251mT[38;2;249;249;249mT[38;2;248;248;248m`[38;2;219;219;219;48;2;248;248;248m`[38;2;208;208;208;48;2;246;246;246m`[38;2;204;204;204;48;2;244;244;244m`[38;2;175;175;175;48;2;230;230;230m_[38;2;214;214;214;48;2;172;172;172ms[38;2;89;89;89;48;2;48;48;48mL[38;2;0;0;0;48;2;1;1;1m`[48;2;0;0;0m                                                   [0m
[7m[38;2;0;0;0m [0m[38;2;0;0;0;48;2;0;0;0m                                                  [38;2;47;47;47;48;2;14;14;14m"[38;2;145;145;145;48;2;40;40;40m~[38;2;72;72;72;48;2;105;105;105m$[38;2;194;194;194;48;2;224;224;224m~[38;2;253;253;253;48;2;250;250;250m:[38;2;250;250;250;48;2;251;251;251m`[38;2;252;252;252m:[48;2;252;252;252m    [48;2;251;251;251m:[48;2;250;250;250m [38;2;254;254;254;48;2;245;245;245m:[38;2;197;197;197;48;2;164;164;164mL[38;2;35;35;35;48;2;76;76;76ma[38;2;33;33;33;48;2;7;7;7m~[48;2;0;0;0m                                                    [0m
[7m[38;2;0;0;0m [0m[38;2;0;0;0;48;2;0;0;0m                                                   [48;2;3;3;3m:[38;2;97;97;97;48;2;72;72;72m4[38;2;222;222;222;48;2;232;232;232mL[38;2;254;254;254;48;2;252;252;252m:[38;2;252;252;252;48;2;251;251;251m`[48;2;252;252;252m      [48;2;251;251;251m [38;2;254;254;254m'[38;2;250;250;250;48;2;236;236;236m:[38;2;88;88;88;48;2;138;138;138m7[38;2;82;82;82;48;2;27;27;27m_[38;2;0;0;0;48;2;2;2;2m`[48;2;0;0;0m                                                   [0m
[7m[38;2;0;0;0m [0m[38;2;0;0;0;48;2;0;0;0m                                                   [38;2;1;1;1m.[38;2;2;2;2;48;2;45;45;45m:[38;2;132;132;132;48;2;174;174;174mw[38;2;253;253;253;48;2;245;245;245m`[38;2;250;250;250;48;2;251;251;251mz[38;2;252;252;252m:[48;2;252;252;252m     [48;2;251;251;251m:F[48;2;242;242;242m`[38;2;124;124;124;48;2;175;175;175mg[38;2;99;99;99;48;2;49;49;49m~[38;2;8;8;8;48;2;5;5;5m'[48;2;0;0;0m                                                   [0m
[7m[38;2;0;0;0m [0m[38;2;0;0;0;48;2;0;0;0m                                                   [48;2;1;1;1m.[38;2;63;63;63;48;2;46;46;46mj[38;2;131;131;131;48;2;183;183;183m~[38;2;252;252;252;48;2;246;246;246m:[48;2;250;250;250m [48;2;251;251;251m:[48;2;252;252;252m     [48;2;251;251;251m:[38;2;249;249;249;48;2;250;250;250m$[38;2;254;254;254;48;2;243;243;243m:[38;2;165;165;165;48;2;135;135;135mL[38;2;51;51;51;48;2;28;28;28mL[38;2;1;1;1;48;2;0;0;0m^                                                   [0m
[7m[38;2;0;0;0m [0m[38;2;0;0;0;48;2;0;0;0m                                                  [38;2;1;1;1m_[38;2;0;0;0;48;2;14;14;14m:[38;2;70;70;70;48;2;111;111;111mF[38;2;228;228;228;48;2;239;239;239m~[38;2;250;250;250;48;2;252;252;252m_[38;2;251;251;251m`      [38;2;252;252;252;48;2;251;251;251m:[38;2;248;248;248;48;2;249;249;249m][38;2;254;254;254;48;2;244;244;244m:[38;2;169;169;169;48;2;151;151;151mF[38;2;59;59;59;48;2;34;34;34mL[38;2;2;2;2;48;2;1;1;1m,[48;2;0;0;0m                                                   [0m
[7m[38;2;0;0;0m [0m[38;2;0;0;0;48;2;0;0;0m                                                  [38;2;1;1;1m.[38;2;49;49;49;48;2;36;36;36my[38;2;128;128;128;48;2;165;165;165mF[38;2;253;253;253;48;2;244;244;244m`[38;2;248;248;248;48;2;249;249;249mI[38;2;252;252;252;48;2;251;251;251m:[48;2;252;252;252m      [48;2;251;251;251m:[48;2;250;250;250m [38;2;254;254;254;48;2;247;247;247m'[38;2;162;162;162;48;2;191;191;191m~[38;2;88;88;88;48;2;49;49;49mL[38;2;3;3;3;48;2;2;2;2m.[48;2;0;0;0m                                                   [0m
[7m[38;2;0;0;0m [0m[38;2;0;0;0;48;2;0;0;0m                                                 [38;2;1;1;1m_[38;2;0;0;0;48;2;11;11;11m:[38;2;76;76;76;48;2;102;102;102m$[38;2;214;214;214;48;2;232;232;232m"[38;2;253;253;253;48;2;249;249;249m`[38;2;249;249;249;48;2;251;251;251m`[38;2;252;252;252m:[48;2;252;252;252m       [48;2;251;251;251m:[38;2;251;251;251;48;2;250;250;250m~[38;2;254;254;254;48;2;243;243;243m:[38;2;113;113;113;48;2;141;141;141m4[38;2;72;72;72;48;2;27;27;27m,[48;2;0;0;0m                                                   [0m
[7m[38;2;0;0;0m [0m[38;2;0;0;0;48;2;0;0;0m                                                 [38;2;1;1;1m`[38;2;65;65;65;48;2;47;47;47mj[38;2;137;137;137;48;2;184;184;184m~[38;2;253;253;253;48;2;246;246;246m:[38;2;250;250;250;48;2;249;249;249mu[38;2;252;252;252;48;2;251;251;251m.[48;2;252;252;252m        [48;2;251;251;251m:[38;2;250;250;250m`[38;2;254;254;254m`[38;2;205;205;205;48;2;229;229;229m"[38;2;131;131;131;48;2;80;80;80mL[38;2;37;37;37;48;2;8;8;8m,[38;2;1;1;1;48;2;0;0;0m_                                                 [0m
[7m[38;2;0;0;0m [0m[38;2;0;0;0;48;2;0;0;0m                                         [38;2;3;3;3m_[38;2;5;5;5m_[38;2;8;8;8m_[38;2;13;13;13m_[38;2;25;25;25;48;2;2;2;2m_[38;2;36;36;36;48;2;3;3;3m_[38;2;42;42;42;48;2;6;6;6m_[38;2;46;46;46;48;2;7;7;7m_[38;2;71;71;71;48;2;27;27;27m_[38;2;91;91;91;48;2;139;139;139mF[38;2;253;253;253;48;2;240;240;240m:[38;2;254;254;254;48;2;251;251;251m`[38;2;252;252;252m:[48;2;252;252;252m          [48;2;251;251;251m:[38;2;249;249;249m~[38;2;253;253;253;48;2;248;248;248m:[38;2;158;158;158;48;2;198;198;198m~[38;2;105;105;105;48;2;60;60;60mL[38;2;48;48;48;48;2;9;9;9m_[38;2;44;44;44;48;2;6;6;6m_[38;2;35;35;35;48;2;4;4;4m_[38;2;27;27;27;48;2;2;2;2m_[38;2;16;16;16;48;2;0;0;0m_[38;2;7;7;7m_[38;2;4;4;4m_[38;2;1;1;1m_                                          [0m
[7m[38;2;0;0;0m [0m[38;2;0;0;0;48;2;0;0;0m                                 [38;2;11;11;11;48;2;1;1;1m_[38;2;29;29;29;48;2;3;3;3m_[38;2;57;57;57;48;2;8;8;8m_[38;2;78;78;78;48;2;15;15;15m_[38;2;88;88;88;48;2;22;22;22m_[38;2;94;94;94;48;2;29;29;29m_[38;2;79;79;79;48;2;36;36;36my[38;2;8;8;8;48;2;66;66;66m~[38;2;19;19;19;48;2;77;77;77m~[38;2;30;30;30;48;2;83;83;83m~[38;2;40;40;40;48;2;85;85;85m~[38;2;50;50;50;48;2;87;87;87m~[38;2;96;96;96;48;2;79;79;79ma[38;2;68;68;68;48;2;87;87;87m_[38;2;58;58;58;48;2;84;84;84m_[38;2;47;47;47;48;2;80;80;80m_[38;2;126;126;126;48;2;102;102;102m4[38;2;194;194;194;48;2;212;212;212m_[38;2;254;254;254;48;2;249;249;249m:[48;2;251;251;251m [38;2;252;252;252m:[48;2;252;252;252m           [48;2;251;251;251m.[48;2;250;250;250m`[38;2;251;251;251;48;2;242;242;242m'[38;2;132;132;132;48;2;169;169;169m_[38;2;106;106;106;48;2;85;85;85mM[38;2;55;55;55m_[38;2;66;66;66;48;2;84;84;84m_[38;2;64;64;64;48;2;86;86;86m~[38;2;54;54;54;48;2;87;87;87m~[38;2;39;39;39;48;2;83;83;83m~[38;2;27;27;27;48;2;78;78;78m~[38;2;13;13;13;48;2;68;68;68m~[38;2;85;85;85;48;2;41;41;41my[38;2;101;101;101;48;2;38;38;38m_[38;2;96;96;96;48;2;30;30;30m_[38;2;85;85;85;48;2;20;20;20m_[38;2;72;72;72;48;2;11;11;11m_[38;2;52;52;52;48;2;6;6;6m_[38;2;25;25;25;48;2;2;2;2m_[38;2;8;8;8;48;2;0;0;0m_                                  [0m
[7m[38;2;0;0;0m [0m[38;2;0;0;0;48;2;0;0;0m                           [38;2;12;12;12;48;2;1;1;1m_[38;2;39;39;39;48;2;6;6;6m_[38;2;64;64;64;48;2;16;16;16m_[38;2;93;93;93;48;2;30;30;30m_[38;2;117;117;117;48;2;48;48;48m_[38;2;18;18;18;48;2;79;79;79m~[38;2;35;35;35;48;2;94;94;94m~[38;2;53;53;53;48;2;102;102;102m~[38;2;78;78;78;48;2;107;107;107m~[38;2;93;93;93m_[38;2;68;68;68;48;2;104;104;104m_[38;2;41;41;41;48;2;95;95;95m_[38;2;13;13;13;48;2;85;85;85m_[38;2;0;0;0;48;2;73;73;73m_[38;2;21;21;21;48;2;65;65;65my[38;2;94;94;94;48;2;36;36;36m~[38;2;76;76;76;48;2;24;24;24m~[38;2;58;58;58;48;2;16;16;16m~[38;2;40;40;40;48;2;10;10;10m~[48;2;7;7;7m`[38;2;29;29;29;48;2;4;4;4m`[38;2;17;17;17;48;2;2;2;2m`[38;2;71;71;71;48;2;49;49;49m4[38;2;179;179;179;48;2;193;193;193mF[38;2;245;245;245;48;2;248;248;248mL[38;2;249;249;249;48;2;250;250;250m)[38;2;252;252;252;48;2;251;251;251m:[48;2;252;252;252m           [48;2;251;251;251m [38;2;253;253;253m:[38;2;248;248;248;48;2;225;225;225m.[38;2;116;116;116;48;2;77;77;77mL[38;2;20;20;20;48;2;7;7;7m`[38;2;30;30;30;48;2;5;5;5m`[38;2;29;29;29;48;2;7;7;7m~[38;2;42;42;42;48;2;11;11;11m~[38;2;61;61;61;48;2;18;18;18m~[38;2;78;78;78;48;2;28;28;28m~[38;2;91;91;91;48;2;37;37;37m~[38;2;25;25;25;48;2;68;68;68my[38;2;4;4;4;48;2;77;77;77m_[38;2;21;21;21;48;2;87;87;87m_[38;2;47;47;47;48;2;98;98;98m_[38;2;71;71;71;48;2;105;105;105m_[38;2;95;95;95;48;2;108;108;108m~[38;2;77;77;77;48;2;107;107;107m~[38;2;53;53;53;48;2;100;100;100m~[38;2;34;34;34;48;2;91;91;91m~[38;2;100;100;100;48;2;57;57;57my[38;2;103;103;103;48;2;40;40;40m_[38;2;82;82;82;48;2;25;25;25m_[38;2;56;56;56;48;2;13;13;13m_[38;2;29;29;29;48;2;3;3;3m_[38;2;7;7;7;48;2;1;1;1m_[48;2;0;0;0m                            [0m
[7m[38;2;0;0;0m [0m[38;2;0;0;0;48;2;0;0;0m                      [38;2;8;8;8m_[38;2;37;37;37;48;2;5;5;5m_[38;2;72;72;72;48;2;16;16;16m_[38;2;99;99;99;48;2;35;35;35m_[38;2;17;17;17;48;2;73;73;73m~[38;2;48;48;48;48;2;95;95;95m~[38;2;75;75;75;48;2;112;112;112m~[38;2;97;97;97;48;2;122;122;122m~[38;2;114;114;114;48;2;124;124;124m_[38;2;90;90;90;48;2;121;121;121m_[38;2;66;66;66;48;2;110;110;110m_[38;2;36;36;36;48;2;90;90;90m_[38;2;28;28;28;48;2;71;71;71my[38;2;87;87;87;48;2;36;36;36m~[38;2;68;68;68;48;2;18;18;18m~[38;2;48;48;48;48;2;9;9;9m~[38;2;23;23;23;48;2;3;3;3m~[38;2;7;7;7;48;2;1;1;1m`[48;2;0;0;0m        [38;2;2;2;2;48;2;1;1;1m;[38;2;1;1;1;48;2;39;39;39m:[38;2;122;122;122;48;2;159;159;159mL[38;2;254;254;254;48;2;244;244;244m`[48;2;250;250;250m [38;2;252;252;252;48;2;251;251;251m:[48;2;252;252;252m          [48;2;251;251;251m:~[38;2;254;254;254;48;2;250;250;250m:[38;2;184;184;184;48;2;223;223;223m_[38;2;108;108;108;48;2;67;67;67mF[38;2;7;7;7;48;2;3;3;3m~[38;2;1;1;1;48;2;0;0;0m,      [38;2;2;2;2m`[38;2;13;13;13;48;2;2;2;2m`[38;2;28;28;28;48;2;5;5;5m"[38;2;47;47;47;48;2;10;10;10m~[38;2;70;70;70;48;2;23;23;23m~[38;2;18;18;18;48;2;56;56;56my[38;2;13;13;13;48;2;73;73;73m_[38;2;50;50;50;48;2;96;96;96m_[38;2;77;77;77;48;2;113;113;113m_[38;2;101;101;101;48;2;120;120;120m_[38;2;99;99;99;48;2;119;119;119m`[38;2;94;94;94;48;2;118;118;118m~[38;2;69;69;69;48;2;108;108;108m~[38;2;39;39;39;48;2;89;89;89m~[38;2;94;94;94;48;2;49;49;49my[38;2;92;92;92;48;2;28;28;28m_[38;2;57;57;57;48;2;11;11;11m_[38;2;22;22;22;48;2;3;3;3m_[38;2;2;2;2;48;2;0;0;0m,                       [0m
[7m[38;2;0;0;0m [0m[38;2;0;0;0;48;2;0;0;0m                   [38;2;3;3;3;48;2;1;1;1m.[38;2;45;45;45;48;2;11;11;11m_[38;2;90;90;90;48;2;36;36;36m_[38;2;25;25;25;48;2;79;79;79m~[38;2;57;57;57;48;2;106;106;106m~[38;2;92;92;92;48;2;120;120;120m~[38;2;117;117;117;48;2;129;129;129m~[38;2;130;130;130;48;2;133;133;133m~[38;2;119;119;119;48;2;128;128;128m_[38;2;83;83;83;48;2;115;115;115m_[38;2;34;34;34;48;2;92;92;92m_[38;2;27;27;27;48;2;65;65;65my[38;2;67;67;67;48;2;23;23;23m~[38;2;33;33;33;48;2;8;8;8m~[38;2;13;13;13;48;2;2;2;2m`[38;2;2;2;2;48;2;0;0;0m`             [38;2;1;1;1m`[38;2;63;63;63;48;2;43;43;43my[38;2;117;117;117;48;2;179;179;179m~[38;2;254;254;254;48;2;246;246;246m:[38;2;250;250;250;48;2;251;251;251m=[38;2;252;252;252m:[48;2;252;252;252m          [48;2;251;251;251m:[48;2;250;250;250m [38;2;254;254;254;48;2;245;245;245m:[38;2;206;206;206;48;2;162;162;162m_[38;2;67;67;67;48;2;40;40;40mL[38;2;3;3;3;48;2;2;2;2m~[38;2;1;1;1;48;2;0;0;0m^            [38;2;3;3;3m`[38;2;27;27;27;48;2;4;4;4m`[38;2;40;40;40;48;2;12;12;12m~[38;2;76;76;76;48;2;31;31;31m~[38;2;14;14;14;48;2;75;75;75m_[38;2;64;64;64;48;2;105;105;105m_[38;2;96;96;96;48;2;123;123;123m_[38;2;113;113;113;48;2;132;132;132m_[38;2;128;128;128;48;2;134;134;134m`[38;2;114;114;114;48;2;130;130;130m~[38;2;81;81;81;48;2;118;118;118m~[38;2;45;45;45;48;2;96;96;96m~[38;2;87;87;87;48;2;48;48;48my[38;2;71;71;71;48;2;21;21;21m_[38;2;26;26;26;48;2;5;5;5m_[38;2;4;4;4;48;2;0;0;0m_[38;2;2;2;2m_                   [0m
[7m[38;2;0;0;0m [0m[38;2;0;0;0;48;2;0;0;0m                 [38;2;26;26;26;48;2;4;4;4m_[38;2;68;68;68;48;2;23;23;23m_[38;2;24;24;24;48;2;68;68;68m~[38;2;67;67;67;48;2;103;103;103m~[38;2;105;105;105;48;2;125;125;125m~[38;2;128;128;128;48;2;135;135;135m~[38;2;134;134;134;48;2;136;136;136m_[38;2;125;125;125;48;2;133;133;133m_[38;2;105;105;105;48;2;126;126;126m_[38;2;69;69;69;48;2;106;106;106m_[38;2;43;43;43;48;2;76;76;76my[38;2;67;67;67;48;2;26;26;26m~[38;2;23;23;23;48;2;5;5;5m~[38;2;4;4;4;48;2;0;0;0m`                 [38;2;42;42;42;48;2;25;25;25m_[38;2;95;95;95;48;2;137;137;137mF[38;2;231;231;231;48;2;242;242;242m~[38;2;249;249;249;48;2;251;251;251my[38;2;252;252;252m:[48;2;252;252;252m            [48;2;251;251;251m [38;2;254;254;254m`[38;2;251;251;251;48;2;235;235;235m:[38;2;148;148;148;48;2;98;98;98mL[38;2;56;56;56;48;2;15;15;15m,[48;2;0;0;0m                 [38;2;8;8;8;48;2;2;2;2m`[38;2;45;45;45;48;2;14;14;14m~[38;2;76;76;76;48;2;37;37;37m~[38;2;47;47;47;48;2;80;80;80m_[38;2;84;84;84;48;2;112;112;112m_[38;2;115;115;115;48;2;131;131;131m_[38;2;133;133;133;48;2;140;140;140m_[38;2;135;135;135;48;2;139;139;139m`[38;2;122;122;122;48;2;134;134;134m"[38;2;96;96;96;48;2;118;118;118m~[38;2;54;54;54;48;2;87;87;87m~[38;2;88;88;88;48;2;42;42;42m_[38;2;52;52;52;48;2;14;14;14m_[38;2;16;16;16;48;2;2;2;2m_[38;2;2;2;2;48;2;0;0;0m,[38;2;1;1;1m_                [0m
[7m[38;2;0;0;0m [0m[38;2;0;0;0;48;2;0;0;0m               [48;2;2;2;2m`[38;2;39;39;39;48;2;20;20;20my[38;2;36;36;36;48;2;68;68;68m~[38;2;80;80;80;48;2;104;104;104m~[38;2;119;119;119;48;2;128;128;128m"[38;2;133;133;133;48;2;137;137;137m~[38;2;137;137;137;48;2;140;140;140m~[38;2;135;135;135;48;2;139;139;139m_[38;2;117;117;117;48;2;129;129;129m_[38;2;94;94;94;48;2;107;107;107my[38;2;91;91;91;48;2;65;65;65m~[38;2;51;51;51;48;2;25;25;25m~[38;2;14;14;14;48;2;4;4;4m`[48;2;0;0;0m                   [38;2;0;0;0;48;2;4;4;4m:[38;2;99;99;99;48;2;73;73;73mj[38;2;180;180;180;48;2;221;221;221m~[38;2;254;254;254;48;2;250;250;250m`[38;2;249;249;249;48;2;251;251;251m`[38;2;252;252;252m:[48;2;252;252;252m            [48;2;251;251;251m:[38;2;249;249;249;48;2;250;250;250m`[38;2;254;254;254;48;2;249;249;249m:[38;2;181;181;181;48;2;210;210;210m~[38;2;103;103;103;48;2;60;60;60mL[38;2;5;5;5;48;2;1;1;1m,[48;2;0;0;0m                  [38;2;2;2;2m`[38;2;33;33;33;48;2;9;9;9m`[38;2;64;64;64;48;2;40;40;40m~[38;2;70;70;70;48;2;86;86;86my[38;2;99;99;99;48;2;115;115;115m_[38;2;126;126;126;48;2;133;133;133m_[38;2;137;137;137;48;2;138;138;138m"[38;2;136;136;136;48;2;137;137;137m`[38;2;125;125;125;48;2;134;134;134m`[38;2;105;105;105;48;2;121;121;121m~[38;2;70;70;70;48;2;91;91;91m~[38;2;31;31;31;48;2;54;54;54m~[38;2;34;34;34;48;2;15;15;15m_[38;2;5;5;5;48;2;1;1;1m_[48;2;0;0;0m                [0m
[?25h