[?25l[0m[7m[38;2;252;252;252m [0m[38;2;0;0;0;48;2;252;252;252m                                                                                                                       [0m
[7m[38;2;252;252;252m [0m[38;2;0;0;0;48;2;252;252;252m                                                                                                                       [0m
[7m[38;2;252;252;252m [0m[38;2;0;0;0;48;2;252;252;252m                                                                                                                       [0m
[7m[38;2;252;252;252m [0m[38;2;0;0;0;48;2;252;252;252m                                                                                                                       [0m
[7m[38;2;252;252;252m [0m[38;2;0;0;0;48;2;252;252;252m                                                                                                                       [0m
[7m[38;2;252;252;252m [0m[38;2;0;0;0;48;2;252;252;252m                                                                                                                       [0m
[7m[38;2;252;252;252m [0m[38;2;0;0;0;48;2;252;252;252m                                                                                                                       [0m
[7m[38;2;252;252;252m [0m[38;2;0;0;0;48;2;252;252;252m                                                                                                                       [0m
[7m[38;2;252;252;252m [0m[38;2;0;0;0;48;2;252;252;252m                                                                                                                       [0m
[7m[38;2;252;252;252m [0m[38;2;0;0;0;48;2;252;252;252m                                                                                                                       [0m
[7m[38;2;252;252;252m [0m[38;2;0;0;0;48;2;252;252;252m                                                                                                                       [0m
[7m[38;2;252;252;252m [0m[38;2;0;0;0;48;2;252;252;252m                                                             [38;2;252;252;252;48;2;251;251;251m...[48;2;252;252;252m  [48;2;251;251;251m.....[48;2;252;252;252m                                                [0m
[7m[38;2;252;252;252m [0m[38;2;0;0;0;48;2;252;252;252m                                                       [38;2;252;252;252;48;2;251;251;251m: [48;2;252;252;252m [38;2;253;253;253;48;2;251;251;251m__[38;2;251;251;251;48;2;249;249;249m`[38;2;206;206;206;48;2;244;244;244m_[38;2;152;152;152;48;2;237;237;237m_[38;2;119;119;119;48;2;233;233;233m_[38;2;102;102;102;48;2;231;231;231m_[38;2;100;100;100m_[38;2;105;105;105m_[38;2;113;113;113;48;2;232;232;232m_[38;2;138;138;138;48;2;234;234;234m_[38;2;167;167;167;48;2;238;238;238m_[38;2;203;203;203;48;2;244;244;244m_[38;2;234;234;234;48;2;249;249;249m_[38;2;250;250;250;48;2;251;251;251m,[38;2;249;249;249m=[38;2;253;253;253;48;2;252;252;252m,[48;2;251;251;251m [38;2;250;250;250m_[38;2;252;252;252m:[48;2;252;252;252m                                         [0m
[7m[38;2;252;252;252m [0m[38;2;0;0;0;48;2;252;252;252m                                                    [38;2;252;252;252;48;2;251;251;251m.`[48;2;250;250;250m:[38;2;203;203;203;48;2;246;246;246m_[38;2;141;141;141;48;2;224;224;224m_[38;2;55;55;55;48;2;192;192;192m_[38;2;59;59;59;48;2;164;164;164my[38;2;34;34;34;48;2;125;125;125my[38;2;192;192;192;48;2;58;58;58m~[38;2;158;158;158;48;2;37;37;37m~[38;2;111;111;111;48;2;24;24;24m~[38;2;78;78;78;48;2;17;17;17m~[38;2;59;59;59;48;2;12;12;12m~[38;2;56;56;56m~[38;2;62;62;62;48;2;13;13;13m~[38;2;70;70;70;48;2;16;16;16m~[38;2;93;93;93;48;2;22;22;22m~[38;2;120;120;120;48;2;28;28;28m~[38;2;152;152;152;48;2;36;36;36m~[38;2;179;179;179;48;2;49;49;49m~[38;2;199;199;199;48;2;74;74;74m~[38;2;46;46;46;48;2;144;144;144my[38;2;15;15;15;48;2;170;170;170m_[38;2;68;68;68;48;2;197;197;197m_[38;2;155;155;155;48;2;229;229;229m_[38;2;206;206;206;48;2;246;246;246m_[38;2;242;242;242;48;2;251;251;251m_[38;2;250;250;250m,[38;2;252;252;252m.[48;2;252;252;252m                                      [0m
[7m[38;2;252;252;252m [0m[38;2;0;0;0;48;2;252;252;252m                                                  [38;2;252;252;252;48;2;251;251;251m:[38;2;253;253;253m.[38;2;250;250;250;48;2;243;243;243m`[38;2;99;99;99;48;2;214;214;214m_[38;2;55;55;55;48;2;146;146;146my[38;2;128;128;128;48;2;43;43;43m~[38;2;98;98;98;48;2;14;14;14m`[38;2;29;29;29;48;2;3;3;3m`[48;2;0;0;0m              [38;2;1;1;1m~~[38;2;5;5;5m`[38;2;41;41;41;48;2;5;5;5m`[38;2;110;110;110;48;2;17;17;17m`[38;2;133;133;133;48;2;50;50;50m~[38;2;41;41;41;48;2;134;134;134my[38;2;57;57;57;48;2;187;187;187m_[38;2;141;141;141;48;2;230;230;230m_[38;2;232;232;232;48;2;248;248;248m,[38;2;252;252;252;48;2;251;251;251m:.[48;2;252;252;252m                                   [0m
[7m[38;2;252;252;252m [0m[38;2;0;0;0;48;2;252;252;252m                                                [38;2;252;252;252;48;2;251;251;251m:[38;2;249;249;249m,[38;2;253;253;253;48;2;248;248;248m:[38;2;160;160;160;48;2;220;220;220m_[38;2;192;192;192;48;2;94;94;94m~[38;2;62;62;62;48;2;17;17;17m~[38;2;0;0;0;48;2;1;1;1m.[38;2;2;2;2;48;2;0;0;0m`                     [38;2;1;1;1m` [38;2;0;0;0;48;2;4;4;4m:[38;2;93;93;93;48;2;30;30;30m~[38;2;194;194;194;48;2;97;97;97m~[38;2;111;111;111;48;2;203;203;203m_[38;2;218;218;218;48;2;243;243;243m_[38;2;247;247;247;48;2;251;251;251m_ [48;2;252;252;252m                                 [0m
[7m[38;2;252;252;252m [0m[38;2;0;0;0;48;2;252;252;252m                                               [38;2;252;252;252;48;2;251;251;251m: [38;2;253;253;253;48;2;248;248;248m:[38;2;192;192;192;48;2;217;217;217my[38;2;122;122;122;48;2;71;71;71m~[38;2;25;25;25;48;2;6;6;6m~[38;2;1;1;1;48;2;0;0;0m"                           [38;2;0;0;0;48;2;1;1;1m:[38;2;78;78;78;48;2;18;18;18m`[38;2;50;50;50;48;2;124;124;124my[38;2;159;159;159;48;2;222;222;222m_[38;2;235;235;235;48;2;249;249;249m,[38;2;250;250;250;48;2;251;251;251m_[38;2;252;252;252m:[48;2;252;252;252m                               [0m
[7m[38;2;252;252;252m [0m[38;2;0;0;0;48;2;252;252;252m                                               [38;2;252;252;252;48;2;251;251;251m:[48;2;250;250;250m.[38;2;254;254;254;48;2;235;235;235m'[38;2;90;90;90;48;2;138;138;138my[38;2;38;38;38;48;2;20;20;20m~[38;2;1;1;1;48;2;0;0;0m=                             [38;2;2;2;2m`[38;2;0;0;0;48;2;5;5;5m:[38;2;115;115;115;48;2;55;55;55m~[38;2;164;164;164;48;2;207;207;207m_[38;2;235;235;235;48;2;247;247;247m,[48;2;251;251;251m [38;2;252;252;252m:[48;2;252;252;252m                              [0m
[7m[38;2;252;252;252m [0m[38;2;0;0;0;48;2;252;252;252m                                              [38;2;252;252;252;48;2;251;251;251m:_[38;2;253;253;253;48;2;237;237;237m'[38;2;88;88;88;48;2;143;143;143my[38;2;50;50;50;48;2;22;22;22m~[48;2;0;0;0m                                [38;2;1;1;1m.[38;2;0;0;0;48;2;12;12;12m:[38;2;133;133;133;48;2;107;107;107m~[38;2;216;216;216;48;2;231;231;231mL[38;2;251;251;251;48;2;250;250;250mL[48;2;251;251;251m [48;2;252;252;252m                              [0m
[7m[38;2;252;252;252m [0m[38;2;0;0;0;48;2;252;252;252m                                              [48;2;251;251;251m [38;2;251;251;251;48;2;252;252;252m4[38;2;216;216;216;48;2;226;226;226m4[38;2;88;88;88;48;2;54;54;54mL[38;2;0;0;0;48;2;2;2;2m:[48;2;0;0;0m                                [38;2;1;1;1m:[38;2;0;0;0;48;2;10;10;10m:[38;2;139;139;139;48;2;95;95;95m_[38;2;216;216;216;48;2;230;230;230mF[48;2;251;251;251m  [48;2;252;252;252m                              [0m
[7m[38;2;252;252;252m [0m[38;2;0;0;0;48;2;252;252;252m                                              [38;2;252;252;252;48;2;251;251;251m:[38;2;250;250;250ms[38;2;253;253;253;48;2;234;234;234m:[38;2;147;147;147;48;2;103;103;103mL[38;2;1;1;1;48;2;17;17;17m:[48;2;0;0;0m                                [38;2;0;0;0;48;2;9;9;9m`[38;2;160;160;160;48;2;69;69;69m_[38;2;161;161;161;48;2;210;210;210m~[38;2;237;237;237;48;2;248;248;248m~[48;2;251;251;251m [38;2;252;252;252m.[48;2;252;252;252m                              [0m
[7m[38;2;252;252;252m [0m[38;2;0;0;0;48;2;252;252;252m                                              [38;2;252;252;252;48;2;251;251;251m:[38;2;250;250;250m~[38;2;253;253;253;48;2;249;249;249m'[38;2;191;191;191;48;2;221;221;221m~[38;2;168;168;168;48;2;85;85;85m_[38;2;35;35;35;48;2;13;13;13m,[38;2;1;1;1;48;2;0;0;0m;                           ,[38;2;0;0;0;48;2;3;3;3m:[38;2;112;112;112;48;2;36;36;36m_[38;2;68;68;68;48;2;160;160;160m~[38;2;193;193;193;48;2;229;229;229m"[38;2;243;243;243;48;2;250;250;250m~[48;2;252;252;252m                                 [0m
[7m[38;2;252;252;252m [0m[38;2;0;0;0;48;2;252;252;252m                                               [38;2;252;252;252;48;2;251;251;251m:[38;2;250;250;250m`[38;2;254;254;254;48;2;250;250;250m'[38;2;205;205;205;48;2;230;230;230m"[38;2;169;169;169;48;2;108;108;108my[38;2;58;58;58;48;2;22;22;22m,[38;2;0;0;0;48;2;1;1;1m`[48;2;0;0;0m                          [48;2;5;5;5m:[38;2;127;127;127;48;2;56;56;56m_[38;2;150;150;150;48;2;205;205;205m~[38;2;234;234;234;48;2;247;247;247m~[48;2;251;251;251m [38;2;252;252;252m:[48;2;252;252;252m                                 [0m
[7m[38;2;252;252;252m [0m[38;2;0;0;0;48;2;252;252;252m                                                 [38;2;252;252;252;48;2;251;251;251m:[38;2;250;250;250m=[38;2;252;252;252;48;2;239;239;239m:[38;2;108;108;108;48;2;179;179;179m~[38;2;160;160;160;48;2;60;60;60m_[38;2;40;40;40;48;2;11;11;11m,[38;2;2;2;2;48;2;0;0;0m.                       [38;2;63;63;63;48;2;3;3;3m_[38;2;86;86;86;48;2;34;34;34m_[38;2;139;139;139;48;2;120;120;120m4[38;2;131;131;131;48;2;205;205;205m_[38;2;178;178;178;48;2;234;234;234m_[38;2;211;211;211;48;2;243;243;243m_[38;2;237;237;237;48;2;249;249;249m_[38;2;249;249;249;48;2;251;251;251m_[48;2;252;252;252m                                [0m
[7m[38;2;252;252;252m [0m[38;2;0;0;0;48;2;252;252;252m                                                   [48;2;251;251;251m [38;2;253;253;253;48;2;250;250;250m'[38;2;199;199;199;48;2;237;237;237m`[38;2;83;83;83;48;2;178;178;178m~[38;2;179;179;179;48;2;59;59;59m_[38;2;58;58;58;48;2;12;12;12m,[38;2;1;1;1;48;2;0;0;0m.                  [38;2;0;0;0;48;2;5;5;5m:[38;2;133;133;133;48;2;33;33;33m_[38;2;177;177;177;48;2;93;93;93my[38;2;105;105;105;48;2;197;197;197m~[38;2;129;129;129;48;2;202;202;202m~[38;2;205;205;205;48;2;152;152;152my[38;2;196;196;196;48;2;123;123;123m_[38;2;139;139;139;48;2;113;113;113m_[38;2;172;172;172;48;2;125;125;125m~[38;2;176;176;176;48;2;194;194;194ms[38;2;233;233;233;48;2;241;241;241mL[48;2;251;251;251m [48;2;252;252;252m                               [0m
[7m[38;2;252;252;252m [0m[38;2;0;0;0;48;2;252;252;252m                                                    [38;2;252;252;252;48;2;251;251;251m:[38;2;248;248;248m`[38;2;253;253;253;48;2;249;249;249m'[38;2;209;209;209;48;2;238;238;238m`[38;2;117;117;117;48;2;199;199;199m~[38;2;169;169;169;48;2;86;86;86my[38;2;115;115;115;48;2;23;23;23m_[38;2;24;24;24;48;2;4;4;4m,[38;2;2;2;2;48;2;0;0;0m,             [38;2;0;0;0;48;2;10;10;10m:[38;2;142;142;142;48;2;44;44;44m_[38;2;52;52;52;48;2;153;153;153m~[38;2;169;169;169;48;2;227;227;227m~[38;2;239;239;239;48;2;248;248;248m~[48;2;251;251;251m [38;2;252;252;252m"[38;2;251;251;251;48;2;250;250;250m:[38;2;218;218;218;48;2;242;242;242m`[38;2;174;174;174;48;2;222;222;222m~[38;2;134;134;134;48;2;210;210;210m~[38;2;210;210;210;48;2;237;237;237m"[38;2;246;246;246;48;2;251;251;251m~[48;2;252;252;252m                                [0m
[7m[38;2;252;252;252m [0m[38;2;0;0;0;48;2;252;252;252m                                                       [48;2;251;251;251m [38;2;252;252;252;48;2;250;250;250m.[38;2;232;232;232;48;2;246;246;246m`[38;2;184;184;184;48;2;228;228;228m~[38;2;65;65;65;48;2;175;175;175m~[38;2;217;217;217;48;2;79;79;79m_[38;2;172;172;172;48;2;36;36;36m_[38;2;89;89;89;48;2;15;15;15m_[38;2;28;28;28;48;2;5;5;5m,[38;2;1;1;1;48;2;0;0;0m.-- - [38;2;0;0;0;48;2;3;3;3m`[38;2;66;66;66;48;2;11;11;11m_[38;2;150;150;150;48;2;33;33;33m_[38;2;214;214;214;48;2;86;86;86m_[38;2;77;77;77;48;2;185;185;185m~[38;2;199;199;199;48;2;239;239;239m~[38;2;243;243;243;48;2;250;250;250m`[48;2;251;251;251m [48;2;252;252;252m                                         [0m
[7m[38;2;252;252;252m [0m[38;2;0;0;0;48;2;252;252;252m                                                         [38;2;252;252;252;48;2;251;251;251m:[38;2;250;250;250m`[38;2;254;254;254;48;2;252;252;252m`[38;2;252;252;252;48;2;250;250;250m'[38;2;205;205;205;48;2;240;240;240m`[38;2;148;148;148;48;2;225;225;225m~[38;2;95;95;95;48;2;205;205;205m~[38;2;61;61;61;48;2;182;182;182m~[38;2;47;47;47;48;2;166;166;166m~[38;2;209;209;209;48;2;117;117;117my[38;2;205;205;205;48;2;108;108;108my[38;2;212;212;212;48;2;120;120;120my[38;2;53;53;53;48;2;175;175;175m~[38;2;78;78;78;48;2;198;198;198m~[38;2;122;122;122;48;2;221;221;221m~[38;2;191;191;191;48;2;235;235;235m"[38;2;242;242;242;48;2;250;250;250m~[38;2;254;254;254;48;2;252;252;252m`[38;2;251;251;251m`                                           [0m
[7m[38;2;252;252;252m [0m[38;2;0;0;0;48;2;252;252;252m                                                             [38;2;252;252;252;48;2;251;251;251m..[38;2;253;253;253m` [38;2;250;250;250m?F[38;2;252;252;252m.  [38;2;253;253;253m`[48;2;252;252;252m [38;2;252;252;252;48;2;251;251;251m.[48;2;252;252;252m                                              [0m
[7m[38;2;252;252;252m [0m[38;2;0;0;0;48;2;252;252;252m                                                                                                                       [0m
[7m[38;2;252;252;252m [0m[38;2;0;0;0;48;2;252;252;252m                                                                                                                       [0m
[7m[38;2;252;252;252m [0m[38;2;0;0;0;48;2;252;252;252m                                                                                                                       [0m
[7m[38;2;252;252;252m [0m[38;2;0;0;0;48;2;252;252;252m                                                                                                                       [0m
[7m[38;2;252;252;252m [0m[38;2;0;0;0;48;2;252;252;252m                                                                                                                       [0m
[7m[38;2;252;252;252m [0m[38;2;0;0;0;48;2;252;252;252m                                                                                                                       [0m
[7m[38;2;252;252;252m [0m[38;2;0;0;0;48;2;252;252;252m                                                                                                                       [0m
[?25h