[?25l[0m[7m[38;2;252;252;252m [0m[38;2;0;0;0;48;2;252;252;252m                                                                                                    [38;2;253;253;253m"[38;2;251;251;251;48;2;248;248;248m.[38;2;231;231;231;48;2;235;235;235m4[38;2;220;220;220;48;2;214;214;214mL[38;2;198;198;198;48;2;191;191;191mL[38;2;179;179;179;48;2;172;172;172m_[38;2;167;167;167;48;2;161;161;161my[38;2;165;165;165;48;2;156;156;156m_[38;2;162;162;162;48;2;153;153;153m_[38;2;161;161;161;48;2;152;152;152m__[38;2;160;160;160;48;2;154;154;154m_[38;2;155;155;155;48;2;157;157;157m~[38;2;162;162;162;48;2;161;161;161m`[38;2;168;168;168;48;2;165;165;165m~[38;2;163;163;163;48;2;167;167;167my[38;2;157;157;157;48;2;165;165;165m_[48;2;162;162;162my[38;2;150;150;150;48;2;158;158;158m_[0m
[7m[38;2;252;252;252m [0m[38;2;0;0;0;48;2;252;252;252m                                                                                                     [38;2;252;252;252;48;2;251;251;251m.[38;2;241;241;241;48;2;244;244;244m~[38;2;234;234;234;48;2;227;227;227m_[38;2;214;214;214;48;2;207;207;207mL[38;2;199;199;199;48;2;190;190;190my[38;2;193;193;193;48;2;183;183;183my[38;2;185;185;185;48;2;177;177;177my[38;2;174;174;174;48;2;170;170;170my[38;2;164;164;164;48;2;169;169;169m~~[38;2;167;167;167;48;2;165;165;165my[48;2;162;162;162m [38;2;158;158;158;48;2;159;159;159m_[38;2;154;154;154;48;2;157;157;157m_[38;2;149;149;149;48;2;154;154;154m_[38;2;146;146;146;48;2;150;150;150my[38;2;142;142;142;48;2;146;146;146my[38;2;147;147;147;48;2;142;142;142m~[0m
[7m[38;2;252;252;252m [0m[38;2;0;0;0;48;2;252;252;252m                                                                                                     [38;2;253;253;253m"[38;2;252;252;252;48;2;250;250;250m.[38;2;239;239;239;48;2;244;244;244m~[38;2;224;224;224;48;2;234;234;234m~[38;2;228;228;228;48;2;219;219;219my[38;2;218;218;218;48;2;210;210;210my[38;2;208;208;208;48;2;199;199;199m_[38;2;188;188;188;48;2;183;183;183my[38;2;184;184;184;48;2;177;177;177m_[38;2;177;177;177;48;2;175;175;175m_[38;2;170;170;170;48;2;169;169;169m,[38;2;163;163;163;48;2;162;162;162ml[38;2;154;154;154;48;2;156;156;156my[38;2;153;153;153;48;2;149;149;149m~[38;2;147;147;147;48;2;143;143;143m~[38;2;135;135;135;48;2;139;139;139m_[38;2;137;137;137;48;2;134;134;134m~[38;2;135;135;135m~[0m
[7m[38;2;252;252;252m [0m[38;2;0;0;0;48;2;252;252;252m                                                                                                      [38;2;252;252;252;48;2;251;251;251m:[38;2;250;250;250m`[38;2;247;247;247m`[38;2;241;241;241;48;2;247;247;247m~[38;2;229;229;229;48;2;237;237;237m~[38;2;225;225;225;48;2;219;219;219my[38;2;208;208;208;48;2;203;203;203mw[38;2;196;196;196;48;2;190;190;190m_[38;2;186;186;186;48;2;181;181;181m_[38;2;177;177;177;48;2;173;173;173m_[38;2;169;169;169;48;2;166;166;166mL[38;2;160;160;160;48;2;157;157;157mL[38;2;151;151;151;48;2;149;149;149mL[38;2;145;145;145;48;2;143;143;143mL[38;2;139;139;139;48;2;137;137;137mL[38;2;135;135;135;48;2;133;133;133m_[38;2;137;137;137;48;2;135;135;135m_[0m
[7m[38;2;252;252;252m [0m[38;2;0;0;0;48;2;252;252;252m                                                                                                         [38;2;252;252;252;48;2;251;251;251m:[38;2;245;245;245;48;2;247;247;247m"[38;2;236;236;236;48;2;231;231;231mL[38;2;216;216;216;48;2;212;212;212mL[38;2;203;203;203;48;2;201;201;201mL[38;2;189;189;189;48;2;193;193;193m~[38;2;190;190;190;48;2;183;183;183m_[38;2;181;181;181;48;2;175;175;175m_[38;2;173;173;173;48;2;166;166;166m_[38;2;168;168;168;48;2;158;158;158m_[38;2;162;162;162;48;2;152;152;152m_[38;2;157;157;157;48;2;147;147;147m_[38;2;156;156;156;48;2;143;143;143m_[38;2;159;159;159;48;2;145;145;145m_[0m
[7m[38;2;252;252;252m [0m[38;2;0;0;0;48;2;252;252;252m                                                                                                          [38;2;250;250;250;48;2;251;251;251m`[38;2;238;238;238;48;2;240;240;240m~[38;2;229;229;229;48;2;224;224;224mL[38;2;218;218;218;48;2;213;213;213my[38;2;208;208;208;48;2;204;204;204my[38;2;202;202;202;48;2;196;196;196m_[38;2;196;196;196;48;2;188;188;188m_[38;2;193;193;193;48;2;182;182;182m_[38;2;189;189;189;48;2;178;178;178m_[38;2;183;183;183;48;2;172;172;172m_[38;2;177;177;177;48;2;166;166;166m_[38;2;176;176;176;48;2;164;164;164m_[38;2;177;177;177;48;2;166;166;166m_[0m
[7m[38;2;252;252;252m [0m[38;2;0;0;0;48;2;252;252;252m                                                                                                          [38;2;252;252;252;48;2;251;251;251m:[38;2;249;249;249;48;2;247;247;247mL[38;2;241;241;241;48;2;235;235;235m_[38;2;228;228;228;48;2;223;223;223m_[38;2;222;222;222;48;2;215;215;215m_[38;2;206;206;206;48;2;214;214;214m~[38;2;212;212;212;48;2;206;206;206my[38;2;207;207;207;48;2;202;202;202my[38;2;204;204;204;48;2;198;198;198m_[38;2;196;196;196;48;2;191;191;191my[38;2;197;197;197;48;2;187;187;187m_[38;2;198;198;198m_[38;2;201;201;201;48;2;189;189;189m_[0m
[7m[38;2;252;252;252m [0m[38;2;0;0;0;48;2;252;252;252m                                                                                                           [38;2;252;252;252;48;2;251;251;251m:[38;2;245;245;245;48;2;248;248;248m~[38;2;240;240;240;48;2;235;235;235mL[38;2;238;238;238;48;2;228;228;228m_[38;2;233;233;233;48;2;227;227;227my[38;2;228;228;228;48;2;223;223;223my[38;2;223;223;223;48;2;218;218;218my[38;2;219;219;219;48;2;214;214;214my[38;2;217;217;217;48;2;210;210;210my[38;2;202;202;202;48;2;212;212;212m~[38;2;203;203;203m~[38;2;206;206;206;48;2;215;215;215m~[0m
[7m[38;2;252;252;252m [0m[38;2;0;0;0;48;2;252;252;252m                                                                                                            [38;2;252;252;252;48;2;251;251;251m:[38;2;247;247;247;48;2;250;250;250m"[38;2;243;243;243;48;2;248;248;248m~[38;2;240;240;240;48;2;245;245;245m~[38;2;234;234;234;48;2;238;238;238m~[38;2;236;236;236;48;2;232;232;232my[38;2;237;237;237;48;2;230;230;230m_[38;2;234;234;234;48;2;228;228;228m_[38;2;230;230;230;48;2;225;225;225m_[38;2;229;229;229;48;2;224;224;224m_[38;2;230;230;230;48;2;226;226;226m_[0m
[7m[38;2;252;252;252m [0m[38;2;0;0;0;48;2;252;252;252m                                                                                                               [38;2;249;249;249;48;2;251;251;251m`[38;2;245;245;245;48;2;249;249;249m~[38;2;242;242;242;48;2;248;248;248m~[38;2;241;241;241;48;2;247;247;247m~[38;2;239;239;239;48;2;246;246;246m~[38;2;235;235;235;48;2;244;244;244m~[38;2;248;248;248;48;2;240;240;240my[38;2;235;235;235;48;2;244;244;244m~[0m
[7m[38;2;252;252;252m [0m[38;2;0;0;0;48;2;252;252;252m                                                                                                                       [0m
[7m[38;2;252;252;252m [0m[38;2;0;0;0;48;2;252;252;252m                                                                                                                       [0m
[7m[38;2;252;252;252m [0m[38;2;0;0;0;48;2;252;252;252m                                                                                                                       [0m
[7m[38;2;252;252;252m [0m[38;2;0;0;0;48;2;252;252;252m                                                                                                                       [0m
[7m[38;2;252;252;252m [0m[38;2;0;0;0;48;2;252;252;252m                                                                                                                       [0m
[7m[38;2;252;252;252m [0m[38;2;0;0;0;48;2;252;252;252m                                                                                                                       [0m
[7m[38;2;252;252;252m [0m[38;2;0;0;0;48;2;252;252;252m                                                                                                                       [0m
[7m[38;2;252;252;252m [0m[38;2;0;0;0;48;2;252;252;252m                                                                                                                       [0m
[7m[38;2;252;252;252m [0m[38;2;0;0;0;48;2;252;252;252m                                                                                                                       [0m
[7m[38;2;252;252;252m [0m[38;2;0;0;0;48;2;252;252;252m                                                                                                                       [0m
[38;2;248;248;248;48;2;251;251;251m_[38;2;252;252;252m.[48;2;252;252;252m                                                                                                                      [0m
[38;2;226;226;226;48;2;238;238;238m_[38;2;240;240;240;48;2;246;246;246m_[38;2;249;249;249;48;2;250;250;250m,[38;2;252;252;252;48;2;251;251;251m:[48;2;252;252;252m                                                                                                                    [0m
[38;2;221;221;221;48;2;217;217;217m~[38;2;228;228;228;48;2;233;233;233mL[38;2;244;244;244;48;2;247;247;247mL[38;2;252;252;252;48;2;251;251;251m:[48;2;252;252;252m                                                                                                                    [0m
[38;2;212;212;212;48;2;214;214;214mL[38;2;226;226;226;48;2;229;229;229mL[48;2;244;244;244m [38;2;252;252;252;48;2;251;251;251m.[48;2;252;252;252m                                                                                                                    [0m
[38;2;210;210;210;48;2;204;204;204m`[38;2;224;224;224;48;2;218;218;218m~[38;2;229;229;229;48;2;237;237;237m_[38;2;246;246;246;48;2;249;249;249m_[38;2;252;252;252;48;2;251;251;251m:[48;2;252;252;252m                                                                                                                   [0m
[38;2;215;215;215;48;2;207;207;207m_[38;2;211;211;211;48;2;209;209;209m_[38;2;225;225;225;48;2;218;218;218m"[38;2;232;232;232;48;2;238;238;238mL[38;2;248;248;248;48;2;250;250;250m_[48;2;252;252;252m                                                                                                                   [0m
[38;2;238;238;238;48;2;229;229;229my[38;2;236;236;236;48;2;225;225;225my[38;2;241;241;241m_[38;2;232;232;232;48;2;238;238;238mF[38;2;248;248;248;48;2;249;249;249m~[48;2;252;252;252m                                                                                                                   [0m
[38;2;247;247;247;48;2;250;250;250m~~[38;2;246;246;246m~[38;2;248;248;248;48;2;251;251;251m~[48;2;252;252;252m                                                                                                                    [0m
[7m[38;2;252;252;252m [0m[38;2;0;0;0;48;2;252;252;252m                                                                                                                       [0m
[7m[38;2;252;252;252m [0m[38;2;0;0;0;48;2;252;252;252m                                                                                                                       [0m
[7m[38;2;252;252;252m [0m[38;2;0;0;0;48;2;252;252;252m                                                                                                                       [0m
[7m[38;2;252;252;252m [0m[38;2;0;0;0;48;2;252;252;252m                                                                                                                       [0m
[7m[38;2;252;252;252m [0m[38;2;0;0;0;48;2;252;252;252m                                                                                                                       [0m
[7m[38;2;252;252;252m [0m[38;2;0;0;0;48;2;252;252;252m                                                                                                                       [0m
[7m[38;2;252;252;252m [0m[38;2;0;0;0;48;2;252;252;252m                                                                                                                       [0m
[7m[38;2;252;252;252m [0m[38;2;0;0;0;48;2;252;252;252m                                                                                                                       [0m
[?25h