[?25l[0m[7m[38;2;0;0;0m [0m[38;2;0;0;0;48;2;0;0;0m                                                                                                                       [0m
[7m[38;2;0;0;0m [0m[38;2;0;0;0;48;2;0;0;0m                                                                                                                       [0m
[7m[38;2;0;0;0m [0m[38;2;0;0;0;48;2;0;0;0m                                                                                                                       [0m
[7m[38;2;0;0;0m [0m[38;2;0;0;0;48;2;0;0;0m                                                                                                                       [0m
[7m[38;2;0;0;0m [0m[38;2;0;0;0;48;2;0;0;0m                                                                                                                       [0m
[7m[38;2;0;0;0m [0m[38;2;0;0;0;48;2;0;0;0m                                                                                                                       [0m
[7m[38;2;0;0;0m [0m[38;2;0;0;0;48;2;0;0;0m                                                                                                                       [0m
[7m[38;2;0;0;0m [0m[38;2;0;0;0;48;2;0;0;0m                                                                                                                       [0m
[7m[38;2;0;0;0m [0m[38;2;0;0;0;48;2;0;0;0m                                                                                                                       [0m
[7m[38;2;0;0;0m [0m[38;2;0;0;0;48;2;0;0;0m                                                             [48;2;1;1;1m:[38;2;44;44;44;48;2;3;3;3m_[38;2;14;14;14;48;2;2;2;2m,[48;2;0;0;0m                                                       [0m
[7m[38;2;0;0;0m [0m[38;2;0;0;0;48;2;0;0;0m                                                          [48;2;2;2;2m`[38;2;40;40;40;48;2;7;7;7m_[38;2;0;0;0;48;2;24;24;24m`[38;2;157;157;157;48;2;80;80;80my[38;2;80;80;80;48;2;170;170;170m~[38;2;93;93;93;48;2;51;51;51mL[38;2;42;42;42;48;2;9;9;9m_[38;2;0;0;0;48;2;2;2;2m`[48;2;0;0;0m                                                     [0m
[7m[38;2;0;0;0m [0m[38;2;0;0;0;48;2;0;0;0m                                                         [38;2;53;53;53;48;2;36;36;36mu[38;2;101;101;101;48;2;162;162;162m~[38;2;170;170;170;48;2;230;230;230m~[38;2;174;174;174;48;2;234;234;234m~[38;2;222;222;222;48;2;244;244;244m~[38;2;218;218;218;48;2;241;241;241m"[38;2;153;153;153;48;2;231;231;231m`[38;2;186;186;186;48;2;164;164;164m$[38;2;75;75;75;48;2;40;40;40mL[48;2;0;0;0m                                                     [0m
[7m[38;2;0;0;0m [0m[38;2;0;0;0;48;2;0;0;0m                                                        [38;2;1;1;1m*[38;2;0;0;0;48;2;21;21;21m:[38;2;96;96;96;48;2;126;126;126m$[38;2;231;231;231;48;2;240;240;240mL[48;2;250;250;250m [38;2;251;251;251m_[38;2;249;249;249;48;2;248;248;248my[38;2;254;254;254;48;2;242;242;242m:[38;2;149;149;149;48;2;133;133;133mF[38;2;46;46;46;48;2;27;27;27mL[48;2;1;1;1m [48;2;0;0;0m                                                    [0m
[7m[38;2;0;0;0m [0m[38;2;0;0;0;48;2;0;0;0m                                                        [48;2;3;3;3m:[38;2;94;94;94;48;2;38;38;38m_[38;2;124;124;124;48;2;165;165;165mF[38;2;251;251;251;48;2;243;243;243m`[48;2;251;251;251m [38;2;252;252;252m.[38;2;250;250;250m`[38;2;254;254;254;48;2;247;247;247m:[38;2;156;156;156;48;2;192;192;192m~[38;2;89;89;89;48;2;49;49;49mL[38;2;2;2;2;48;2;1;1;1m.[48;2;0;0;0m                                                    [0m
[7m[38;2;0;0;0m [0m[38;2;0;0;0;48;2;0;0;0m                                                  [38;2;1;1;1m===-*[38;2;0;0;0;48;2;22;22;22m:[38;2;150;150;150;48;2;92;92;92my[38;2;122;122;122;48;2;211;211;211m~[38;2;207;207;207;48;2;239;239;239m_[38;2;155;155;155;48;2;236;236;236m_[38;2;252;252;252;48;2;248;248;248m`[38;2;254;254;254;48;2;252;252;252m_ [38;2;251;251;251m~[38;2;253;253;253;48;2;239;239;239m:[38;2;126;126;126;48;2;90;90;90mL[38;2;16;16;16;48;2;9;9;9mL[48;2;0;0;0m                                                    [0m
[7m[38;2;0;0;0m [0m[38;2;0;0;0;48;2;0;0;0m                                            [48;2;1;1;1m`[38;2;72;72;72;48;2;13;13;13m_[38;2;180;180;180;48;2;53;53;53m_[38;2;187;187;187;48;2;83;83;83my[38;2;211;211;211;48;2;103;103;103my[38;2;219;219;219;48;2;116;116;116my[38;2;223;223;223;48;2;124;124;124my[48;2;127;127;127my[38;2;225;225;225;48;2;133;133;133my[38;2;226;226;226;48;2;138;138;138my[38;2;227;227;227;48;2;141;141;141my[38;2;92;92;92;48;2;189;189;189m~[38;2;187;187;187;48;2;230;230;230m~[38;2;242;242;242;48;2;247;247;247m~[38;2;205;205;205;48;2;227;227;227m~[38;2;160;160;160;48;2;215;215;215m~[38;2;252;252;252;48;2;246;246;246m.[38;2;254;254;254;48;2;252;252;252m` [48;2;251;251;251m [48;2;241;241;241m:[38;2;143;143;143;48;2;113;113;113mL[38;2;35;35;35;48;2;19;19;19mL[38;2;1;1;1;48;2;0;0;0mz                                                   [0m
[7m[38;2;0;0;0m [0m[38;2;0;0;0;48;2;0;0;0m                                          [38;2;1;1;1m,[38;2;50;50;50;48;2;12;12;12m_[38;2;172;172;172;48;2;72;72;72m_[38;2;95;95;95;48;2;196;196;196m~[38;2;230;230;230;48;2;246;246;246m~[38;2;241;241;241;48;2;250;250;250m`[38;2;250;250;250;48;2;252;252;252m`[38;2;252;252;252;48;2;251;251;251m:  [38;2;250;250;250m^~~~ [48;2;252;252;252m [48;2;251;251;251m  [38;2;252;252;252m:[48;2;252;252;252m [48;2;251;251;251m:[38;2;250;250;250m`[38;2;254;254;254;48;2;248;248;248m'[38;2;154;154;154;48;2;214;214;214m~[38;2;190;190;190;48;2;111;111;111my[38;2;168;168;168;48;2;52;52;52m_[38;2;57;57;57;48;2;13;13;13m_[38;2;0;0;0;48;2;1;1;1m`[48;2;0;0;0m                                                 [0m
[7m[38;2;0;0;0m [0m[38;2;0;0;0;48;2;0;0;0m                                          [38;2;61;61;61;48;2;31;31;31my[38;2;73;73;73;48;2;152;152;152m~[38;2;202;202;202;48;2;239;239;239m~[38;2;253;253;253;48;2;250;250;250m`[38;2;250;250;250;48;2;251;251;251m`[38;2;252;252;252m:[48;2;252;252;252m                [48;2;251;251;251m:_[38;2;251;251;251;48;2;249;249;249m.[38;2;205;205;205;48;2;238;238;238m"[38;2;133;133;133;48;2;204;204;204m~[38;2;184;184;184;48;2;104;104;104my[38;2;131;131;131;48;2;35;35;35m_[38;2;34;34;34;48;2;3;3;3m_[38;2;1;1;1;48;2;0;0;0my                                              [0m
[7m[38;2;0;0;0m [0m[38;2;0;0;0;48;2;0;0;0m                                         [38;2;27;27;27;48;2;15;15;15my[38;2;89;89;89;48;2;118;118;118ml[38;2;231;231;231;48;2;242;242;242m~[38;2;253;253;253;48;2;251;251;251m`[48;2;252;252;252m                      .[48;2;251;251;251m.[38;2;239;239;239;48;2;247;247;247m`[38;2;182;182;182;48;2;226;226;226m~[38;2;65;65;65;48;2;157;157;157m~[38;2;131;131;131;48;2;49;49;49m_[38;2;30;30;30;48;2;7;7;7m_[38;2;3;3;3;48;2;0;0;0m_                                            [0m
[7m[38;2;0;0;0m [0m[38;2;0;0;0;48;2;0;0;0m                                         [38;2;44;44;44;48;2;27;27;27m4[38;2;154;154;154;48;2;129;129;129m4[38;2;242;242;242;48;2;246;246;246mL[38;2;250;250;250;48;2;251;251;251m=[38;2;252;252;252m:[48;2;252;252;252m                     [38;2;253;253;253m~~[38;2;252;252;252;48;2;251;251;251m: [38;2;253;253;253;48;2;250;250;250m`[38;2;160;160;160;48;2;230;230;230m`[38;2;79;79;79;48;2;150;150;150m~[38;2;106;106;106;48;2;37;37;37m_[38;2;20;20;20;48;2;2;2;2m,[48;2;0;0;0m                                           [0m
[7m[38;2;0;0;0m [0m[38;2;0;0;0;48;2;0;0;0m                                         [48;2;5;5;5m:[38;2;105;105;105;48;2;76;76;76m4[38;2;166;166;166;48;2;222;222;222m_[38;2;253;253;253;48;2;250;250;250m:[38;2;249;249;249;48;2;251;251;251m_[38;2;252;252;252m:[48;2;252;252;252m                         [48;2;251;251;251m`[38;2;237;237;237;48;2;247;247;247m`[38;2;148;148;148;48;2;203;203;203m~[38;2;126;126;126;48;2;72;72;72mL[38;2;35;35;35;48;2;8;8;8m_[48;2;0;0;0m                                          [0m
[7m[38;2;0;0;0m [0m[38;2;0;0;0;48;2;0;0;0m                                         [38;2;1;1;1m`[38;2;29;29;29;48;2;10;10;10m"[38;2;128;128;128;48;2;73;73;73m~[38;2;101;101;101;48;2;200;200;200m_[38;2;236;236;236;48;2;246;246;246m,[38;2;253;253;253;48;2;251;251;251m. [48;2;252;252;252m                        [38;2;252;252;252;48;2;251;251;251m:[38;2;250;250;250m"[38;2;253;253;253;48;2;249;249;249m`[38;2;178;178;178;48;2;216;216;216m~[38;2;124;124;124;48;2;75;75;75mL[38;2;25;25;25;48;2;6;6;6m,[48;2;0;0;0m                                         [0m
[7m[38;2;0;0;0m [0m[38;2;0;0;0;48;2;0;0;0m                                          [38;2;1;1;1m`[38;2;7;7;7;48;2;2;2;2m`[38;2;63;63;63;48;2;23;23;23m"[38;2;169;169;169;48;2;84;84;84m~[38;2;81;81;81;48;2;190;190;190m_[38;2;171;171;171;48;2;240;240;240m_[38;2;253;253;253;48;2;251;251;251m:[38;2;252;252;252m:[38;2;253;253;253;48;2;252;252;252ma                     [38;2;252;252;252;48;2;251;251;251m.`[38;2;250;250;250;48;2;245;245;245m`[38;2;141;141;141;48;2;222;222;222m_[38;2;138;138;138;48;2;89;89;89mF[38;2;32;32;32;48;2;14;14;14m~[38;2;1;1;1;48;2;0;0;0m"                                        [0m
[7m[38;2;0;0;0m [0m[38;2;0;0;0;48;2;0;0;0m                                              [38;2;22;22;22;48;2;7;7;7m"[38;2;115;115;115;48;2;51;51;51m"[38;2;64;64;64;48;2;164;164;164m_[38;2;203;203;203;48;2;239;239;239m_[38;2;254;254;254;48;2;250;250;250m.[48;2;251;251;251m [38;2;252;252;252m:[48;2;252;252;252m                 [48;2;251;251;251m:[38;2;250;250;250m_[38;2;253;253;253;48;2;250;250;250m.[38;2;200;200;200;48;2;236;236;236m_[38;2;82;82;82;48;2;146;146;146my[38;2;83;83;83;48;2;26;26;26m~[38;2;3;3;3;48;2;1;1;1m'[48;2;0;0;0m                                          [0m
[7m[38;2;0;0;0m [0m[38;2;0;0;0;48;2;0;0;0m                                               [38;2;1;1;1m`[38;2;41;41;41;48;2;15;15;15m"[38;2;149;149;149;48;2;82;82;82m~[38;2;123;123;123;48;2;206;206;206m_[38;2;250;250;250;48;2;246;246;246m`[48;2;251;251;251mz [48;2;252;252;252m                [48;2;251;251;251m [38;2;253;253;253;48;2;250;250;250m.[38;2;207;207;207;48;2;239;239;239m_[38;2;87;87;87;48;2;134;134;134my[38;2;52;52;52;48;2;23;23;23m^[38;2;1;1;1;48;2;0;0;0m^                                           [0m
[7m[38;2;0;0;0m [0m[38;2;0;0;0;48;2;0;0;0m                                                 [48;2;1;1;1m'[38;2;68;68;68;48;2;30;30;30m"[38;2;75;75;75;48;2;146;146;146my[38;2;149;149;149;48;2;225;225;225m_[38;2;242;242;242;48;2;248;248;248m,[38;2;249;249;249;48;2;251;251;251m_[38;2;252;252;252m.[48;2;252;252;252m            [48;2;251;251;251m:[38;2;250;250;250m_[38;2;253;253;253;48;2;250;250;250m.[38;2;193;193;193;48;2;234;234;234m_[38;2;78;78;78;48;2;133;133;133my[38;2;54;54;54;48;2;22;22;22m^[48;2;0;0;0m                                             [0m
[7m[38;2;0;0;0m [0m[38;2;0;0;0;48;2;0;0;0m                                                   [38;2;18;18;18;48;2;5;5;5m`[38;2;101;101;101;48;2;37;37;37m~[38;2;34;34;34;48;2;142;142;142m_[38;2;134;134;134;48;2;220;220;220m_[38;2;205;205;205;48;2;244;244;244m_[38;2;252;252;252;48;2;250;250;250m`[38;2;250;250;250;48;2;251;251;251ma   aaa [38;2;253;253;253m_[38;2;251;251;251;48;2;252;252;252m_[38;2;252;252;252;48;2;251;251;251m`[38;2;226;226;226;48;2;248;248;248m_[38;2;175;175;175;48;2;240;240;240m_[38;2;94;94;94;48;2;197;197;197m_[38;2;159;159;159;48;2;76;76;76m~[38;2;56;56;56;48;2;14;14;14m'[48;2;0;0;0m                                              [0m
[7m[38;2;0;0;0m [0m[38;2;0;0;0;48;2;0;0;0m                                                    [38;2;1;1;1m"[38;2;0;0;0;48;2;1;1;1m:[38;2;55;55;55;48;2;17;17;17m"[38;2;158;158;158;48;2;55;55;55m~[38;2;227;227;227;48;2;100;100;100m~[38;2;0;0;0;48;2;167;167;167m_[48;2;182;182;182m_[48;2;183;183;183m_[48;2;175;175;175m_[48;2;163;163;163m_[48;2;151;151;151m_[38;2;55;55;55;48;2;149;149;149my[38;2;236;236;236;48;2;104;104;104m~[38;2;235;235;235;48;2;93;93;93m~[38;2;231;231;231;48;2;83;83;83m~[38;2;225;225;225;48;2;76;76;76m~[38;2;195;195;195;48;2;60;60;60m~[38;2;114;114;114;48;2;32;32;32m~[38;2;34;34;34;48;2;8;8;8m'[48;2;0;0;0m                                                [0m
[7m[38;2;0;0;0m [0m[38;2;0;0;0;48;2;0;0;0m                                                                                                                       [0m
[7m[38;2;0;0;0m [0m[38;2;0;0;0;48;2;0;0;0m                                                                                                                       [0m
[7m[38;2;0;0;0m [0m[38;2;0;0;0;48;2;0;0;0m                                                                                                                       [0m
[7m[38;2;0;0;0m [0m[38;2;0;0;0;48;2;0;0;0m                                                                                                                       [0m
[7m[38;2;0;0;0m [0m[38;2;0;0;0;48;2;0;0;0m                                                                                                                       [0m
[7m[38;2;0;0;0m [0m[38;2;0;0;0;48;2;0;0;0m                                                                                                                       [0m
[7m[38;2;0;0;0m [0m[38;2;0;0;0;48;2;0;0;0m                                                                                                                       [0m
[7m[38;2;0;0;0m [0m[38;2;0;0;0;48;2;0;0;0m                                                                                                                       [0m
[?25h