[?25l[0m[7m[38;2;252;252;252m [0m[38;2;0;0;0;48;2;252;252;252m                                                                                                                       [0m
[7m[38;2;252;252;252m [0m[38;2;0;0;0;48;2;252;252;252m                                                                                                                       [0m
[7m[38;2;252;252;252m [0m[38;2;0;0;0;48;2;252;252;252m                                                                                                                       [0m
[7m[38;2;252;252;252m [0m[38;2;0;0;0;48;2;252;252;252m                                                                                                                       [0m
[7m[38;2;252;252;252m [0m[38;2;0;0;0;48;2;252;252;252m                                                                                                                       [0m
[7m[38;2;252;252;252m [0m[38;2;0;0;0;48;2;252;252;252m                                                                                                                       [0m
[7m[38;2;252;252;252m [0m[38;2;0;0;0;48;2;252;252;252m                                                                                                                       [0m
[7m[38;2;252;252;252m [0m[38;2;0;0;0;48;2;252;252;252m                                                                                                                       [0m
[7m[38;2;252;252;252m [0m[38;2;0;0;0;48;2;252;252;252m                                                                                                                       [0m
[7m[38;2;252;252;252m [0m[38;2;0;0;0;48;2;252;252;252m                                                                                                                       [0m
[7m[38;2;252;252;252m [0m[38;2;0;0;0;48;2;252;252;252m                                                                                                                       [0m
[7m[38;2;252;252;252m [0m[38;2;0;0;0;48;2;252;252;252m                                                                                                                       [0m
[7m[38;2;252;252;252m [0m[38;2;0;0;0;48;2;252;252;252m                                                                                                                       [0m
[7m[38;2;252;252;252m [0m[38;2;0;0;0;48;2;252;252;252m                                                                                                                       [0m
[7m[38;2;252;252;252m [0m[38;2;0;0;0;48;2;252;252;252m                                                                                                                       [0m
[7m[38;2;252;252;252m [0m[38;2;0;0;0;48;2;252;252;252m                                                                                                                       [0m
[7m[38;2;252;252;252m [0m[38;2;0;0;0;48;2;252;252;252m                                                                                                                       [0m
[7m[38;2;252;252;252m [0m[38;2;0;0;0;48;2;252;252;252m                                                                                                                       [0m
[7m[38;2;252;252;252m [0m[38;2;0;0;0;48;2;252;252;252m                                                                                                                       [0m
[7m[38;2;252;252;252m [0m[38;2;0;0;0;48;2;252;252;252m                                                                                                                       [0m
[7m[38;2;252;252;252m [0m[38;2;0;0;0;48;2;252;252;252m                                                          [38;2;252;252;252;48;2;251;251;251m:  ::[38;2;246;246;246m_[38;2;240;240;240;48;2;250;250;250m_[38;2;244;244;244;48;2;251;251;251m_[38;2;252;252;252m:[48;2;252;252;252m                                                    [0m
[7m[38;2;252;252;252m [0m[38;2;0;0;0;48;2;252;252;252m                                                       [38;2;252;252;252;48;2;251;251;251m:[38;2;253;253;253;48;2;252;252;252m.[48;2;246;246;246m:[38;2;126;126;126;48;2;223;223;223m_[38;2;85;85;85;48;2;213;213;213m_[38;2;169;169;169;48;2;233;233;233m_[38;2;215;215;215;48;2;242;242;242m_[38;2;202;202;202;48;2;234;234;234m_[38;2;196;196;196;48;2;218;218;218my[38;2;227;227;227;48;2;194;194;194m~[38;2;232;232;232;48;2;200;200;200m~[38;2;207;207;207;48;2;232;232;232m_[38;2;237;237;237;48;2;248;248;248m_[38;2;247;247;247;48;2;251;251;251m_[38;2;250;250;250m,[38;2;252;252;252m:[48;2;252;252;252m                                                [0m
[7m[38;2;252;252;252m [0m[38;2;0;0;0;48;2;252;252;252m                                                    [48;2;251;251;251m [38;2;253;253;253m_[38;2;252;252;252;48;2;250;250;250m`[38;2;204;204;204;48;2;239;239;239m_[38;2;94;94;94;48;2;194;194;194m_[38;2;43;43;43;48;2;127;127;127my[38;2;86;86;86;48;2;30;30;30m"[38;2;48;48;48;48;2;12;12;12m"[38;2;103;103;103;48;2;43;43;43m~[38;2;66;66;66;48;2;137;137;137m_[38;2;132;132;132;48;2;179;179;179m_[38;2;169;169;169;48;2;174;174;174mj[38;2;174;174;174;48;2;168;168;168m_[38;2;171;171;171;48;2;169;169;169m`[38;2;192;192;192;48;2;177;177;177m~[38;2;220;220;220;48;2;193;193;193m~[38;2;216;216;216;48;2;228;228;228mw[38;2;244;244;244;48;2;247;247;247m,[38;2;252;252;252;48;2;251;251;251m`[48;2;252;252;252m                               [38;2;253;253;253m^                [0m
[7m[38;2;252;252;252m [0m[38;2;0;0;0;48;2;252;252;252m                                                 [38;2;252;252;252;48;2;251;251;251m:[38;2;250;250;250m.[38;2;252;252;252;48;2;247;247;247m`[38;2;161;161;161;48;2;231;231;231m_[38;2;44;44;44;48;2;192;192;192m_[38;2;225;225;225;48;2;98;98;98m~[38;2;169;169;169;48;2;48;48;48m~[38;2;50;50;50;48;2;10;10;10m~[48;2;0;0;0m    [38;2;27;27;27;48;2;7;7;7m"[38;2;87;87;87;48;2;24;24;24m~[38;2;143;143;143;48;2;51;51;51m~[38;2;6;6;6;48;2;106;106;106m_[38;2;63;63;63;48;2;145;145;145m_[38;2;152;152;152;48;2;165;165;165m,[38;2;176;176;176;48;2;174;174;174m4[38;2;215;215;215;48;2;208;208;208m4[38;2;241;241;241;48;2;244;244;244mL[38;2;250;250;250;48;2;251;251;251m,[48;2;252;252;252m                                                [0m
[7m[38;2;252;252;252m [0m[38;2;0;0;0;48;2;252;252;252m                                                [48;2;251;251;251m [38;2;253;253;253m.[48;2;236;236;236m'[38;2;82;82;82;48;2;153;153;153my[38;2;112;112;112;48;2;33;33;33m~[38;2;29;29;29;48;2;4;4;4m~[38;2;2;2;2;48;2;0;0;0m'         [38;2;0;0;0;48;2;1;1;1m:[38;2;42;42;42;48;2;11;11;11m`[38;2;100;100;100;48;2;45;45;45m~[38;2;73;73;73;48;2;130;130;130m_[38;2;178;178;178;48;2;190;190;190mL[38;2;218;218;218;48;2;227;227;227mL[38;2;246;246;246;48;2;248;248;248mr[48;2;252;252;252m                                                [0m
[7m[38;2;252;252;252m [0m[38;2;0;0;0;48;2;252;252;252m                                               [38;2;252;252;252;48;2;251;251;251m:[38;2;250;250;250m$[38;2;254;254;254;48;2;245;245;245m:[38;2;177;177;177;48;2;191;191;191ma[38;2;63;63;63;48;2;36;36;36mL[48;2;0;0;0m              [38;2;0;0;0;48;2;3;3;3m:[38;2;60;60;60;48;2;49;49;49m4[38;2;165;165;165;48;2;178;178;178mF[38;2;219;219;219;48;2;227;227;227mF[38;2;246;246;246;48;2;248;248;248mF[48;2;252;252;252m                                                [0m
[7m[38;2;252;252;252m [0m[38;2;0;0;0;48;2;252;252;252m                                               [38;2;252;252;252;48;2;251;251;251m::[38;2;251;251;251;48;2;250;250;250m.[38;2;203;203;203;48;2;225;225;225m"[38;2;189;189;189;48;2;89;89;89m_[38;2;49;49;49;48;2;15;15;15m,[38;2;2;2;2;48;2;0;0;0m.          [38;2;1;1;1m_[38;2;0;0;0;48;2;1;1;1m`[48;2;27;27;27m`[38;2;202;202;202;48;2;114;114;114m_[38;2;205;205;205;48;2;227;227;227m"[38;2;241;241;241;48;2;249;249;249m~[38;2;252;252;252;48;2;251;251;251m:[48;2;252;252;252m                                                [0m
[7m[38;2;252;252;252m [0m[38;2;0;0;0;48;2;252;252;252m                                                 [38;2;252;252;252;48;2;251;251;251m:[38;2;253;253;253;48;2;250;250;250m'[38;2;222;222;222;48;2;238;238;238m`[38;2;27;27;27;48;2;177;177;177m`[38;2;201;201;201;48;2;79;79;79m_[38;2;116;116;116;48;2;23;23;23m_[38;2;52;52;52;48;2;3;3;3m_[38;2;0;0;0;48;2;1;1;1m:[38;2;1;1;1;48;2;0;0;0m.  _ [38;2;0;0;0;48;2;2;2;2m:[38;2;67;67;67;48;2;6;6;6m_[38;2;130;130;130;48;2;32;32;32m_[38;2;179;179;179;48;2;87;87;87my[38;2;105;105;105;48;2;203;203;203m~[38;2;224;224;224;48;2;244;244;244m~[38;2;253;253;253;48;2;251;251;251m`[38;2;252;252;252m:[48;2;252;252;252m                                                 [0m
[7m[38;2;252;252;252m [0m[38;2;0;0;0;48;2;252;252;252m                                                   [38;2;252;252;252;48;2;251;251;251m..[38;2;223;223;223;48;2;247;247;247m`[38;2;174;174;174;48;2;235;235;235m`[38;2;111;111;111;48;2;200;200;200m~[38;2;30;30;30;48;2;158;158;158m~[38;2;223;223;223;48;2;92;92;92m_[38;2;210;210;210;48;2;58;58;58m_[38;2;201;201;201;48;2;45;45;45m_[38;2;212;212;212;48;2;65;65;65m_[38;2;184;184;184;48;2;90;90;90my[38;2;32;32;32;48;2;170;170;170m~[38;2;125;125;125;48;2;211;211;211m~[38;2;202;202;202;48;2;241;241;241m~[38;2;238;238;238;48;2;249;249;249m`[38;2;252;252;252;48;2;251;251;251m. :[48;2;252;252;252m                                                  [0m
[7m[38;2;252;252;252m [0m[38;2;0;0;0;48;2;252;252;252m                                                      [38;2;252;252;252;48;2;251;251;251m. T[38;2;250;250;250m=[38;2;247;247;247m`[38;2;238;238;238;48;2;250;250;250m`[38;2;247;247;247;48;2;251;251;251m`[38;2;250;250;250m=[38;2;252;252;252m~[38;2;250;250;250m~[38;2;252;252;252m:[48;2;252;252;252m                                                      [0m
[7m[38;2;252;252;252m [0m[38;2;0;0;0;48;2;252;252;252m                                                                                                                       [0m
[7m[38;2;252;252;252m [0m[38;2;0;0;0;48;2;252;252;252m                                                                                                                       [0m
[7m[38;2;252;252;252m [0m[38;2;0;0;0;48;2;252;252;252m                                                                                                                       [0m
[7m[38;2;252;252;252m [0m[38;2;0;0;0;48;2;252;252;252m                                                                                                                       [0m
[7m[38;2;252;252;252m [0m[38;2;0;0;0;48;2;252;252;252m                                                                                                                       [0m
[7m[38;2;252;252;252m [0m[38;2;0;0;0;48;2;252;252;252m                       [38;2;252;252;252;48;2;251;251;251m:[48;2;252;252;252m                                                                                               [0m
[?25h