[?25l[0m[7m[38;2;252;252;252m [0m[38;2;0;0;0;48;2;252;252;252m                                                                                                                       [0m
[7m[38;2;252;252;252m [0m[38;2;0;0;0;48;2;252;252;252m                                                                                                                       [0m
[7m[38;2;252;252;252m [0m[38;2;0;0;0;48;2;252;252;252m                                                                                                                       [0m
[7m[38;2;252;252;252m [0m[38;2;0;0;0;48;2;252;252;252m                                                                                                                       [0m
[7m[38;2;252;252;252m [0m[38;2;0;0;0;48;2;252;252;252m                                                                                                                       [0m
[7m[38;2;252;252;252m [0m[38;2;0;0;0;48;2;252;252;252m                             [38;2;252;252;252;48;2;251;251;251m:.[48;2;252;252;252m [48;2;251;251;251m:.    .[48;2;252;252;252m                                                                                [0m
[7m[38;2;252;252;252m [0m[38;2;0;0;0;48;2;252;252;252m                            [38;2;251;251;251m_[38;2;252;252;252;48;2;244;244;244m`[38;2;157;157;157;48;2;236;236;236m_[38;2;237;237;237;48;2;247;247;247m,[38;2;232;232;232;48;2;249;249;249m_[38;2;179;179;179;48;2;238;238;238m_[38;2;128;128;128;48;2;230;230;230m_[38;2;97;97;97;48;2;225;225;225m_[38;2;98;98;98;48;2;226;226;226m_[38;2;143;143;143;48;2;232;232;232m_[38;2;214;214;214;48;2;245;245;245m_[38;2;253;253;253;48;2;251;251;251m.[48;2;252;252;252m                                                                               [0m
[7m[38;2;252;252;252m [0m[38;2;0;0;0;48;2;252;252;252m                          [48;2;251;251;251m [38;2;251;251;251;48;2;250;250;250m"[38;2;247;247;247;48;2;231;231;231m`[38;2;195;195;195;48;2;129;129;129m~[38;2;118;118;118;48;2;47;47;47m~[38;2;176;176;176;48;2;64;64;64m~[38;2;168;168;168;48;2;38;38;38m~[38;2;129;129;129;48;2;23;23;23m~[38;2;91;91;91;48;2;16;16;16m~[38;2;68;68;68;48;2;12;12;12m~[38;2;67;67;67m~[38;2;97;97;97;48;2;19;19;19m~[38;2;154;154;154;48;2;44;44;44m~[38;2;70;70;70;48;2;139;139;139my[38;2;129;129;129;48;2;213;213;213m_[38;2;223;223;223;48;2;247;247;247m_[38;2;250;250;250;48;2;251;251;251m.[38;2;252;252;252m:[38;2;253;253;253;48;2;252;252;252m___                                                                        [0m
[7m[38;2;252;252;252m [0m[38;2;0;0;0;48;2;252;252;252m                         [38;2;252;252;252;48;2;251;251;251m:[38;2;250;250;250m,[38;2;252;252;252;48;2;248;248;248m'[38;2;194;194;194;48;2;205;205;205my[38;2;71;71;71;48;2;42;42;42m~[38;2;0;0;0;48;2;2;2;2m:[38;2;2;2;2;48;2;0;0;0m'       [38;2;13;13;13;48;2;2;2;2m`[38;2;95;95;95;48;2;28;28;28m`[38;2;70;70;70;48;2;128;128;128my[38;2;162;162;162;48;2;218;218;218m_[38;2;251;251;251;48;2;250;250;250m`[38;2;250;250;250;48;2;252;252;252m_[38;2;253;253;253m:[48;2;253;253;253m [48;2;252;252;252m                                                                        [0m
[7m[38;2;252;252;252m [0m[38;2;0;0;0;48;2;252;252;252m                         [38;2;252;252;252;48;2;251;251;251m.[38;2;250;250;250mF[38;2;253;253;253;48;2;245;245;245m.[38;2;181;181;181;48;2;201;201;201m4[38;2;147;147;147;48;2;49;49;49m_[38;2;69;69;69;48;2;9;9;9m_[38;2;0;0;0;48;2;1;1;1m`[48;2;0;0;0m        [38;2;2;2;2m`[38;2;39;39;39;48;2;12;12;12m`[38;2;130;130;130;48;2;81;81;81m~[38;2;141;141;141;48;2;208;208;208m_[38;2;254;254;254;48;2;249;249;249m:[48;2;251;251;251m [48;2;252;252;252m                                                                         [0m
[7m[38;2;252;252;252m [0m[38;2;0;0;0;48;2;252;252;252m                          [38;2;252;252;252;48;2;251;251;251m::[38;2;242;242;242;48;2;248;248;248m`[38;2;191;191;191;48;2;229;229;229m"[38;2;111;111;111;48;2;171;171;171m~[38;2;49;49;49;48;2;26;26;26mr[48;2;0;0;0m          [38;2;6;6;6;48;2;20;20;20m.[38;2;88;88;88;48;2;122;122;122ml[38;2;240;240;240;48;2;245;245;245mL[48;2;251;251;251m [48;2;252;252;252m                                                                         [0m
[7m[38;2;252;252;252m [0m[38;2;0;0;0;48;2;252;252;252m                           [38;2;252;252;252;48;2;251;251;251m: [38;2;245;245;245;48;2;249;249;249m`[38;2;206;206;206;48;2;234;234;234m"[38;2;96;96;96;48;2;172;172;172m~[38;2;144;144;144;48;2;41;41;41m_[38;2;0;0;0;48;2;8;8;8m`[38;2;12;12;12;48;2;1;1;1m_[48;2;0;0;0m    [38;2;0;0;0;48;2;3;3;3m`[38;2;52;52;52;48;2;5;5;5m_[38;2;82;82;82;48;2;11;11;11m_[38;2;145;145;145;48;2;62;62;62m_[38;2;122;122;122;48;2;188;188;188m~[38;2;254;254;254;48;2;248;248;248m:[38;2;252;252;252;48;2;251;251;251m`[48;2;252;252;252m                                                                         [0m
[7m[38;2;252;252;252m [0m[38;2;0;0;0;48;2;252;252;252m                            [38;2;252;252;252;48;2;251;251;251m:[38;2;250;250;250m,[48;2;245;245;245m`[38;2;112;112;112;48;2;225;225;225m_[38;2;50;50;50;48;2;169;169;169m_[38;2;46;46;46;48;2;34;34;34mL[38;2;22;22;22;48;2;6;6;6m~[48;2;0;0;0m  [38;2;0;0;0;48;2;1;1;1m`[38;2;63;63;63;48;2;32;32;32my[38;2;29;29;29;48;2;130;130;130m~[38;2;83;83;83;48;2;192;192;192m~[38;2;119;119;119;48;2;217;217;217m~[38;2;178;178;178;48;2;234;234;234m~[38;2;252;252;252;48;2;250;250;250m:[48;2;251;251;251m:[48;2;252;252;252m                                                                          [0m
[7m[38;2;252;252;252m [0m[38;2;0;0;0;48;2;252;252;252m                           [38;2;252;252;252;48;2;251;251;251m:.[38;2;251;251;251;48;2;250;250;250m:[38;2;198;198;198;48;2;229;229;229m_[38;2;147;147;147;48;2;125;125;125mF[38;2;30;30;30;48;2;12;12;12mL[48;2;0;0;0m    [38;2;1;1;1m`[38;2;72;72;72;48;2;20;20;20m`[38;2;65;65;65;48;2;124;124;124mL[38;2;186;186;186;48;2;231;231;231m_[38;2;253;253;253;48;2;250;250;250m:[38;2;250;250;250;48;2;251;251;251m_[38;2;252;252;252m:[48;2;252;252;252m                                                                           [0m
[7m[38;2;252;252;252m [0m[38;2;0;0;0;48;2;252;252;252m                          [38;2;252;252;252;48;2;251;251;251m.`[38;2;251;251;251;48;2;237;237;237m`[38;2;66;66;66;48;2;176;176;176m_[38;2;146;146;146;48;2;56;56;56m~[38;2;71;71;71;48;2;11;11;11m`[48;2;0;0;0m      [38;2;1;1;1m~[38;2;53;53;53;48;2;17;17;17m`[38;2;61;61;61;48;2;116;116;116mL[38;2;182;182;182;48;2;228;228;228m_[38;2;253;253;253;48;2;250;250;250m:[38;2;250;250;250;48;2;251;251;251m_[38;2;252;252;252m:[48;2;252;252;252m                                                                          [0m
[7m[38;2;252;252;252m [0m[38;2;0;0;0;48;2;252;252;252m                        [38;2;252;252;252;48;2;251;251;251m:.[48;2;249;249;249m`[38;2;185;185;185;48;2;229;229;229m_[38;2;67;67;67;48;2;152;152;152my[38;2;0;0;0;48;2;19;19;19m:[48;2;0;0;0m [38;2;1;1;1m`        [38;2;81;81;81;48;2;56;56;56m4[38;2;176;176;176;48;2;192;192;192mF[38;2;254;254;254;48;2;247;247;247m'[48;2;250;250;250m [38;2;252;252;252;48;2;251;251;251m:[48;2;252;252;252m                                                                          [0m
[7m[38;2;252;252;252m [0m[38;2;0;0;0;48;2;252;252;252m                        [38;2;252;252;252;48;2;251;251;251m.[38;2;249;249;249;48;2;250;250;250mF[38;2;221;221;221;48;2;234;234;234m4[38;2;107;107;107;48;2;144;144;144m4[38;2;2;2;2;48;2;18;18;18m:[38;2;3;3;3;48;2;1;1;1m=[48;2;0;0;0m          [38;2;46;46;46;48;2;25;25;25m`[38;2;91;91;91;48;2;132;132;132mF[38;2;250;250;250;48;2;237;237;237m.[48;2;251;251;251m_ [48;2;252;252;252m                                                                          [0m
[7m[38;2;252;252;252m [0m[38;2;0;0;0;48;2;252;252;252m                        [38;2;252;252;252;48;2;251;251;251m::[38;2;246;246;246;48;2;249;249;249m`[38;2;199;199;199;48;2;237;237;237m`[38;2;125;125;125;48;2;206;206;206m~[38;2;195;195;195;48;2;120;120;120my[38;2;0;0;0;48;2;23;23;23m`[48;2;0;0;0m        [38;2;1;1;1m`[38;2;20;20;20;48;2;6;6;6m"[38;2;95;95;95;48;2;73;73;73m4[38;2;149;149;149;48;2;207;207;207m_[38;2;254;254;254;48;2;249;249;249m:[38;2;249;249;249;48;2;251;251;251m,[38;2;252;252;252m:[48;2;252;252;252m                                                                         [0m
[7m[38;2;252;252;252m [0m[38;2;0;0;0;48;2;252;252;252m                          [38;2;252;252;252;48;2;251;251;251m::[48;2;250;250;250m`[38;2;200;200;200;48;2;210;210;210m4[38;2;55;55;55;48;2;36;36;36mL[38;2;0;0;0;48;2;1;1;1m:[48;2;0;0;0m     [38;2;19;19;19;48;2;9;9;9mu[38;2;0;0;0;48;2;34;34;34m~[48;2;3;3;3m:[38;2;1;1;1;48;2;0;0;0m`[38;2;29;29;29;48;2;9;9;9m`[38;2;56;56;56;48;2;103;103;103m[[38;2;200;200;200;48;2;229;229;229m_[48;2;251;251;251m  [48;2;252;252;252m                                                                         [0m
[7m[38;2;252;252;252m [0m[38;2;0;0;0;48;2;252;252;252m                         [38;2;252;252;252;48;2;251;251;251m: [48;2;249;249;249m`[38;2;180;180;180;48;2;224;224;224m_[38;2;52;52;52;48;2;132;132;132my[38;2;0;0;0;48;2;14;14;14m:[48;2;0;0;0m      [38;2;6;6;6;48;2;1;1;1m`[38;2;23;23;23;48;2;4;4;4m~[48;2;0;0;0m  [38;2;30;30;30;48;2;6;6;6m_[38;2;48;48;48;48;2;102;102;102mF[38;2;193;193;193;48;2;223;223;223m~[38;2;254;254;254;48;2;250;250;250m`[48;2;251;251;251m [48;2;252;252;252m                                                                         [0m
[7m[38;2;252;252;252m [0m[38;2;0;0;0;48;2;252;252;252m                         [48;2;251;251;251m [38;2;252;252;252m_[38;2;217;217;217;48;2;228;228;228m4[38;2;136;136;136;48;2;99;99;99m~[38;2;0;0;0;48;2;11;11;11m:[38;2;1;1;1;48;2;0;0;0m:         [48;2;7;7;7m`[38;2;105;105;105;48;2;74;74;74my[38;2;155;155;155;48;2;214;214;214m~[38;2;254;254;254;48;2;249;249;249m'[38;2;250;250;250;48;2;251;251;251mT[38;2;252;252;252m:[48;2;252;252;252m                                                                         [0m
[7m[38;2;252;252;252m [0m[38;2;0;0;0;48;2;252;252;252m                        [48;2;251;251;251m [38;2;250;250;250mL[38;2;252;252;252;48;2;237;237;237m`[38;2;119;119;119;48;2;174;174;174my[38;2;0;0;0;48;2;29;29;29m:[48;2;1;1;1m`[48;2;0;0;0m          [38;2;65;65;65;48;2;47;47;47my[38;2;127;127;127;48;2;175;175;175m~[38;2;254;254;254;48;2;247;247;247m:[48;2;250;250;250m [38;2;252;252;252;48;2;251;251;251m:[48;2;252;252;252m                                                                          [0m
[7m[38;2;252;252;252m [0m[38;2;0;0;0;48;2;252;252;252m                       [38;2;252;252;252;48;2;251;251;251m: [38;2;251;251;251;48;2;250;250;250m`[38;2;199;199;199;48;2;218;218;218m_[38;2;95;95;95;48;2;76;76;76mF[38;2;0;0;0;48;2;6;6;6m:[38;2;1;1;1;48;2;0;0;0m^          [38;2;62;62;62;48;2;44;44;44m4[38;2;145;145;145;48;2;169;169;169mF[38;2;254;254;254;48;2;247;247;247m:[48;2;251;251;251m [38;2;252;252;252m:[48;2;252;252;252m                                                                          [0m
[7m[38;2;252;252;252m [0m[38;2;0;0;0;48;2;252;252;252m                       [48;2;251;251;251m  [38;2;222;222;222;48;2;230;230;230mu[38;2;182;182;182;48;2;116;116;116m~[38;2;0;0;0;48;2;13;13;13m:[38;2;1;1;1;48;2;0;0;0m=          ~[38;2;29;29;29;48;2;11;11;11m"[38;2;54;54;54;48;2;107;107;107mL[38;2;186;186;186;48;2;227;227;227m_[38;2;254;254;254;48;2;250;250;250m:[48;2;251;251;251m [38;2;252;252;252m:[48;2;252;252;252m                                                                         [0m
[7m[38;2;252;252;252m [0m[38;2;0;0;0;48;2;252;252;252m                      [48;2;251;251;251m  [38;2;251;251;251;48;2;242;242;242m'[38;2;159;159;159;48;2;186;186;186my[38;2;4;4;4;48;2;29;29;29m:[48;2;0;0;0m              [38;2;54;54;54;48;2;25;25;25m`[38;2;89;89;89;48;2;134;134;134mL[38;2;233;233;233;48;2;242;242;242m,[38;2;250;250;250;48;2;251;251;251m"[38;2;252;252;252m:[48;2;252;252;252m                                                                         [0m
[7m[38;2;252;252;252m [0m[38;2;0;0;0;48;2;252;252;252m                      [38;2;252;252;252;48;2;251;251;251ml[38;2;251;251;251;48;2;250;250;250my[38;2;215;215;215;48;2;225;225;225m4[38;2;133;133;133;48;2;94;94;94m~[38;2;0;0;0;48;2;9;9;9m:[38;2;1;1;1;48;2;0;0;0m>             .[38;2;74;74;74;48;2;49;49;49m4[38;2;134;134;134;48;2;182;182;182m_[38;2;254;254;254;48;2;247;247;247m:[48;2;250;250;250m [38;2;252;252;252;48;2;251;251;251m:[48;2;252;252;252m                                                                        [0m
[7m[38;2;252;252;252m [0m[38;2;0;0;0;48;2;252;252;252m                     [38;2;252;252;252;48;2;251;251;251m:4[48;2;248;248;248m`[38;2;192;192;192;48;2;203;203;203my[38;2;14;14;14;48;2;36;36;36m:[48;2;0;0;0m               [38;2;1;1;1m`[38;2;21;21;21;48;2;9;9;9m"[38;2;56;56;56;48;2;105;105;105mL[38;2;206;206;206;48;2;233;233;233m_[38;2;254;254;254;48;2;251;251;251m. [48;2;252;252;252m                                                                        [0m
[7m[38;2;252;252;252m [0m[38;2;0;0;0;48;2;252;252;252m                     [38;2;252;252;252;48;2;251;251;251m|[38;2;251;251;251;48;2;250;250;250m4[38;2;230;230;230;48;2;235;235;235mu[38;2;174;174;174;48;2;145;145;145mF[38;2;0;0;0;48;2;16;16;16m:[38;2;1;1;1;48;2;0;0;0m,               g[38;2;59;59;59;48;2;42;42;42mJ[38;2;133;133;133;48;2;166;166;166mL[38;2;254;254;254;48;2;246;246;246m:[38;2;249;249;249;48;2;250;250;250m&[38;2;252;252;252;48;2;251;251;251m:[48;2;252;252;252m                                                                       [0m
[7m[38;2;252;252;252m [0m[38;2;0;0;0;48;2;252;252;252m                     [48;2;251;251;251m [38;2;250;250;250mF[38;2;212;212;212;48;2;223;223;223m4[38;2;115;115;115;48;2;83;83;83m~[38;2;0;0;0;48;2;7;7;7m:[38;2;1;1;1;48;2;0;0;0m.                [38;2;3;3;3;48;2;15;15;15m:[38;2;76;76;76;48;2;114;114;114mi[38;2;237;237;237;48;2;244;244;244mL[48;2;252;252;252m                                                                         [0m
[7m[38;2;252;252;252m [0m[38;2;0;0;0;48;2;252;252;252m                    [38;2;252;252;252;48;2;251;251;251m:[38;2;251;251;251;48;2;252;252;252mL[38;2;253;253;253;48;2;248;248;248m`[38;2;191;191;191;48;2;204;204;204my[38;2;7;7;7;48;2;37;37;37m.[48;2;0;0;0m                  [38;2;0;0;0;48;2;2;2;2m:[38;2;49;49;49;48;2;84;84;84ml[38;2;211;211;211;48;2;225;225;225mL[38;2;254;254;254;48;2;251;251;251m: [48;2;252;252;252m                                                                       [0m
[7m[38;2;252;252;252m [0m[38;2;0;0;0;48;2;252;252;252m                    [48;2;251;251;251m  [38;2;231;231;231;48;2;235;235;235mu[38;2;175;175;175;48;2;148;148;148mF[38;2;0;0;0;48;2;16;16;16m:[38;2;1;1;1;48;2;0;0;0m,                  [38;2;35;35;35;48;2;67;67;67ml[38;2;182;182;182;48;2;199;199;199mL[38;2;254;254;254;48;2;248;248;248m:[48;2;250;250;250m [38;2;252;252;252;48;2;251;251;251m:[48;2;252;252;252m                                                                      [0m
[7m[38;2;252;252;252m [0m[38;2;0;0;0;48;2;252;252;252m                    [38;2;252;252;252;48;2;251;251;251m| [38;2;214;214;214;48;2;224;224;224m4[38;2;124;124;124;48;2;96;96;96m~[38;2;0;0;0;48;2;8;8;8m:[38;2;1;1;1;48;2;0;0;0m:                  [38;2;24;24;24;48;2;52;52;52ml[38;2;147;147;147;48;2;170;170;170mL[38;2;243;243;243;48;2;247;247;247mL[38;2;249;249;249;48;2;250;250;250m:[38;2;252;252;252;48;2;251;251;251m:[48;2;252;252;252m                                                                      [0m
[7m[38;2;252;252;252m [0m[38;2;0;0;0;48;2;252;252;252m                    [38;2;252;252;252;48;2;251;251;251m: [38;2;205;205;205;48;2;217;217;217m4[38;2;75;75;75;48;2;55;55;55m~[38;2;0;0;0;48;2;2;2;2m:[38;2;1;1;1;48;2;0;0;0m`                 :[38;2;41;41;41;48;2;27;27;27m4[38;2;108;108;108;48;2;138;138;138mi[38;2;240;240;240;48;2;245;245;245mL[48;2;250;250;250m [38;2;252;252;252;48;2;251;251;251m:[48;2;252;252;252m                                                                      [0m
[7m[38;2;252;252;252m [0m[38;2;0;0;0;48;2;252;252;252m                   [38;2;252;252;252;48;2;251;251;251m:[38;2;251;251;251;48;2;252;252;252mL[38;2;252;252;252;48;2;248;248;248m'[38;2;189;189;189;48;2;200;200;200m4[38;2;39;39;39;48;2;29;29;29mL[48;2;0;0;0m                    [38;2;16;16;16;48;2;9;9;9m"[38;2;66;66;66;48;2;105;105;105ml[38;2;245;245;245;48;2;238;238;238m:[38;2;254;254;254;48;2;252;252;252m.[38;2;252;252;252;48;2;251;251;251m:[48;2;252;252;252m                                                                      [0m
[7m[38;2;252;252;252m [0m[38;2;0;0;0;48;2;252;252;252m                   [48;2;251;251;251m  [38;2;234;234;234;48;2;238;238;238mu[38;2;186;186;186;48;2;159;159;159mF[38;2;0;0;0;48;2;17;17;17m:[48;2;0;0;0m                    [38;2;1;1;1m`[38;2;35;35;35;48;2;71;71;71ml[38;2;187;187;187;48;2;206;206;206mL[38;2;254;254;254;48;2;249;249;249m:[38;2;250;250;250;48;2;251;251;251m:[38;2;252;252;252m:[48;2;252;252;252m                                                                     [0m
[7m[38;2;252;252;252m [0m[38;2;0;0;0;48;2;252;252;252m                   [38;2;252;252;252;48;2;251;251;251m|[38;2;251;251;251;48;2;250;250;250m4[38;2;220;220;220;48;2;228;228;228m4[38;2;141;141;141;48;2;119;119;119mF[38;2;0;0;0;48;2;12;12;12m:[48;2;0;0;0m                    [38;2;1;1;1m:[38;2;53;53;53;48;2;35;35;35m4[38;2;126;126;126;48;2;157;157;157mL[38;2;254;254;254;48;2;245;245;245m:[48;2;250;250;250m [38;2;252;252;252;48;2;251;251;251m:[48;2;252;252;252m                                                                     [0m
[?25h