[?25l[0m[7m[38;2;252;252;252m [0m[38;2;0;0;0;48;2;252;252;252m                                                                                                                       [0m
[7m[38;2;252;252;252m [0m[38;2;0;0;0;48;2;252;252;252m                                                                                                                       [0m
[7m[38;2;252;252;252m [0m[38;2;0;0;0;48;2;252;252;252m                                                                                                                       [0m
[7m[38;2;252;252;252m [0m[38;2;0;0;0;48;2;252;252;252m                                                                                                                       [0m
[7m[38;2;252;252;252m [0m[38;2;0;0;0;48;2;252;252;252m                                                                                                                       [0m
[7m[38;2;252;252;252m [0m[38;2;0;0;0;48;2;252;252;252m                                                                                                                       [0m
[7m[38;2;252;252;252m [0m[38;2;0;0;0;48;2;252;252;252m                                                                                                                       [0m
[7m[38;2;252;252;252m [0m[38;2;0;0;0;48;2;252;252;252m                                                                                                                       [0m
[7m[38;2;252;252;252m [0m[38;2;0;0;0;48;2;252;252;252m                                                                                                                       [0m
[7m[38;2;252;252;252m [0m[38;2;0;0;0;48;2;252;252;252m                                                                                                                       [0m
[7m[38;2;252;252;252m [0m[38;2;0;0;0;48;2;252;252;252m                                                                                                                       [0m
[7m[38;2;252;252;252m [0m[38;2;0;0;0;48;2;252;252;252m                                                                                                                       [0m
[7m[38;2;252;252;252m [0m[38;2;0;0;0;48;2;252;252;252m                                                                                                                       [0m
[7m[38;2;252;252;252m [0m[38;2;0;0;0;48;2;252;252;252m                                                                                                                       [0m
[7m[38;2;252;252;252m [0m[38;2;0;0;0;48;2;252;252;252m                                                                                                                       [0m
[7m[38;2;252;252;252m [0m[38;2;0;0;0;48;2;252;252;252m                                                                                                                       [0m
[7m[38;2;252;252;252m [0m[38;2;0;0;0;48;2;252;252;252m                                                                                                                       [0m
[7m[38;2;252;252;252m [0m[38;2;0;0;0;48;2;252;252;252m                                                                                                                       [0m
[7m[38;2;252;252;252m [0m[38;2;0;0;0;48;2;252;252;252m                                                                                                                       [0m
[7m[38;2;252;252;252m [0m[38;2;0;0;0;48;2;252;252;252m                                                        [38;2;253;253;253m_[48;2;251;251;251m [38;2;247;247;247;48;2;252;252;252m_[38;2;250;250;250m_[48;2;251;251;251m.[38;2;252;252;252m:[38;2;251;251;251;48;2;252;252;252m_                                                        [0m
[7m[38;2;252;252;252m [0m[38;2;0;0;0;48;2;252;252;252m                                                     [38;2;252;252;252;48;2;251;251;251m:[38;2;253;253;253m.[38;2;252;252;252;48;2;247;247;247m`[38;2;140;140;140;48;2;234;234;234m_[38;2;59;59;59;48;2;181;181;181m_[38;2;46;46;46;48;2;151;151;151my[38;2;58;58;58;48;2;159;159;159my[38;2;69;69;69;48;2;188;188;188m_[38;2;140;140;140;48;2;233;233;233m_[38;2;188;188;188;48;2;243;243;243m_[38;2;228;228;228;48;2;248;248;248m_[38;2;252;252;252;48;2;251;251;251m`:[48;2;252;252;252m                                                     [0m
[7m[38;2;252;252;252m [0m[38;2;0;0;0;48;2;252;252;252m                                                    [38;2;252;252;252;48;2;251;251;251m:[38;2;251;251;251;48;2;250;250;250m`[38;2;254;254;254;48;2;239;239;239m:[38;2;105;105;105;48;2;155;155;155mg[38;2;80;80;80;48;2;31;31;31m~[38;2;2;2;2;48;2;4;4;4m`[48;2;0;0;0m  [38;2;0;0;0;48;2;4;4;4m'[38;2;66;66;66;48;2;19;19;19m~[38;2;137;137;137;48;2;39;39;39m~[38;2;54;54;54;48;2;124;124;124ms[38;2;202;202;202;48;2;226;226;226mL[38;2;252;252;252;48;2;250;250;250m`[48;2;251;251;251m :[48;2;252;252;252m                                                   [0m
[7m[38;2;252;252;252m [0m[38;2;0;0;0;48;2;252;252;252m                                                   [38;2;252;252;252;48;2;251;251;251m:[38;2;250;250;250me[38;2;254;254;254;48;2;245;245;245m:[38;2;167;167;167;48;2;193;193;193m4[38;2;71;71;71;48;2;47;47;47mL[38;2;1;1;1;48;2;2;2;2m`[48;2;0;0;0m    [38;2;2;2;2;48;2;1;1;1m~[38;2;0;0;0;48;2;3;3;3m:[38;2;85;85;85;48;2;64;64;64m4[38;2;219;219;219;48;2;228;228;228mL[38;2;252;252;252;48;2;251;251;251m: [48;2;252;252;252m                                   [38;2;253;253;253m^                [0m
[7m[38;2;252;252;252m [0m[38;2;0;0;0;48;2;252;252;252m                                                   [38;2;252;252;252;48;2;251;251;251m: [48;2;250;250;250m.[38;2;254;254;254;48;2;234;234;234m:[38;2;58;58;58;48;2;140;140;140m`[38;2;51;51;51;48;2;24;24;24mL[48;2;0;0;0m    [48;2;6;6;6m_[38;2;142;142;142;48;2;37;37;37m_[38;2;87;87;87;48;2;148;148;148mF[38;2;250;250;250;48;2;239;239;239m.[38;2;249;249;249;48;2;250;250;250m_[38;2;252;252;252;48;2;251;251;251muz.  [48;2;252;252;252m                                                [0m
[7m[38;2;252;252;252m [0m[38;2;0;0;0;48;2;252;252;252m                                                   [38;2;253;253;253;48;2;249;249;249m:[38;2;155;155;155;48;2;234;234;234m_[38;2;92;92;92;48;2;180;180;180my[38;2;181;181;181;48;2;74;74;74m~[38;2;94;94;94;48;2;22;22;22m~[38;2;20;20;20;48;2;2;2;2m~[48;2;0;0;0m  [38;2;1;1;1mf[38;2;0;0;0;48;2;8;8;8m:[38;2;94;94;94;48;2;65;65;65m4[38;2;117;117;117;48;2;198;198;198m_[38;2;156;156;156;48;2;222;222;222m_[38;2;151;151;151;48;2;212;212;212m_[38;2;149;149;149;48;2;209;209;209m_[38;2;168;168;168;48;2;208;208;208my[48;2;209;209;209my[38;2;191;191;191;48;2;227;227;227m_[38;2;239;239;239;48;2;247;247;247m,[38;2;250;250;250;48;2;251;251;251m,[48;2;252;252;252m                                                [0m
[7m[38;2;252;252;252m [0m[38;2;0;0;0;48;2;252;252;252m                                                [38;2;252;252;252;48;2;251;251;251m: [38;2;254;254;254;48;2;241;241;241m:[38;2;104;104;104;48;2;173;173;173my[38;2;94;94;94;48;2;38;38;38m~[38;2;1;1;1;48;2;4;4;4m:[38;2;2;2;2;48;2;0;0;0m~       [38;2;29;29;29;48;2;9;9;9m"[38;2;105;105;105;48;2;44;44;44m~[38;2;54;54;54;48;2;105;105;105m_[38;2;126;126;126;48;2;130;130;130m,[38;2;134;134;134;48;2;133;133;133m"[38;2;135;135;135;48;2;143;143;143m:[38;2;185;185;185;48;2;198;198;198mF[38;2;239;239;239;48;2;243;243;243mF[38;2;250;250;250;48;2;251;251;251m~[38;2;252;252;252m:[48;2;252;252;252m                                               [0m
[7m[38;2;252;252;252m [0m[38;2;0;0;0;48;2;252;252;252m                                                [38;2;252;252;252;48;2;251;251;251m:[38;2;250;250;250mi[38;2;253;253;253;48;2;235;235;235m:[38;2;137;137;137;48;2;95;95;95mL[38;2;31;31;31;48;2;14;14;14m,[38;2;1;1;1;48;2;0;0;0m_          [38;2;37;37;37;48;2;16;16;16m"[38;2;47;47;47;48;2;84;84;84m_[38;2;149;149;149;48;2;141;141;141my[38;2;210;210;210;48;2;183;183;183my[38;2;215;215;215;48;2;237;237;237m~[38;2;246;246;246;48;2;249;249;249m~[38;2;251;251;251;48;2;250;250;250m:[38;2;252;252;252;48;2;251;251;251m:[48;2;252;252;252m                                               [0m
[7m[38;2;252;252;252m [0m[38;2;0;0;0;48;2;252;252;252m                                                [38;2;252;252;252;48;2;251;251;251m:[38;2;249;249;249m`[38;2;251;251;251;48;2;249;249;249m:[38;2;184;184;184;48;2;225;225;225m~[38;2;165;165;165;48;2;98;98;98my[38;2;61;61;61;48;2;22;22;22m,[48;2;0;0;0m         [38;2;1;1;1m.[38;2;0;0;0;48;2;4;4;4m:[38;2;72;72;72;48;2;43;43;43m_[38;2;133;133;133;48;2;142;142;142m$[38;2;196;196;196;48;2;213;213;213mL[38;2;240;240;240;48;2;247;247;247m,[48;2;250;250;250m [48;2;251;251;251m [48;2;252;252;252m                                                [0m
[7m[38;2;252;252;252m [0m[38;2;0;0;0;48;2;252;252;252m                                                 [38;2;252;252;252;48;2;251;251;251m: [48;2;250;250;250m.[38;2;223;223;223;48;2;243;243;243m`[38;2;116;116;116;48;2;194;194;194m~[38;2;207;207;207;48;2;80;80;80m_[38;2;93;93;93;48;2;21;21;21m_[38;2;16;16;16;48;2;3;3;3m,[38;2;6;6;6;48;2;0;0;0m_ [38;2;1;1;1m.[38;2;15;15;15;48;2;1;1;1m_[38;2;43;43;43;48;2;5;5;5m_[38;2;71;71;71;48;2;10;10;10m_[38;2;103;103;103;48;2;30;30;30m_[38;2;22;22;22;48;2;88;88;88m~[38;2;95;95;95;48;2;123;123;123m~[38;2;177;177;177;48;2;149;149;149m_[38;2;219;219;219;48;2;200;200;200my[38;2;239;239;239;48;2;244;244;244m~[38;2;249;249;249;48;2;250;250;250ma[48;2;251;251;251m [48;2;252;252;252m                                                [0m
[7m[38;2;252;252;252m [0m[38;2;0;0;0;48;2;252;252;252m                                                    [38;2;252;252;252;48;2;251;251;251m:[38;2;254;254;254;48;2;252;252;252m`[38;2;253;253;253;48;2;248;248;248m:[38;2;151;151;151;48;2;224;224;224m~[38;2;78;78;78;48;2;189;189;189m~[38;2;53;53;53;48;2;162;162;162m~[38;2;39;39;39;48;2;138;138;138m~[48;2;133;133;133m~[38;2;52;52;52;48;2;137;137;137m~[38;2;72;72;72;48;2;143;143;143m~[38;2;176;176;176;48;2;134;134;134my[38;2;209;209;209;48;2;150;150;150m_[38;2;229;229;229;48;2;168;168;168m_[38;2;224;224;224;48;2;185;185;185my[38;2;192;192;192;48;2;229;229;229m~[38;2;237;237;237;48;2;248;248;248m~[38;2;249;249;249;48;2;251;251;251m~[38;2;250;250;250m`[38;2;252;252;252m:[48;2;252;252;252m                                                [0m
[7m[38;2;252;252;252m [0m[38;2;0;0;0;48;2;252;252;252m                                                       [38;2;252;252;252;48;2;251;251;251m:`[38;2;243;243;243;48;2;250;250;250m"[38;2;234;234;234;48;2;247;247;247m~[38;2;226;226;226;48;2;245;245;245m~[38;2;223;223;223;48;2;244;244;244m~[48;2;245;245;245m~[38;2;228;228;228;48;2;247;247;247m~[38;2;225;225;225m`[38;2;240;240;240;48;2;249;249;249m"[38;2;245;245;245;48;2;250;250;250m`[38;2;252;252;252;48;2;251;251;251m:[48;2;252;252;252m                                                    [0m
[7m[38;2;252;252;252m [0m[38;2;0;0;0;48;2;252;252;252m                                                                                                                       [0m
[7m[38;2;252;252;252m [0m[38;2;0;0;0;48;2;252;252;252m                                                                                                                       [0m
[7m[38;2;252;252;252m [0m[38;2;0;0;0;48;2;252;252;252m                                                                                                                       [0m
[7m[38;2;252;252;252m [0m[38;2;0;0;0;48;2;252;252;252m                                                                                                                       [0m
[7m[38;2;252;252;252m [0m[38;2;0;0;0;48;2;252;252;252m                       [38;2;252;252;252;48;2;251;251;251m:[48;2;252;252;252m                                                                                               [0m
[?25h