[?25l[0m[7m[38;2;0;0;0m [0m[38;2;0;0;0;48;2;0;0;0m                                                                                                                       [0m
[7m[38;2;0;0;0m [0m[38;2;0;0;0;48;2;0;0;0m                                                                                                                       [0m
[7m[38;2;0;0;0m [0m[38;2;0;0;0;48;2;0;0;0m                                                                                                                       [0m
[7m[38;2;0;0;0m [0m[38;2;0;0;0;48;2;0;0;0m                                                                                                                       [0m
[7m[38;2;0;0;0m [0m[38;2;0;0;0;48;2;0;0;0m                                                                                                                       [0m
[7m[38;2;0;0;0m [0m[38;2;0;0;0;48;2;0;0;0m                                                                                                                       [0m
[7m[38;2;0;0;0m [0m[38;2;0;0;0;48;2;0;0;0m                                                                                                                       [0m
[7m[38;2;0;0;0m [0m[38;2;0;0;0;48;2;0;0;0m                                                                                                                       [0m
[7m[38;2;0;0;0m [0m[38;2;0;0;0;48;2;0;0;0m                                                                                                                       [0m
[7m[38;2;0;0;0m [0m[38;2;0;0;0;48;2;0;0;0m                                                              [38;2;6;6;6m_                                                        [0m
[7m[38;2;0;0;0m [0m[38;2;0;0;0;48;2;0;0;0m                                                         [38;2;1;1;1m= [38;2;0;0;0;48;2;4;4;4m`[38;2;93;93;93;48;2;42;42;42m_[38;2;34;34;34;48;2;149;149;149m~[38;2;105;105;105;48;2;72;72;72ms[38;2;31;31;31;48;2;12;12;12mr[38;2;1;1;1;48;2;0;0;0ma                                                      [0m
[7m[38;2;0;0;0m [0m[38;2;0;0;0;48;2;0;0;0m                                                       [48;2;5;5;5m:[38;2;84;84;84;48;2;47;47;47my[38;2;66;66;66;48;2;167;167;167m~[38;2;76;76;76;48;2;181;181;181m~[38;2;94;94;94;48;2;193;193;193m~[38;2;165;165;165;48;2;226;226;226m~[38;2;236;236;236;48;2;243;243;243m~[38;2;156;156;156;48;2;206;206;206m~[38;2;121;121;121;48;2;75;75;75mL[38;2;28;28;28;48;2;11;11;11m,[38;2;1;1;1;48;2;0;0;0my                                                     [0m
[7m[38;2;0;0;0m [0m[38;2;0;0;0;48;2;0;0;0m                                                       [48;2;2;2;2m:[48;2;58;58;58m.[38;2;169;169;169;48;2;193;193;193mw[38;2;242;242;242;48;2;246;246;246mL[38;2;249;249;249;48;2;248;248;248m.[38;2;250;250;250;48;2;249;249;249m`[38;2;253;253;253;48;2;250;250;250m:[38;2;221;221;221;48;2;227;227;227m4[38;2;105;105;105;48;2;72;72;72mF[38;2;13;13;13;48;2;4;4;4m~[38;2;1;1;1;48;2;0;0;0m`                                                     [0m
[7m[38;2;0;0;0m [0m[38;2;0;0;0;48;2;0;0;0m                                                      [38;2;1;1;1m_[38;2;0;0;0;48;2;6;6;6m:[38;2;136;136;136;48;2;62;62;62m_[38;2;177;177;177;48;2;204;204;204mF[38;2;252;252;252;48;2;247;247;247m`[38;2;249;249;249;48;2;248;248;248my[48;2;249;249;249m [38;2;254;254;254;48;2;250;250;250m'[48;2;228;228;228m.[38;2;129;129;129;48;2;88;88;88mL[38;2;40;40;40;48;2;11;11;11m,[38;2;1;1;1;48;2;0;0;0my                                                     [0m
[7m[38;2;0;0;0m [0m[38;2;0;0;0;48;2;0;0;0m                                                  [38;2;10;10;10;48;2;1;1;1m_[38;2;28;28;28;48;2;4;4;4m_[38;2;41;41;41;48;2;7;7;7m_[38;2;52;52;52;48;2;12;12;12m_[38;2;137;137;137;48;2;50;50;50m_[38;2;43;43;43;48;2;159;159;159m~[38;2;171;171;171;48;2;226;226;226m~[38;2;227;227;227;48;2;244;244;244m_[38;2;224;224;224;48;2;246;246;246m_[38;2;252;252;252;48;2;250;250;250m:[48;2;251;251;251m [38;2;251;251;251;48;2;250;250;250my[38;2;254;254;254;48;2;246;246;246m:[38;2;174;174;174;48;2;190;190;190m4[38;2;85;85;85;48;2;48;48;48mL[38;2;1;1;1;48;2;2;2;2m'[48;2;0;0;0m                                                     [0m
[7m[38;2;0;0;0m [0m[38;2;0;0;0;48;2;0;0;0m                                             [38;2;1;1;1m_[38;2;38;38;38;48;2;5;5;5m_[38;2;149;149;149;48;2;45;45;45m_[38;2;209;209;209;48;2;119;119;119my[38;2;110;110;110;48;2;201;201;201m~[38;2;137;137;137;48;2;218;218;218m~[38;2;148;148;148;48;2;225;225;225m~[38;2;158;158;158;48;2;230;230;230m~[38;2;163;163;163;48;2;232;232;232m~[38;2;190;190;190;48;2;239;239;239m~[38;2;251;251;251;48;2;248;248;248m`[38;2;252;252;252;48;2;249;249;249m.[38;2;233;233;233;48;2;245;245;245m~[38;2;230;230;230m~[38;2;252;252;252;48;2;250;250;250m`[48;2;252;252;252m  [38;2;253;253;253;48;2;251;251;251m`[38;2;230;230;230;48;2;244;244;244m`[38;2;154;154;154;48;2;215;215;215m~[38;2;70;70;70;48;2;165;165;165m~[38;2;193;193;193;48;2;75;75;75m_[38;2;106;106;106;48;2;23;23;23m_[38;2;26;26;26;48;2;2;2;2m_[38;2;1;1;1;48;2;0;0;0m,                                                 [0m
[7m[38;2;0;0;0m [0m[38;2;0;0;0;48;2;0;0;0m                                           [38;2;1;1;1m_[38;2;31;31;31;48;2;7;7;7m_[38;2;134;134;134;48;2;50;50;50m_[38;2;51;51;51;48;2;166;166;166m~[38;2;192;192;192;48;2;230;230;230m"[38;2;251;251;251;48;2;249;249;249m'[38;2;249;249;249;48;2;251;251;251m~ [38;2;251;251;251;48;2;252;252;252mT[38;2;253;253;253m``   ``    [38;2;252;252;252;48;2;251;251;251m:[38;2;249;249;249;48;2;250;250;250m~`[38;2;225;225;225;48;2;246;246;246m`[38;2;154;154;154;48;2;219;219;219m~[38;2;50;50;50;48;2;160;160;160m~[38;2;169;169;169;48;2;60;60;60m_[38;2;49;49;49;48;2;12;12;12m_[38;2;1;1;1;48;2;0;0;0m:                                               [0m
[7m[38;2;0;0;0m [0m[38;2;0;0;0;48;2;0;0;0m                                          [38;2;1;1;1m_[38;2;56;56;56;48;2;21;21;21m_[38;2;51;51;51;48;2;125;125;125m~[38;2;181;181;181;48;2;227;227;227m"[38;2;254;254;254;48;2;249;249;249m`[38;2;250;250;250;48;2;251;251;251m`[48;2;252;252;252m                 [38;2;252;252;252;48;2;251;251;251m::[38;2;253;253;253m.[48;2;248;248;248m`[38;2;194;194;194;48;2;236;236;236m`[38;2;113;113;113;48;2;188;188;188m~[38;2;168;168;168;48;2;71;71;71m_[38;2;52;52;52;48;2;12;12;12m_[48;2;2;2;2m [38;2;1;1;1;48;2;0;0;0my                                            [0m
[7m[38;2;0;0;0m [0m[38;2;0;0;0;48;2;0;0;0m                                         [38;2;1;1;1m_[38;2;25;25;25;48;2;10;10;10m_[38;2;63;63;63;48;2;110;110;110mF[38;2;207;207;207;48;2;233;233;233m`[38;2;248;248;248;48;2;250;250;250m. [38;2;252;252;252;48;2;251;251;251m:[48;2;252;252;252m                   [48;2;253;253;253m [48;2;252;252;252m [38;2;250;250;250;48;2;251;251;251m~[38;2;254;254;254;48;2;250;250;250m`[38;2;198;198;198;48;2;235;235;235m`[38;2;87;87;87;48;2;154;154;154m~[38;2;115;115;115;48;2;40;40;40m,[38;2;10;10;10;48;2;3;3;3m,[38;2;1;1;1;48;2;0;0;0m.                                           [0m
[7m[38;2;0;0;0m [0m[38;2;0;0;0;48;2;0;0;0m                                         [38;2;1;1;1m:[38;2;15;15;15;48;2;46;46;46m[[38;2;135;135;135;48;2;158;158;158mF[38;2;254;254;254;48;2;245;245;245m:[48;2;248;248;248m [48;2;251;251;251m [48;2;252;252;252m                    [38;2;253;253;253m~~~ [48;2;251;251;251m`[38;2;254;254;254;48;2;246;246;246m:[38;2;138;138;138;48;2;187;187;187m~[38;2;95;95;95;48;2;54;54;54mL[38;2;15;15;15;48;2;3;3;3m,[48;2;0;0;0m                                           [0m
[7m[38;2;0;0;0m [0m[38;2;0;0;0;48;2;0;0;0m                                         [38;2;1;1;1m:[38;2;44;44;44;48;2;27;27;27m4[38;2;107;107;107;48;2;143;143;143mL[38;2;254;254;254;48;2;244;244;244m'[38;2;251;251;251;48;2;248;248;248m_[48;2;251;251;251m [48;2;252;252;252m                        [38;2;253;253;253m:[38;2;252;252;252;48;2;251;251;251m`[38;2;254;254;254;48;2;245;245;245m:[38;2;133;133;133;48;2;164;164;164m~[38;2;72;72;72;48;2;40;40;40mL[48;2;0;0;0m                                           [0m
[7m[38;2;0;0;0m [0m[38;2;0;0;0;48;2;0;0;0m                                          [38;2;3;3;3;48;2;1;1;1m`[38;2;92;92;92;48;2;55;55;55m`[38;2;109;109;109;48;2;185;185;185m_[38;2;254;254;254;48;2;246;246;246m:[38;2;248;248;248;48;2;249;249;249mi[38;2;252;252;252;48;2;251;251;251m.[48;2;252;252;252m                       [48;2;253;253;253m [48;2;252;252;252m [38;2;254;254;254;48;2;251;251;251m:[38;2;228;228;228;48;2;216;216;216m:[38;2;102;102;102;48;2;71;71;71ml[48;2;0;0;0m                                           [0m
[7m[38;2;0;0;0m [0m[38;2;0;0;0;48;2;0;0;0m                                           [38;2;8;8;8;48;2;1;1;1m`[38;2;80;80;80;48;2;38;38;38m"[38;2;45;45;45;48;2;148;148;148m_[38;2;147;147;147;48;2;229;229;229m_[38;2;228;228;228;48;2;245;245;245m,[38;2;252;252;252;48;2;250;250;250m`[48;2;251;251;251m [48;2;252;252;252m                     [38;2;253;253;253m~[38;2;252;252;252;48;2;250;250;250m`[38;2;183;183;183;48;2;241;241;241m_[38;2;93;93;93;48;2;183;183;183m_[38;2;88;88;88;48;2;46;46;46mF[48;2;0;0;0m                                           [0m
[7m[38;2;0;0;0m [0m[38;2;0;0;0;48;2;0;0;0m                                            [38;2;1;1;1m"[38;2;0;0;0;48;2;3;3;3m.[38;2;68;68;68;48;2;24;24;24m~[38;2;189;189;189;48;2;93;93;93m~[38;2;128;128;128;48;2;209;209;209m_[38;2;254;254;254;48;2;248;248;248m.[38;2;250;250;250;48;2;251;251;251m.[48;2;252;252;252m                   [38;2;252;252;252;48;2;251;251;251m`[38;2;254;254;254;48;2;246;246;246m:[38;2;130;130;130;48;2;192;192;192my[38;2;145;145;145;48;2;63;63;63m~[38;2;34;34;34;48;2;10;10;10m^[48;2;0;0;0m                                            [0m
[7m[38;2;0;0;0m [0m[38;2;0;0;0;48;2;0;0;0m                                              [38;2;2;2;2m`[38;2;14;14;14;48;2;5;5;5m`[38;2;100;100;100;48;2;52;52;52m"[38;2;94;94;94;48;2;174;174;174m_[38;2;226;226;226;48;2;242;242;242m,[38;2;252;252;252;48;2;251;251;251m` [48;2;252;252;252m               [48;2;251;251;251m:[48;2;250;250;250m_[38;2;253;253;253;48;2;245;245;245m`[38;2;128;128;128;48;2;181;181;181my[38;2;93;93;93;48;2;46;46;46m~[38;2;4;4;4;48;2;1;1;1m`[48;2;0;0;0m                                             [0m
[7m[38;2;0;0;0m [0m[38;2;0;0;0;48;2;0;0;0m                                                [38;2;1;1;1m`[38;2;59;59;59;48;2;27;27;27m"[38;2;77;77;77;48;2;138;138;138my[38;2;164;164;164;48;2;227;227;227m_[38;2;252;252;252;48;2;249;249;249m:[38;2;250;250;250;48;2;251;251;251m_[38;2;252;252;252m:[48;2;252;252;252m           [48;2;251;251;251m: [48;2;250;250;250m.[38;2;254;254;254;48;2;244;244;244m`[38;2;116;116;116;48;2;176;176;176my[38;2;90;90;90;48;2;41;41;41m~[38;2;4;4;4;48;2;1;1;1m~[48;2;0;0;0m                                              [0m
[7m[38;2;0;0;0m [0m[38;2;0;0;0;48;2;0;0;0m                                                  [38;2;22;22;22;48;2;8;8;8m`[38;2;116;116;116;48;2;50;50;50m~[38;2;55;55;55;48;2;167;167;167m_[38;2;158;158;158;48;2;234;234;234m_[38;2;225;225;225;48;2;248;248;248m_[38;2;252;252;252;48;2;250;250;250m`[38;2;250;250;250;48;2;251;251;251ma [38;2;253;253;253m_[48;2;252;252;252m  [48;2;251;251;251m_  [38;2;250;250;250maa[38;2;252;252;252;48;2;249;249;249m`[38;2;190;190;190;48;2;241;241;241m_[38;2;114;114;114;48;2;208;208;208m_[38;2;52;52;52;48;2;123;123;123my[38;2;77;77;77;48;2;24;24;24m'[38;2;3;3;3;48;2;1;1;1m'[48;2;0;0;0m                                               [0m
[7m[38;2;0;0;0m [0m[38;2;0;0;0;48;2;0;0;0m                                                    [38;2;7;7;7;48;2;3;3;3m`[38;2;77;77;77;48;2;25;25;25m"[38;2;189;189;189;48;2;67;67;67m~[38;2;231;231;231;48;2;105;105;105m~[38;2;0;0;0;48;2;160;160;160m_[38;2;1;1;1;48;2;181;181;181m_[38;2;20;20;20;48;2;202;202;202m_[38;2;37;37;37;48;2;212;212;212m_[38;2;30;30;30;48;2;209;209;209m_[38;2;24;24;24;48;2;204;204;204m_[38;2;11;11;11;48;2;196;196;196m_[38;2;1;1;1;48;2;181;181;181m_[38;2;0;0;0;48;2;165;165;165m_[38;2;56;56;56;48;2;149;149;149my[38;2;217;217;217;48;2;77;77;77m~[38;2;143;143;143;48;2;42;42;42m~[38;2;50;50;50;48;2;12;12;12m'[38;2;1;1;1;48;2;0;0;0m`                                                 [0m
[7m[38;2;0;0;0m [0m[38;2;0;0;0;48;2;0;0;0m                                                          [38;2;12;12;12;48;2;1;1;1m`[38;2;27;27;27;48;2;3;3;3m`[38;2;18;18;18;48;2;2;2;2m`[38;2;16;16;16m`[38;2;6;6;6;48;2;1;1;1m`[48;2;0;0;0m                                                        [0m
[7m[38;2;0;0;0m [0m[38;2;0;0;0;48;2;0;0;0m                                                                                                                       [0m
[7m[38;2;0;0;0m [0m[38;2;0;0;0;48;2;0;0;0m                                                                                                                       [0m
[7m[38;2;0;0;0m [0m[38;2;0;0;0;48;2;0;0;0m                                                                                                                       [0m
[7m[38;2;0;0;0m [0m[38;2;0;0;0;48;2;0;0;0m                                                                                                                       [0m
[7m[38;2;0;0;0m [0m[38;2;0;0;0;48;2;0;0;0m                                                                                                                       [0m
[7m[38;2;0;0;0m [0m[38;2;0;0;0;48;2;0;0;0m                                                                                                                       [0m
[7m[38;2;0;0;0m [0m[38;2;0;0;0;48;2;0;0;0m                                                                                                                       [0m
[?25h