[?25l[0m[7m[38;2;252;252;252m [0m[38;2;0;0;0;48;2;252;252;252m                                                                     [38;2;252;252;252;48;2;251;251;251m:[48;2;250;250;250m [38;2;254;254;254;48;2;245;245;245m`[38;2;165;165;165;48;2;156;156;156ml[38;2;57;57;57;48;2;41;41;41ml[48;2;0;0;0m       [38;2;0;0;0;48;2;10;10;10m:[38;2;106;106;106;48;2;89;89;89m~[38;2;177;177;177;48;2;208;208;208m_[38;2;238;238;238;48;2;247;247;247m,[38;2;252;252;252;48;2;251;251;251mr[48;2;252;252;252m                                 [0m
[7m[38;2;252;252;252m [0m[38;2;0;0;0;48;2;252;252;252m                              [38;2;252;252;252;48;2;251;251;251m:[48;2;252;252;252m                                      [48;2;251;251;251m:_[38;2;254;254;254;48;2;246;246;246m:[38;2;167;167;167;48;2;159;159;159m$[38;2;61;61;61;48;2;44;44;44ml[48;2;0;0;0m       [38;2;0;0;0;48;2;1;1;1m:[38;2;13;13;13;48;2;29;29;29m:[38;2;150;150;150;48;2;112;112;112m~[38;2;147;147;147;48;2;201;201;201m_[38;2;223;223;223;48;2;242;242;242m,[38;2;252;252;252;48;2;251;251;251m:[48;2;252;252;252m                                [0m
[7m[38;2;252;252;252m [0m[38;2;0;0;0;48;2;252;252;252m                                                                     [38;2;252;252;252;48;2;251;251;251m.[38;2;253;253;253;48;2;252;252;252m.[38;2;254;254;254;48;2;239;239;239m`[38;2;164;164;164;48;2;134;134;134mF[38;2;54;54;54;48;2;32;32;32mF[38;2;1;1;1;48;2;0;0;0m.       [38;2;0;0;0;48;2;1;1;1m:[38;2;45;45;45;48;2;22;22;22m"[38;2;118;118;118;48;2;74;74;74m~[38;2;122;122;122;48;2;167;167;167my[38;2;189;189;189;48;2;228;228;228m_[38;2;239;239;239;48;2;249;249;249m_[38;2;250;250;250;48;2;252;252;252m_                              [0m
[7m[38;2;252;252;252m [0m[38;2;0;0;0;48;2;252;252;252m                                                                     [48;2;251;251;251m [38;2;254;254;254;48;2;248;248;248m`[38;2;171;171;171;48;2;195;195;195my[38;2;102;102;102;48;2;74;74;74mF[38;2;22;22;22;48;2;9;9;9m~[38;2;1;1;1;48;2;0;0;0m`        `[38;2;22;22;22;48;2;11;11;11m`[38;2;76;76;76;48;2;46;46;46m~[38;2;152;152;152;48;2;100;100;100m~[38;2;126;126;126;48;2;172;172;172my[38;2;194;194;194;48;2;219;219;219m_[38;2;240;240;240;48;2;247;247;247m,[38;2;253;253;253;48;2;252;252;252m:                            [0m
[7m[38;2;252;252;252m [0m[38;2;0;0;0;48;2;252;252;252m                                                                     [48;2;251;251;251m [38;2;253;253;253;48;2;247;247;247m:[38;2;171;171;171;48;2;187;187;187m4[38;2;104;104;104;48;2;75;75;75mL[38;2;27;27;27;48;2;14;14;14m_[38;2;4;4;4;48;2;1;1;1m,[48;2;0;0;0m     [38;2;1;1;1m, [38;2;0;0;0;48;2;2;2;2m:[38;2;57;57;57;48;2;4;4;4m_[38;2;75;75;75;48;2;11;11;11m_[38;2;128;128;128;48;2;38;38;38m_[38;2;209;209;209;48;2;87;87;87m_[38;2;99;99;99;48;2;184;184;184m~[38;2;203;203;203;48;2;233;233;233m"[38;2;244;244;244;48;2;250;250;250m~[48;2;252;252;252m                             [0m
[7m[38;2;252;252;252m [0m[38;2;0;0;0;48;2;252;252;252m                                                                     [38;2;252;252;252;48;2;251;251;251m.[38;2;254;254;254m:[38;2;231;231;231;48;2;223;223;223m:[38;2;166;166;166;48;2;124;124;124m_[38;2;124;124;124;48;2;44;44;44m_[38;2;108;108;108;48;2;17;17;17m_[38;2;103;103;103;48;2;14;14;14m__[38;2;104;104;104m_[38;2;101;101;101;48;2;13;13;13m_[38;2;86;86;86;48;2;12;12;12m_[38;2;92;92;92;48;2;26;26;26m_[38;2;2;2;2;48;2;65;65;65m~[38;2;62;62;62;48;2;125;125;125m~[38;2;128;128;128;48;2;199;199;199m~[38;2;158;158;158;48;2;224;224;224m~[38;2;198;198;198;48;2;241;241;241m~[38;2;226;226;226;48;2;247;247;247m`[38;2;248;248;248;48;2;251;251;251m~[38;2;252;252;252m:[48;2;252;252;252m                              [0m
[7m[38;2;252;252;252m [0m[38;2;0;0;0;48;2;252;252;252m                                                                      [38;2;254;254;254m`[38;2;238;238;238;48;2;248;248;248m`[38;2;201;201;201;48;2;238;238;238m~[38;2;170;170;170;48;2;230;230;230m~[38;2;154;154;154;48;2;227;227;227m~[38;2;149;149;149;48;2;226;226;226m~[38;2;148;148;148m~[38;2;149;149;149m~[38;2;143;143;143;48;2;204;204;204m~[38;2;155;155;155;48;2;136;136;136mm[38;2;117;117;117;48;2;114;114;114mF[38;2;115;115;115m'[38;2;136;136;136;48;2;124;124;124m`[38;2;166;166;166;48;2;189;189;189mL[38;2;236;236;236;48;2;242;242;242mr[48;2;252;252;252m [48;2;251;251;251m [38;2;252;252;252m:[48;2;252;252;252m                               [0m
[7m[38;2;252;252;252m [0m[38;2;0;0;0;48;2;252;252;252m                                                                        [38;2;252;252;252;48;2;251;251;251m.[38;2;250;250;250m```[48;2;252;252;252m~[38;2;253;253;253m:[38;2;246;246;246;48;2;239;239;239m:[38;2;210;210;210;48;2;173;173;173m_[38;2;200;200;200;48;2;129;129;129m_[38;2;218;218;218;48;2;139;139;139m_[38;2;219;219;219;48;2;163;163;163my[38;2;169;169;169;48;2;218;218;218m~[38;2;236;236;236;48;2;246;246;246m~[48;2;252;252;252m                                  [0m
[7m[38;2;252;252;252m [0m[38;2;0;0;0;48;2;252;252;252m                                                                              [38;2;252;252;252;48;2;251;251;251m:[38;2;234;234;234;48;2;248;248;248m~[38;2;237;237;237;48;2;249;249;249m~[38;2;242;242;242;48;2;251;251;251m`[38;2;250;250;250;48;2;252;252;252m`                                    [0m
[7m[38;2;252;252;252m [0m[38;2;0;0;0;48;2;252;252;252m                                                      [38;2;252;252;252;48;2;251;251;251m:[48;2;252;252;252m                                                                [0m
[7m[38;2;252;252;252m [0m[38;2;0;0;0;48;2;252;252;252m                                                                                                                       [0m
[7m[38;2;252;252;252m [0m[38;2;0;0;0;48;2;252;252;252m                                                                                                                       [0m
[7m[38;2;252;252;252m [0m[38;2;0;0;0;48;2;252;252;252m                                                                                                                       [0m
[7m[38;2;252;252;252m [0m[38;2;0;0;0;48;2;252;252;252m                                                                                                                       [0m
[7m[38;2;252;252;252m [0m[38;2;0;0;0;48;2;252;252;252m                                                                                                                       [0m
[7m[38;2;252;252;252m [0m[38;2;0;0;0;48;2;252;252;252m                                                                                                                       [0m
[7m[38;2;252;252;252m [0m[38;2;0;0;0;48;2;252;252;252m                                                                                                                       [0m
[7m[38;2;252;252;252m [0m[38;2;0;0;0;48;2;252;252;252m                                                                                                                       [0m
[7m[38;2;252;252;252m [0m[38;2;0;0;0;48;2;252;252;252m                                                                                                                       [0m
[7m[38;2;252;252;252m [0m[38;2;0;0;0;48;2;252;252;252m                                                                                                                       [0m
[7m[38;2;252;252;252m [0m[38;2;0;0;0;48;2;252;252;252m                                                                                                                       [0m
[7m[38;2;252;252;252m [0m[38;2;0;0;0;48;2;252;252;252m                                                                                                                       [0m
[7m[38;2;252;252;252m [0m[38;2;0;0;0;48;2;252;252;252m                                                                                                                       [0m
[7m[38;2;252;252;252m [0m[38;2;0;0;0;48;2;252;252;252m                                                                                                                       [0m
[7m[38;2;252;252;252m [0m[38;2;0;0;0;48;2;252;252;252m                                                                                                                       [0m
[7m[38;2;252;252;252m [0m[38;2;0;0;0;48;2;252;252;252m                                                                                                                       [0m
[7m[38;2;252;252;252m [0m[38;2;0;0;0;48;2;252;252;252m                                                                                                                       [0m
[7m[38;2;252;252;252m [0m[38;2;0;0;0;48;2;252;252;252m                                                                                                                       [0m
[7m[38;2;252;252;252m [0m[38;2;0;0;0;48;2;252;252;252m                                                                                                                       [0m
[7m[38;2;252;252;252m [0m[38;2;0;0;0;48;2;252;252;252m                                                                                                                       [0m
[7m[38;2;252;252;252m [0m[38;2;0;0;0;48;2;252;252;252m                                                                                                                       [0m
[7m[38;2;252;252;252m [0m[38;2;0;0;0;48;2;252;252;252m                                                                                                                       [0m
[7m[38;2;252;252;252m [0m[38;2;0;0;0;48;2;252;252;252m                                                                                                                       [0m
[7m[38;2;252;252;252m [0m[38;2;0;0;0;48;2;252;252;252m                                                                                                                       [0m
[7m[38;2;252;252;252m [0m[38;2;0;0;0;48;2;252;252;252m                                                                                                                       [0m
[7m[38;2;252;252;252m [0m[38;2;0;0;0;48;2;252;252;252m                                                                                                                       [0m
[?25h