[?25l[0m[7m[38;2;0;0;0m [0m[38;2;0;0;0;48;2;0;0;0m                                                         [48;2;2;2;2m:[38;2;84;84;84;48;2;60;60;60m4[38;2;214;214;214;48;2;225;225;225mL[38;2;253;253;253;48;2;251;251;251m: [48;2;252;252;252m                                                         [0m
[7m[38;2;0;0;0m [0m[38;2;0;0;0;48;2;0;0;0m                                                         [48;2;1;1;1m:[38;2;84;84;84;48;2;60;60;60m4[38;2;214;214;214;48;2;225;225;225mL[38;2;253;253;253;48;2;251;251;251m: [48;2;252;252;252m                                                         [0m
[7m[38;2;0;0;0m [0m[38;2;0;0;0;48;2;0;0;0m                                                         [48;2;1;1;1m:[38;2;84;84;84;48;2;60;60;60m4[38;2;214;214;214;48;2;225;225;225mL[38;2;253;253;253;48;2;251;251;251m: [48;2;252;252;252m                                                         [0m
[7m[38;2;0;0;0m [0m[38;2;0;0;0;48;2;0;0;0m                                                         [48;2;1;1;1m:[38;2;84;84;84;48;2;60;60;60m4[38;2;214;214;214;48;2;225;225;225mL[38;2;253;253;253;48;2;251;251;251m: [48;2;252;252;252m                                                         [0m
[7m[38;2;0;0;0m [0m[38;2;0;0;0;48;2;0;0;0m                                                         [48;2;1;1;1m:[38;2;84;84;84;48;2;60;60;60m4[38;2;214;214;214;48;2;225;225;225mL[38;2;253;253;253;48;2;251;251;251m: [48;2;252;252;252m                                                         [0m
[7m[38;2;0;0;0m [0m[38;2;0;0;0;48;2;0;0;0m                                                         [48;2;1;1;1m:[38;2;84;84;84;48;2;60;60;60m4[38;2;214;214;214;48;2;225;225;225mL[38;2;253;253;253;48;2;251;251;251m: [48;2;252;252;252m                                                         [0m
[7m[38;2;0;0;0m [0m[38;2;0;0;0;48;2;0;0;0m                                                         [48;2;1;1;1m:[38;2;84;84;84;48;2;60;60;60m4[38;2;214;214;214;48;2;225;225;225mL[38;2;253;253;253;48;2;251;251;251m: [48;2;252;252;252m                                                         [0m
[7m[38;2;0;0;0m [0m[38;2;0;0;0;48;2;0;0;0m                                                         [48;2;1;1;1m:[38;2;84;84;84;48;2;60;60;60m4[38;2;214;214;214;48;2;225;225;225mL[38;2;253;253;253;48;2;251;251;251m: [48;2;252;252;252m                                                         [0m
[7m[38;2;0;0;0m [0m[38;2;0;0;0;48;2;0;0;0m                                                         [48;2;1;1;1m:[38;2;84;84;84;48;2;60;60;60m4[38;2;214;214;214;48;2;225;225;225mL[38;2;253;253;253;48;2;251;251;251m: [48;2;252;252;252m                                                         [0m
[7m[38;2;0;0;0m [0m[38;2;0;0;0;48;2;0;0;0m                                                         [48;2;1;1;1m:[38;2;84;84;84;48;2;60;60;60m4[38;2;214;214;214;48;2;225;225;225mL[38;2;253;253;253;48;2;251;251;251m: [48;2;252;252;252m                                                         [0m
[7m[38;2;0;0;0m [0m[38;2;0;0;0;48;2;0;0;0m                                                         [48;2;1;1;1m:[38;2;84;84;84;48;2;60;60;60m4[38;2;214;214;214;48;2;225;225;225mL[38;2;253;253;253;48;2;251;251;251m: [48;2;252;252;252m                                                         [0m
[7m[38;2;0;0;0m [0m[38;2;0;0;0;48;2;0;0;0m                                                         [48;2;1;1;1m:[38;2;84;84;84;48;2;60;60;60m4[38;2;214;214;214;48;2;225;225;225mL[38;2;253;253;253;48;2;251;251;251m: [48;2;252;252;252m                                                         [0m
[7m[38;2;0;0;0m [0m[38;2;0;0;0;48;2;0;0;0m                                                         [48;2;1;1;1m:[38;2;84;84;84;48;2;60;60;60m4[38;2;213;213;213;48;2;225;225;225mL[38;2;253;253;253;48;2;251;251;251m: [48;2;252;252;252m                                                         [0m
[7m[38;2;0;0;0m [0m[38;2;0;0;0;48;2;0;0;0m                                                         [48;2;1;1;1m:[38;2;84;84;84;48;2;60;60;60m4[38;2;214;214;214;48;2;225;225;225mL[38;2;250;250;250;48;2;251;251;251mL [48;2;252;252;252m                                                         [0m
[7m[38;2;0;0;0m [0m[38;2;0;0;0;48;2;0;0;0m                                                         [48;2;1;1;1m:[38;2;84;84;84;48;2;60;60;60m4[38;2;213;213;213;48;2;224;224;224mL[38;2;250;250;250;48;2;251;251;251mL [48;2;252;252;252m                                                         [0m
[7m[38;2;0;0;0m [0m[38;2;0;0;0;48;2;0;0;0m                                                         [48;2;1;1;1m:[38;2;84;84;84;48;2;60;60;60m4[38;2;213;213;213;48;2;224;224;224mL[38;2;250;250;250;48;2;251;251;251mL [48;2;252;252;252m                                                         [0m
[7m[38;2;0;0;0m [0m[38;2;0;0;0;48;2;0;0;0m                                                         [48;2;1;1;1m:[38;2;84;84;84;48;2;60;60;60m4[38;2;213;213;213;48;2;224;224;224mL[38;2;250;250;250;48;2;251;251;251mL [48;2;252;252;252m                                                         [0m
[7m[38;2;0;0;0m [0m[38;2;0;0;0;48;2;0;0;0m                                                         [48;2;1;1;1m:[38;2;84;84;84;48;2;60;60;60m4[38;2;213;213;213;48;2;224;224;224mL[38;2;250;250;250;48;2;251;251;251mL [48;2;252;252;252m                                                         [0m
[7m[38;2;0;0;0m [0m[38;2;0;0;0;48;2;0;0;0m                                                         [48;2;1;1;1m:[38;2;84;84;84;48;2;60;60;60m4[38;2;213;213;213;48;2;224;224;224mL[38;2;250;250;250;48;2;251;251;251mL [48;2;252;252;252m                                                         [0m
[7m[38;2;0;0;0m [0m[38;2;0;0;0;48;2;0;0;0m                                                         [48;2;1;1;1m:[38;2;84;84;84;48;2;60;60;60m4[38;2;213;213;213;48;2;224;224;224mL[38;2;250;250;250;48;2;251;251;251mL [48;2;252;252;252m                                                         [0m
[7m[38;2;0;0;0m [0m[38;2;0;0;0;48;2;0;0;0m                                                        [38;2;1;1;1m_[38;2;0;0;0;48;2;1;1;1m:[38;2;84;84;84;48;2;60;60;60m4[38;2;213;213;213;48;2;224;224;224mL[38;2;250;250;250;48;2;251;251;251mL [48;2;252;252;252m                                                         [0m
[7m[38;2;0;0;0m [0m[38;2;0;0;0;48;2;0;0;0m                                                    [38;2;45;45;45;48;2;1;1;1m_[38;2;95;95;95;48;2;3;3;3m_[38;2;129;129;129;48;2;10;10;10m_[38;2;146;146;146;48;2;23;23;23m_[38;2;155;155;155;48;2;33;33;33m_[38;2;158;158;158;48;2;37;37;37m_[38;2;144;144;144;48;2;77;77;77m_[38;2;203;203;203;48;2;222;222;222m_[38;2;227;227;227;48;2;250;250;250m_[38;2;243;243;243;48;2;251;251;251m_[38;2;239;239;239m_[38;2;236;236;236m_[38;2;244;244;244m_[38;2;250;250;250m, [38;2;252;252;252m:[48;2;252;252;252m                                                   [0m
[7m[38;2;0;0;0m [0m[38;2;0;0;0;48;2;0;0;0m                                                [48;2;5;5;5m`[38;2;105;105;105;48;2;25;25;25m_[38;2;221;221;221;48;2;75;75;75m_[38;2;11;11;11;48;2;159;159;159m~[38;2;73;73;73;48;2;197;197;197m~[38;2;151;151;151;48;2;222;222;222m~[38;2;202;202;202;48;2;240;240;240m~[38;2;201;201;201;48;2;245;245;245m`[38;2;205;205;205m`[38;2;206;206;206;48;2;244;244;244m`[38;2;183;183;183;48;2;217;217;217m`[38;2;62;62;62;48;2;108;108;108ma[38;2;161;161;161;48;2;63;63;63m~[38;2;32;32;32;48;2;131;131;131my[38;2;29;29;29;48;2;123;123;123my[38;2;28;28;28;48;2;117;117;117my[38;2;39;39;39;48;2;140;140;140my[38;2;41;41;41;48;2;169;169;169m_[38;2;128;128;128;48;2;224;224;224m_[38;2;218;218;218;48;2;245;245;245m_[38;2;247;247;247;48;2;250;250;250m,[38;2;250;250;250;48;2;251;251;251m_[38;2;252;252;252m:[48;2;252;252;252m                                                [0m
[7m[38;2;0;0;0m [0m[38;2;0;0;0;48;2;0;0;0m                                              [48;2;1;1;1m:[38;2;89;89;89;48;2;24;24;24m_[38;2;173;173;173;48;2;103;103;103my[38;2;126;126;126;48;2;222;222;222m`[38;2;254;254;254;48;2;249;249;249m`[38;2;250;250;250;48;2;251;251;251m= ~[38;2;252;252;252m.[48;2;252;252;252m [48;2;251;251;251m [38;2;254;254;254m:[38;2;237;237;237;48;2;223;223;223m:[38;2;97;97;97;48;2;60;60;60mL[38;2;2;2;2;48;2;1;1;1mL[48;2;0;0;0m  [38;2;1;1;1m` [38;2;0;0;0;48;2;1;1;1m`[38;2;47;47;47;48;2;15;15;15m"[38;2;176;176;176;48;2;65;65;65m~[38;2;15;15;15;48;2;165;165;165m_[38;2;113;113;113;48;2;216;216;216m_[38;2;226;226;226;48;2;245;245;245m,[38;2;249;249;249;48;2;251;251;251m,[38;2;252;252;252m.:[48;2;252;252;252m                                             [0m
[7m[38;2;0;0;0m [0m[38;2;0;0;0;48;2;0;0;0m                                          [38;2;1;1;1m_.[38;2;38;38;38;48;2;6;6;6m_[38;2;129;129;129;48;2;31;31;31m_[38;2;219;219;219;48;2;95;95;95m_[38;2;121;121;121;48;2;209;209;209m~[38;2;229;229;229;48;2;248;248;248m~[38;2;252;252;252;48;2;251;251;251m`.[48;2;252;252;252m     [48;2;251;251;251m [38;2;254;254;254m:[38;2;237;237;237;48;2;223;223;223m:[38;2;97;97;97;48;2;60;60;60mL[38;2;2;2;2;48;2;1;1;1mL[48;2;0;0;0m       [38;2;0;0;0;48;2;3;3;3m`[38;2;76;76;76;48;2;25;25;25m"[38;2;62;62;62;48;2;125;125;125my[38;2;141;141;141;48;2;225;225;225m_[38;2;202;202;202;48;2;244;244;244m_[38;2;244;244;244;48;2;249;249;249m,[48;2;251;251;251m  [38;2;252;252;252m:[48;2;252;252;252m                                          [0m
[7m[38;2;0;0;0m [0m[38;2;0;0;0;48;2;0;0;0m                                        [38;2;23;23;23;48;2;1;1;1m_[38;2;99;99;99;48;2;18;18;18m_[38;2;183;183;183;48;2;63;63;63m_[38;2;37;37;37;48;2;151;151;151m~[38;2;107;107;107;48;2;202;202;202m~[38;2;152;152;152;48;2;218;218;218m`[38;2;253;253;253;48;2;249;249;249m:[48;2;252;252;252m~        [48;2;251;251;251m [38;2;254;254;254m:[38;2;236;236;236;48;2;222;222;222m:[38;2;96;96;96;48;2;60;60;60mL[38;2;2;2;2;48;2;1;1;1mL[48;2;0;0;0m         [38;2;0;0;0;48;2;1;1;1m:[38;2;6;6;6;48;2;21;21;21m:[38;2;152;152;152;48;2;69;69;69m~[38;2;222;222;222;48;2;120;120;120m~[38;2;56;56;56;48;2;204;204;204m_[38;2;184;184;184;48;2;238;238;238m_[38;2;240;240;240;48;2;248;248;248m,[38;2;248;248;248;48;2;251;251;251m_[38;2;252;252;252m.[48;2;252;252;252m                                        [0m
[7m[38;2;0;0;0m [0m[38;2;0;0;0;48;2;0;0;0m                                      [38;2;33;33;33;48;2;5;5;5m_[38;2;134;134;134;48;2;49;49;49m_[38;2;43;43;43;48;2;160;160;160m~[38;2;153;153;153;48;2;214;214;214m~[38;2;202;202;202;48;2;215;215;215mv[38;2;231;231;231;48;2;194;194;194m_[38;2;183;183;183;48;2;214;214;214mF[38;2;215;215;215;48;2;238;238;238m~[38;2;254;254;254;48;2;251;251;251m`[38;2;251;251;251;48;2;252;252;252m'        [48;2;251;251;251m [38;2;254;254;254m:[38;2;236;236;236;48;2;222;222;222m:[38;2;96;96;96;48;2;60;60;60mL[38;2;2;2;2;48;2;1;1;1mL[48;2;0;0;0m          [38;2;0;0;0;48;2;10;10;10m:[38;2;26;26;26;48;2;64;64;64my[38;2;42;42;42;48;2;75;75;75m_[38;2;41;41;41;48;2;71;71;71m^[38;2;117;117;117;48;2;65;65;65m~[38;2;59;59;59;48;2;143;143;143my[38;2;116;116;116;48;2;209;209;209m_[38;2;219;219;219;48;2;242;242;242m,[38;2;249;249;249;48;2;251;251;251m,[38;2;252;252;252m:[48;2;252;252;252m                                      [0m
[7m[38;2;0;0;0m [0m[38;2;0;0;0;48;2;0;0;0m                                     [38;2;1;1;1m`[38;2;81;81;81;48;2;47;47;47m4[38;2;104;104;104;48;2;172;172;172m_[38;2;139;139;139;48;2;224;224;224m_[38;2;94;94;94;48;2;211;211;211m_[38;2;36;36;36;48;2;191;191;191m_[38;2;2;2;2;48;2;159;159;159m_[38;2;110;110;110;48;2;165;165;165ms[38;2;222;222;222;48;2;232;232;232mr[38;2;251;251;251;48;2;252;252;252mL[38;2;252;252;252;48;2;251;251;251m`[48;2;252;252;252m        [48;2;251;251;251m [38;2;254;254;254m:[38;2;236;236;236;48;2;222;222;222m:[38;2;96;96;96;48;2;60;60;60mL[38;2;2;2;2;48;2;1;1;1mL[48;2;0;0;0m         [38;2;1;1;1m_[38;2;0;0;0;48;2;15;15;15m:[38;2;111;111;111;48;2;77;77;77ma[38;2;192;192;192;48;2;101;101;101my[38;2;188;188;188;48;2;76;76;76m_[38;2;124;124;124;48;2;51;51;51m_[38;2;80;80;80;48;2;21;21;21m_[38;2;3;3;3;48;2;32;32;32m:[38;2;187;187;187;48;2;128;128;128m~[38;2;224;224;224;48;2;238;238;238mL[38;2;252;252;252;48;2;251;251;251m` [48;2;252;252;252m                                     [0m
[7m[38;2;0;0;0m [0m[38;2;0;0;0;48;2;0;0;0m                                      [38;2;21;21;21;48;2;4;4;4m`[38;2;64;64;64;48;2;11;11;11m~[38;2;90;90;90;48;2;14;14;14m~[38;2;62;62;62;48;2;9;9;9m~[38;2;20;20;20;48;2;4;4;4m~[38;2;44;44;44;48;2;17;17;17m_[38;2;77;77;77;48;2;126;126;126mF[38;2;254;254;254;48;2;237;237;237m.[38;2;250;250;250;48;2;251;251;251m_[38;2;252;252;252m.[48;2;252;252;252m        [48;2;251;251;251m [38;2;254;254;254m:[38;2;236;236;236;48;2;222;222;222m:[38;2;96;96;96;48;2;60;60;60mL[38;2;2;2;2;48;2;1;1;1mL[48;2;0;0;0m          [38;2;0;0;0;48;2;3;3;3m`[38;2;83;83;83;48;2;39;39;39m"[38;2;93;93;93;48;2;171;171;171m_[38;2;214;214;214;48;2;235;235;235m`[38;2;195;195;195;48;2;236;236;236m~[38;2;150;150;150;48;2;218;218;218m~[38;2;114;114;114;48;2;205;205;205m~[38;2;151;151;151;48;2;220;220;220m~[38;2;234;234;234;48;2;247;247;247m~[48;2;252;252;252m                                       [0m
[7m[38;2;0;0;0m [0m[38;2;0;0;0;48;2;0;0;0m                                          [38;2;1;1;1m~[38;2;25;25;25;48;2;71;71;71m[[38;2;176;176;176;48;2;199;199;199m~[38;2;254;254;254;48;2;248;248;248m:[48;2;250;250;250m [38;2;252;252;252;48;2;251;251;251m:[48;2;252;252;252m        [48;2;251;251;251m [38;2;254;254;254m:[38;2;236;236;236;48;2;222;222;222m:[38;2;96;96;96;48;2;60;60;60mL[38;2;2;2;2;48;2;1;1;1mL[48;2;0;0;0m           [38;2;0;0;0;48;2;2;2;2m:[38;2;19;19;19;48;2;60;60;60m:[38;2;204;204;204;48;2;222;222;222mL[38;2;249;249;249;48;2;251;251;251mL[38;2;252;252;252m: [48;2;252;252;252m                                         [0m
[7m[38;2;0;0;0m [0m[38;2;0;0;0;48;2;0;0;0m                                           [38;2;69;69;69;48;2;43;43;43m4[38;2;111;111;111;48;2;173;173;173m_[38;2;231;231;231;48;2;244;244;244m,[38;2;251;251;251;48;2;250;250;250m.[38;2;252;252;252;48;2;251;251;251m:[48;2;252;252;252m        [48;2;251;251;251m [38;2;254;254;254m:[38;2;236;236;236;48;2;222;222;222m:[38;2;96;96;96;48;2;60;60;60mL[38;2;2;2;2;48;2;1;1;1mL[48;2;0;0;0m           [38;2;0;0;0;48;2;4;4;4m:[38;2;81;81;81;48;2;64;64;64m4[38;2;212;212;212;48;2;227;227;227mF[38;2;250;250;250;48;2;251;251;251m~[38;2;252;252;252m:[48;2;252;252;252m                                          [0m
[7m[38;2;0;0;0m [0m[38;2;0;0;0;48;2;0;0;0m                                           [38;2;7;7;7;48;2;3;3;3m`[38;2;79;79;79;48;2;48;48;48m"[38;2;131;131;131;48;2;169;169;169mw[38;2;254;254;254;48;2;246;246;246m:[38;2;252;252;252;48;2;251;251;251m":[48;2;252;252;252m       [48;2;251;251;251m [38;2;254;254;254m:[38;2;236;236;236;48;2;222;222;222m:[38;2;96;96;96;48;2;60;60;60mL[38;2;2;2;2;48;2;1;1;1mL[48;2;0;0;0m           [38;2;0;0;0;48;2;26;26;26m`[38;2;177;177;177;48;2;123;123;123my[38;2;246;246;246;48;2;237;237;237m.[48;2;252;252;252m                                            [0m
[7m[38;2;0;0;0m [0m[38;2;0;0;0;48;2;0;0;0m                                           [38;2;1;1;1m~[38;2;19;19;19;48;2;8;8;8m"[38;2;99;99;99;48;2;71;71;71m4[38;2;112;112;112;48;2;205;205;205m_[38;2;197;197;197;48;2;245;245;245m_[38;2;242;242;242;48;2;249;249;249m,[38;2;252;252;252;48;2;251;251;251m:[48;2;252;252;252m      [48;2;251;251;251m [38;2;254;254;254m:[38;2;236;236;236;48;2;222;222;222m:[38;2;96;96;96;48;2;60;60;60mL[38;2;2;2;2;48;2;1;1;1mL[48;2;0;0;0m        [38;2;1;1;1m,[38;2;0;0;0;48;2;4;4;4m:[38;2;73;73;73;48;2;44;44;44mu[38;2;88;88;88;48;2;176;176;176m~[38;2;216;216;216;48;2;241;241;241m~[38;2;252;252;252;48;2;251;251;251m:[48;2;252;252;252m                                            [0m
[7m[38;2;0;0;0m [0m[38;2;0;0;0;48;2;0;0;0m                                             [38;2;7;7;7;48;2;2;2;2m`[38;2;69;69;69;48;2;28;28;28m`[38;2;100;100;100;48;2;130;130;130m$[38;2;218;218;218;48;2;226;226;226mL[38;2;210;210;210;48;2;239;239;239m_[38;2;254;254;254;48;2;251;251;251m:[48;2;252;252;252m     [48;2;251;251;251m :[38;2;236;236;236;48;2;222;222;222m:[38;2;96;96;96;48;2;60;60;60mL[38;2;2;2;2;48;2;1;1;1mL[48;2;0;0;0m        [38;2;1;1;1m:[38;2;0;0;0;48;2;16;16;16m:[38;2;116;116;116;48;2;102;102;102m4[38;2;224;224;224;48;2;235;235;235mL[48;2;250;250;250m [48;2;251;251;251m [48;2;252;252;252m                                            [0m
[7m[38;2;0;0;0m [0m[38;2;0;0;0;48;2;0;0;0m                                             [38;2;1;1;1m`[38;2;71;71;71;48;2;47;47;47m4[38;2;143;143;143;48;2;183;183;183m~[38;2;227;227;227;48;2;238;238;238m~[38;2;201;201;201;48;2;230;230;230m^[38;2;254;254;254;48;2;250;250;250m`[38;2;252;252;252;48;2;251;251;251m:[48;2;252;252;252m    [48;2;251;251;251m [38;2;254;254;254m:[38;2;236;236;236;48;2;222;222;222m:[38;2;96;96;96;48;2;60;60;60mL[38;2;2;2;2;48;2;1;1;1mL[48;2;0;0;0m        [38;2;1;1;1m`[38;2;0;0;0;48;2;8;8;8m:[38;2;59;59;59;48;2;82;82;82m.[38;2;220;220;220;48;2;233;233;233mW[48;2;252;252;252m                                              [0m
[7m[38;2;0;0;0m [0m[38;2;0;0;0;48;2;0;0;0m                                             [38;2;1;1;1m_[38;2;9;9;9;48;2;40;40;40m:[38;2;127;127;127;48;2;156;156;156mL[38;2;240;240;240;48;2;245;245;245mL[38;2;249;249;249;48;2;250;250;250mi[38;2;252;252;252;48;2;251;251;251m:[48;2;252;252;252m     [48;2;251;251;251m [38;2;254;254;254m:[38;2;236;236;236;48;2;222;222;222m:[38;2;96;96;96;48;2;60;60;60mL[38;2;2;2;2;48;2;1;1;1mL[48;2;0;0;0m        [38;2;1;1;1m:[38;2;26;26;26;48;2;17;17;17m4[38;2;133;133;133;48;2;115;115;115m4[38;2;226;226;226;48;2;236;236;236mL[48;2;250;250;250m [48;2;251;251;251m [48;2;252;252;252m                                            [0m
[?25h