[?25l[0m[7m[38;2;0;0;0m [0m[38;2;0;0;0;48;2;0;0;0m                                                      [48;2;1;1;1m [38;2;53;53;53;48;2;36;36;36m4[38;2;158;158;158;48;2;167;167;167m$[38;2;239;239;239;48;2;245;245;245mL[38;2;249;249;249;48;2;250;250;250m.[38;2;252;252;252;48;2;251;251;251m:[48;2;252;252;252m                                                           [0m
[7m[38;2;0;0;0m [0m[38;2;0;0;0;48;2;0;0;0m                                                      [48;2;1;1;1m [38;2;53;53;53;48;2;36;36;36m4[38;2;157;157;157;48;2;166;166;166m$[38;2;239;239;239;48;2;245;245;245mL[38;2;249;249;249;48;2;250;250;250m.[38;2;252;252;252;48;2;251;251;251m:[48;2;252;252;252m                                                           [0m
[7m[38;2;0;0;0m [0m[38;2;0;0;0;48;2;0;0;0m                                                      [48;2;1;1;1m [38;2;53;53;53;48;2;36;36;36m4[38;2;157;157;157;48;2;166;166;166m$[38;2;239;239;239;48;2;245;245;245mL[38;2;249;249;249;48;2;250;250;250m.[38;2;252;252;252;48;2;251;251;251m:[48;2;252;252;252m                                                           [0m
[7m[38;2;0;0;0m [0m[38;2;0;0;0;48;2;0;0;0m                                                      [48;2;1;1;1m [38;2;53;53;53;48;2;36;36;36m4[38;2;157;157;157;48;2;166;166;166m$[38;2;239;239;239;48;2;245;245;245mL[38;2;249;249;249;48;2;250;250;250m.[38;2;252;252;252;48;2;251;251;251m:[48;2;252;252;252m                                                           [0m
[7m[38;2;0;0;0m [0m[38;2;0;0;0;48;2;0;0;0m                                                [48;2;9;9;9m`[38;2;113;113;113;48;2;30;30;30m_[38;2;138;138;138;48;2;36;36;36m_[38;2;31;31;31;48;2;9;9;9m,[48;2;0;0;0m  [48;2;1;1;1m [38;2;53;53;53;48;2;36;36;36m4[38;2;158;158;158;48;2;167;167;167m$[38;2;239;239;239;48;2;245;245;245mL[38;2;249;249;249;48;2;250;250;250m.[38;2;252;252;252;48;2;251;251;251m:[48;2;252;252;252m                                                           [0m
[7m[38;2;0;0;0m [0m[38;2;0;0;0;48;2;0;0;0m                                               [48;2;5;5;5m`[38;2;94;94;94;48;2;68;68;68my[38;2;163;163;163;48;2;213;213;213m~[38;2;196;196;196;48;2;232;232;232m"[38;2;88;88;88;48;2;171;171;171m~[38;2;120;120;120;48;2;43;43;43m_[38;2;23;23;23;48;2;5;5;5m,[38;2;2;2;2;48;2;1;1;1m_[38;2;53;53;53;48;2;36;36;36m4[38;2;158;158;158;48;2;167;167;167m$[38;2;239;239;239;48;2;245;245;245mL[38;2;249;249;249;48;2;250;250;250m.[38;2;252;252;252;48;2;251;251;251m:[48;2;252;252;252m                                                           [0m
[7m[38;2;0;0;0m [0m[38;2;0;0;0;48;2;0;0;0m                                               [38;2;53;53;53;48;2;38;38;38my[38;2;114;114;114;48;2;164;164;164m~[38;2;254;254;254;48;2;244;244;244m:[38;2;244;244;244;48;2;247;247;247m|[38;2;253;253;253;48;2;245;245;245m:[38;2;158;158;158;48;2;193;193;193m~[38;2;76;76;76;48;2;39;39;39mL[38;2;4;4;4;48;2;1;1;1m`[38;2;53;53;53;48;2;36;36;36m4[38;2;158;158;158;48;2;167;167;167m$[38;2;239;239;239;48;2;245;245;245mL[38;2;249;249;249;48;2;250;250;250m.[38;2;252;252;252;48;2;251;251;251m:[48;2;252;252;252m                                                           [0m
[7m[38;2;0;0;0m [0m[38;2;0;0;0;48;2;0;0;0m                                               [38;2;26;26;26;48;2;69;69;69ml[38;2;193;193;193;48;2;205;205;205mL[38;2;254;254;254;48;2;248;248;248m:[38;2;247;247;247mi[38;2;253;253;253;48;2;250;250;250m'[38;2;249;249;249;48;2;228;228;228m:[38;2;107;107;107;48;2;69;69;69mL[38;2;0;0;0;48;2;5;5;5m`[38;2;53;53;53;48;2;36;36;36m4[38;2;158;158;158;48;2;167;167;167m$[38;2;239;239;239;48;2;245;245;245mL[38;2;249;249;249;48;2;250;250;250m.[38;2;252;252;252;48;2;251;251;251m:[48;2;252;252;252m                                                           [0m
[7m[38;2;0;0;0m [0m[38;2;0;0;0;48;2;0;0;0m                                               [38;2;58;58;58;48;2;39;39;39m4[38;2;139;139;139;48;2;166;166;166mL[38;2;254;254;254;48;2;245;245;245m:[48;2;249;249;249m [48;2;251;251;251m [48;2;236;236;236m:[38;2;126;126;126;48;2;92;92;92mL[38;2;20;20;20;48;2;12;12;12mr[38;2;53;53;53;48;2;36;36;36m4[38;2;157;157;157;48;2;166;166;166m$[38;2;239;239;239;48;2;245;245;245mL[38;2;249;249;249;48;2;250;250;250m.[38;2;252;252;252;48;2;251;251;251m:[48;2;252;252;252m                                                           [0m
[7m[38;2;0;0;0m [0m[38;2;0;0;0;48;2;0;0;0m                                               [38;2;2;2;2;48;2;20;20;20m:[38;2;78;78;78;48;2;120;120;120mi[38;2;237;237;237;48;2;243;243;243mL[38;2;251;251;251;48;2;250;250;250my[38;2;248;248;248;48;2;249;249;249m.[38;2;254;254;254;48;2;237;237;237m:[38;2;139;139;139;48;2;115;115;115mL[38;2;34;34;34;48;2;18;18;18mL[38;2;53;53;53;48;2;36;36;36m4[38;2;158;158;158;48;2;167;167;167m$[38;2;239;239;239;48;2;245;245;245mL[38;2;249;249;249;48;2;250;250;250m.[38;2;252;252;252;48;2;251;251;251m:[48;2;252;252;252m                                                           [0m
[7m[38;2;0;0;0m [0m[38;2;0;0;0;48;2;0;0;0m                                               [48;2;3;3;3m:[38;2;35;35;35;48;2;83;83;83ml[38;2;209;209;209;48;2;224;224;224mL[38;2;254;254;254;48;2;250;250;250m:[38;2;247;247;247;48;2;249;249;249m$[38;2;254;254;254;48;2;240;240;240m:[38;2;170;170;170;48;2;145;145;145mL[38;2;51;51;51;48;2;27;27;27mL[38;2;54;54;54;48;2;36;36;36m4[38;2;158;158;158;48;2;167;167;167m$[38;2;239;239;239;48;2;245;245;245mL[38;2;249;249;249;48;2;250;250;250m.[38;2;252;252;252;48;2;251;251;251m:[48;2;252;252;252m                                                           [0m
[7m[38;2;0;0;0m [0m[38;2;0;0;0;48;2;0;0;0m                                                [38;2;67;67;67;48;2;44;44;44m4[38;2;157;157;157;48;2;182;182;182mL[38;2;254;254;254;48;2;246;246;246m:[38;2;247;247;247;48;2;248;248;248m$[38;2;254;254;254;48;2;243;243;243m:[38;2;165;165;165;48;2;177;177;177m4[38;2;64;64;64;48;2;34;34;34mL[38;2;54;54;54;48;2;36;36;36m4[38;2;158;158;158;48;2;167;167;167m$[38;2;239;239;239;48;2;245;245;245mL[38;2;249;249;249;48;2;250;250;250m.[38;2;252;252;252;48;2;251;251;251m:[48;2;252;252;252m                                                           [0m
[7m[38;2;0;0;0m [0m[38;2;0;0;0;48;2;0;0;0m                                               [38;2;1;1;1m.[48;2;26;26;26m:[38;2;108;108;108;48;2;134;134;134m$[38;2;238;238;238;48;2;243;243;243mL[38;2;247;247;247;48;2;248;248;248mf[38;2;254;254;254;48;2;246;246;246m:[38;2;189;189;189;48;2;198;198;198m"[38;2;79;79;79;48;2;44;44;44mL[38;2;54;54;54;48;2;37;37;37m4[38;2;158;158;158;48;2;167;167;167m$[38;2;239;239;239;48;2;245;245;245mL[38;2;249;249;249;48;2;250;250;250m.[38;2;252;252;252;48;2;251;251;251m:[48;2;252;252;252m                                                           [0m
[7m[38;2;0;0;0m [0m[38;2;0;0;0;48;2;0;0;0m                                                [48;2;5;5;5m:[38;2;37;37;37;48;2;89;89;89ml[38;2;218;218;218;48;2;231;231;231mL[38;2;253;253;253;48;2;251;251;251m:[38;2;254;254;254;48;2;250;250;250m:[38;2;209;209;209;48;2;219;219;219m4[38;2;97;97;97;48;2;59;59;59mL[38;2;55;55;55;48;2;40;40;40m4[38;2;159;159;159;48;2;168;168;168m$[38;2;239;239;239;48;2;245;245;245mL[38;2;249;249;249;48;2;250;250;250m.[38;2;252;252;252;48;2;251;251;251m:[48;2;252;252;252m                                                           [0m
[7m[38;2;0;0;0m [0m[38;2;0;0;0;48;2;0;0;0m                                                [38;2;1;1;1m.[38;2;32;32;32;48;2;64;64;64m$[38;2;168;168;168;48;2;191;191;191mL[38;2;254;254;254;48;2;247;247;247m:[38;2;248;248;248;48;2;251;251;251m_[38;2;253;253;253;48;2;234;234;234m:[38;2;116;116;116;48;2;81;81;81mL[38;2;57;57;57;48;2;47;47;47m4[38;2;160;160;160;48;2;168;168;168m$[38;2;239;239;239;48;2;245;245;245mL[38;2;249;249;249;48;2;250;250;250m.[38;2;252;252;252;48;2;251;251;251m:[48;2;252;252;252m                                                           [0m
[7m[38;2;0;0;0m [0m[38;2;0;0;0;48;2;0;0;0m                                                [38;2;1;1;1m:[38;2;43;43;43;48;2;27;27;27m4[38;2;111;111;111;48;2;143;143;143mL[38;2;238;238;238;48;2;244;244;244mL[38;2;247;247;247;48;2;249;249;249mf[38;2;254;254;254;48;2;239;239;239m:[38;2;199;199;199;48;2;126;126;126m_[38;2;121;121;121;48;2;69;69;69m_[38;2;177;177;177;48;2;163;163;163m4[38;2;240;240;240;48;2;245;245;245mL[38;2;249;249;249;48;2;250;250;250m.[38;2;252;252;252;48;2;251;251;251m:[48;2;252;252;252m                                                           [0m
[7m[38;2;0;0;0m [0m[38;2;0;0;0;48;2;0;0;0m                                                [38;2;1;1;1m_[38;2;0;0;0;48;2;16;16;16m'[38;2;70;70;70;48;2;116;116;116mF[38;2;232;232;232;48;2;241;241;241mL[38;2;252;252;252;48;2;251;251;251m=[48;2;248;248;248m:[38;2;192;192;192;48;2;219;219;219m*[38;2;103;103;103;48;2;143;143;143ma[38;2;171;171;171;48;2;161;161;161m4[38;2;238;238;238;48;2;244;244;244mL[38;2;249;249;249;48;2;250;250;250m.[38;2;252;252;252;48;2;251;251;251m:[48;2;252;252;252m                                                           [0m
[7m[38;2;0;0;0m [0m[38;2;0;0;0;48;2;0;0;0m                                                [38;2;53;53;53;48;2;22;22;22m_[38;2;48;48;48;48;2;129;129;129m~[38;2;167;167;167;48;2;229;229;229m`[38;2;253;253;253;48;2;249;249;249m`[48;2;251;251;251m [38;2;250;250;250mT[38;2;254;254;254;48;2;246;246;246m:[38;2;166;166;166;48;2;204;204;204m~[38;2;160;160;160;48;2;190;190;190m~[38;2;252;252;252;48;2;245;245;245m`[48;2;250;250;250m [48;2;251;251;251m:[48;2;252;252;252m                                                           [0m
[7m[38;2;0;0;0m [0m[38;2;0;0;0;48;2;0;0;0m                                              [38;2;1;1;1m_[38;2;0;0;0;48;2;11;11;11m'[38;2;81;81;81;48;2;104;104;104m$[38;2;213;213;213;48;2;234;234;234m`[38;2;254;254;254;48;2;251;251;251m`[38;2;250;250;250m`[38;2;252;252;252m:[38;2;250;250;250ms[38;2;254;254;254;48;2;245;245;245m:[38;2;129;129;129;48;2;202;202;202m_[38;2;157;157;157;48;2;187;187;187m_[38;2;241;241;241;48;2;245;245;245mr[48;2;250;250;250m [38;2;252;252;252;48;2;251;251;251m:[48;2;252;252;252m                                                           [0m
[7m[38;2;0;0;0m [0m[38;2;0;0;0;48;2;0;0;0m                                              [38;2;57;57;57;48;2;12;12;12m_[38;2;174;174;174;48;2;76;76;76m_[38;2;143;143;143;48;2;202;202;202m~[38;2;254;254;254;48;2;248;248;248m:[48;2;250;250;250m [38;2;252;252;252;48;2;251;251;251m:[38;2;251;251;251;48;2;252;252;252m:[38;2;253;253;253m:[38;2;251;251;251;48;2;232;232;232m'[38;2;115;115;115;48;2;102;102;102mL[38;2;167;167;167;48;2;154;154;154m4[38;2;238;238;238;48;2;244;244;244mL[38;2;249;249;249;48;2;250;250;250m.[38;2;252;252;252;48;2;251;251;251m:[48;2;252;252;252m                                                           [0m
[7m[38;2;0;0;0m [0m[38;2;0;0;0;48;2;0;0;0m                                             [38;2;12;12;12;48;2;8;8;8m4[38;2;65;65;65;48;2;104;104;104ml[38;2;223;223;223;48;2;240;240;240m~[38;2;252;252;252;48;2;251;251;251m:[38;2;251;251;251;48;2;252;252;252m!  [38;2;252;252;252;48;2;251;251;251m:~[38;2;254;254;254;48;2;236;236;236m:[38;2;130;130;130;48;2;110;110;110mL[38;2;166;166;166;48;2;153;153;153m4[38;2;238;238;238;48;2;244;244;244mL[38;2;249;249;249;48;2;250;250;250m.[38;2;252;252;252;48;2;251;251;251m:[48;2;252;252;252m                                                           [0m
[7m[38;2;0;0;0m [0m[38;2;0;0;0;48;2;0;0;0m                                            [38;2;1;1;1m_[38;2;2;2;2;48;2;11;11;11m:[38;2;68;68;68;48;2;109;109;109ml[38;2;238;238;238;48;2;244;244;244mL[38;2;251;251;251;48;2;252;252;252m.  [38;2;252;252;252;48;2;251;251;251m:[38;2;233;233;233m_[38;2;228;228;228;48;2;248;248;248m_[38;2;254;254;254;48;2;234;234;234m:[38;2;140;140;140;48;2;124;124;124mF[38;2;160;160;160;48;2;149;149;149m4[38;2;237;237;237;48;2;243;243;243mL[38;2;249;249;249;48;2;250;250;250m.[38;2;252;252;252;48;2;251;251;251m:[48;2;252;252;252m                                                           [0m
[7m[38;2;0;0;0m [0m[38;2;0;0;0;48;2;0;0;0m                                            [38;2;1;1;1m:[38;2;4;4;4;48;2;17;17;17m:[38;2;96;96;96;48;2;119;119;119m$[38;2;238;238;238;48;2;244;244;244mL[38;2;250;250;250;48;2;251;251;251m_[38;2;252;252;252m:[38;2;249;249;249m|[38;2;254;254;254;48;2;238;238;238m:[38;2;106;106;106;48;2;150;150;150ma[38;2;72;72;72;48;2;133;133;133m*[38;2;223;223;223;48;2;126;126;126m_[38;2;220;220;220;48;2;110;110;110m_[38;2;154;154;154;48;2;169;169;169mF[38;2;203;203;203;48;2;238;238;238m_[48;2;249;249;249m [38;2;250;250;250;48;2;251;251;251m_[38;2;252;252;252m:[48;2;252;252;252m                                                          [0m
[7m[38;2;0;0;0m [0m[38;2;0;0;0;48;2;0;0;0m                                            [48;2;3;3;3m.[38;2;84;84;84;48;2;29;29;29m_[38;2;167;167;167;48;2;130;130;130m_[38;2;239;239;239;48;2;245;245;245mL[38;2;249;249;249;48;2;250;250;250m:[38;2;252;252;252;48;2;251;251;251m:[38;2;251;251;251;48;2;252;252;252m`[38;2;253;253;253;48;2;247;247;247m'[38;2;164;164;164;48;2;227;227;227m~[38;2;204;204;204;48;2;238;238;238m"[38;2;253;253;253;48;2;248;248;248m`[38;2;254;254;254;48;2;238;238;238m:[38;2;104;104;104;48;2;129;129;129m4[38;2;162;162;162;48;2;77;77;77m~[38;2;42;42;42;48;2;173;173;173m_[38;2;173;173;173;48;2;231;231;231m_[38;2;223;223;223;48;2;249;249;249m_[38;2;229;229;229;48;2;251;251;251m_[38;2;232;232;232;48;2;250;250;250m_[38;2;236;236;236m_[38;2;254;254;254;48;2;251;251;251m.[38;2;252;252;252m:[48;2;252;252;252m                                                     [0m
[7m[38;2;0;0;0m [0m[38;2;0;0;0;48;2;0;0;0m                                           [38;2;53;53;53;48;2;25;25;25my[38;2;36;36;36;48;2;132;132;132m~[38;2;130;130;130;48;2;212;212;212m~[38;2;198;198;198;48;2;239;239;239m`[38;2;254;254;254;48;2;251;251;251m`[38;2;250;250;250m`[48;2;252;252;252m    [38;2;252;252;252;48;2;251;251;251m.[38;2;249;249;249;48;2;250;250;250m:[38;2;254;254;254;48;2;238;238;238m:[38;2;135;135;135;48;2;111;111;111mL[38;2;32;32;32;48;2;18;18;18mL[38;2;20;20;20;48;2;7;7;7m`[38;2;103;103;103;48;2;22;22;22m~[38;2;141;141;141;48;2;38;38;38m~[38;2;156;156;156;48;2;52;52;52m~[38;2;168;168;168;48;2;63;63;63m~[38;2;37;37;37;48;2;116;116;116my[38;2;117;117;117;48;2;185;185;185my[38;2;252;252;252;48;2;242;242;242m`[48;2;251;251;251m :[48;2;252;252;252m                                                   [0m
[7m[38;2;0;0;0m [0m[38;2;0;0;0;48;2;0;0;0m                                         [48;2;4;4;4m`[38;2;97;97;97;48;2;22;22;22m_[38;2;58;58;58;48;2;116;116;116mF[38;2;194;194;194;48;2;210;210;210mF[38;2;247;247;247;48;2;250;250;250mL[38;2;250;250;250;48;2;251;251;251m~[38;2;252;252;252m:[48;2;252;252;252m     [48;2;251;251;251m:[38;2;251;251;251;48;2;250;250;250m_[38;2;254;254;254;48;2;237;237;237m:[38;2;129;129;129;48;2;103;103;103mF[38;2;27;27;27;48;2;15;15;15mF[48;2;0;0;0m   [38;2;2;2;2m`[38;2;3;3;3m~[38;2;0;0;0;48;2;1;1;1m:[38;2;67;67;67;48;2;44;44;44m4[38;2;128;128;128;48;2;199;199;199m_[38;2;233;233;233;48;2;246;246;246m,[38;2;250;250;250;48;2;251;251;251m_[38;2;252;252;252m:[48;2;252;252;252m              [38;2;253;253;253m__                                  [0m
[7m[38;2;0;0;0m [0m[38;2;0;0;0;48;2;0;0;0m                                        [48;2;2;2;2m`[38;2;81;81;81;48;2;58;58;58my[38;2;138;138;138;48;2;188;188;188m~[38;2;212;212;212;48;2;243;243;243m`[38;2;237;237;237;48;2;249;249;249m`[38;2;253;253;253;48;2;251;251;251m`[48;2;252;252;252m         [38;2;254;254;254;48;2;237;237;237m:[38;2;114;114;114;48;2;83;83;83mL[38;2;13;13;13;48;2;7;7;7mL[48;2;0;0;0m      [38;2;0;0;0;48;2;4;4;4m'[38;2;90;90;90;48;2;35;35;35m"[38;2;68;68;68;48;2;147;147;147m_[38;2;207;207;207;48;2;236;236;236m_[38;2;246;246;246;48;2;250;250;250m,[48;2;251;251;251m [48;2;252;252;252m             [38;2;253;253;253m``                                  [0m
[7m[38;2;0;0;0m [0m[38;2;0;0;0;48;2;0;0;0m                                        [38;2;51;51;51;48;2;30;30;30m=[38;2;89;89;89;48;2;144;144;144m_[38;2;230;230;230;48;2;239;239;239m,[38;2;249;249;249;48;2;251;251;251mr [48;2;252;252;252m         [38;2;251;251;251m:[38;2;254;254;254;48;2;236;236;236m:[38;2;113;113;113;48;2;82;82;82mL[38;2;13;13;13;48;2;7;7;7mL[48;2;0;0;0m       [38;2;0;0;0;48;2;6;6;6m:[38;2;89;89;89;48;2;66;66;66m4[38;2;187;187;187;48;2;214;214;214m~[38;2;245;245;245;48;2;250;250;250m~[38;2;250;250;250;48;2;251;251;251m`[38;2;252;252;252m:[48;2;252;252;252m                                                [0m
[7m[38;2;0;0;0m [0m[38;2;0;0;0;48;2;0;0;0m                                        [38;2;1;1;1;48;2;6;6;6m'[38;2;116;116;116;48;2;85;85;85m4[38;2;214;214;214;48;2;229;229;229m_[38;2;254;254;254;48;2;251;251;251m`[38;2;252;252;252m:[48;2;252;252;252m         [48;2;251;251;251m [38;2;254;254;254;48;2;236;236;236m:[38;2;113;113;113;48;2;82;82;82mL[38;2;12;12;12;48;2;7;7;7mL[48;2;0;0;0m      [38;2;1;1;1m.[38;2;0;0;0;48;2;21;21;21m`[38;2;205;205;205;48;2;92;92;92m_[38;2;170;170;170;48;2;202;202;202mF[38;2;251;251;251;48;2;244;244;244m`[48;2;251;251;251m [38;2;252;252;252m:[48;2;252;252;252m                                                [0m
[7m[38;2;0;0;0m [0m[38;2;0;0;0;48;2;0;0;0m                                        [38;2;1;1;1m`[38;2;68;68;68;48;2;35;35;35m`[38;2;44;44;44;48;2;144;144;144m_[38;2;161;161;161;48;2;228;228;228m_[38;2;253;253;253;48;2;249;249;249m.[48;2;251;251;251m [48;2;252;252;252m        [48;2;251;251;251m [38;2;254;254;254;48;2;236;236;236m:[38;2;113;113;113;48;2;82;82;82mL[38;2;12;12;12;48;2;7;7;7mL[48;2;0;0;0m      [38;2;48;48;48;48;2;29;29;29mu[38;2;84;84;84;48;2;159;159;159m~[38;2;247;247;247;48;2;240;240;240m:[38;2;250;250;250;48;2;251;251;251ma [38;2;252;252;252m:[48;2;252;252;252m                                                 [0m
[7m[38;2;0;0;0m [0m[38;2;0;0;0;48;2;0;0;0m                                        [38;2;1;1;1m_[38;2;44;44;44;48;2;19;19;19my[38;2;46;46;46;48;2;121;121;121m~[38;2;168;168;168;48;2;219;219;219m~[38;2;254;254;254;48;2;248;248;248m`[48;2;251;251;251m [48;2;252;252;252m        [48;2;251;251;251m [48;2;236;236;236m:[38;2;113;113;113;48;2;82;82;82mL[38;2;12;12;12;48;2;7;7;7mL[48;2;0;0;0m      [38;2;3;3;3;48;2;35;35;35m:[38;2;133;133;133;48;2;162;162;162mF[38;2;246;246;246;48;2;238;238;238m`[38;2;252;252;252;48;2;251;251;251m":[48;2;252;252;252m                                                  [0m
[7m[38;2;0;0;0m [0m[38;2;0;0;0;48;2;0;0;0m                                        [38;2;1;1;1m:[38;2;8;8;8;48;2;36;36;36m.[38;2;111;111;111;48;2;150;150;150mL[38;2;254;254;254;48;2;245;245;245m:[38;2;251;251;251;48;2;250;250;250my[38;2;252;252;252;48;2;251;251;251m:[48;2;252;252;252m        [48;2;251;251;251m [38;2;254;254;254;48;2;236;236;236m:[38;2;113;113;113;48;2;82;82;82mL[38;2;12;12;12;48;2;7;7;7mL[48;2;0;0;0m   [38;2;15;15;15m_[38;2;36;36;36;48;2;1;1;1m_[38;2;0;0;0;48;2;24;24;24m:[38;2;54;54;54;48;2;121;121;121m~[38;2;158;158;158;48;2;220;220;220m~[38;2;249;249;249;48;2;246;246;246m`[48;2;251;251;251m [48;2;252;252;252m                                                   [0m
[7m[38;2;0;0;0m [0m[38;2;0;0;0;48;2;0;0;0m                                       [38;2;1;1;1m,[38;2;54;54;54;48;2;19;19;19m_[38;2;45;45;45;48;2;110;110;110m~[38;2;156;156;156;48;2;189;189;189m_[38;2;118;118;118;48;2;205;205;205m_[38;2;191;191;191;48;2;240;240;240m_[38;2;253;253;253;48;2;251;251;251m.[38;2;252;252;252m:[48;2;252;252;252m       [48;2;251;251;251m [38;2;254;254;254;48;2;236;236;236m:[38;2;113;113;113;48;2;82;82;82mL[38;2;12;12;12;48;2;7;7;7mL[48;2;0;0;0m [38;2;5;5;5;48;2;2;2;2my[38;2;46;46;46;48;2;27;27;27mu[38;2;153;153;153;48;2;108;108;108ma[38;2;101;101;101;48;2;178;178;178m~[38;2;87;87;87;48;2;170;170;170m~[38;2;120;120;120;48;2;107;107;107mW[38;2;157;157;157;48;2;199;199;199my[38;2;251;251;251;48;2;245;245;245m'[48;2;251;251;251m [38;2;252;252;252m:[48;2;252;252;252m                                                  [0m
[7m[38;2;0;0;0m [0m[38;2;0;0;0;48;2;0;0;0m                                        [38;2;47;47;47;48;2;71;71;71ml[38;2;181;181;181;48;2;166;166;166m$[38;2;110;110;110;48;2;95;95;95m~[38;2;92;92;92m'[38;2;145;145;145;48;2;109;109;109m"[38;2;131;131;131;48;2;186;186;186my[38;2;180;180;180;48;2;227;227;227m_[38;2;254;254;254;48;2;250;250;250m:[48;2;251;251;251m [48;2;252;252;252m     [48;2;251;251;251m [48;2;236;236;236m:[38;2;113;113;113;48;2;82;82;82mL[38;2;12;12;12;48;2;7;7;7mL[48;2;0;0;0m [38;2;4;4;4;48;2;1;1;1m`[38;2;15;15;15;48;2;4;4;4m`[38;2;75;75;75;48;2;13;13;13m`[38;2;111;111;111;48;2;26;26;26m`[38;2;125;125;125;48;2;41;41;41m~[38;2;28;28;28;48;2;65;65;65ms[38;2;131;131;131;48;2;121;121;121m4[38;2;229;229;229;48;2;239;239;239mL[48;2;250;250;250m [48;2;251;251;251m [48;2;252;252;252m                                                  [0m
[7m[38;2;0;0;0m [0m[38;2;0;0;0;48;2;0;0;0m                                        [38;2;65;65;65;48;2;30;30;30m`[38;2;71;71;71;48;2;132;132;132m_[38;2;164;164;164;48;2;199;199;199m~[38;2;199;199;199;48;2;116;116;116m_[38;2;164;164;164;48;2;85;85;85m_[38;2;120;120;120;48;2;112;112;112m4[38;2;187;187;187;48;2;202;202;202mF[38;2;254;254;254;48;2;249;249;249m.[48;2;251;251;251m [48;2;252;252;252m     [48;2;251;251;251m [48;2;236;236;236m:[38;2;113;113;113;48;2;82;82;82mL[38;2;12;12;12;48;2;7;7;7mL[48;2;0;0;0m     [38;2;2;2;2;48;2;1;1;1m~[38;2;26;26;26;48;2;18;18;18m4[38;2;126;126;126;48;2;112;112;112m4[38;2;228;228;228;48;2;238;238;238mL[48;2;250;250;250m [48;2;251;251;251m [48;2;252;252;252m                                                  [0m
[7m[38;2;0;0;0m [0m[38;2;0;0;0;48;2;0;0;0m                                        [38;2;1;1;1m~[38;2;32;32;32;48;2;47;47;47m$[38;2;164;164;164;48;2;128;128;128m`[38;2;54;54;54;48;2;179;179;179m_[38;2;149;149;149;48;2;214;214;214m_[48;2;222;222;222m~[38;2;221;221;221;48;2;241;241;241m"[38;2;254;254;254;48;2;251;251;251m`[38;2;252;252;252m.[48;2;252;252;252m     [48;2;251;251;251m [38;2;254;254;254;48;2;236;236;236m:[38;2;113;113;113;48;2;82;82;82mL[38;2;12;12;12;48;2;7;7;7mL[48;2;0;0;0m     [38;2;1;1;1m~[38;2;23;23;23;48;2;12;12;12m4[38;2;28;28;28;48;2;103;103;103m_[38;2;159;159;159;48;2;223;223;223m_[38;2;247;247;247;48;2;248;248;248m.[48;2;251;251;251m [38;2;252;252;252m:[48;2;252;252;252m                                                 [0m
[?25h