[?25l[0m[7m[38;2;0;0;0m [0m[38;2;0;0;0;48;2;0;0;0m                                                                                                                       [0m
[7m[38;2;0;0;0m [0m[38;2;0;0;0;48;2;0;0;0m                                                                                                                       [0m
[7m[38;2;0;0;0m [0m[38;2;0;0;0;48;2;0;0;0m                                                                                                                       [0m
[7m[38;2;0;0;0m [0m[38;2;0;0;0;48;2;0;0;0m                                                                                                                       [0m
[7m[38;2;0;0;0m [0m[38;2;0;0;0;48;2;0;0;0m                                                                                                                       [0m
[7m[38;2;0;0;0m [0m[38;2;0;0;0;48;2;0;0;0m                                                                                                                       [0m
[7m[38;2;0;0;0m [0m[38;2;0;0;0;48;2;0;0;0m                                                                                                 [38;2;1;1;1m_                     [0m
[7m[38;2;0;0;0m [0m[38;2;0;0;0;48;2;0;0;0m                                                                                                 [38;2;1;1;1m`~                    [0m
[7m[38;2;0;0;0m [0m[38;2;0;0;0;48;2;0;0;0m                                                                                                                       [0m
[7m[38;2;0;0;0m [0m[38;2;0;0;0;48;2;0;0;0m                                                                                                                       [0m
[7m[38;2;0;0;0m [0m[38;2;0;0;0;48;2;0;0;0m                                                                                                                       [0m
[7m[38;2;0;0;0m [0m[38;2;0;0;0;48;2;0;0;0m                                                                                                                       [0m
[7m[38;2;0;0;0m [0m[38;2;0;0;0;48;2;0;0;0m                                                 [38;2;19;19;19;48;2;2;2;2m_[38;2;7;7;7;48;2;1;1;1m_[48;2;0;0;0m                                                                    [0m
[7m[38;2;0;0;0m [0m[38;2;0;0;0;48;2;0;0;0m                                               [38;2;8;8;8;48;2;1;1;1m_[38;2;45;45;45;48;2;33;33;33md[38;2;156;156;156;48;2;124;124;124my[38;2;204;204;204;48;2;145;145;145mg[38;2;147;147;147;48;2;54;54;54m_[38;2;32;32;32;48;2;7;7;7m,[38;2;1;1;1;48;2;0;0;0m,                                                                 [0m
[7m[38;2;0;0;0m [0m[38;2;0;0;0;48;2;0;0;0m                                              [48;2;4;4;4m'[38;2;55;55;55;48;2;36;36;36ma[38;2;43;43;43;48;2;122;122;122m~[38;2;158;158;158;48;2;202;202;202m~[38;2;239;239;239;48;2;246;246;246m~[38;2;189;189;189;48;2;222;222;222m"[38;2;61;61;61;48;2;128;128;128m~[38;2;68;68;68;48;2;27;27;27m,[38;2;0;0;0;48;2;2;2;2m`[38;2;1;1;1;48;2;0;0;0m.                                                               [0m
[7m[38;2;0;0;0m [0m[38;2;0;0;0;48;2;0;0;0m                                               [38;2;25;25;25;48;2;7;7;7m"[38;2;113;113;113;48;2;50;50;50m~[38;2;52;52;52;48;2;165;165;165m_[38;2;181;181;181;48;2;234;234;234m_[38;2;252;252;252;48;2;249;249;249m'[38;2;215;215;215;48;2;237;237;237m"[38;2;109;109;109;48;2;162;162;162m~[38;2;86;86;86;48;2;42;42;42m_[38;2;0;0;0;48;2;3;3;3m`[48;2;0;0;0m                                                               [0m
[7m[38;2;0;0;0m [0m[38;2;0;0;0;48;2;0;0;0m                                                [38;2;1;1;1m`[38;2;28;28;28;48;2;8;8;8m`[38;2;109;109;109;48;2;51;51;51m~[38;2;53;53;53;48;2;167;167;167m_[38;2;162;162;162;48;2;234;234;234m_[38;2;252;252;252;48;2;237;237;237m:[38;2;117;117;117;48;2;163;163;163m~[38;2;87;87;87;48;2;46;46;46m_[38;2;0;0;0;48;2;4;4;4m`[48;2;0;0;0m                                                              [0m
[7m[38;2;0;0;0m [0m[38;2;0;0;0;48;2;0;0;0m                                                   [38;2;25;25;25;48;2;7;7;7m"[38;2;114;114;114;48;2;46;46;46m~[38;2;44;44;44;48;2;154;154;154m_[38;2;175;175;175;48;2;217;217;217m_[38;2;122;122;122;48;2;166;166;166m~[38;2;117;117;117;48;2;49;49;49m_[38;2;25;25;25;48;2;5;5;5m,[48;2;0;0;0m                                                             [0m
[7m[38;2;0;0;0m [0m[38;2;0;0;0;48;2;0;0;0m                                                    [38;2;1;1;1m^[38;2;22;22;22;48;2;7;7;7m`[38;2;108;108;108;48;2;51;51;51m~[38;2;66;66;66;48;2;167;167;167m_[38;2;161;161;161;48;2;195;195;195m~[38;2;40;40;40;48;2;144;144;144m~[38;2;129;129;129;48;2;42;42;42m_[38;2;34;34;34;48;2;6;6;6m,[48;2;0;0;0m                                                           [0m
[7m[38;2;0;0;0m [0m[38;2;0;0;0;48;2;0;0;0m                                                       [38;2;32;32;32;48;2;10;10;10m"[38;2;139;139;139;48;2;60;60;60m~[38;2;60;60;60;48;2;175;175;175m_[38;2;157;157;157;48;2;212;212;212m`[38;2;112;112;112;48;2;191;191;191m~[38;2;149;149;149;48;2;79;79;79my[38;2;98;98;98;48;2;18;18;18m_[38;2;19;19;19;48;2;2;2;2m,[48;2;0;0;0m                                                        [0m
[7m[38;2;0;0;0m [0m[38;2;0;0;0;48;2;0;0;0m                                                        [38;2;1;1;1m`[38;2;33;33;33;48;2;10;10;10m`[38;2;123;123;123;48;2;50;50;50m~[38;2;37;37;37;48;2;156;156;156m_[38;2;130;130;130;48;2;218;218;218m_[38;2;150;150;150;48;2;205;205;205m~[38;2;39;39;39;48;2;144;144;144m~[38;2;134;134;134;48;2;43;43;43m_[38;2;42;42;42;48;2;7;7;7m,[48;2;0;0;0m                                                      [0m
[7m[38;2;0;0;0m [0m[38;2;0;0;0;48;2;0;0;0m                                                          [38;2;1;1;1m`[38;2;0;0;0;48;2;1;1;1m'[38;2;57;57;57;48;2;18;18;18m"[38;2;176;176;176;48;2;64;64;64m~[38;2;14;14;14;48;2;152;152;152m_[38;2;87;87;87;48;2;178;178;178m_[38;2;44;44;44;48;2;114;114;114m`[38;2;50;50;50;48;2;24;24;24mL[38;2;4;4;4;48;2;2;2;2mr[48;2;0;0;0m                                                    [0m
[7m[38;2;0;0;0m [0m[38;2;0;0;0;48;2;0;0;0m                                                            [38;2;1;1;1m` [38;2;0;0;0;48;2;2;2;2m:[38;2;67;67;67;48;2;10;10;10m`[38;2;62;62;62m~[38;2;18;18;18;48;2;4;4;4m'[38;2;1;1;1;48;2;0;0;0m`                                                    [0m
[7m[38;2;0;0;0m [0m[38;2;0;0;0;48;2;0;0;0m                                                                                                                       [0m
[7m[38;2;0;0;0m [0m[38;2;0;0;0;48;2;0;0;0m                                                                                                                       [0m
[7m[38;2;0;0;0m [0m[38;2;0;0;0;48;2;0;0;0m                                                                                                                       [0m
[7m[38;2;0;0;0m [0m[38;2;0;0;0;48;2;0;0;0m                                                                                                                       [0m
[7m[38;2;0;0;0m [0m[38;2;0;0;0;48;2;0;0;0m                                                                                                                       [0m
[7m[38;2;0;0;0m [0m[38;2;0;0;0;48;2;0;0;0m                                                                                                                       [0m
[7m[38;2;0;0;0m [0m[38;2;0;0;0;48;2;0;0;0m                                                                                                                       [0m
[7m[38;2;0;0;0m [0m[38;2;0;0;0;48;2;0;0;0m                                                                                                                       [0m
[7m[38;2;0;0;0m [0m[38;2;0;0;0;48;2;0;0;0m                                                                                                                       [0m
[7m[38;2;0;0;0m [0m[38;2;0;0;0;48;2;0;0;0m                                                                                                                       [0m
[7m[38;2;0;0;0m [0m[38;2;0;0;0;48;2;0;0;0m                                          [38;2;1;1;1m_                                                                            [0m
[7m[38;2;0;0;0m [0m[38;2;0;0;0;48;2;0;0;0m                                                                                                                       [0m
[7m[38;2;0;0;0m [0m[38;2;0;0;0;48;2;0;0;0m                                                                                                                       [0m
[?25h