[?25l[0m[7m[38;2;0;0;0m [0m[38;2;0;0;0;48;2;0;0;0m                                                                                                                       [0m
[7m[38;2;0;0;0m [0m[38;2;0;0;0;48;2;0;0;0m                                                                                                                       [0m
[7m[38;2;0;0;0m [0m[38;2;0;0;0;48;2;0;0;0m                                                                                                                       [0m
[7m[38;2;0;0;0m [0m[38;2;0;0;0;48;2;0;0;0m                                                                                                                       [0m
[7m[38;2;0;0;0m [0m[38;2;0;0;0;48;2;0;0;0m                                                                                                                       [0m
[7m[38;2;0;0;0m [0m[38;2;0;0;0;48;2;0;0;0m                                                                                                                       [0m
[7m[38;2;0;0;0m [0m[38;2;0;0;0;48;2;0;0;0m                                                                                                                       [0m
[7m[38;2;0;0;0m [0m[38;2;0;0;0;48;2;0;0;0m                                                                                                                       [0m
[7m[38;2;0;0;0m [0m[38;2;0;0;0;48;2;0;0;0m                                                                                                                       [0m
[7m[38;2;0;0;0m [0m[38;2;0;0;0;48;2;0;0;0m                                                                                                                       [0m
[7m[38;2;0;0;0m [0m[38;2;0;0;0;48;2;0;0;0m                                                                                                                       [0m
[7m[38;2;0;0;0m [0m[38;2;0;0;0;48;2;0;0;0m                                                                                                                       [0m
[7m[38;2;0;0;0m [0m[38;2;0;0;0;48;2;0;0;0m                                                                                                                       [0m
[7m[38;2;0;0;0m [0m[38;2;0;0;0;48;2;0;0;0m                                                                                                                       [0m
[7m[38;2;0;0;0m [0m[38;2;0;0;0;48;2;0;0;0m                                                                                                                       [0m
[7m[38;2;0;0;0m [0m[38;2;0;0;0;48;2;0;0;0m                                                        [48;2;1;1;1m:[38;2;43;43;43;48;2;2;2;2m_[38;2;69;69;69;48;2;5;5;5m_[38;2;75;75;75;48;2;6;6;6m_[38;2;35;35;35;48;2;2;2;2m_[38;2;2;2;2;48;2;0;0;0m.                                                         [0m
[7m[38;2;0;0;0m [0m[38;2;0;0;0;48;2;0;0;0m                                                   [48;2;2;2;2m:[38;2;61;61;61;48;2;12;12;12m_[38;2;118;118;118;48;2;26;26;26m_[38;2;153;153;153;48;2;34;34;34m_[38;2;180;180;180;48;2;51;51;51m_[38;2;190;190;190;48;2;101;101;101my[38;2;63;63;63;48;2;197;197;197m~[38;2;101;101;101;48;2;211;211;211m~[38;2;111;111;111m~[38;2;61;61;61;48;2;187;187;187m~[38;2;178;178;178;48;2;86;86;86my[38;2;205;205;205;48;2;53;53;53m_[38;2;183;183;183;48;2;41;41;41m_[38;2;154;154;154;48;2;34;34;34m_[38;2;109;109;109;48;2;24;24;24m_[38;2;41;41;41;48;2;8;8;8m_[38;2;2;2;2;48;2;0;0;0m.                                                   [0m
[7m[38;2;0;0;0m [0m[38;2;0;0;0;48;2;0;0;0m                                                 [38;2;52;52;52;48;2;26;26;26mu[38;2;46;46;46;48;2;136;136;136m~[38;2;124;124;124;48;2;208;208;208m~[38;2;159;159;159;48;2;216;216;216m~[38;2;106;106;106;48;2;186;186;186m_[38;2;163;163;163;48;2;197;197;197m.[38;2;213;213;213;48;2;241;241;241m~[38;2;251;251;251;48;2;250;250;250m:[38;2;253;253;253;48;2;251;251;251m`[38;2;250;250;250m`[38;2;249;249;249m~[38;2;253;253;253;48;2;252;252;252m`[48;2;251;251;251m'[38;2;233;233;233;48;2;247;247;247m~[38;2;219;219;219;48;2;243;243;243m~[38;2;193;193;193;48;2;223;223;223m_[38;2;153;153;153;48;2;219;219;219m`[38;2;149;149;149;48;2;212;212;212m~[38;2;126;126;126;48;2;80;80;80mL[38;2;22;22;22;48;2;9;9;9mL[48;2;0;0;0m                                                  [0m
[7m[38;2;0;0;0m [0m[38;2;0;0;0;48;2;0;0;0m                                                 [38;2;27;27;27;48;2;12;12;12m`[38;2;129;129;129;48;2;54;54;54m~[38;2;34;34;34;48;2;135;135;135my[38;2;138;138;138;48;2;70;70;70m~[38;2;153;153;153;48;2;128;128;128m4[38;2;229;229;229;48;2;240;240;240m~[38;2;251;251;251;48;2;250;250;250m`[38;2;252;252;252;48;2;251;251;251m.[48;2;252;252;252m    [48;2;251;251;251m:[48;2;250;250;250m [38;2;254;254;254;48;2;245;245;245m:[38;2;158;158;158;48;2;181;181;181m7[38;2;45;45;45;48;2;89;89;89m1[38;2;163;163;163;48;2;62;62;62m~[38;2;60;60;60;48;2;23;23;23m"[38;2;3;3;3;48;2;1;1;1m'[48;2;0;0;0m                                                  [0m
[7m[38;2;0;0;0m [0m[38;2;0;0;0;48;2;0;0;0m                                                   [38;2;1;1;1mt[38;2;32;32;32;48;2;20;20;20m4[38;2;136;136;136;48;2;115;115;115m4[38;2;235;235;235;48;2;242;242;242mL[48;2;250;250;250m [38;2;252;252;252;48;2;251;251;251m:[48;2;252;252;252m    [48;2;251;251;251m:[38;2;250;250;250m`[38;2;254;254;254;48;2;249;249;249m:[38;2;195;195;195;48;2;210;210;210m"[38;2;96;96;96;48;2;56;56;56mL[38;2;2;2;2;48;2;1;1;1m`[48;2;0;0;0m                                                    [0m
[7m[38;2;0;0;0m [0m[38;2;0;0;0;48;2;0;0;0m                                                    [48;2;27;27;27m:[38;2;95;95;95;48;2;139;139;139mF[38;2;236;236;236;48;2;243;243;243mL[48;2;250;250;250m [38;2;252;252;252;48;2;251;251;251m:[48;2;252;252;252m     [48;2;251;251;251m [38;2;254;254;254m`[38;2;251;251;251;48;2;236;236;236m:[38;2;135;135;135;48;2;90;90;90mL[38;2;35;35;35;48;2;11;11;11m,[38;2;1;1;1;48;2;0;0;0m_                                                   [0m
[7m[38;2;0;0;0m [0m[38;2;0;0;0;48;2;0;0;0m                                                  [38;2;1;1;1m_[38;2;0;0;0;48;2;12;12;12m:[38;2;112;112;112;48;2;89;89;89md[38;2;204;204;204;48;2;231;231;231m"[38;2;253;253;253;48;2;251;251;251m`[38;2;252;252;252m::[48;2;252;252;252m     [48;2;251;251;251m:[38;2;250;250;250m.[38;2;254;254;254;48;2;245;245;245m:[38;2;129;129;129;48;2;169;169;169m`[38;2;74;74;74;48;2;43;43;43mL[38;2;2;2;2;48;2;1;1;1m.[48;2;0;0;0m                                                   [0m
[7m[38;2;0;0;0m [0m[38;2;0;0;0;48;2;0;0;0m                                                  [38;2;2;2;2;48;2;1;1;1m,[38;2;30;30;30;48;2;21;21;21m4[38;2;133;133;133;48;2;116;116;116m4[38;2;235;235;235;48;2;243;243;243mL[48;2;250;250;250m [38;2;252;252;252;48;2;251;251;251m:[48;2;252;252;252m      [48;2;251;251;251m:[38;2;250;250;250m`[38;2;254;254;254;48;2;249;249;249m:[38;2;202;202;202;48;2;209;209;209m4[38;2;94;94;94;48;2;56;56;56mL[38;2;0;0;0;48;2;1;1;1m:[48;2;0;0;0m                                                   [0m
[7m[38;2;0;0;0m [0m[38;2;0;0;0;48;2;0;0;0m                                                  [38;2;2;2;2m`[38;2;54;54;54;48;2;40;40;40my[38;2;138;138;138;48;2;174;174;174mF[38;2;253;253;253;48;2;245;245;245m`[38;2;248;248;248;48;2;249;249;249m|[38;2;252;252;252;48;2;251;251;251m:[48;2;252;252;252m       [48;2;251;251;251m [38;2;254;254;254m`[38;2;251;251;251;48;2;233;233;233m:[38;2;138;138;138;48;2;91;91;91mL[38;2;43;43;43;48;2;12;12;12m,[38;2;1;1;1;48;2;0;0;0m_                                                  [0m
[7m[38;2;0;0;0m [0m[38;2;0;0;0;48;2;0;0;0m                                                  [48;2;20;20;20m:[38;2;78;78;78;48;2;123;123;123mF[38;2;226;226;226;48;2;239;239;239m~[38;2;248;248;248;48;2;249;249;249m+[48;2;251;251;251m [38;2;252;252;252m:[48;2;252;252;252m       [48;2;251;251;251m:[38;2;250;250;250m~[38;2;254;254;254;48;2;248;248;248m'[38;2;169;169;169;48;2;201;201;201m~[38;2;99;99;99;48;2;55;55;55mL[38;2;5;5;5;48;2;2;2;2m.[48;2;0;0;0m                                                  [0m
[7m[38;2;0;0;0m [0m[38;2;0;0;0;48;2;0;0;0m                                                 [48;2;3;3;3m:[38;2;86;86;86;48;2;63;63;63my[38;2;170;170;170;48;2;212;212;212m~[38;2;253;253;253;48;2;249;249;249m`[38;2;249;249;249;48;2;251;251;251m~[38;2;252;252;252m:[48;2;252;252;252m         [48;2;251;251;251m:[38;2;250;250;250m*[38;2;254;254;254;48;2;245;245;245m:[38;2;86;86;86;48;2;159;159;159m`[38;2;94;94;94;48;2;38;38;38m,[38;2;1;1;1;48;2;0;0;0m;                                                 [0m
[7m[38;2;0;0;0m [0m[38;2;0;0;0;48;2;0;0;0m                                                [38;2;1;1;1m`[38;2;59;59;59;48;2;39;39;39my[38;2;111;111;111;48;2;170;170;170m~[38;2;254;254;254;48;2;245;245;245m:[38;2;250;250;250;48;2;251;251;251mf[38;2;252;252;252m:[48;2;252;252;252m           [48;2;251;251;251m [38;2;250;250;250m.[38;2;252;252;252;48;2;238;238;238m:[38;2;94;94;94;48;2;132;132;132m7[38;2;79;79;79;48;2;24;24;24m,[38;2;1;1;1;48;2;0;0;0m*                                                [0m
[7m[38;2;0;0;0m [0m[38;2;0;0;0;48;2;0;0;0m                                               [38;2;1;1;1mg[38;2;37;37;37;48;2;20;20;20my[38;2;87;87;87;48;2;133;133;133mF[38;2;227;227;227;48;2;240;240;240m~[38;2;250;250;250;48;2;251;251;251my[38;2;252;252;252m:[48;2;252;252;252m            [48;2;251;251;251m:[38;2;250;250;250m`[38;2;254;254;254;48;2;250;250;250m`[38;2;211;211;211;48;2;234;234;234m"[38;2;79;79;79;48;2;116;116;116m7[38;2;62;62;62;48;2;17;17;17m,[38;2;1;1;1;48;2;0;0;0m_                                               [0m
[7m[38;2;0;0;0m [0m[38;2;0;0;0;48;2;0;0;0m                                               [38;2;1;1;1m.[38;2;33;33;33;48;2;25;25;25m4[38;2;110;110;110;48;2;137;137;137m$[38;2;238;238;238;48;2;244;244;244mL[38;2;249;249;249;48;2;251;251;251m_[38;2;252;252;252m:[48;2;252;252;252m            [48;2;251;251;251m:`[38;2;253;253;253;48;2;250;250;250m.[38;2;205;205;205;48;2;225;225;225mu[38;2;69;69;69;48;2;120;120;120my[38;2;45;45;45;48;2;17;17;17m~[38;2;1;1;1;48;2;0;0;0m`                                               [0m
[7m[38;2;0;0;0m [0m[38;2;0;0;0;48;2;0;0;0m                                                [38;2;1;1;1;48;2;20;20;20m:[38;2;81;81;81;48;2;119;119;119mL[38;2;246;246;246;48;2;238;238;238m:[38;2;250;250;250;48;2;251;251;251mF [48;2;252;252;252m            [38;2;252;252;252;48;2;251;251;251m:[38;2;250;250;250m~[38;2;254;254;254;48;2;250;250;250m:[38;2;223;223;223;48;2;213;213;213m`[38;2;95;95;95;48;2;64;64;64m[[38;2;0;0;0;48;2;1;1;1m.[48;2;0;0;0m                                                [0m
[7m[38;2;0;0;0m [0m[38;2;0;0;0;48;2;0;0;0m                                               [38;2;1;1;1m,[38;2;0;0;0;48;2;10;10;10m'[38;2;52;52;52;48;2;104;104;104mF[38;2;218;218;218;48;2;232;232;232m~[38;2;254;254;254;48;2;251;251;251m`[38;2;252;252;252m.[48;2;252;252;252m            [48;2;251;251;251m:-[38;2;254;254;254;48;2;244;244;244m:[38;2;113;113;113;48;2;148;148;148ma[38;2;66;66;66;48;2;30;30;30m'[48;2;1;1;1m [48;2;0;0;0m                                                [0m
[7m[38;2;0;0;0m [0m[38;2;0;0;0;48;2;0;0;0m                                               [48;2;5;5;5m:[38;2;93;93;93;48;2;64;64;64my[38;2;153;153;153;48;2;209;209;209m~[38;2;254;254;254;48;2;248;248;248m`[38;2;250;250;250;48;2;251;251;251mT[38;2;252;252;252m:[48;2;252;252;252m            [48;2;251;251;251m:[38;2;250;250;250m^[38;2;254;254;254;48;2;248;248;248m`[38;2;165;165;165;48;2;204;204;204m~[38;2;106;106;106;48;2;60;60;60mL[38;2;16;16;16;48;2;3;3;3m,[48;2;0;0;0m                                                [0m
[7m[38;2;0;0;0m [0m[38;2;0;0;0;48;2;0;0;0m                                              [48;2;1;1;1m.[38;2;69;69;69;48;2;46;46;46my[38;2;125;125;125;48;2;182;182;182m~[38;2;254;254;254;48;2;247;247;247m:[48;2;250;250;250m [38;2;252;252;252;48;2;251;251;251m:[48;2;252;252;252m              [48;2;251;251;251m:[48;2;250;250;250m [38;2;254;254;254;48;2;247;247;247m:[38;2;138;138;138;48;2;178;178;178m~[38;2;81;81;81;48;2;44;44;44mL[38;2;3;3;3;48;2;0;0;0m,                                               [0m
[7m[38;2;0;0;0m [0m[38;2;0;0;0;48;2;0;0;0m                                              [38;2;44;44;44;48;2;26;26;26m_[38;2;99;99;99;48;2;140;140;140mF[38;2;254;254;254;48;2;242;242;242m:[38;2;252;252;252;48;2;250;250;250m~[48;2;251;251;251m:[48;2;252;252;252m                [48;2;251;251;251m.[48;2;250;250;250m~[38;2;253;253;253;48;2;242;242;242m:[38;2;109;109;109;48;2;137;137;137m4[38;2;72;72;72;48;2;26;26;26m,[48;2;0;0;0m                                               [0m
[7m[38;2;0;0;0m [0m[38;2;0;0;0;48;2;0;0;0m                                             [48;2;5;5;5m'[38;2;105;105;105;48;2;74;74;74mj[38;2;184;184;184;48;2;220;220;220m~[38;2;254;254;254;48;2;250;250;250m`[38;2;252;252;252;48;2;251;251;251m_:[48;2;252;252;252m                [48;2;251;251;251m:_[38;2;254;254;254;48;2;250;250;250m`[38;2;189;189;189;48;2;216;216;216m"[38;2;117;117;117;48;2;70;70;70mL[38;2;23;23;23;48;2;4;4;4m,[48;2;0;0;0m                                              [0m
[7m[38;2;0;0;0m [0m[38;2;0;0;0;48;2;0;0;0m                                            [48;2;1;1;1m.[38;2;69;69;69;48;2;46;46;46my[38;2;120;120;120;48;2;180;180;180m~[38;2;254;254;254;48;2;246;246;246m:[48;2;250;250;250m [38;2;252;252;252;48;2;251;251;251m:[48;2;252;252;252m                  [48;2;251;251;251m:[48;2;250;250;250m [38;2;254;254;254;48;2;247;247;247m.[38;2;139;139;139;48;2;179;179;179m~[38;2;83;83;83;48;2;46;46;46mL[38;2;1;1;1;48;2;0;0;0m:                                             [0m
[?25h