[?25l[0m[7m[38;2;252;252;252m [0m[38;2;0;0;0;48;2;252;252;252m                                                                                          [38;2;252;252;252;48;2;251;251;251m:[38;2;241;241;241;48;2;244;244;244m"[38;2;236;236;236;48;2;233;233;233my[38;2;228;228;228;48;2;222;222;222m_[38;2;215;215;215;48;2;211;211;211my[38;2;204;204;204;48;2;199;199;199my[38;2;195;195;195;48;2;189;189;189my[38;2;196;196;196;48;2;186;186;186m__[38;2;197;197;197;48;2;188;188;188m_[38;2;200;200;200;48;2;191;191;191m_[38;2;212;212;212;48;2;202;202;202m_[38;2;228;228;228;48;2;221;221;221my[38;2;234;234;234;48;2;242;242;242m~[38;2;247;247;247;48;2;250;250;250m"[38;2;252;252;252;48;2;251;251;251m:[48;2;252;252;252m             [0m
[7m[38;2;252;252;252m [0m[38;2;0;0;0;48;2;252;252;252m                                                                                          [38;2;252;252;252;48;2;251;251;251m:[38;2;249;249;249m`[38;2;247;247;247;48;2;244;244;244mL[38;2;240;240;240;48;2;233;233;233m_[38;2;231;231;231;48;2;224;224;224m_[38;2;220;220;220;48;2;216;216;216my[38;2;205;205;205;48;2;213;213;213m~[38;2;215;215;215;48;2;208;208;208myy[38;2;219;219;219;48;2;210;210;210my[38;2;228;228;228;48;2;215;215;215my[38;2;237;237;237;48;2;226;226;226my[38;2;234;234;234;48;2;244;244;244m~[38;2;247;247;247;48;2;251;251;251m~[38;2;253;253;253;48;2;252;252;252m,              [0m
[7m[38;2;252;252;252m [0m[38;2;0;0;0;48;2;252;252;252m                                                                                            [38;2;250;250;250;48;2;251;251;251m`[38;2;244;244;244;48;2;247;247;247m~[38;2;236;236;236;48;2;241;241;241m~[38;2;240;240;240;48;2;234;234;234my[38;2;238;238;238;48;2;231;231;231my[38;2;242;242;242m__[48;2;235;235;235my[38;2;239;239;239;48;2;245;245;245m~[38;2;247;247;247;48;2;250;250;250m~[38;2;252;252;252;48;2;253;253;253m^[38;2;254;254;254m'[48;2;252;252;252m               [0m
[7m[38;2;252;252;252m [0m[38;2;0;0;0;48;2;252;252;252m                                                                                             [38;2;252;252;252;48;2;251;251;251m:[38;2;249;249;249m"[38;2;247;247;247;48;2;250;250;250m~[38;2;246;246;246;48;2;249;249;249m~~~[38;2;248;248;248;48;2;251;251;251m~ [48;2;252;252;252m [38;2;253;253;253m`                [0m
[7m[38;2;252;252;252m [0m[38;2;0;0;0;48;2;252;252;252m                                                                                                                       [0m
[7m[38;2;252;252;252m [0m[38;2;0;0;0;48;2;252;252;252m                                                                                                                       [0m
[7m[38;2;252;252;252m [0m[38;2;0;0;0;48;2;252;252;252m                                                                                                                       [0m
[7m[38;2;252;252;252m [0m[38;2;0;0;0;48;2;252;252;252m                                                                                                                       [0m
[7m[38;2;252;252;252m [0m[38;2;0;0;0;48;2;252;252;252m                                                                                                                       [0m
[7m[38;2;252;252;252m [0m[38;2;0;0;0;48;2;252;252;252m                                                                                                                       [0m
[7m[38;2;252;252;252m [0m[38;2;0;0;0;48;2;252;252;252m                                                                                                                       [0m
[7m[38;2;252;252;252m [0m[38;2;0;0;0;48;2;252;252;252m                                                                                                                       [0m
[7m[38;2;252;252;252m [0m[38;2;0;0;0;48;2;252;252;252m                                                                                                                       [0m
[7m[38;2;252;252;252m [0m[38;2;0;0;0;48;2;252;252;252m                                                                                                                       [0m
[7m[38;2;252;252;252m [0m[38;2;0;0;0;48;2;252;252;252m                                                                                                                       [0m
[7m[38;2;252;252;252m [0m[38;2;0;0;0;48;2;252;252;252m                                                                                                                       [0m
[7m[38;2;252;252;252m [0m[38;2;0;0;0;48;2;252;252;252m                                                                                                                       [0m
[7m[38;2;252;252;252m [0m[38;2;0;0;0;48;2;252;252;252m                                                                                                                       [0m
[7m[38;2;252;252;252m [0m[38;2;0;0;0;48;2;252;252;252m                                                                                                                       [0m
[7m[38;2;252;252;252m [0m[38;2;0;0;0;48;2;252;252;252m                                                                                                                       [0m
[7m[38;2;252;252;252m [0m[38;2;0;0;0;48;2;252;252;252m                                                                                                                       [0m
[7m[38;2;252;252;252m [0m[38;2;0;0;0;48;2;252;252;252m                                                                                                                       [0m
[7m[38;2;252;252;252m [0m[38;2;0;0;0;48;2;252;252;252m                                                                                                                       [0m
[7m[38;2;252;252;252m [0m[38;2;0;0;0;48;2;252;252;252m                                                                                                                       [0m
[7m[38;2;252;252;252m [0m[38;2;0;0;0;48;2;252;252;252m                                                                                                                       [0m
[7m[38;2;252;252;252m [0m[38;2;0;0;0;48;2;252;252;252m                                                                                                                       [0m
[7m[38;2;252;252;252m [0m[38;2;0;0;0;48;2;252;252;252m                                                                                                                       [0m
[7m[38;2;252;252;252m [0m[38;2;0;0;0;48;2;252;252;252m                                                                                                                       [0m
[7m[38;2;252;252;252m [0m[38;2;0;0;0;48;2;252;252;252m                                                                                                                       [0m
[7m[38;2;252;252;252m [0m[38;2;0;0;0;48;2;252;252;252m                                                                                                                       [0m
[7m[38;2;252;252;252m [0m[38;2;0;0;0;48;2;252;252;252m                                                                                                                       [0m
[7m[38;2;252;252;252m [0m[38;2;0;0;0;48;2;252;252;252m                                                                                                                       [0m
[7m[38;2;252;252;252m [0m[38;2;0;0;0;48;2;252;252;252m                                                                                                                       [0m
[7m[38;2;252;252;252m [0m[38;2;0;0;0;48;2;252;252;252m                                                                                                                       [0m
[7m[38;2;252;252;252m [0m[38;2;0;0;0;48;2;252;252;252m                                                                                                                       [0m
[7m[38;2;252;252;252m [0m[38;2;0;0;0;48;2;252;252;252m                                                                                                                       [0m
[?25h