[?25l[0m[7m[38;2;0;0;0m [0m[38;2;0;0;0;48;2;0;0;0m                                                                                                               [38;2;30;30;30;48;2;42;42;42mL[38;2;124;124;124;48;2;141;141;141mL[38;2;214;214;214;48;2;225;225;225mF[38;2;252;252;252;48;2;251;251;251m,a_[38;2;246;246;246;48;2;250;250;250m"[38;2;165;165;165;48;2;195;195;195m`[0m
[7m[38;2;0;0;0m [0m[38;2;0;0;0;48;2;0;0;0m                                                                                                               [38;2;31;31;31;48;2;24;24;24m"[38;2;106;106;106;48;2;126;126;126mL[38;2;203;203;203;48;2;219;219;219mL[38;2;249;249;249;48;2;250;250;250m,[38;2;252;252;252;48;2;251;251;251m:[48;2;252;252;252m  [38;2;242;242;242;48;2;250;250;250m`[0m
[7m[38;2;0;0;0m [0m[38;2;0;0;0;48;2;0;0;0m                                                                                                               [38;2;9;9;9;48;2;14;14;14m:[38;2;91;91;91;48;2;108;108;108mL[38;2;190;190;190;48;2;207;207;207mL[38;2;246;246;246;48;2;247;247;247mm[38;2;252;252;252;48;2;251;251;251m~:[48;2;252;252;252m  [0m
[7m[38;2;0;0;0m [0m[38;2;0;0;0;48;2;0;0;0m                                                                                                               [38;2;5;5;5;48;2;8;8;8m:[38;2;75;75;75;48;2;89;89;89mL[38;2;177;177;177;48;2;196;196;196mL[38;2;241;241;241;48;2;246;246;246m_[38;2;253;253;253;48;2;252;252;252mL   [0m
[7m[38;2;0;0;0m [0m[38;2;0;0;0;48;2;0;0;0m                                                                                                               [38;2;2;2;2;48;2;3;3;3m:[38;2;66;66;66;48;2;73;73;73m[[38;2;160;160;160;48;2;174;174;174mF[38;2;230;230;230;48;2;236;236;236m[[38;2;252;252;252;48;2;251;251;251m~:[48;2;252;252;252m  [0m
[7m[38;2;0;0;0m [0m[38;2;0;0;0;48;2;0;0;0m                                                                                                               [38;2;2;2;2;48;2;4;4;4m`[38;2;67;67;67;48;2;71;71;71m$[38;2;154;154;154;48;2;172;172;172mL[38;2;232;232;232;48;2;235;235;235m$[38;2;253;253;253;48;2;251;251;251m,[38;2;252;252;252m:[48;2;252;252;252m  [0m
[7m[38;2;0;0;0m [0m[38;2;0;0;0;48;2;0;0;0m                                                                                                               [38;2;4;4;4;48;2;6;6;6m'[38;2;64;64;64;48;2;75;75;75mF[38;2;161;161;161;48;2;178;178;178mF[38;2;233;233;233;48;2;239;239;239mF[38;2;253;253;253;48;2;252;252;252m|[38;2;252;252;252;48;2;251;251;251m:[48;2;252;252;252m  [0m
[7m[38;2;0;0;0m [0m[38;2;0;0;0;48;2;0;0;0m                                                                                                               [38;2;2;2;2;48;2;4;4;4m:[38;2;71;71;71;48;2;75;75;75m$[38;2;168;168;168;48;2;184;184;184mF[38;2;239;239;239;48;2;241;241;241ml[38;2;253;253;253;48;2;252;252;252m|[38;2;252;252;252;48;2;251;251;251m:[48;2;252;252;252m  [0m
[7m[38;2;0;0;0m [0m[38;2;0;0;0;48;2;0;0;0m                                                                                                               [38;2;2;2;2;48;2;4;4;4m`[38;2;68;68;68;48;2;80;80;80mF[38;2;171;171;171;48;2;188;188;188mF[38;2;238;238;238;48;2;243;243;243mF[38;2;253;253;253;48;2;252;252;252m_[38;2;252;252;252;48;2;251;251;251m:[48;2;252;252;252m  [0m
[7m[38;2;0;0;0m [0m[38;2;0;0;0;48;2;0;0;0m                                                                                                               [38;2;5;5;5;48;2;7;7;7m:[38;2;78;78;78;48;2;82;82;82m$[38;2;175;175;175;48;2;192;192;192mL[38;2;244;244;244;48;2;245;245;245m$[48;2;253;253;253m [48;2;252;252;252m   [0m
[7m[38;2;0;0;0m [0m[38;2;0;0;0;48;2;0;0;0m                                                                                                               [38;2;5;5;5;48;2;9;9;9m'[38;2;82;82;82;48;2;99;99;99mF[38;2;184;184;184;48;2;201;201;201mF[38;2;244;244;244;48;2;247;247;247mF[48;2;252;252;252m [38;2;252;252;252;48;2;251;251;251m:[48;2;252;252;252m  [0m
[7m[38;2;0;0;0m [0m[38;2;0;0;0;48;2;0;0;0m                                                                                                               [38;2;4;4;4;48;2;7;7;7m:[38;2;82;82;82;48;2;97;97;97mL[38;2;189;189;189;48;2;205;205;205mF[38;2;248;248;248;48;2;249;249;249mF[38;2;253;253;253;48;2;252;252;252m|[38;2;252;252;252;48;2;251;251;251m:[48;2;252;252;252m  [0m
[7m[38;2;0;0;0m [0m[38;2;0;0;0;48;2;0;0;0m                                                                                                               [38;2;9;9;9;48;2;14;14;14m`[38;2;99;99;99;48;2;114;114;114mF[38;2;199;199;199;48;2;214;214;214mF[38;2;250;250;250;48;2;251;251;251mF[48;2;252;252;252m [38;2;252;252;252;48;2;251;251;251m:[48;2;252;252;252m  [0m
[7m[38;2;0;0;0m [0m[38;2;0;0;0;48;2;0;0;0m                                                                                                               [38;2;52;52;52;48;2;26;26;26m_[38;2;122;122;122;48;2;146;146;146mF[38;2;216;216;216;48;2;226;226;226m^[38;2;253;253;253;48;2;252;252;252m,    [0m
[7m[38;2;0;0;0m [0m[38;2;0;0;0;48;2;0;0;0m                                                                                                              [48;2;3;3;3m`[38;2;67;67;67;48;2;84;84;84mF[38;2;172;172;172;48;2;193;193;193mF[38;2;236;236;236;48;2;243;243;243m^[38;2;253;253;253;48;2;252;252;252m`    [0m
[7m[38;2;0;0;0m [0m[38;2;0;0;0;48;2;0;0;0m                                                                                                              [38;2;44;44;44;48;2;25;25;25m_[38;2;152;152;152;48;2;127;127;127my[38;2;208;208;208;48;2;220;220;220m^[48;2;249;249;249m [48;2;251;251;251m [38;2;253;253;253;48;2;252;252;252m,   [0m
[7m[38;2;0;0;0m [0m[38;2;0;0;0;48;2;0;0;0m                                                                                                             [48;2;6;6;6m`[38;2;92;92;92;48;2;70;70;70my[38;2;170;170;170;48;2;192;192;192mF[38;2;237;237;237;48;2;244;244;244m^[38;2;250;250;250;48;2;252;252;252m"[38;2;251;251;251m~[38;2;253;253;253m`   [0m
[7m[38;2;0;0;0m [0m[38;2;0;0;0;48;2;0;0;0m                                                                                                [38;2;7;7;7m_[38;2;8;8;8m_[38;2;1;1;1m,          [38;2;52;52;52;48;2;29;29;29m_[38;2;155;155;155;48;2;128;128;128my[38;2;209;209;209;48;2;223;223;223m^[38;2;249;249;249;48;2;251;251;251m~[38;2;253;253;253;48;2;252;252;252m^     [0m
[7m[38;2;0;0;0m [0m[38;2;0;0;0;48;2;0;0;0m                                                                                                [38;2;36;36;36;48;2;22;22;22ma[38;2;20;20;20;48;2;41;41;41m~[38;2;24;24;24;48;2;13;13;13mL[48;2;0;0;0m         [38;2;0;0;0;48;2;1;1;1m:[38;2;73;73;73;48;2;65;65;65m4[38;2;168;168;168;48;2;186;186;186mF[38;2;238;238;238;48;2;242;242;242m^[38;2;253;253;253;48;2;252;252;252m'[38;2;252;252;252;48;2;251;251;251m:[48;2;252;252;252m     [0m
[7m[38;2;0;0;0m [0m[38;2;0;0;0;48;2;0;0;0m                                                                                                [38;2;6;6;6;48;2;1;1;1m`[38;2;22;22;22;48;2;5;5;5m~[38;2;11;11;11;48;2;1;1;1m~[48;2;0;0;0m         [38;2;0;0;0;48;2;1;1;1m:[38;2;42;42;42;48;2;61;61;61mL[38;2;174;174;174;48;2;194;194;194mL[38;2;245;245;245;48;2;247;247;247mL[48;2;252;252;252m [38;2;252;252;252;48;2;251;251;251m:[48;2;252;252;252m     [0m
[7m[38;2;0;0;0m [0m[38;2;0;0;0;48;2;0;0;0m                                                                                                             [38;2;17;17;17;48;2;30;30;30m.[38;2;159;159;159;48;2;182;182;182mL[38;2;238;238;238;48;2;244;244;244mL[38;2;253;253;253;48;2;252;252;252m|[38;2;252;252;252;48;2;251;251;251m:[48;2;252;252;252m     [0m
[7m[38;2;0;0;0m [0m[38;2;0;0;0;48;2;0;0;0m                                                                                                          [48;2;1;1;1m`[38;2;71;71;71;48;2;22;22;22m_[38;2;55;55;55;48;2;16;16;16m_[38;2;13;13;13;48;2;20;20;20m:[38;2;145;145;145;48;2;169;169;169mL[38;2;230;230;230;48;2;239;239;239mL[38;2;253;253;253;48;2;252;252;252m|[38;2;252;252;252;48;2;251;251;251m:[48;2;252;252;252m     [0m
[7m[38;2;0;0;0m [0m[38;2;0;0;0;48;2;0;0;0m                                                                                                          [38;2;59;59;59;48;2;27;27;27m_[38;2;172;172;172;48;2;125;125;125my[38;2;170;170;170;48;2;109;109;109m_[38;2;69;69;69;48;2;38;38;38m_[38;2;135;135;135;48;2;154;154;154mL[38;2;225;225;225;48;2;233;233;233mF[38;2;252;252;252;48;2;251;251;251mF [48;2;252;252;252m     [0m
[7m[38;2;0;0;0m [0m[38;2;0;0;0;48;2;0;0;0m                                                                                                         [48;2;10;10;10m`[38;2;131;131;131;48;2;101;101;101my[38;2;197;197;197;48;2;218;218;218m~[38;2;187;187;187;48;2;213;213;213m"[38;2;142;142;142;48;2;103;103;103mL[38;2;116;116;116;48;2;139;139;139mL[38;2;214;214;214;48;2;228;228;228mL[38;2;253;253;253;48;2;252;252;252m,[48;2;251;251;251m [48;2;252;252;252m     [0m
[7m[38;2;0;0;0m [0m[38;2;0;0;0;48;2;0;0;0m                                                                                                         [38;2;14;14;14;48;2;7;7;7m`[38;2;123;123;123;48;2;58;58;58m~[38;2;60;60;60;48;2;151;151;151my[38;2;100;100;100;48;2;204;204;204m_[38;2;94;94;94;48;2;147;147;147m_[38;2;115;115;115;48;2;126;126;126mF[38;2;204;204;204;48;2;220;220;220mL[38;2;254;254;254;48;2;253;253;253m:[38;2;253;253;253;48;2;252;252;252m:     [0m
[7m[38;2;0;0;0m [0m[38;2;0;0;0;48;2;0;0;0m                                                                                                            [38;2;4;4;4;48;2;1;1;1m`[38;2;29;29;29;48;2;8;8;8m"[38;2;106;106;106;48;2;38;38;38m~[38;2;53;53;53;48;2;132;132;132my[38;2;39;39;39;48;2;190;190;190m_[38;2;143;143;143;48;2;228;228;228m_[38;2;213;213;213;48;2;246;246;246m_[38;2;243;243;243;48;2;252;252;252m_[38;2;250;250;250;48;2;251;251;251m_ [48;2;252;252;252m [0m
[7m[38;2;0;0;0m [0m[38;2;0;0;0;48;2;0;0;0m                                                                                                                [38;2;29;29;29;48;2;4;4;4m`[38;2;85;85;85;48;2;15;15;15m~[38;2;146;146;146;48;2;49;49;49m~[38;2;52;52;52;48;2;137;137;137my[38;2;87;87;87;48;2;192;192;192m_[38;2;154;154;154;48;2;231;231;231m_[38;2;210;210;210;48;2;247;247;247m_[0m
[7m[38;2;0;0;0m [0m[38;2;0;0;0;48;2;0;0;0m                                                                                                                  [38;2;2;2;2m`~[38;2;22;22;22;48;2;4;4;4m`[38;2;82;82;82;48;2;25;25;25m~[38;2;164;164;164;48;2;70;70;70m~[0m
[7m[38;2;0;0;0m [0m[38;2;0;0;0;48;2;0;0;0m                                                                                                                      [38;2;2;2;2m`[0m
[7m[38;2;0;0;0m [0m[38;2;0;0;0;48;2;0;0;0m                                                                                                                       [0m
[7m[38;2;0;0;0m [0m[38;2;0;0;0;48;2;0;0;0m                                                                                                                       [0m
[7m[38;2;0;0;0m [0m[38;2;0;0;0;48;2;0;0;0m                                                                                                                       [0m
[7m[38;2;0;0;0m [0m[38;2;0;0;0;48;2;0;0;0m                                                                                                                       [0m
[7m[38;2;0;0;0m [0m[38;2;0;0;0;48;2;0;0;0m                                                                                                                       [0m
[7m[38;2;0;0;0m [0m[38;2;0;0;0;48;2;0;0;0m                                                                                                                       [0m
[7m[38;2;0;0;0m [0m[38;2;0;0;0;48;2;0;0;0m                                                                                                                       [0m
[?25h