[?25l[0m[7m[38;2;0;0;0m [0m[38;2;0;0;0;48;2;0;0;0m                          [38;2;48;48;48;48;2;17;17;17m`[38;2;70;70;70;48;2;121;121;121mL[38;2;185;185;185;48;2;226;226;226m_[38;2;254;254;254;48;2;251;251;251m: [48;2;252;252;252m             [38;2;252;252;252;48;2;251;251;251m.[38;2;249;249;249;48;2;250;250;250ml[38;2;252;252;252;48;2;242;242;242m:[38;2;146;146;146;48;2;171;171;171m"[38;2;56;56;56;48;2;28;28;28mL[38;2;1;1;1;48;2;0;0;0m~                                                                     [0m
[7m[38;2;0;0;0m [0m[38;2;0;0;0;48;2;0;0;0m                          [38;2;1;1;1m`[38;2;68;68;68;48;2;24;24;24m`[38;2;81;81;81;48;2;133;133;133mL[38;2;195;195;195;48;2;234;234;234m_[38;2;253;253;253;48;2;251;251;251m: [48;2;252;252;252m            [38;2;252;252;252;48;2;251;251;251m:.[38;2;253;253;253;48;2;250;250;250m:[38;2;246;246;246;48;2;216;216;216m.[38;2;90;90;90;48;2;49;49;49mL[38;2;0;0;0;48;2;2;2;2m:[48;2;0;0;0m                                                                     [0m
[7m[38;2;0;0;0m [0m[38;2;0;0;0;48;2;0;0;0m                           [38;2;1;1;1m`[38;2;71;71;71;48;2;27;27;27m`[38;2;83;83;83;48;2;134;134;134mL[38;2;188;188;188;48;2;231;231;231m_[38;2;253;253;253;48;2;251;251;251m: [48;2;252;252;252m            [38;2;252;252;252;48;2;251;251;251m:[38;2;249;249;249;48;2;250;250;250mz[38;2;252;252;252;48;2;234;234;234m:[38;2;137;137;137;48;2;103;103;103mL[38;2;26;26;26;48;2;14;14;14mr[48;2;0;0;0m                                                                     [0m
[7m[38;2;0;0;0m [0m[38;2;0;0;0;48;2;0;0;0m                            [38;2;1;1;1m`[38;2;69;69;69;48;2;23;23;23m`[38;2;76;76;76;48;2;129;129;129mL[38;2;189;189;189;48;2;231;231;231m_[38;2;253;253;253;48;2;251;251;251m: [48;2;252;252;252m           [48;2;251;251;251m [48;2;250;250;250m [48;2;242;242;242m:[38;2;147;147;147;48;2;172;172;172m"[38;2;57;57;57;48;2;29;29;29mL[38;2;1;1;1;48;2;0;0;0m`                                                                    [0m
[7m[38;2;0;0;0m [0m[38;2;0;0;0;48;2;0;0;0m                             [38;2;1;1;1m`[38;2;66;66;66;48;2;22;22;22m`[38;2;70;70;70;48;2;123;123;123mL[38;2;174;174;174;48;2;225;225;225m_[38;2;253;253;253;48;2;251;251;251m: [48;2;252;252;252m          [38;2;252;252;252;48;2;251;251;251m: [38;2;253;253;253;48;2;250;250;250m'[38;2;251;251;251;48;2;221;221;221m.[38;2;101;101;101;48;2;60;60;60mL[38;2;0;0;0;48;2;4;4;4m:[48;2;0;0;0m                                                                    [0m
[7m[38;2;0;0;0m [0m[38;2;0;0;0;48;2;0;0;0m                               [38;2;58;58;58;48;2;17;17;17m`[38;2;55;55;55;48;2;109;109;109mL[38;2;153;153;153;48;2;213;213;213m_[38;2;252;252;252;48;2;249;249;249m'[48;2;251;251;251m_[48;2;252;252;252m          [48;2;251;251;251m.[48;2;250;250;250m [38;2;253;253;253;48;2;238;238;238m:[38;2;164;164;164;48;2;128;128;128mL[38;2;38;38;38;48;2;22;22;22mr[38;2;1;1;1;48;2;0;0;0m.                                                                   [0m
[7m[38;2;0;0;0m [0m[38;2;0;0;0;48;2;0;0;0m                                [38;2;34;34;34;48;2;8;8;8m`[38;2;113;113;113;48;2;73;73;73m~[38;2;124;124;124;48;2;197;197;197m_[38;2;254;254;254;48;2;247;247;247m'[38;2;252;252;252;48;2;251;251;251m:[38;2;251;251;251;48;2;252;252;252m_        [38;2;252;252;252;48;2;251;251;251m: [38;2;254;254;254;48;2;249;249;249m'[38;2;188;188;188;48;2;211;211;211m"[38;2;90;90;90;48;2;48;48;48mL[38;2;0;0;0;48;2;2;2;2m:[48;2;0;0;0m                                                                   [0m
[7m[38;2;0;0;0m [0m[38;2;0;0;0;48;2;0;0;0m                                 [38;2;18;18;18;48;2;3;3;3m`[38;2;94;94;94;48;2;48;48;48m"[38;2;90;90;90;48;2;161;161;161m_[38;2;209;209;209;48;2;240;240;240m_[38;2;254;254;254;48;2;251;251;251m. [48;2;252;252;252m        [38;2;252;252;252;48;2;251;251;251m.[38;2;249;249;249;48;2;250;250;250ml[38;2;254;254;254;48;2;238;238;238m:[38;2;162;162;162;48;2;125;125;125mL[38;2;37;37;37;48;2;21;21;21mr[38;2;1;1;1;48;2;0;0;0m.                                                                  [0m
[7m[38;2;0;0;0m [0m[38;2;0;0;0;48;2;0;0;0m                                  [38;2;3;3;3m`[38;2;79;79;79;48;2;28;28;28m`[38;2;48;48;48;48;2;129;129;129m_[38;2;163;163;163;48;2;225;225;225m_[38;2;253;253;253;48;2;250;250;250m:[38;2;252;252;252;48;2;251;251;251m:[48;2;252;252;252m       [48;2;251;251;251m: [38;2;254;254;254;48;2;249;249;249m'[38;2;193;193;193;48;2;217;217;217m"[38;2;105;105;105;48;2;60;60;60mL[38;2;0;0;0;48;2;5;5;5m`[48;2;0;0;0m                                                                  [0m
[7m[38;2;0;0;0m [0m[38;2;0;0;0;48;2;0;0;0m                                    [38;2;46;46;46;48;2;10;10;10m`[38;2;125;125;125;48;2;66;66;66m~[38;2;105;105;105;48;2;180;180;180m_[38;2;214;214;214;48;2;242;242;242m_[38;2;253;253;253;48;2;251;251;251m. [48;2;252;252;252m      [38;2;252;252;252;48;2;251;251;251m:[38;2;249;249;249;48;2;250;250;250m|[38;2;254;254;254;48;2;242;242;242m:[38;2;132;132;132;48;2;167;167;167m~[38;2;59;59;59;48;2;30;30;30mL[38;2;1;1;1;48;2;0;0;0m`                                                                 [0m
[7m[38;2;0;0;0m [0m[38;2;0;0;0;48;2;0;0;0m                                     [38;2;8;8;8;48;2;1;1;1m`[38;2;87;87;87;48;2;34;34;34m`[38;2;38;38;38;48;2;130;130;130m_[38;2;141;141;141;48;2;216;216;216m_[38;2;251;251;251;48;2;247;247;247m'[38;2;253;253;253;48;2;251;251;251m.[38;2;251;251;251;48;2;252;252;252m_     [38;2;252;252;252;48;2;251;251;251m:[38;2;250;250;250m.[38;2;252;252;252;48;2;232;232;232m:[38;2;145;145;145;48;2;98;98;98mL[38;2;36;36;36;48;2;15;15;15m,[48;2;0;0;0m                                                                 [0m
[7m[38;2;0;0;0m [0m[38;2;0;0;0;48;2;0;0;0m                                       [38;2;24;24;24;48;2;8;8;8m"[38;2;107;107;107;48;2;53;53;53m~[38;2;73;73;73;48;2;159;159;159m_[38;2;178;178;178;48;2;230;230;230m_[38;2;251;251;251;48;2;249;249;249m:[38;2;252;252;252;48;2;251;251;251m:[48;2;252;252;252m    [48;2;251;251;251m:_[38;2;254;254;254;48;2;248;248;248m'[38;2;183;183;183;48;2;211;211;211m~[38;2;101;101;101;48;2;56;56;56mL[38;2;15;15;15;48;2;4;4;4m,[38;2;1;1;1;48;2;0;0;0m,                                                               [0m
[7m[38;2;0;0;0m [0m[38;2;0;0;0;48;2;0;0;0m                                        [38;2;3;3;3m`[38;2;54;54;54;48;2;15;15;15m`[38;2;131;131;131;48;2;71;71;71m~[38;2;82;82;82;48;2;179;179;179m_[38;2;190;190;190;48;2;237;237;237m_[38;2;253;253;253;48;2;251;251;251m:[48;2;252;252;252m_[38;2;252;252;252;48;2;251;251;251m:[48;2;252;252;252m  [48;2;251;251;251m:[38;2;251;251;251;48;2;250;250;250m.[38;2;254;254;254;48;2;242;242;242m:[38;2;127;127;127;48;2;169;169;169m~[38;2;55;55;55;48;2;35;35;35mr[38;2;1;1;1;48;2;0;0;0m`                                                               [0m
[7m[38;2;0;0;0m [0m[38;2;0;0;0;48;2;0;0;0m                                          [38;2;3;3;3;48;2;1;1;1m`[38;2;53;53;53;48;2;19;19;19m"[38;2;150;150;150;48;2;78;78;78m~[38;2;89;89;89;48;2;179;179;179m_[38;2;182;182;182;48;2;233;233;233m_[38;2;245;245;245;48;2;249;249;249m,[38;2;252;252;252;48;2;251;251;251m:[48;2;252;252;252m  [48;2;251;251;251m:[38;2;249;249;249;48;2;250;250;250m.[38;2;254;254;254;48;2;236;236;236m:[38;2;102;102;102;48;2;134;134;134m7[38;2;56;56;56;48;2;23;23;23m,[38;2;1;1;1;48;2;0;0;0m=                                                              [0m
[7m[38;2;0;0;0m [0m[38;2;0;0;0;48;2;0;0;0m                                            [38;2;6;6;6;48;2;1;1;1m`[38;2;64;64;64;48;2;17;17;17m`[38;2;131;131;131;48;2;67;67;67m~[38;2;65;65;65;48;2;169;169;169m_[38;2;156;156;156;48;2;226;226;226m_[38;2;231;231;231;48;2;246;246;246m,[38;2;252;252;252;48;2;251;251;251m::e[38;2;254;254;254;48;2;249;249;249m'[38;2;205;205;205;48;2;227;227;227m"[38;2;143;143;143;48;2;90;90;90mL[38;2;45;45;45;48;2;14;14;14m,[48;2;0;0;0m                                                              [0m
[7m[38;2;0;0;0m [0m[38;2;0;0;0;48;2;0;0;0m                                              [38;2;1;1;1m`[38;2;34;34;34;48;2;11;11;11m"[38;2;114;114;114;48;2;48;48;48m~[38;2;75;75;75;48;2;143;143;143my[38;2;123;123;123;48;2;205;205;205m_[38;2;201;201;201;48;2;241;241;241m_[38;2;244;244;244;48;2;249;249;249m,[38;2;250;250;250;48;2;251;251;251m`[38;2;254;254;254;48;2;249;249;249m'[38;2;194;194;194;48;2;222;222;222m~[38;2;158;158;158;48;2;85;85;85m_[38;2;44;44;44;48;2;12;12;12m,[38;2;1;1;1;48;2;0;0;0m.                                                            [0m
[7m[38;2;0;0;0m [0m[38;2;0;0;0;48;2;0;0;0m                                                [38;2;1;1;1m`[38;2;20;20;20;48;2;3;3;3m`[38;2;62;62;62;48;2;23;23;23m~[38;2;147;147;147;48;2;72;72;72m~[38;2;48;48;48;48;2;157;157;157m_[38;2;114;114;114;48;2;210;210;210m_[38;2;187;187;187;48;2;237;237;237m_[38;2;232;232;232;48;2;245;245;245m_[38;2;192;192;192;48;2;225;225;225m"[38;2;160;160;160;48;2;98;98;98my[38;2;73;73;73;48;2;21;21;21m,[38;2;1;1;1;48;2;0;0;0m:                                                           [0m
[7m[38;2;0;0;0m [0m[38;2;0;0;0;48;2;0;0;0m                                                    [38;2;9;9;9;48;2;4;4;4m`[38;2;70;70;70;48;2;22;22;22m~[38;2;144;144;144;48;2;59;59;59m~[38;2;50;50;50;48;2;133;133;133my[38;2;83;83;83;48;2;183;183;183m_[38;2;205;205;205;48;2;223;223;223m_[38;2;71;71;71;48;2;137;137;137m`[38;2;51;51;51;48;2;25;25;25mL[48;2;0;0;0m                                                           [0m
[7m[38;2;0;0;0m [0m[38;2;0;0;0;48;2;0;0;0m                                                       [38;2;3;3;3m`[38;2;57;57;57;48;2;25;25;25m"[38;2;42;42;42;48;2;109;109;109my[38;2;127;127;127;48;2;56;56;56m~[38;2;33;33;33;48;2;11;11;11m~[38;2;1;1;1;48;2;0;0;0m~                                                          [0m
[7m[38;2;0;0;0m [0m[38;2;0;0;0;48;2;0;0;0m                                                                                                                       [0m
[7m[38;2;0;0;0m [0m[38;2;0;0;0;48;2;0;0;0m                                                                                                                       [0m
[7m[38;2;0;0;0m [0m[38;2;0;0;0;48;2;0;0;0m                                                                                                                       [0m
[7m[38;2;0;0;0m [0m[38;2;0;0;0;48;2;0;0;0m                                                                                                                       [0m
[7m[38;2;0;0;0m [0m[38;2;0;0;0;48;2;0;0;0m                                                                                                                       [0m
[7m[38;2;0;0;0m [0m[38;2;0;0;0;48;2;0;0;0m                                                                                                                       [0m
[7m[38;2;0;0;0m [0m[38;2;0;0;0;48;2;0;0;0m                                                                                                                       [0m
[7m[38;2;0;0;0m [0m[38;2;0;0;0;48;2;0;0;0m                                                                                                                       [0m
[7m[38;2;0;0;0m [0m[38;2;0;0;0;48;2;0;0;0m                                                                                                                       [0m
[7m[38;2;0;0;0m [0m[38;2;0;0;0;48;2;0;0;0m                                                                                                                       [0m
[7m[38;2;0;0;0m [0m[38;2;0;0;0;48;2;0;0;0m                                                                                                                       [0m
[7m[38;2;0;0;0m [0m[38;2;0;0;0;48;2;0;0;0m                                                                                                                       [0m
[7m[38;2;0;0;0m [0m[38;2;0;0;0;48;2;0;0;0m                                                                                                                       [0m
[7m[38;2;0;0;0m [0m[38;2;0;0;0;48;2;0;0;0m                                                                                                                       [0m
[7m[38;2;0;0;0m [0m[38;2;0;0;0;48;2;0;0;0m                                                                                                                       [0m
[7m[38;2;0;0;0m [0m[38;2;0;0;0;48;2;0;0;0m                                                                                                                       [0m
[7m[38;2;0;0;0m [0m[38;2;0;0;0;48;2;0;0;0m                                                                                                                       [0m
[?25h