[?25l[0m[7m[38;2;252;252;252m [0m[38;2;0;0;0;48;2;252;252;252m                                                                                                                       [0m
[7m[38;2;252;252;252m [0m[38;2;0;0;0;48;2;252;252;252m                                                                                                                       [0m
[7m[38;2;252;252;252m [0m[38;2;0;0;0;48;2;252;252;252m                                                                                                                       [0m
[7m[38;2;252;252;252m [0m[38;2;0;0;0;48;2;252;252;252m                                                                                                                       [0m
[7m[38;2;252;252;252m [0m[38;2;0;0;0;48;2;252;252;252m                                                                                                                       [0m
[7m[38;2;252;252;252m [0m[38;2;0;0;0;48;2;252;252;252m                                                                                                                       [0m
[7m[38;2;252;252;252m [0m[38;2;0;0;0;48;2;252;252;252m                                                                                                                       [0m
[7m[38;2;252;252;252m [0m[38;2;0;0;0;48;2;252;252;252m                                                                                                                       [0m
[7m[38;2;252;252;252m [0m[38;2;0;0;0;48;2;252;252;252m                                                                                                                       [0m
[7m[38;2;252;252;252m [0m[38;2;0;0;0;48;2;252;252;252m                                                                                                                       [0m
[7m[38;2;252;252;252m [0m[38;2;0;0;0;48;2;252;252;252m                                                                                                                       [0m
[7m[38;2;252;252;252m [0m[38;2;0;0;0;48;2;252;252;252m                                                            [38;2;252;252;252;48;2;251;251;251m. [38;2;250;250;250mww[38;2;245;245;245m_[38;2;231;231;231;48;2;250;250;250m_[38;2;213;213;213;48;2;248;248;248m_[38;2;204;204;204m_[38;2;202;202;202m__[38;2;210;210;210m_[38;2;225;225;225;48;2;249;249;249m_[38;2;240;240;240;48;2;251;251;251m_[38;2;250;250;250m,[48;2;252;252;252m [38;2;252;252;252;48;2;251;251;251m...[48;2;252;252;252m                                         [0m
[7m[38;2;252;252;252m [0m[38;2;0;0;0;48;2;252;252;252m                                                        [38;2;252;252;252;48;2;251;251;251m:[38;2;250;250;250m_[38;2;252;252;252m_[48;2;247;247;247m'[38;2;132;132;132;48;2;233;233;233m_[38;2;63;63;63;48;2;208;208;208m_[38;2;41;41;41;48;2;183;183;183m_[38;2;71;71;71;48;2;164;164;164my[38;2;234;234;234;48;2;98;98;98m~[38;2;203;203;203;48;2;72;72;72m~[38;2;160;160;160;48;2;54;54;54m~[38;2;129;129;129;48;2;42;42;42m~[38;2;118;118;118;48;2;37;37;37m~[38;2;119;119;119;48;2;38;38;38m~[38;2;142;142;142;48;2;49;49;49m~[38;2;183;183;183;48;2;66;66;66m~[38;2;37;37;37;48;2;129;129;129my[38;2;33;33;33;48;2;170;170;170m_[38;2;102;102;102;48;2;220;220;220m_[38;2;172;172;172;48;2;238;238;238m_[38;2;200;200;200;48;2;243;243;243m_[38;2;203;203;203;48;2;244;244;244m_[38;2;232;232;232;48;2;248;248;248m_[38;2;250;250;250;48;2;251;251;251m,[38;2;253;253;253;48;2;252;252;252m,[48;2;251;251;251m [38;2;252;252;252m:[48;2;252;252;252m                                    [0m
[7m[38;2;252;252;252m [0m[38;2;0;0;0;48;2;252;252;252m                                                      [38;2;252;252;252;48;2;251;251;251m:[38;2;250;250;250m.[38;2;251;251;251;48;2;247;247;247m`[38;2;169;169;169;48;2;231;231;231m_[38;2;89;89;89;48;2;183;183;183my[38;2;191;191;191;48;2;68;68;68m~[38;2;97;97;97;48;2;22;22;22m~[38;2;20;20;20;48;2;3;3;3m~[48;2;0;0;0m    [38;2;1;1;1m`      [38;2;0;0;0;48;2;2;2;2m:[38;2;60;60;60;48;2;14;14;14m~[38;2;123;123;123;48;2;29;29;29m~[38;2;150;150;150;48;2;35;35;35m~[38;2;153;153;153;48;2;36;36;36m~[38;2;177;177;177;48;2;49;49;49m~[38;2;203;203;203;48;2;85;85;85m~[38;2;23;23;23;48;2;166;166;166m_[38;2;139;139;139;48;2;220;220;220m_[38;2;216;216;216;48;2;245;245;245m_[38;2;246;246;246;48;2;250;250;250m,[48;2;251;251;251m [38;2;252;252;252m:[48;2;252;252;252m                                 [0m
[7m[38;2;252;252;252m [0m[38;2;0;0;0;48;2;252;252;252m                                                    [38;2;252;252;252;48;2;251;251;251m: [38;2;253;253;253;48;2;249;249;249m:[38;2;150;150;150;48;2;229;229;229m_[38;2;72;72;72;48;2;152;152;152my[38;2;95;95;95;48;2;33;33;33m~[38;2;17;17;17;48;2;5;5;5m`[38;2;1;1;1;48;2;0;0;0m`                   ~[38;2;5;5;5;48;2;2;2;2m`[38;2;97;97;97;48;2;19;19;19m`[38;2;172;172;172;48;2;83;83;83m~[38;2;111;111;111;48;2;206;206;206m_[38;2;226;226;226;48;2;245;245;245m,[48;2;251;251;251m [38;2;252;252;252m:[48;2;252;252;252m                                [0m
[7m[38;2;252;252;252m [0m[38;2;0;0;0;48;2;252;252;252m                                                   [38;2;252;252;252;48;2;251;251;251m.[38;2;250;250;250m:[38;2;251;251;251;48;2;239;239;239m'[38;2;109;109;109;48;2;177;177;177my[38;2;120;120;120;48;2;46;46;46m~[38;2;25;25;25;48;2;4;4;4m~[38;2;1;1;1;48;2;0;0;0m`                       "[38;2;0;0;0;48;2;2;2;2m`[38;2;79;79;79;48;2;36;36;36m`[38;2;94;94;94;48;2;172;172;172m_[38;2;220;220;220;48;2;239;239;239m,[38;2;252;252;252;48;2;251;251;251m`.[48;2;252;252;252m                               [0m
[7m[38;2;252;252;252m [0m[38;2;0;0;0;48;2;252;252;252m                                                 [38;2;252;252;252;48;2;251;251;251m:[38;2;250;250;250m_[38;2;253;253;253;48;2;249;249;249m:[38;2;187;187;187;48;2;229;229;229m_[38;2;66;66;66;48;2;127;127;127my[38;2;52;52;52;48;2;18;18;18m~[38;2;1;1;1;48;2;0;0;0m`                           [38;2;0;0;0;48;2;1;1;1m:[38;2;12;12;12;48;2;42;42;42m:[38;2;177;177;177;48;2;204;204;204mL[38;2;237;237;237;48;2;247;247;247m,[38;2;251;251;251;48;2;252;252;252m_[38;2;252;252;252;48;2;251;251;251m:[48;2;252;252;252m                              [0m
[7m[38;2;252;252;252m [0m[38;2;0;0;0;48;2;252;252;252m                                                [38;2;252;252;252;48;2;251;251;251m:`[38;2;254;254;254;48;2;249;249;249m.[38;2;191;191;191;48;2;226;226;226m_[38;2;57;57;57;48;2;115;115;115my[38;2;38;38;38;48;2;13;13;13m~[48;2;0;0;0m                              [38;2;0;0;0;48;2;10;10;10m:[38;2;73;73;73;48;2;112;112;112mg[38;2;214;214;214;48;2;229;229;229mL[38;2;252;252;252;48;2;251;251;251mL [48;2;252;252;252m                              [0m
[7m[38;2;252;252;252m [0m[38;2;0;0;0;48;2;252;252;252m                                                [38;2;252;252;252;48;2;251;251;251m:[38;2;250;250;250mt[38;2;254;254;254;48;2;235;235;235m'[38;2;89;89;89;48;2;134;134;134my[38;2;41;41;41;48;2;19;19;19m~[48;2;0;0;0m                                [38;2;5;5;5;48;2;33;33;33m:[38;2;178;178;178;48;2;201;201;201mL[38;2;243;243;243;48;2;247;247;247mr[38;2;252;252;252;48;2;251;251;251mL:[48;2;252;252;252m                             [0m
[7m[38;2;252;252;252m [0m[38;2;0;0;0;48;2;252;252;252m                                               [38;2;252;252;252;48;2;251;251;251m:[38;2;249;249;249m:[38;2;254;254;254;48;2;245;245;245m:[38;2;208;208;208;48;2;181;181;181mF[38;2;62;62;62;48;2;37;37;37mF[48;2;0;0;0m                                 [38;2;0;0;0;48;2;22;22;22m:[38;2;159;159;159;48;2;177;177;177mL[38;2;235;235;235;48;2;242;242;242mL[48;2;251;251;251m  [48;2;252;252;252m                             [0m
[7m[38;2;252;252;252m [0m[38;2;0;0;0;48;2;252;252;252m                                               [48;2;251;251;251m [48;2;250;250;250m [38;2;254;254;254;48;2;241;241;241m:[38;2;179;179;179;48;2;160;160;160mL[38;2;54;54;54;48;2;28;28;28mL[48;2;0;0;0m                                 [38;2;0;0;0;48;2;21;21;21m:[38;2;157;157;157;48;2;173;173;173mL[38;2;234;234;234;48;2;241;241;241mL[48;2;251;251;251m  [48;2;252;252;252m                             [0m
[7m[38;2;252;252;252m [0m[38;2;0;0;0;48;2;252;252;252m                                               [38;2;252;252;252;48;2;251;251;251m:[38;2;250;250;250m~[38;2;254;254;254;48;2;249;249;249m'[38;2;185;185;185;48;2;215;215;215m"[38;2;102;102;102;48;2;60;60;60mL[38;2;18;18;18;48;2;5;5;5m,[48;2;0;0;0m                               [38;2;0;0;0;48;2;3;3;3m:[38;2;88;88;88;48;2;47;47;47m_[38;2;177;177;177;48;2;209;209;209m~[38;2;241;241;241;48;2;249;249;249m~[48;2;251;251;251m [38;2;252;252;252m:[48;2;252;252;252m                             [0m
[7m[38;2;252;252;252m [0m[38;2;0;0;0;48;2;252;252;252m                                                [38;2;252;252;252;48;2;251;251;251m:[38;2;250;250;250mT[38;2;254;254;254;48;2;245;245;245m'[38;2;147;147;147;48;2;191;191;191m~[38;2;93;93;93;48;2;48;48;48mL[38;2;15;15;15;48;2;4;4;4m,[38;2;1;1;1;48;2;0;0;0m.                            [38;2;0;0;0;48;2;1;1;1m:[48;2;35;35;35m`[38;2;110;110;110;48;2;172;172;172m~[38;2;225;225;225;48;2;240;240;240m~[48;2;251;251;251m  [48;2;252;252;252m                              [0m
[7m[38;2;252;252;252m [0m[38;2;0;0;0;48;2;252;252;252m                                                 [38;2;252;252;252;48;2;251;251;251m:[38;2;249;249;249m`[38;2;254;254;254;48;2;246;246;246m'[38;2;150;150;150;48;2;206;206;206m~[38;2;177;177;177;48;2;80;80;80m_[38;2;50;50;50;48;2;16;16;16m,[38;2;1;1;1;48;2;0;0;0m.                         [38;2;2;2;2m.[38;2;0;0;0;48;2;7;7;7m:[38;2;142;142;142;48;2;49;49;49m_[38;2;111;111;111;48;2;187;187;187m~[38;2;226;226;226;48;2;243;243;243m~[48;2;251;251;251m [38;2;252;252;252m.[48;2;252;252;252m                               [0m
[7m[38;2;252;252;252m [0m[38;2;0;0;0;48;2;252;252;252m                                                   [38;2;252;252;252;48;2;251;251;251m.[38;2;251;251;251;48;2;250;250;250m'[38;2;210;210;210;48;2;240;240;240m`[38;2;95;95;95;48;2;183;183;183m~[38;2;192;192;192;48;2;64;64;64m_[38;2;72;72;72;48;2;17;17;17m,[38;2;0;0;0;48;2;2;2;2m`[48;2;0;0;0m                     [38;2;1;1;1m:[48;2;10;10;10m`[38;2;175;175;175;48;2;52;52;52m_[38;2;55;55;55;48;2;175;175;175m~[38;2;194;194;194;48;2;237;237;237m~[38;2;245;245;245;48;2;250;250;250m`[38;2;251;251;251;48;2;252;252;252m`[38;2;252;252;252;48;2;251;251;251m:[48;2;252;252;252m                                [0m
[7m[38;2;252;252;252m [0m[38;2;0;0;0;48;2;252;252;252m                                                    [38;2;252;252;252;48;2;251;251;251m:[38;2;250;250;250m`[38;2;253;253;253;48;2;250;250;250m'[38;2;226;226;226;48;2;244;244;244m`[38;2;139;139;139;48;2;220;220;220m~[38;2;60;60;60;48;2;168;168;168m~[38;2;186;186;186;48;2;85;85;85my[38;2;182;182;182;48;2;56;56;56m_[38;2;139;139;139;48;2;30;30;30m_[38;2;112;112;112;48;2;11;11;11m_[38;2;84;84;84;48;2;3;3;3m_[38;2;53;53;53;48;2;2;2;2m_[38;2;10;10;10;48;2;1;1;1m,[38;2;1;1;1;48;2;0;0;0m,  _     _ [38;2;0;0;0;48;2;3;3;3m:[38;2;91;91;91;48;2;7;7;7m_[38;2;152;152;152;48;2;42;42;42m_[38;2;189;189;189;48;2;90;90;90my[38;2;94;94;94;48;2;200;200;200m~[38;2;206;206;206;48;2;240;240;240m~[38;2;247;247;247;48;2;250;250;250m~[38;2;250;250;250;48;2;251;251;251m`[38;2;252;252;252m:[48;2;252;252;252m                                  [0m
[7m[38;2;252;252;252m [0m[38;2;0;0;0;48;2;252;252;252m                                                       [38;2;252;252;252;48;2;251;251;251m:[38;2;253;253;253m` [38;2;247;247;247m`[38;2;212;212;212;48;2;246;246;246m`[38;2;193;193;193;48;2;243;243;243m`[38;2;195;195;195;48;2;237;237;237m~[38;2;154;154;154;48;2;220;220;220m~[38;2;103;103;103;48;2;199;199;199m~[38;2;40;40;40;48;2;160;160;160m~[38;2;217;217;217;48;2;72;72;72m_[38;2;223;223;223;48;2;85;85;85m_[38;2;0;0;0;48;2;129;129;129m~[38;2;220;220;220;48;2;79;79;79m_[38;2;216;216;216;48;2;60;60;60m_[38;2;213;213;213;48;2;49;49;49m_[38;2;206;206;206;48;2;43;43;43m_[38;2;204;204;204m_[38;2;213;213;213;48;2;55;55;55m_[38;2;219;219;219;48;2;75;75;75m_[38;2;2;2;2;48;2;139;139;139m~[38;2;49;49;49;48;2;184;184;184m~[38;2;155;155;155;48;2;224;224;224m~[38;2;212;212;212;48;2;243;243;243m~[38;2;244;244;244;48;2;250;250;250m`[48;2;251;251;251m  [38;2;252;252;252m:[48;2;252;252;252m                                    [0m
[7m[38;2;252;252;252m [0m[38;2;0;0;0;48;2;252;252;252m                                                             [48;2;251;251;251m [38;2;249;249;249m`[38;2;250;250;250m`[38;2;253;253;253;48;2;252;252;252m"  [38;2;250;250;250;48;2;251;251;251m==[38;2;252;252;252m7[38;2;251;251;251;48;2;252;252;252m`[38;2;246;246;246;48;2;251;251;251m~[38;2;243;243;243;48;2;250;250;250m~[38;2;252;252;252;48;2;251;251;251m:[38;2;250;250;250m=[48;2;252;252;252m=[38;2;252;252;252;48;2;251;251;251m:[38;2;250;250;250m`[38;2;252;252;252m:[48;2;252;252;252m                                        [0m
[7m[38;2;252;252;252m [0m[38;2;0;0;0;48;2;252;252;252m                                                                                                                       [0m
[7m[38;2;252;252;252m [0m[38;2;0;0;0;48;2;252;252;252m                                                                                                                       [0m
[7m[38;2;252;252;252m [0m[38;2;0;0;0;48;2;252;252;252m                                                                                                                       [0m
[7m[38;2;252;252;252m [0m[38;2;0;0;0;48;2;252;252;252m                                                                                                                       [0m
[7m[38;2;252;252;252m [0m[38;2;0;0;0;48;2;252;252;252m                                                                                                                       [0m
[7m[38;2;252;252;252m [0m[38;2;0;0;0;48;2;252;252;252m                                                                                                                       [0m
[7m[38;2;252;252;252m [0m[38;2;0;0;0;48;2;252;252;252m                                                                                                                       [0m
[7m[38;2;252;252;252m [0m[38;2;0;0;0;48;2;252;252;252m                                                                                                                       [0m
[?25h