[?25l[0m[7m[38;2;252;252;252m [0m[38;2;0;0;0;48;2;252;252;252m                                                                                       [38;2;252;252;252;48;2;251;251;251m|[48;2;247;247;247m [48;2;249;249;249m [48;2;252;252;252m                             [0m
[7m[38;2;252;252;252m [0m[38;2;0;0;0;48;2;252;252;252m                                                                                       [38;2;252;252;252;48;2;251;251;251m.[38;2;248;248;248m~[38;2;250;250;250m~[48;2;252;252;252m               [38;2;252;252;252;48;2;251;251;251m:[38;2;249;249;249m_[38;2;246;246;246m_[38;2;247;247;247m_[38;2;250;250;250m_[48;2;252;252;252m         [0m
[7m[38;2;252;252;252m [0m[38;2;0;0;0;48;2;252;252;252m                                              [38;2;253;253;253m_                                  [38;2;252;252;252;48;2;251;251;251m:[38;2;244;244;244;48;2;249;249;249m_[38;2;239;239;239;48;2;245;245;245my[38;2;241;241;241;48;2;246;246;246m_[38;2;249;249;249;48;2;250;250;250m,[48;2;252;252;252m                   [38;2;252;252;252;48;2;251;251;251m:[38;2;247;247;247;48;2;249;249;249m4[38;2;248;248;248;48;2;244;244;244m_[48;2;245;245;245m_[48;2;249;249;249mF[38;2;252;252;252;48;2;251;251;251m:[48;2;252;252;252m        [0m
[7m[38;2;252;252;252m [0m[38;2;0;0;0;48;2;252;252;252m                                          [48;2;251;251;251m [38;2;244;244;244;48;2;248;248;248m_[38;2;240;240;240;48;2;247;247;247m_[38;2;245;245;245;48;2;250;250;250m_[38;2;250;250;250;48;2;252;252;252m_                                  [38;2;252;252;252;48;2;250;250;250m`[38;2;241;241;241;48;2;239;239;239mF[38;2;234;234;234;48;2;230;230;230m~[38;2;237;237;237;48;2;235;235;235m~[38;2;245;245;245;48;2;247;247;247mL[48;2;251;251;251m [48;2;252;252;252m                   [38;2;252;252;252;48;2;251;251;251m:[38;2;249;249;249m`~ [48;2;252;252;252m         [0m
[7m[38;2;252;252;252m [0m[38;2;0;0;0;48;2;252;252;252m                                         [38;2;252;252;252;48;2;251;251;251m:[38;2;250;250;250;48;2;249;249;249m.[38;2;240;240;240;48;2;241;241;241ma[38;2;237;237;237;48;2;235;235;235m"[38;2;241;241;241;48;2;237;237;237m~[38;2;243;243;243;48;2;246;246;246mw[38;2;251;251;251;48;2;250;250;250m:[48;2;252;252;252m                                 [48;2;250;250;250m:[38;2;242;242;242;48;2;239;239;239mL[38;2;240;240;240;48;2;232;232;232m_[38;2;247;247;247;48;2;237;237;237m_[48;2;248;248;248m^[38;2;252;252;252;48;2;251;251;251m:[48;2;252;252;252m                   [48;2;251;251;251m.[38;2;250;250;250m_[38;2;252;252;252m.[48;2;252;252;252m          [0m
[7m[38;2;252;252;252m [0m[38;2;0;0;0;48;2;252;252;252m                                         [38;2;252;252;252;48;2;251;251;251m:[38;2;251;251;251;48;2;249;249;249m.[38;2;248;248;248;48;2;243;243;243m_[38;2;246;246;246;48;2;238;238;238m_[48;2;239;239;239m_[38;2;249;249;249;48;2;244;244;244m_[38;2;252;252;252;48;2;250;250;250m.[48;2;252;252;252m                                 [48;2;251;251;251m:[38;2;247;247;247m~[38;2;246;246;246;48;2;250;250;250m~[38;2;249;249;249;48;2;251;251;251m~[38;2;252;252;252m:[48;2;252;252;252m                   [48;2;251;251;251m:[38;2;247;247;247;48;2;249;249;249my[38;2;248;248;248;48;2;245;245;245m~[38;2;247;247;247;48;2;249;249;249mL[38;2;252;252;252;48;2;251;251;251m:[48;2;252;252;252m         [0m
[7m[38;2;252;252;252m [0m[38;2;0;0;0;48;2;252;252;252m                                           [38;2;252;252;252;48;2;251;251;251m.[38;2;249;249;249m``[38;2;252;252;252m:[48;2;252;252;252m                                                          [48;2;251;251;251m [38;2;247;247;247;48;2;246;246;246ml[38;2;245;245;245;48;2;244;244;244m.[38;2;247;247;247;48;2;248;248;248mF[38;2;252;252;252;48;2;251;251;251m:[48;2;252;252;252m         [0m
[7m[38;2;252;252;252m [0m[38;2;0;0;0;48;2;252;252;252m                                                                                                         [38;2;252;252;252;48;2;251;251;251m:[38;2;249;249;249m"[38;2;248;248;248m~[38;2;250;250;250m~[48;2;252;252;252m          [0m
[7m[38;2;252;252;252m [0m[38;2;0;0;0;48;2;252;252;252m                                                                                                                       [0m
[7m[38;2;252;252;252m [0m[38;2;0;0;0;48;2;252;252;252m                                                                                                                       [0m
[7m[38;2;252;252;252m [0m[38;2;0;0;0;48;2;252;252;252m                                                                                                                       [0m
[7m[38;2;252;252;252m [0m[38;2;0;0;0;48;2;252;252;252m                                                                                                                       [0m
[7m[38;2;252;252;252m [0m[38;2;0;0;0;48;2;252;252;252m                                                                                                                      [38;2;244;244;244;48;2;250;250;250m_[0m
[7m[38;2;252;252;252m [0m[38;2;0;0;0;48;2;252;252;252m                                                                                                                     [38;2;247;247;247;48;2;249;249;249my[38;2;241;241;241;48;2;234;234;234m~[0m
[7m[38;2;252;252;252m [0m[38;2;0;0;0;48;2;252;252;252m                                                                                                                    [38;2;251;251;251my[38;2;248;248;248;48;2;245;245;245mF[38;2;234;234;234;48;2;231;231;231mF[0m
[38;2;252;252;252;48;2;252;252;252m                                                                                                                   [48;2;251;251;251m:[38;2;245;245;245;48;2;248;248;248my[38;2;234;234;234;48;2;241;241;241my[38;2;239;239;239;48;2;230;230;230m~[38;2;218;218;218;48;2;223;223;223my[0m
[7m[38;2;252;252;252m [0m[38;2;0;0;0;48;2;252;252;252m                                                                                                                  [38;2;250;250;250;48;2;251;251;251m_[38;2;239;239;239;48;2;241;241;241my[38;2;220;220;220;48;2;224;224;224my[38;2;204;204;204;48;2;211;211;211my[38;2;209;209;209;48;2;198;198;198m~[0m
[7m[38;2;252;252;252m [0m[38;2;0;0;0;48;2;252;252;252m                                                                                                                  [38;2;248;248;248;48;2;249;249;249m_[38;2;231;231;231;48;2;235;235;235m_[38;2;218;218;218;48;2;213;213;213mF[38;2;193;193;193;48;2;198;198;198m_[38;2;180;180;180;48;2;185;185;185m_[0m
[7m[38;2;252;252;252m [0m[38;2;0;0;0;48;2;252;252;252m                                                                                                                  [38;2;244;244;244;48;2;246;246;246m_[38;2;222;222;222;48;2;226;226;226my[38;2;207;207;207;48;2;200;200;200m~[38;2;189;189;189;48;2;182;182;182m~[38;2;177;177;177;48;2;171;171;171m~[0m
[7m[38;2;252;252;252m [0m[38;2;0;0;0;48;2;252;252;252m                                                                                                                 [38;2;253;253;253m_[38;2;240;240;240;48;2;243;243;243my[38;2;220;220;220;48;2;210;210;210mF[38;2;175;175;175;48;2;184;184;184my[48;2;165;165;165m~[38;2;165;165;165;48;2;161;161;161m"[0m
[7m[38;2;252;252;252m [0m[38;2;0;0;0;48;2;252;252;252m                                                                                                                 [38;2;253;253;253m"[38;2;238;238;238;48;2;241;241;241m4[38;2;202;202;202;48;2;210;210;210m4[38;2;186;186;186;48;2;175;175;175m_[38;2;167;167;167;48;2;162;162;162m_[38;2;168;168;168;48;2;163;163;163m_[0m
[7m[38;2;252;252;252m [0m[38;2;0;0;0;48;2;252;252;252m                                                                                                                  [38;2;246;246;246;48;2;250;250;250m"[38;2;226;226;226;48;2;232;232;232m~[38;2;194;194;194;48;2;202;202;202m~[38;2;188;188;188;48;2;179;179;179my[38;2;193;193;193;48;2;178;178;178m_[0m
[7m[38;2;252;252;252m [0m[38;2;0;0;0;48;2;252;252;252m                                                                                                                  [38;2;253;253;253m.[38;2;239;239;239;48;2;246;246;246m"[38;2;218;218;218;48;2;234;234;234m~[38;2;239;239;239;48;2;222;222;222my[38;2;205;205;205;48;2;228;228;228m~[0m
[7m[38;2;252;252;252m [0m[38;2;0;0;0;48;2;252;252;252m                                                                                                                    [38;2;252;252;252;48;2;251;251;251m: [38;2;250;250;250m`[0m
[38;2;232;232;232;48;2;246;246;246m_[38;2;246;246;246;48;2;250;250;250m_[38;2;252;252;252;48;2;251;251;251m:[48;2;252;252;252m                                                                                                                     [0m
[38;2;181;181;181;48;2;205;205;205m_[38;2;211;211;211;48;2;231;231;231m_[38;2;237;237;237;48;2;247;247;247m_[38;2;250;250;250;48;2;251;251;251m_[38;2;253;253;253;48;2;252;252;252m.,                                                                                                                  [0m
[38;2;171;171;171;48;2;159;159;159m~[38;2;201;201;201;48;2;185;185;185m~[38;2;197;197;197;48;2;216;216;216m_[38;2;223;223;223;48;2;239;239;239m_[38;2;243;243;243;48;2;250;250;250m_[38;2;251;251;251;48;2;252;252;252m_                                                                                                                  [0m
[38;2;162;162;162;48;2;150;150;150m_[38;2;165;165;165;48;2;171;171;171mF[38;2;188;188;188;48;2;193;193;193mF[38;2;213;213;213;48;2;216;216;216m[[38;2;237;237;237;48;2;239;239;239m[[48;2;250;250;250m [48;2;252;252;252m                                                                                                                  [0m
[38;2;171;171;171;48;2;182;182;182m~[38;2;199;199;199;48;2;191;191;191my[38;2;218;218;218;48;2;208;208;208my[38;2;221;221;221;48;2;233;233;233m~[38;2;243;243;243;48;2;248;248;248m~[48;2;252;252;252m                                                                                                                   [0m
[38;2;201;201;201;48;2;193;193;193m_[38;2;203;203;203;48;2;211;211;211m~[38;2;226;226;226;48;2;231;231;231mF[38;2;241;241;241;48;2;244;244;244m~[48;2;249;249;249m [48;2;250;250;250m [48;2;251;251;251m [48;2;252;252;252m                                                                                                                 [0m
[38;2;200;200;200;48;2;203;203;203mF[38;2;222;222;222;48;2;219;219;219m4[38;2;236;236;236;48;2;234;234;234m4[38;2;239;239;239;48;2;243;243;243m_[38;2;241;241;241;48;2;246;246;246m_[38;2;242;242;242;48;2;248;248;248m_[38;2;247;247;247;48;2;250;250;250m_[38;2;252;252;252;48;2;251;251;251m.[48;2;252;252;252m                                                                                                              [48;2;251;251;251m:[38;2;246;246;246;48;2;250;250;250m_[0m
[38;2;195;195;195;48;2;199;199;199mL[38;2;216;216;216;48;2;213;213;213m4[38;2;222;222;222;48;2;227;227;227my[38;2;236;236;236;48;2;230;230;230m~[38;2;237;237;237;48;2;231;231;231m~[38;2;234;234;234;48;2;236;236;236ms[38;2;243;243;243;48;2;244;244;244m%[48;2;250;250;250m [48;2;252;252;252m                                               [38;2;252;252;252;48;2;251;251;251m:[38;2;250;250;250m___[38;2;253;253;253;48;2;252;252;252m,                                                         [38;2;252;252;252;48;2;251;251;251m:[38;2;234;234;234;48;2;246;246;246m_[38;2;201;201;201;48;2;227;227;227m_[0m
[38;2;175;175;175;48;2;186;186;186m_[38;2;195;195;195;48;2;202;202;202m_[38;2;212;212;212;48;2;216;216;216m_[38;2;224;224;224;48;2;225;225;225mF[38;2;234;234;234;48;2;232;232;232my[38;2;237;237;237;48;2;243;243;243m~[38;2;246;246;246;48;2;249;249;249m~[48;2;251;251;251m [48;2;252;252;252m                                              [38;2;252;252;252;48;2;251;251;251m:[38;2;239;239;239;48;2;246;246;246m_[38;2;215;215;215;48;2;231;231;231my[38;2;204;204;204;48;2;224;224;224my[38;2;216;216;216;48;2;231;231;231my[38;2;235;235;235;48;2;243;243;243my[38;2;252;252;252;48;2;250;250;250m`[48;2;252;252;252m   [48;2;251;251;251m:[38;2;245;245;245m_[38;2;237;237;237;48;2;250;250;250m_[38;2;238;238;238;48;2;249;249;249m_[38;2;244;244;244;48;2;250;250;250m_[38;2;250;250;250;48;2;251;251;251m,[48;2;252;252;252m                                               [38;2;243;243;243;48;2;246;246;246my[38;2;229;229;229;48;2;221;221;221mF[38;2;199;199;199;48;2;193;193;193mF[0m
[38;2;167;167;167;48;2;161;161;161m~[38;2;189;189;189;48;2;181;181;181m~[48;2;200;200;200m_[38;2;205;205;205;48;2;215;215;215m_[38;2;222;222;222;48;2;228;228;228my[38;2;229;229;229;48;2;238;238;238m_[38;2;241;241;241;48;2;245;245;245my[38;2;247;247;247;48;2;248;248;248mw[38;2;249;249;249;48;2;251;251;251m_[38;2;252;252;252m.[48;2;252;252;252m                                           [48;2;251;251;251m:[38;2;250;250;250;48;2;247;247;247m'[38;2;226;226;226;48;2;230;230;230m4[38;2;197;197;197;48;2;204;204;204m4[38;2;213;213;213;48;2;189;189;189m_[38;2;230;230;230;48;2;207;207;207m_[38;2;229;229;229;48;2;235;235;235mF[38;2;248;248;248;48;2;246;246;246m4[38;2;242;242;242;48;2;248;248;248m_[38;2;239;239;239;48;2;246;246;246my[38;2;236;236;236;48;2;244;244;244my[38;2;248;248;248;48;2;238;238;238m~[38;2;247;247;247;48;2;235;235;235m_[38;2;253;253;253;48;2;234;234;234m_[38;2;231;231;231;48;2;243;243;243m~[38;2;241;241;241;48;2;248;248;248m~[38;2;249;249;249;48;2;251;251;251m~[48;2;252;252;252m                                            [38;2;253;253;253m_[38;2;250;250;250;48;2;251;251;251m_[38;2;237;237;237;48;2;246;246;246m_[38;2;220;220;220;48;2;231;231;231my[38;2;216;216;216;48;2;202;202;202m~[38;2;189;189;189;48;2;179;179;179m~[0m
[38;2;154;154;154;48;2;148;148;148m~[38;2;156;156;156;48;2;167;167;167m_[38;2;175;175;175;48;2;184;184;184m_[38;2;192;192;192;48;2;197;197;197my[38;2;199;199;199;48;2;208;208;208m_[38;2;214;214;214;48;2;220;220;220my[38;2;216;216;216;48;2;230;230;230m_[38;2;221;221;221;48;2;236;236;236m_[38;2;226;226;226;48;2;240;240;240m_[38;2;230;230;230;48;2;243;243;243m_[38;2;235;235;235;48;2;246;246;246m_[38;2;243;243;243;48;2;249;249;249m_[38;2;250;250;250;48;2;251;251;251m,[48;2;252;252;252m                                         [48;2;251;251;251m`[38;2;240;240;240;48;2;249;249;249m~[38;2;231;231;231;48;2;247;247;247m~[38;2;234;234;234;48;2;249;249;249m~[38;2;242;242;242;48;2;250;250;250m~[38;2;247;247;247;48;2;251;251;251m~[38;2;248;248;248m~[38;2;246;246;246;48;2;250;250;250m~[38;2;243;243;243m~[38;2;242;242;242m~[38;2;246;246;246;48;2;251;251;251m~[38;2;249;249;249;48;2;252;252;252m`[38;2;253;253;253m"~                                              ^[38;2;249;249;249;48;2;247;247;247mF[38;2;235;235;235;48;2;232;232;232mF[38;2;215;215;215;48;2;211;211;211mF[38;2;188;188;188;48;2;191;191;191m4[38;2;172;172;172;48;2;168;168;168mF[0m
[38;2;119;119;119;48;2;127;127;127my[38;2;150;150;150;48;2;138;138;138m~[38;2;147;147;147;48;2;157;157;157my[38;2;157;157;157;48;2;173;173;173m_[38;2;171;171;171;48;2;187;187;187m_[38;2;179;179;179;48;2;195;195;195m_[38;2;185;185;185;48;2;200;200;200m_[38;2;194;194;194;48;2;206;206;206m_[38;2;206;206;206;48;2;212;212;212my[38;2;213;213;213;48;2;218;218;218my[38;2;222;222;222;48;2;227;227;227m_[38;2;236;236;236;48;2;239;239;239mL[38;2;247;247;247;48;2;248;248;248mw[38;2;252;252;252;48;2;251;251;251m:[48;2;252;252;252m                                                                                                   [38;2;253;253;253m_[38;2;250;250;250;48;2;251;251;251m.[38;2;229;229;229;48;2;240;240;240m_[38;2;200;200;200;48;2;219;219;219m_[38;2;173;173;173;48;2;195;195;195m_[38;2;155;155;155;48;2;172;172;172my[38;2;165;165;165;48;2;145;145;145m~[0m
[?25h