[?25l[0m[7m[38;2;0;0;0m [0m[38;2;0;0;0;48;2;0;0;0m                                                                                                                       [0m
[7m[38;2;0;0;0m [0m[38;2;0;0;0;48;2;0;0;0m                                                                                                                       [0m
[7m[38;2;0;0;0m [0m[38;2;0;0;0;48;2;0;0;0m                                                                                                                       [0m
[7m[38;2;0;0;0m [0m[38;2;0;0;0;48;2;0;0;0m                                                                                                                       [0m
[7m[38;2;0;0;0m [0m[38;2;0;0;0;48;2;0;0;0m                                                                                                                       [0m
[7m[38;2;0;0;0m [0m[38;2;0;0;0;48;2;0;0;0m                                                                                                                       [0m
[7m[38;2;0;0;0m [0m[38;2;0;0;0;48;2;0;0;0m                                                                                                                       [0m
[7m[38;2;0;0;0m [0m[38;2;0;0;0;48;2;0;0;0m                                                           [38;2;1;1;1m_                                                           [0m
[7m[38;2;0;0;0m [0m[38;2;0;0;0;48;2;0;0;0m                                                  [48;2;16;16;16m`[38;2;132;132;132;48;2;44;44;44m_[38;2;78;78;78;48;2;23;23;23m_[38;2;151;151;151;48;2;42;42;42m_[38;2;213;213;213;48;2;60;60;60m_[38;2;228;228;228;48;2;68;68;68m_[38;2;210;210;210;48;2;59;59;59m_[38;2;105;105;105;48;2;29;29;29m_[38;2;88;88;88;48;2;23;23;23m_[38;2;135;135;135;48;2;36;36;36m_[38;2;86;86;86;48;2;23;23;23m_[38;2;23;23;23;48;2;5;5;5m,[48;2;0;0;0m                                                         [0m
[7m[38;2;0;0;0m [0m[38;2;0;0;0;48;2;0;0;0m                                                [48;2;8;8;8m'[38;2;90;90;90;48;2;57;57;57mu[38;2;74;74;74;48;2;163;163;163m~[38;2;168;168;168;48;2;221;221;221m~[38;2;170;170;170;48;2;229;229;229m~[38;2;206;206;206;48;2;242;242;242m~[38;2;233;233;233;48;2;247;247;247m"[38;2;241;241;241;48;2;249;249;249m"[38;2;228;228;228;48;2;247;247;247m`[38;2;167;167;167;48;2;239;239;239m`[38;2;163;163;163;48;2;236;236;236m`[38;2;185;185;185;48;2;211;211;211m~[38;2;98;98;98;48;2;71;71;71mF[38;2;15;15;15;48;2;5;5;5m~[48;2;0;0;0m                                                         [0m
[7m[38;2;0;0;0m [0m[38;2;0;0;0;48;2;0;0;0m                                                [38;2;3;3;3m`[38;2;39;39;39;48;2;17;17;17m`[38;2;130;130;130;48;2;88;88;88m~[38;2;71;71;71;48;2;213;213;213m_[38;2;189;189;189;48;2;239;239;239m_[38;2;252;252;252;48;2;250;250;250m:[38;2;250;250;250;48;2;251;251;251m_[38;2;252;252;252m:`[38;2;253;253;253;48;2;252;252;252mg[38;2;254;254;254;48;2;241;241;241m'[38;2;87;87;87;48;2;162;162;162my[38;2;99;99;99;48;2;36;36;36m~[38;2;0;0;0;48;2;4;4;4m.[48;2;0;0;0m                                                         [0m
[7m[38;2;0;0;0m [0m[38;2;0;0;0;48;2;0;0;0m                                                  [38;2;3;3;3;48;2;2;2;2mf[38;2;40;40;40;48;2;29;29;29m4[38;2;121;121;121;48;2;146;146;146m$[38;2;237;237;237;48;2;244;244;244mL[48;2;250;250;250m [38;2;252;252;252;48;2;251;251;251m::[48;2;250;250;250m~[38;2;254;254;254;48;2;238;238;238m:[38;2;146;146;146;48;2;111;111;111mL[38;2;36;36;36;48;2;18;18;18mL[48;2;1;1;1m [48;2;0;0;0m                                                         [0m
[7m[38;2;0;0;0m [0m[38;2;0;0;0;48;2;0;0;0m                                                  [38;2;65;65;65;48;2;23;23;23m_[38;2;221;221;221;48;2;98;98;98m_[38;2;117;117;117;48;2;207;207;207m~[38;2;253;253;253;48;2;247;247;247m`[48;2;251;251;251m [38;2;252;252;252m::[38;2;250;250;250m~[38;2;254;254;254;48;2;248;248;248m'[38;2;158;158;158;48;2;214;214;214m~[38;2;189;189;189;48;2;108;108;108my[38;2;97;97;97;48;2;34;34;34m_[38;2;16;16;16;48;2;3;3;3m,[48;2;0;0;0m                                                        [0m
[7m[38;2;0;0;0m [0m[38;2;0;0;0;48;2;0;0;0m                                                 [38;2;44;44;44;48;2;27;27;27m4[38;2;156;156;156;48;2;132;132;132m4[38;2;230;230;230;48;2;242;242;242m~[38;2;248;248;248;48;2;249;249;249mY[48;2;251;251;251m [48;2;252;252;252m    [38;2;252;252;252;48;2;251;251;251m:[38;2;253;253;253m`[38;2;254;254;254;48;2;246;246;246m'[38;2;163;163;163;48;2;211;211;211m~[38;2;175;175;175;48;2;83;83;83m_[38;2;62;62;62;48;2;14;14;14m,[48;2;0;0;0m                                                       [0m
[7m[38;2;0;0;0m [0m[38;2;0;0;0;48;2;0;0;0m                                                [38;2;2;2;2;48;2;1;1;1m_[38;2;31;31;31;48;2;23;23;23m4[38;2;135;135;135;48;2;122;122;122m4[38;2;237;237;237;48;2;244;244;244mL[48;2;250;250;250m [38;2;252;252;252;48;2;251;251;251m:[48;2;252;252;252m    [38;2;253;253;253m/[48;2;244;244;244m'[38;2;203;203;203;48;2;224;224;224m=[38;2;250;250;250;48;2;241;241;241m:[38;2;114;114;114;48;2;193;193;193m_[38;2;79;79;79;48;2;42;42;42mF[48;2;0;0;0m                                                       [0m
[7m[38;2;0;0;0m [0m[38;2;0;0;0;48;2;0;0;0m                                               [48;2;4;4;4m`[38;2;86;86;86;48;2;30;30;30m_[38;2;168;168;168;48;2;93;93;93my[38;2;152;152;152;48;2;207;207;207m~[38;2;254;254;254;48;2;248;248;248m`[38;2;251;251;251;48;2;250;250;250my[38;2;252;252;252;48;2;251;251;251m:[48;2;252;252;252m   [48;2;251;251;251m:~[38;2;254;254;254;48;2;249;249;249m.[38;2;213;213;213;48;2;233;233;233my[38;2;78;78;78;48;2;157;157;157my[38;2;82;82;82;48;2;36;36;36m"[38;2;7;7;7;48;2;2;2;2m'[48;2;0;0;0m                                                       [0m
[7m[38;2;0;0;0m [0m[38;2;0;0;0;48;2;0;0;0m                                               [38;2;17;17;17;48;2;7;7;7m"[38;2;95;95;95;48;2;69;69;69m4[38;2;140;140;140;48;2;207;207;207m_[38;2;254;254;254;48;2;248;248;248m:[38;2;252;252;252;48;2;251;251;251m`:[48;2;252;252;252m    [48;2;251;251;251m:[38;2;250;250;250m=[38;2;254;254;254;48;2;246;246;246m:[38;2;122;122;122;48;2;192;192;192m_[38;2;80;80;80;48;2;44;44;44mF[38;2;0;0;0;48;2;1;1;1m:[48;2;0;0;0m                                                        [0m
[7m[38;2;0;0;0m [0m[38;2;0;0;0;48;2;0;0;0m                                               [38;2;1;1;1m+[38;2;3;3;3;48;2;26;26;26m.[38;2;139;139;139;48;2;124;124;124mj[38;2;238;238;238;48;2;244;244;244mL[38;2;250;250;250;48;2;251;251;251my[38;2;252;252;252m:[48;2;252;252;252m    [48;2;251;251;251m.F[38;2;250;250;250;48;2;236;236;236m'[38;2;90;90;90;48;2;131;131;131m4[38;2;69;69;69;48;2;22;22;22m,[38;2;1;1;1;48;2;0;0;0m`                                                        [0m
[7m[38;2;0;0;0m [0m[38;2;0;0;0;48;2;0;0;0m                                                [38;2;59;59;59;48;2;42;42;42m4[38;2;152;152;152;48;2;174;174;174mF[38;2;242;242;242;48;2;246;246;246mL[48;2;250;250;250m [38;2;252;252;252;48;2;251;251;251m:[48;2;252;252;252m    [48;2;251;251;251m: [38;2;253;253;253;48;2;250;250;250m'[38;2;220;220;220;48;2;240;240;240m`[38;2;88;88;88;48;2;167;167;167m~[38;2;120;120;120;48;2;48;48;48m,[38;2;26;26;26;48;2;4;4;4m,[48;2;0;0;0m                                                       [0m
[7m[38;2;0;0;0m [0m[38;2;0;0;0;48;2;0;0;0m                                               [38;2;18;18;18;48;2;11;11;11mu[38;2;108;108;108;48;2;83;83;83m4[38;2;188;188;188;48;2;209;209;209m_[38;2;254;254;254;48;2;248;248;248m.[38;2;252;252;252;48;2;251;251;251mr[48;2;252;252;252m       [48;2;251;251;251m: [38;2;253;253;253;48;2;246;246;246m'[38;2;125;125;125;48;2;190;190;190m`[38;2;88;88;88;48;2;55;55;55mL[38;2;15;15;15;48;2;3;3;3m,[48;2;0;0;0m                                                      [0m
[7m[38;2;0;0;0m [0m[38;2;0;0;0;48;2;0;0;0m                                               [48;2;3;3;3m:[38;2;90;90;90;48;2;63;63;63m_[38;2;169;169;169;48;2;202;202;202mF[38;2;254;254;254;48;2;248;248;248m`[38;2;250;250;250;48;2;251;251;251mf[38;2;252;252;252m:[48;2;252;252;252m       [48;2;251;251;251m:.[38;2;253;253;253;48;2;246;246;246m:[38;2;134;134;134;48;2;203;203;203m~[38;2;179;179;179;48;2;79;79;79m_[38;2;69;69;69;48;2;14;14;14m,[48;2;0;0;0m                                                     [0m
[7m[38;2;0;0;0m [0m[38;2;0;0;0;48;2;0;0;0m                                              [48;2;1;1;1m.[38;2;67;67;67;48;2;41;41;41my[38;2;107;107;107;48;2;173;173;173m~[38;2;254;254;254;48;2;246;246;246m:[48;2;250;250;250m [38;2;252;252;252;48;2;251;251;251m:[48;2;252;252;252m         [48;2;251;251;251m:[38;2;250;250;250m"[38;2;252;252;252;48;2;250;250;250m`[38;2;209;209;209;48;2;237;237;237m"[38;2;95;95;95;48;2;163;163;163m~[38;2;109;109;109;48;2;40;40;40m_[38;2;21;21;21;48;2;3;3;3m,[48;2;0;0;0m                                                   [0m
[7m[38;2;0;0;0m [0m[38;2;0;0;0;48;2;0;0;0m                                              [38;2;53;53;53;48;2;31;31;31my[38;2;91;91;91;48;2;154;154;154m~[38;2;254;254;254;48;2;243;243;243m:[38;2;252;252;252;48;2;250;250;250m`[48;2;251;251;251m:[48;2;252;252;252m           [48;2;251;251;251m:[38;2;250;250;250m_[48;2;250;250;250m [38;2;254;254;254;48;2;243;243;243m:[38;2;180;180;180;48;2;160;160;160m>[38;2;68;68;68;48;2;38;38;38mL[48;2;0;0;0m                                                   [0m
[7m[38;2;0;0;0m [0m[38;2;0;0;0;48;2;0;0;0m                                             [38;2;7;7;7;48;2;4;4;4mu[38;2;109;109;109;48;2;78;78;78m4[38;2;209;209;209;48;2;227;227;227m_[38;2;254;254;254;48;2;250;250;250m`[38;2;250;250;250;48;2;251;251;251m`[48;2;252;252;252m         [48;2;251;251;251m [38;2;254;254;254m.[38;2;230;230;230;48;2;250;250;250m_[38;2;210;210;210;48;2;246;246;246m_[38;2;156;156;156;48;2;230;230;230m_[38;2;64;64;64;48;2;202;202;202m_[38;2;10;10;10;48;2;168;168;168m_[38;2;1;1;1;48;2;103;103;103m_[38;2;38;38;38;48;2;20;20;20m~[48;2;0;0;0m                                                   [0m
[7m[38;2;0;0;0m [0m[38;2;0;0;0;48;2;0;0;0m                                             [38;2;2;2;2m`[38;2;52;52;52;48;2;27;27;27m"[38;2;168;168;168;48;2;103;103;103m~[38;2;119;119;119;48;2;199;199;199m_[38;2;250;250;250;48;2;244;244;244m`[38;2;253;253;253;48;2;251;251;251m:[38;2;221;221;221;48;2;248;248;248m_[38;2;205;205;205;48;2;246;246;246m_[38;2;242;242;242;48;2;249;249;249m,[38;2;250;250;250;48;2;251;251;251ms[38;2;252;252;252;48;2;250;250;250m`[38;2;213;213;213;48;2;247;247;247m_[38;2;195;195;195;48;2;246;246;246m_[38;2;252;252;252;48;2;250;250;250m`[38;2;253;253;253;48;2;245;245;245m'[38;2;116;116;116;48;2;188;188;188my[38;2;173;173;173;48;2;71;71;71m~[38;2;134;134;134;48;2;33;33;33m~[38;2;98;98;98;48;2;19;19;19m~[38;2;40;40;40;48;2;7;7;7m~[38;2;7;7;7;48;2;2;2;2m'[38;2;1;1;1;48;2;0;0;0m~                                                    [0m
[7m[38;2;0;0;0m [0m[38;2;0;0;0;48;2;0;0;0m                                              [38;2;2;2;2;48;2;1;1;1m`[38;2;39;39;39;48;2;27;27;27md[38;2;114;114;114;48;2;141;141;141mF[38;2;239;239;239;48;2;244;244;244mL[38;2;254;254;254;48;2;234;234;234m'[38;2;78;78;78;48;2;138;138;138mg[38;2;164;164;164;48;2;58;58;58m~[38;2;210;210;210;48;2;83;83;83m~[38;2;231;231;231;48;2;107;107;107m~[38;2;229;229;229;48;2;102;102;102m~[38;2;179;179;179;48;2;79;79;79m~[38;2;133;133;133;48;2;153;153;153m$[38;2;236;236;236;48;2;243;243;243mL[38;2;250;250;250;48;2;235;235;235m:[38;2;124;124;124;48;2;85;85;85mL[38;2;19;19;19;48;2;9;9;9m,[38;2;1;1;1;48;2;0;0;0m_                                                        [0m
[7m[38;2;0;0;0m [0m[38;2;0;0;0;48;2;0;0;0m                                              [38;2;28;28;28;48;2;5;5;5m_[38;2;122;122;122;48;2;53;53;53m_[38;2;143;143;143;48;2;175;175;175mF[38;2;235;235;235;48;2;242;242;242mM[38;2;191;191;191;48;2;202;202;202my[38;2;66;66;66;48;2;40;40;40mF[38;2;1;1;1;48;2;0;0;0m`[38;2;3;3;3m~[38;2;2;2;2;48;2;1;1;1m?[38;2;4;4;4;48;2;2;2;2mT[38;2;0;0;0;48;2;22;22;22m:[38;2;128;128;128;48;2;113;113;113m4[38;2;233;233;233;48;2;241;241;241mL[38;2;253;253;253;48;2;237;237;237m'[38;2;115;115;115;48;2;88;88;88mF[38;2;15;15;15;48;2;9;9;9mL[38;2;1;1;1;48;2;0;0;0m_                                                        [0m
[7m[38;2;0;0;0m [0m[38;2;0;0;0;48;2;0;0;0m                                             [48;2;5;5;5m`[38;2;102;102;102;48;2;64;64;64m4[38;2;138;138;138;48;2;198;198;198m`[38;2;217;217;217;48;2;241;241;241m_[38;2;231;231;231;48;2;244;244;244m_[38;2;171;171;171;48;2;187;187;187m_[38;2;77;77;77;48;2;41;41;41mL[38;2;44;44;44;48;2;11;11;11m_[38;2;47;47;47;48;2;12;12;12m_[38;2;48;48;48;48;2;13;13;13m__[38;2;61;61;61;48;2;32;32;32m_[38;2;101;101;101;48;2;143;143;143mF[38;2;235;235;235;48;2;242;242;242mL[38;2;251;251;251;48;2;236;236;236m:[38;2;134;134;134;48;2;91;91;91mL[38;2;41;41;41;48;2;15;15;15m_[38;2;35;35;35;48;2;6;6;6m_[38;2;27;27;27;48;2;4;4;4m_[38;2;20;20;20;48;2;2;2;2m_[38;2;13;13;13;48;2;0;0;0m_[38;2;9;9;9m_[38;2;1;1;1m,                                                   [0m
[7m[38;2;0;0;0m [0m[38;2;0;0;0;48;2;0;0;0m                                             [48;2;1;1;1m:[38;2;44;44;44;48;2;20;20;20m"[38;2;119;119;119;48;2;52;52;52m~[38;2;159;159;159;48;2;71;71;71m~[38;2;174;174;174;48;2;80;80;80m~[38;2;134;134;134;48;2;67;67;67m~[38;2;66;66;66;48;2;51;51;51m~[38;2;31;31;31;48;2;54;54;54m_[38;2;36;36;36;48;2;55;55;55m_[38;2;37;37;37;48;2;56;56;56m__[38;2;63;63;63;48;2;58;58;58m"[38;2;146;146;146;48;2;98;98;98m~[38;2;73;73;73;48;2;180;180;180m_[38;2;72;72;72;48;2;176;176;176m_[38;2;126;126;126;48;2;85;85;85m~[38;2;37;37;37;48;2;56;56;56m_[38;2;29;29;29;48;2;52;52;52m_[38;2;23;23;23;48;2;49;49;49m_[38;2;20;20;20;48;2;47;47;47m_[38;2;14;14;14;48;2;41;41;41m_[38;2;7;7;7;48;2;30;30;30m_[38;2;15;15;15;48;2;8;8;8m^[48;2;0;0;0m                                                   [0m
[7m[38;2;0;0;0m [0m[38;2;0;0;0;48;2;0;0;0m                                               [38;2;1;1;1m`[38;2;2;2;2m`[38;2;3;3;3m``[38;2;4;4;4m`[38;2;8;8;8;48;2;1;1;1m`[38;2;14;14;14;48;2;2;2;2m`[38;2;10;10;10m~[38;2;14;14;14m`[38;2;13;13;13m`[38;2;16;16;16;48;2;4;4;4m"[38;2;38;38;38;48;2;7;7;7m``[38;2;17;17;17;48;2;4;4;4m"[38;2;10;10;10;48;2;2;2;2m~[38;2;7;7;7;48;2;1;1;1m`[38;2;3;3;3;48;2;0;0;0m``[38;2;2;2;2m`[38;2;1;1;1m`                                                    [0m
[7m[38;2;0;0;0m [0m[38;2;0;0;0;48;2;0;0;0m                                                                                                                       [0m
[7m[38;2;0;0;0m [0m[38;2;0;0;0;48;2;0;0;0m                                                                                                                       [0m
[7m[38;2;0;0;0m [0m[38;2;0;0;0;48;2;0;0;0m                                                                                                                       [0m
[7m[38;2;0;0;0m [0m[38;2;0;0;0;48;2;0;0;0m                                                                                                                       [0m
[7m[38;2;0;0;0m [0m[38;2;0;0;0;48;2;0;0;0m                                                                                                                       [0m
[7m[38;2;0;0;0m [0m[38;2;0;0;0;48;2;0;0;0m                                                                                                                       [0m
[?25h