[?25l[0m[7m[38;2;252;252;252m [0m[38;2;0;0;0;48;2;252;252;252m                                                                                                         [38;2;252;252;252;48;2;251;251;251m:[38;2;245;245;245;48;2;246;246;246mJ[38;2;223;223;223;48;2;228;228;228m4[38;2;217;217;217;48;2;208;208;208m_[38;2;210;210;210;48;2;201;201;201m_[38;2;209;209;209m_[48;2;200;200;200m_[38;2;208;208;208;48;2;201;201;201m_[38;2;211;211;211;48;2;205;205;205m_[38;2;216;216;216;48;2;222;222;222mF[38;2;238;238;238;48;2;242;242;242mF[48;2;250;250;250m [48;2;252;252;252m  [0m
[7m[38;2;252;252;252m [0m[38;2;0;0;0;48;2;252;252;252m                                                                                                          [38;2;252;252;252;48;2;251;251;251m:[38;2;238;238;238;48;2;244;244;244m"[38;2;225;225;225;48;2;235;235;235m~[38;2;218;218;218;48;2;228;228;228m~[38;2;215;215;215;48;2;223;223;223m~[38;2;213;213;213;48;2;220;220;220m~~[38;2;215;215;215;48;2;226;226;226m~[38;2;230;230;230;48;2;238;238;238m~[38;2;245;245;245;48;2;248;248;248m~[48;2;251;251;251m [48;2;252;252;252m  [0m
[7m[38;2;252;252;252m [0m[38;2;0;0;0;48;2;252;252;252m                                                                                                           [38;2;250;250;250;48;2;251;251;251m`[38;2;246;246;246;48;2;248;248;248m~[38;2;240;240;240;48;2;244;244;244m~[38;2;242;242;242;48;2;236;236;236m_[38;2;238;238;238;48;2;229;229;229m_[38;2;240;240;240;48;2;230;230;230m_[38;2;242;242;242;48;2;238;238;238my[38;2;244;244;244;48;2;247;247;247m~[38;2;250;250;250;48;2;251;251;251m^[48;2;252;252;252m   [0m
[7m[38;2;252;252;252m [0m[38;2;0;0;0;48;2;252;252;252m                                                                                                            [38;2;252;252;252;48;2;251;251;251m:[38;2;249;249;249m`[38;2;245;245;245;48;2;249;249;249m~[38;2;242;242;242;48;2;248;248;248m~[38;2;245;245;245;48;2;250;250;250m~[38;2;248;248;248;48;2;251;251;251m~[38;2;252;252;252m:[48;2;252;252;252m    [0m
[7m[38;2;252;252;252m [0m[38;2;0;0;0;48;2;252;252;252m                                                                                                                       [0m
[7m[38;2;252;252;252m [0m[38;2;0;0;0;48;2;252;252;252m                                                                                                                       [0m
[7m[38;2;252;252;252m [0m[38;2;0;0;0;48;2;252;252;252m                                                                                                                       [0m
[7m[38;2;252;252;252m [0m[38;2;0;0;0;48;2;252;252;252m                                                                                                                       [0m
[7m[38;2;252;252;252m [0m[38;2;0;0;0;48;2;252;252;252m                                                                                                                       [0m
[7m[38;2;252;252;252m [0m[38;2;0;0;0;48;2;252;252;252m                                                                                                                       [0m
[7m[38;2;252;252;252m [0m[38;2;0;0;0;48;2;252;252;252m                                                                                                                       [0m
[7m[38;2;252;252;252m [0m[38;2;0;0;0;48;2;252;252;252m                                                                                                                      [38;2;247;247;247;48;2;251;251;251m_[0m
[7m[38;2;252;252;252m [0m[38;2;0;0;0;48;2;252;252;252m                                                                                                                   [38;2;252;252;252;48;2;251;251;251m:[38;2;249;249;249m_[38;2;238;238;238;48;2;248;248;248m_[38;2;218;218;218;48;2;235;235;235m_[0m
[7m[38;2;252;252;252m [0m[38;2;0;0;0;48;2;252;252;252m                                                                                                                  [38;2;248;248;248;48;2;251;251;251m_[38;2;238;238;238;48;2;246;246;246m_[38;2;224;224;224;48;2;237;237;237m_[38;2;211;211;211;48;2;222;222;222my[38;2;181;181;181;48;2;199;199;199m_[0m
[7m[38;2;252;252;252m [0m[38;2;0;0;0;48;2;252;252;252m                                                                                                               [38;2;252;252;252;48;2;251;251;251m:[38;2;248;248;248;48;2;250;250;250m_[38;2;241;241;241;48;2;247;247;247m_[38;2;231;231;231;48;2;241;241;241m_[38;2;215;215;215;48;2;228;228;228m_[38;2;194;194;194;48;2;208;208;208m_[38;2;175;175;175;48;2;187;187;187my[38;2;174;174;174;48;2;158;158;158m~[0m
[7m[38;2;252;252;252m [0m[38;2;0;0;0;48;2;252;252;252m                                                                                                               [48;2;251;251;251m [38;2;244;244;244;48;2;246;246;246m4[38;2;232;232;232;48;2;235;235;235my[38;2;228;228;228;48;2;220;220;220m~[38;2;211;211;211;48;2;203;203;203m~[38;2;190;190;190;48;2;182;182;182m~[38;2;164;164;164;48;2;158;158;158mF[38;2;143;143;143;48;2;135;135;135m~[0m
[7m[38;2;252;252;252m [0m[38;2;0;0;0;48;2;252;252;252m                                                                                                               [38;2;252;252;252;48;2;251;251;251m:[38;2;247;247;247;48;2;249;249;249m~[38;2;240;240;240;48;2;235;235;235mL[38;2;222;222;222;48;2;217;217;217mL[38;2;205;205;205;48;2;201;201;201mL[38;2;186;186;186;48;2;180;180;180mL[38;2;165;165;165;48;2;159;159;159mL[38;2;154;154;154;48;2;141;141;141m_[0m
[7m[38;2;252;252;252m [0m[38;2;0;0;0;48;2;252;252;252m                                                                                                                [38;2;252;252;252;48;2;251;251;251m:[38;2;243;243;243;48;2;248;248;248m"[38;2;228;228;228;48;2;238;238;238m~[38;2;232;232;232;48;2;220;220;220my[38;2;224;224;224;48;2;204;204;204m_[38;2;211;211;211;48;2;188;188;188m_[38;2;197;197;197;48;2;175;175;175m_[0m
[7m[38;2;252;252;252m [0m[38;2;0;0;0;48;2;252;252;252m                                                                                                                  [38;2;250;250;250;48;2;251;251;251m`[38;2;243;243;243;48;2;249;249;249m`[38;2;236;236;236;48;2;247;247;247m~[38;2;223;223;223;48;2;240;240;240m~[38;2;207;207;207;48;2;228;228;228m~[0m
[7m[38;2;252;252;252m [0m[38;2;0;0;0;48;2;252;252;252m                                                                                                                      [38;2;249;249;249;48;2;251;251;251m"[0m
[7m[38;2;252;252;252m [0m[38;2;0;0;0;48;2;252;252;252m                                                                                                                       [0m
[7m[38;2;252;252;252m [0m[38;2;0;0;0;48;2;252;252;252m                                                                                                                       [0m
[7m[38;2;252;252;252m [0m[38;2;0;0;0;48;2;252;252;252m                                                                                                                       [0m
[38;2;243;243;243;48;2;248;248;248m_[38;2;252;252;252;48;2;251;251;251m:[48;2;252;252;252m                                                                                                                      [0m
[38;2;241;241;241;48;2;243;243;243mL[48;2;251;251;251m [48;2;252;252;252m                                                                                                                      [0m
[38;2;241;241;241;48;2;245;245;245m~[48;2;251;251;251m [48;2;252;252;252m                                                                                                                      [0m
[38;2;250;250;250;48;2;251;251;251m~[48;2;252;252;252m                                                                                                                       [0m
[7m[38;2;252;252;252m [0m[38;2;0;0;0;48;2;252;252;252m                                                                                                                       [0m
[7m[38;2;252;252;252m [0m[38;2;0;0;0;48;2;252;252;252m                                                                                                                       [0m
[7m[38;2;252;252;252m [0m[38;2;0;0;0;48;2;252;252;252m                                                                                                                       [0m
[7m[38;2;252;252;252m [0m[38;2;0;0;0;48;2;252;252;252m                                                                                                                       [0m
[7m[38;2;252;252;252m [0m[38;2;0;0;0;48;2;252;252;252m                                                                                                                       [0m
[38;2;225;225;225;48;2;240;240;240m_[38;2;232;232;232;48;2;245;245;245m_[38;2;236;236;236;48;2;248;248;248m_[38;2;235;235;235m_[38;2;232;232;232;48;2;246;246;246m_[38;2;233;233;233;48;2;248;248;248m_[38;2;238;238;238;48;2;250;250;250m_[38;2;243;243;243m_[38;2;247;247;247;48;2;251;251;251m_[38;2;250;250;250m_[38;2;252;252;252m.[48;2;252;252;252m                                                         [38;2;253;253;253m_[38;2;252;252;252;48;2;251;251;251m:[38;2;245;245;245m_[38;2;242;242;242;48;2;250;250;250m_[38;2;246;246;246;48;2;251;251;251m_[38;2;252;252;252m:[48;2;252;252;252m                                              [0m
[38;2;218;218;218;48;2;212;212;212m~[38;2;225;225;225;48;2;218;218;218m~[38;2;208;208;208;48;2;221;221;221m_[38;2;202;202;202;48;2;218;218;218m_[38;2;197;197;197;48;2;214;214;214m_[38;2;187;187;187;48;2;210;210;210m_[38;2;183;183;183;48;2;211;211;211m_[38;2;190;190;190;48;2;220;220;220m_[38;2;203;203;203;48;2;230;230;230m_[38;2;216;216;216;48;2;237;237;237m_[38;2;230;230;230;48;2;244;244;244m_[38;2;244;244;244;48;2;249;249;249m_[38;2;250;250;250;48;2;251;251;251m_[38;2;252;252;252m:[48;2;252;252;252m                                                  [38;2;251;251;251m_[38;2;253;253;253;48;2;251;251;251m.[38;2;243;243;243;48;2;250;250;250m_[38;2;227;227;227;48;2;246;246;246m_[38;2;210;210;210;48;2;240;240;240m_[38;2;198;198;198;48;2;230;230;230m_[38;2;239;239;239;48;2;215;215;215m~[38;2;235;235;235;48;2;213;213;213m~[38;2;203;203;203;48;2;222;222;222my[38;2;198;198;198;48;2;228;228;228m_[38;2;215;215;215;48;2;239;239;239m_[38;2;237;237;237;48;2;248;248;248m_[38;2;248;248;248;48;2;251;251;251m_[48;2;252;252;252m                                           [0m
[38;2;215;215;215;48;2;211;211;211m_[38;2;208;208;208;48;2;209;209;209m4[38;2;205;205;205;48;2;201;201;201m~[38;2;186;186;186;48;2;191;191;191my[38;2;190;190;190;48;2;179;179;179m~[38;2;180;180;180;48;2;171;171;171m~[38;2;176;176;176;48;2;167;167;167m~[38;2;181;181;181;48;2;168;168;168m~[38;2;193;193;193;48;2;175;175;175m~[38;2;178;178;178;48;2;193;193;193my[38;2;196;196;196;48;2;209;209;209my[38;2;211;211;211;48;2;226;226;226m_[38;2;233;233;233;48;2;242;242;242m_[38;2;248;248;248;48;2;250;250;250m_[48;2;252;252;252m                                                [38;2;252;252;252;48;2;251;251;251m:[48;2;250;250;250m`[38;2;223;223;223;48;2;241;241;241m_[38;2;205;205;205;48;2;225;225;225my[38;2;191;191;191;48;2;211;211;211my[38;2;215;215;215;48;2;190;190;190m~[38;2;200;200;200;48;2;179;179;179m~[38;2;189;189;189;48;2;174;174;174m~_[38;2;208;208;208;48;2;179;179;179m_[38;2;223;223;223;48;2;186;186;186m_[38;2;233;233;233;48;2;196;196;196m_[38;2;244;244;244;48;2;213;213;213m_[38;2;224;224;224;48;2;234;234;234mF[38;2;239;239;239;48;2;244;244;244mF[38;2;252;252;252;48;2;250;250;250m.[48;2;251;251;251m:[48;2;252;252;252m   [38;2;253;253;253m_                                     [0m
[38;2;216;216;216;48;2;215;215;215m~[38;2;213;213;213;48;2;211;211;211mF[38;2;203;203;203;48;2;202;202;202ml[38;2;191;191;191;48;2;189;189;189mF[38;2;177;177;177;48;2;180;180;180m`[38;2;175;175;175;48;2;172;172;172mL[38;2;177;177;177;48;2;165;165;165m_[38;2;182;182;182m_[38;2;189;189;189;48;2;169;169;169m_[38;2;192;192;192;48;2;175;175;175m_[38;2;183;183;183;48;2;187;187;187mF[38;2;200;200;200;48;2;203;203;203m$[38;2;221;221;221;48;2;224;224;224m>[38;2;239;239;239;48;2;243;243;243mL[38;2;252;252;252;48;2;251;251;251m.[48;2;252;252;252m                                              [38;2;253;253;253m.[38;2;252;252;252;48;2;247;247;247m`[38;2;219;219;219;48;2;231;231;231my[38;2;215;215;215;48;2;205;205;205m~[38;2;233;233;233;48;2;190;190;190m_[38;2;248;248;248;48;2;188;188;188m_[38;2;253;253;253;48;2;197;197;197m_[38;2;168;168;168;48;2;222;222;222m~[38;2;189;189;189;48;2;235;235;235m~[38;2;212;212;212;48;2;243;243;243m~[38;2;234;234;234;48;2;249;249;249m~[38;2;241;241;241;48;2;251;251;251m`[38;2;247;247;247;48;2;252;252;252m`[38;2;250;250;250m`   [38;2;253;253;253m_[38;2;252;252;252;48;2;250;250;250m`[38;2;228;228;228;48;2;245;245;245m_[38;2;236;236;236;48;2;248;248;248m_[38;2;249;249;249;48;2;252;252;252m_[38;2;253;253;253m:                                   [38;2;252;252;252;48;2;251;251;251m:[0m
[?25h