[?25l[0m[7m[38;2;252;252;252m [0m[38;2;0;0;0;48;2;252;252;252m                                                                                                                       [0m
[7m[38;2;252;252;252m [0m[38;2;0;0;0;48;2;252;252;252m                                                                                                                       [0m
[7m[38;2;252;252;252m [0m[38;2;0;0;0;48;2;252;252;252m                                                                                                                       [0m
[7m[38;2;252;252;252m [0m[38;2;0;0;0;48;2;252;252;252m                                                                                                                       [0m
[7m[38;2;252;252;252m [0m[38;2;0;0;0;48;2;252;252;252m                                                                                                                       [0m
[7m[38;2;252;252;252m [0m[38;2;0;0;0;48;2;252;252;252m                                                                                                                       [0m
[7m[38;2;252;252;252m [0m[38;2;0;0;0;48;2;252;252;252m                                                                                                                       [0m
[7m[38;2;252;252;252m [0m[38;2;0;0;0;48;2;252;252;252m                                                                                                                       [0m
[7m[38;2;252;252;252m [0m[38;2;0;0;0;48;2;252;252;252m                                                                                                                       [0m
[7m[38;2;252;252;252m [0m[38;2;0;0;0;48;2;252;252;252m                                                                                                                       [0m
[7m[38;2;252;252;252m [0m[38;2;0;0;0;48;2;252;252;252m                                                                                                                       [0m
[7m[38;2;252;252;252m [0m[38;2;0;0;0;48;2;252;252;252m                                                                                                                       [0m
[7m[38;2;252;252;252m [0m[38;2;0;0;0;48;2;252;252;252m                                                                                                                       [0m
[7m[38;2;252;252;252m [0m[38;2;0;0;0;48;2;252;252;252m                                                                                                                       [0m
[7m[38;2;252;252;252m [0m[38;2;0;0;0;48;2;252;252;252m                                                                                                                       [0m
[7m[38;2;252;252;252m [0m[38;2;0;0;0;48;2;252;252;252m                                                                                                                       [0m
[7m[38;2;252;252;252m [0m[38;2;0;0;0;48;2;252;252;252m                                                                                                                       [0m
[7m[38;2;252;252;252m [0m[38;2;0;0;0;48;2;252;252;252m                                                                                                                       [0m
[7m[38;2;252;252;252m [0m[38;2;0;0;0;48;2;252;252;252m                                                                                                                       [0m
[7m[38;2;252;252;252m [0m[38;2;0;0;0;48;2;252;252;252m                                                        [38;2;252;252;252;48;2;251;251;251m. [38;2;250;250;250muL [38;2;252;252;252m.:[48;2;252;252;252m                                                        [0m
[7m[38;2;252;252;252m [0m[38;2;0;0;0;48;2;252;252;252m                                                      [38;2;252;252;252;48;2;251;251;251m:[48;2;250;250;250m:[38;2;192;192;192;48;2;241;241;241m_[38;2;109;109;109;48;2;214;214;214m_[38;2;54;54;54;48;2;180;180;180m_[38;2;74;74;74;48;2;193;193;193m_[38;2;123;123;123;48;2;226;226;226m_[38;2;180;180;180;48;2;241;241;241m_[38;2;208;208;208;48;2;246;246;246m_[38;2;236;236;236;48;2;250;250;250m_[38;2;252;252;252;48;2;251;251;251m::[48;2;252;252;252m                                                     [0m
[7m[38;2;252;252;252m [0m[38;2;0;0;0;48;2;252;252;252m                                                    [38;2;252;252;252;48;2;251;251;251m:[38;2;251;251;251;48;2;250;250;250m~[38;2;254;254;254;48;2;242;242;242m:[38;2;123;123;123;48;2;181;181;181my[38;2;155;155;155;48;2;58;58;58m~[38;2;43;43;43;48;2;9;9;9m~[38;2;3;3;3;48;2;1;1;1m=[38;2;1;1;1;48;2;2;2;2m`[38;2;41;41;41;48;2;13;13;13m"[38;2;126;126;126;48;2;35;35;35m~[38;2;164;164;164;48;2;49;49;49m~[38;2;81;81;81;48;2;142;142;142ms[38;2;223;223;223;48;2;239;239;239mL[48;2;251;251;251m [38;2;252;252;252m:[48;2;252;252;252m                                                    [0m
[7m[38;2;252;252;252m [0m[38;2;0;0;0;48;2;252;252;252m                                                   [38;2;252;252;252;48;2;251;251;251m:[38;2;249;249;249ms[38;2;254;254;254;48;2;245;245;245m:[38;2;165;165;165;48;2;194;194;194ma[38;2;83;83;83;48;2;53;53;53m"[38;2;2;2;2;48;2;4;4;4m:[38;2;1;1;1;48;2;0;0;0m`  `[38;2;4;4;4;48;2;2;2;2m~[38;2;0;0;0;48;2;13;13;13m:[38;2;109;109;109;48;2;91;91;91m4[38;2;228;228;228;48;2;237;237;237mL[38;2;251;251;251;48;2;250;250;250m`[38;2;252;252;252;48;2;251;251;251m.[48;2;252;252;252m                                   [38;2;253;253;253m^                [0m
[7m[38;2;252;252;252m [0m[38;2;0;0;0;48;2;252;252;252m                                                   [38;2;252;252;252;48;2;251;251;251m: [38;2;253;253;253;48;2;249;249;249m'[38;2;199;199;199;48;2;227;227;227m"[38;2;29;29;29;48;2;119;119;119m`[38;2;45;45;45;48;2;20;20;20m,[38;2;1;1;1;48;2;0;0;0m=   [48;2;12;12;12m:[38;2;153;153;153;48;2;53;53;53m_[38;2;100;100;100;48;2;170;170;170m~[38;2;252;252;252;48;2;242;242;242m.[38;2;242;242;242;48;2;249;249;249m_[38;2;238;238;238;48;2;251;251;251m_[38;2;240;240;240m_[38;2;247;247;247;48;2;252;252;252m_[38;2;251;251;251m_                                                 [0m
[7m[38;2;252;252;252m [0m[38;2;0;0;0;48;2;252;252;252m                                                   [38;2;253;253;253;48;2;249;249;249m:[38;2;155;155;155;48;2;234;234;234m_[38;2;92;92;92;48;2;180;180;180my[38;2;181;181;181;48;2;74;74;74m~[38;2;96;96;96;48;2;23;23;23m~[38;2;21;21;21;48;2;2;2;2m~[48;2;0;0;0m  [38;2;1;1;1m^[38;2;0;0;0;48;2;3;3;3m:[38;2;5;5;5;48;2;55;55;55m.[38;2;81;81;81;48;2;175;175;175m_[38;2;119;119;119;48;2;198;198;198m_[38;2;151;151;151;48;2;191;191;191my[38;2;222;222;222;48;2;171;171;171m~[38;2;209;209;209;48;2;161;161;161m~[38;2;211;211;211;48;2;167;167;167m~[38;2;193;193;193;48;2;213;213;213mw[38;2;240;240;240;48;2;245;245;245mL[38;2;252;252;252;48;2;251;251;251m~.[48;2;252;252;252m                                               [0m
[7m[38;2;252;252;252m [0m[38;2;0;0;0;48;2;252;252;252m                                                [38;2;252;252;252;48;2;251;251;251m: [38;2;254;254;254;48;2;241;241;241m:[38;2;106;106;106;48;2;174;174;174my[38;2;94;94;94;48;2;38;38;38m~[38;2;1;1;1;48;2;4;4;4m`[38;2;2;2;2;48;2;0;0;0m~       [38;2;0;0;0;48;2;4;4;4m:[38;2;73;73;73;48;2;29;29;29m~[38;2;32;32;32;48;2;93;93;93m_[38;2;116;116;116;48;2;127;127;127m,[38;2;132;132;132;48;2;133;133;133m:[38;2;136;136;136;48;2;146;146;146m`[38;2;192;192;192;48;2;204;204;204mF[38;2;241;241;241;48;2;245;245;245mL[38;2;251;251;251;48;2;250;250;250m'[38;2;252;252;252;48;2;251;251;251m_[48;2;252;252;252m                                               [0m
[7m[38;2;252;252;252m [0m[38;2;0;0;0;48;2;252;252;252m                                                [38;2;252;252;252;48;2;251;251;251m:[38;2;250;250;250m_[38;2;253;253;253;48;2;235;235;235m:[38;2;156;156;156;48;2;98;98;98m_[38;2;34;34;34;48;2;14;14;14m,[38;2;1;1;1;48;2;0;0;0m.          [38;2;0;0;0;48;2;9;9;9m:[38;2;44;44;44;48;2;67;67;67mg[38;2;149;149;149;48;2;136;136;136m4[38;2;173;173;173;48;2;203;203;203m~[38;2;230;230;230;48;2;242;242;242m"[38;2;251;251;251;48;2;250;250;250m:[48;2;251;251;251m [38;2;252;252;252m:[48;2;252;252;252m                                               [0m
[7m[38;2;252;252;252m [0m[38;2;0;0;0;48;2;252;252;252m                                                [38;2;252;252;252;48;2;251;251;251m:[38;2;249;249;249m`[38;2;253;253;253;48;2;249;249;249m'[38;2;186;186;186;48;2;227;227;227m"[38;2;184;184;184;48;2;110;110;110my[38;2;90;90;90;48;2;25;25;25m_[38;2;0;0;0;48;2;2;2;2m:[38;2;1;1;1;48;2;0;0;0m_       .[38;2;0;0;0;48;2;3;3;3m:[38;2;72;72;72;48;2;36;36;36m_[38;2;110;110;110;48;2;128;128;128mF[38;2;180;180;180;48;2;200;200;200mL[38;2;233;233;233;48;2;242;242;242m,[38;2;249;249;249;48;2;250;250;250m,[48;2;251;251;251m [48;2;252;252;252m                                                [0m
[7m[38;2;252;252;252m [0m[38;2;0;0;0;48;2;252;252;252m                                                  [48;2;251;251;251m [38;2;252;252;252m.[38;2;237;237;237;48;2;245;245;245m`[38;2;151;151;151;48;2;210;210;210m~[38;2;179;179;179;48;2;101;101;101my[38;2;144;144;144;48;2;34;34;34m_[38;2;41;41;41;48;2;7;7;7m,[38;2;15;15;15;48;2;1;1;1m_[38;2;10;10;10m_[38;2;8;8;8m_[38;2;25;25;25;48;2;2;2;2m_[38;2;62;62;62;48;2;8;8;8m_[38;2;87;87;87;48;2;15;15;15m_[38;2;111;111;111;48;2;39;39;39m_[38;2;28;28;28;48;2;93;93;93m~[38;2;98;98;98;48;2;127;127;127m~[38;2;190;190;190;48;2;151;151;151m_[38;2;180;180;180;48;2;209;209;209m~[38;2;237;237;237;48;2;244;244;244m~[38;2;250;250;250;48;2;249;249;249m_[48;2;251;251;251m [48;2;252;252;252m                                                [0m
[7m[38;2;252;252;252m [0m[38;2;0;0;0;48;2;252;252;252m                                                    [38;2;252;252;252;48;2;251;251;251m:[38;2;250;250;250m`[38;2;247;247;247;48;2;249;249;249m`[38;2;185;185;185;48;2;233;233;233m"[38;2;106;106;106;48;2;207;207;207m~[38;2;70;70;70;48;2;181;181;181m~[38;2;53;53;53;48;2;154;154;154m~[38;2;49;49;49;48;2;148;148;148m~[38;2;62;62;62;48;2;152;152;152m~[38;2;90;90;90;48;2;160;160;160m~[38;2;196;196;196;48;2;151;151;151my[38;2;234;234;234;48;2;167;167;167m_[38;2;222;222;222;48;2;179;179;179my[38;2;163;163;163;48;2;215;215;215m~[38;2;207;207;207;48;2;237;237;237m~[38;2;243;243;243;48;2;249;249;249m~[48;2;251;251;251m  [48;2;252;252;252m                                                 [0m
[7m[38;2;252;252;252m [0m[38;2;0;0;0;48;2;252;252;252m                                                        [38;2;253;253;253;48;2;251;251;251m`[38;2;247;247;247m`[38;2;235;235;235;48;2;249;249;249m`[38;2;230;230;230;48;2;248;248;248m`[38;2;227;227;227;48;2;247;247;247m`[38;2;235;235;235;48;2;248;248;248m~[38;2;234;234;234;48;2;249;249;249m`[38;2;240;240;240;48;2;250;250;250m`[38;2;248;248;248;48;2;251;251;251m~[38;2;249;249;249m~[38;2;252;252;252m:[48;2;252;252;252m                                                    [0m
[7m[38;2;252;252;252m [0m[38;2;0;0;0;48;2;252;252;252m                                                                                                                       [0m
[7m[38;2;252;252;252m [0m[38;2;0;0;0;48;2;252;252;252m                                                                                                                       [0m
[7m[38;2;252;252;252m [0m[38;2;0;0;0;48;2;252;252;252m                                                                                                                       [0m
[7m[38;2;252;252;252m [0m[38;2;0;0;0;48;2;252;252;252m                                                                                                                       [0m
[7m[38;2;252;252;252m [0m[38;2;0;0;0;48;2;252;252;252m                       [38;2;252;252;252;48;2;251;251;251m:[48;2;252;252;252m                                                                                               [0m
[?25h