[?25l[0m[7m[38;2;0;0;0m [0m[38;2;0;0;0;48;2;0;0;0m                                                         [48;2;2;2;2m:[38;2;84;84;84;48;2;60;60;60m4[38;2;214;214;214;48;2;225;225;225mL[38;2;253;253;253;48;2;251;251;251m: [48;2;252;252;252m                                                         [0m
[7m[38;2;0;0;0m [0m[38;2;0;0;0;48;2;0;0;0m                                                         [48;2;1;1;1m:[38;2;84;84;84;48;2;60;60;60m4[38;2;214;214;214;48;2;225;225;225mL[38;2;253;253;253;48;2;251;251;251m: [48;2;252;252;252m                                                         [0m
[7m[38;2;0;0;0m [0m[38;2;0;0;0;48;2;0;0;0m                                                         [48;2;1;1;1m:[38;2;84;84;84;48;2;60;60;60m4[38;2;214;214;214;48;2;225;225;225mL[38;2;253;253;253;48;2;251;251;251m: [48;2;252;252;252m                                                         [0m
[7m[38;2;0;0;0m [0m[38;2;0;0;0;48;2;0;0;0m                                                         [48;2;1;1;1m:[38;2;84;84;84;48;2;60;60;60m4[38;2;214;214;214;48;2;225;225;225mL[38;2;253;253;253;48;2;251;251;251m: [48;2;252;252;252m                                                         [0m
[7m[38;2;0;0;0m [0m[38;2;0;0;0;48;2;0;0;0m                                                         [48;2;1;1;1m:[38;2;84;84;84;48;2;60;60;60m4[38;2;214;214;214;48;2;225;225;225mL[38;2;253;253;253;48;2;251;251;251m: [48;2;252;252;252m                                                         [0m
[7m[38;2;0;0;0m [0m[38;2;0;0;0;48;2;0;0;0m                                                         [48;2;1;1;1m:[38;2;84;84;84;48;2;60;60;60m4[38;2;214;214;214;48;2;225;225;225mL[38;2;253;253;253;48;2;251;251;251m: [48;2;252;252;252m                                                         [0m
[7m[38;2;0;0;0m [0m[38;2;0;0;0;48;2;0;0;0m                                                         [48;2;1;1;1m:[38;2;84;84;84;48;2;60;60;60m4[38;2;214;214;214;48;2;225;225;225mL[38;2;253;253;253;48;2;251;251;251m: [48;2;252;252;252m                                                         [0m
[7m[38;2;0;0;0m [0m[38;2;0;0;0;48;2;0;0;0m                                                         [48;2;1;1;1m:[38;2;84;84;84;48;2;60;60;60m4[38;2;214;214;214;48;2;225;225;225mL[38;2;253;253;253;48;2;251;251;251m: [48;2;252;252;252m                                                         [0m
[7m[38;2;0;0;0m [0m[38;2;0;0;0;48;2;0;0;0m                                                         [48;2;1;1;1m:[38;2;84;84;84;48;2;60;60;60m4[38;2;214;214;214;48;2;225;225;225mL[38;2;253;253;253;48;2;251;251;251m: [48;2;252;252;252m                                                         [0m
[7m[38;2;0;0;0m [0m[38;2;0;0;0;48;2;0;0;0m                                                         [48;2;1;1;1m:[38;2;84;84;84;48;2;60;60;60m4[38;2;214;214;214;48;2;225;225;225mL[38;2;253;253;253;48;2;251;251;251m: [48;2;252;252;252m                                                         [0m
[7m[38;2;0;0;0m [0m[38;2;0;0;0;48;2;0;0;0m                                                         [48;2;1;1;1m:[38;2;84;84;84;48;2;60;60;60m4[38;2;214;214;214;48;2;225;225;225mL[38;2;253;253;253;48;2;251;251;251m: [48;2;252;252;252m                                                         [0m
[7m[38;2;0;0;0m [0m[38;2;0;0;0;48;2;0;0;0m                                                         [48;2;1;1;1m:[38;2;84;84;84;48;2;60;60;60m4[38;2;214;214;214;48;2;225;225;225mL[38;2;253;253;253;48;2;251;251;251m: [48;2;252;252;252m                                                         [0m
[7m[38;2;0;0;0m [0m[38;2;0;0;0;48;2;0;0;0m                                                         [48;2;1;1;1m:[38;2;84;84;84;48;2;60;60;60m4[38;2;213;213;213;48;2;225;225;225mL[38;2;253;253;253;48;2;251;251;251m: [48;2;252;252;252m                                                         [0m
[7m[38;2;0;0;0m [0m[38;2;0;0;0;48;2;0;0;0m                                                         [48;2;1;1;1m:[38;2;84;84;84;48;2;60;60;60m4[38;2;214;214;214;48;2;225;225;225mL[38;2;250;250;250;48;2;251;251;251mL [48;2;252;252;252m                                                         [0m
[7m[38;2;0;0;0m [0m[38;2;0;0;0;48;2;0;0;0m                                                         [48;2;1;1;1m:[38;2;84;84;84;48;2;60;60;60m4[38;2;213;213;213;48;2;224;224;224mL[38;2;250;250;250;48;2;251;251;251mL [48;2;252;252;252m                                                         [0m
[7m[38;2;0;0;0m [0m[38;2;0;0;0;48;2;0;0;0m                                                         [48;2;1;1;1m:[38;2;84;84;84;48;2;60;60;60m4[38;2;213;213;213;48;2;224;224;224mL[38;2;250;250;250;48;2;251;251;251mL [48;2;252;252;252m                                                         [0m
[7m[38;2;0;0;0m [0m[38;2;0;0;0;48;2;0;0;0m                                                         [48;2;1;1;1m:[38;2;84;84;84;48;2;60;60;60m4[38;2;213;213;213;48;2;224;224;224mL[38;2;250;250;250;48;2;251;251;251mL [48;2;252;252;252m                                                         [0m
[7m[38;2;0;0;0m [0m[38;2;0;0;0;48;2;0;0;0m                                                         [48;2;1;1;1m:[38;2;84;84;84;48;2;60;60;60m4[38;2;213;213;213;48;2;224;224;224mL[38;2;250;250;250;48;2;251;251;251mL [48;2;252;252;252m                                                         [0m
[7m[38;2;0;0;0m [0m[38;2;0;0;0;48;2;0;0;0m                                                         [48;2;1;1;1m:[38;2;84;84;84;48;2;60;60;60m4[38;2;213;213;213;48;2;224;224;224mL[38;2;250;250;250;48;2;251;251;251mL [48;2;252;252;252m                                                         [0m
[7m[38;2;0;0;0m [0m[38;2;0;0;0;48;2;0;0;0m                                                         [48;2;1;1;1m:[38;2;84;84;84;48;2;60;60;60m4[38;2;213;213;213;48;2;224;224;224mL[38;2;250;250;250;48;2;251;251;251mL [48;2;252;252;252m                                                         [0m
[7m[38;2;0;0;0m [0m[38;2;0;0;0;48;2;0;0;0m                                                         [48;2;1;1;1m:[38;2;84;84;84;48;2;60;60;60m4[38;2;213;213;213;48;2;224;224;224mL[38;2;250;250;250;48;2;251;251;251mL [48;2;252;252;252m                                                         [0m
[7m[38;2;0;0;0m [0m[38;2;0;0;0;48;2;0;0;0m                                                         [48;2;1;1;1m:[38;2;84;84;84;48;2;60;60;60m4[38;2;213;213;213;48;2;224;224;224mL[38;2;250;250;250;48;2;251;251;251mL [48;2;252;252;252m                                                         [0m
[7m[38;2;0;0;0m [0m[38;2;0;0;0;48;2;0;0;0m                                                         [48;2;1;1;1m:[38;2;84;84;84;48;2;60;60;60m4[38;2;213;213;213;48;2;224;224;224mL[38;2;250;250;250;48;2;251;251;251mL [48;2;252;252;252m                                                         [0m
[7m[38;2;0;0;0m [0m[38;2;0;0;0;48;2;0;0;0m                                                         [48;2;1;1;1m:[38;2;84;84;84;48;2;60;60;60m4[38;2;213;213;213;48;2;224;224;224mL[38;2;250;250;250;48;2;251;251;251mL [48;2;252;252;252m                                                         [0m
[7m[38;2;0;0;0m [0m[38;2;0;0;0;48;2;0;0;0m                                                         [48;2;1;1;1m:[38;2;84;84;84;48;2;60;60;60m4[38;2;213;213;213;48;2;224;224;224mL[38;2;250;250;250;48;2;251;251;251mL [48;2;252;252;252m                                                         [0m
[7m[38;2;0;0;0m [0m[38;2;0;0;0;48;2;0;0;0m                                                         [48;2;1;1;1m:[38;2;84;84;84;48;2;60;60;60m4[38;2;213;213;213;48;2;224;224;224mL[38;2;250;250;250;48;2;251;251;251mL [48;2;252;252;252m                                                         [0m
[7m[38;2;0;0;0m [0m[38;2;0;0;0;48;2;0;0;0m                                                       [38;2;15;15;15;48;2;1;1;1m_[38;2;28;28;28;48;2;3;3;3m_[38;2;21;21;21m_[38;2;83;83;83;48;2;62;62;62m4[38;2;216;216;216;48;2;226;226;226mF[38;2;250;250;250;48;2;251;251;251mL [38;2;253;253;253m_[48;2;252;252;252m [38;2;252;252;252;48;2;251;251;251m:.[48;2;252;252;252m                                                     [0m
[7m[38;2;0;0;0m [0m[38;2;0;0;0;48;2;0;0;0m                                                [38;2;1;1;1m.[38;2;0;0;0;48;2;3;3;3m:[38;2;96;96;96;48;2;15;15;15m_[38;2;167;167;167;48;2;50;50;50m_[38;2;184;184;184;48;2;82;82;82my[38;2;39;39;39;48;2;158;158;158m~[38;2;65;65;65;48;2;190;190;190m~[38;2;87;87;87;48;2;210;210;210m~[38;2;99;99;99;48;2;216;216;216m~[38;2;30;30;30;48;2;207;207;207m`[38;2;108;108;108;48;2;195;195;195m~[38;2;88;88;88;48;2;163;163;163my[38;2;0;0;0;48;2;158;158;158m_[38;2;11;11;11;48;2;195;195;195m_[38;2;14;14;14;48;2;201;201;201m_[38;2;22;22;22;48;2;205;205;205m_[38;2;67;67;67;48;2;216;216;216m_[38;2;164;164;164;48;2;234;234;234m_[38;2;237;237;237;48;2;247;247;247m,[38;2;252;252;252;48;2;251;251;251m: [48;2;252;252;252m                                                  [0m
[7m[38;2;0;0;0m [0m[38;2;0;0;0;48;2;0;0;0m                                          [38;2;1;1;1m_   .[38;2;0;0;0;48;2;6;6;6m`[38;2;113;113;113;48;2;38;38;38m_[38;2;44;44;44;48;2;150;150;150m~[38;2;165;165;165;48;2;224;224;224m~[38;2;203;203;203;48;2;242;242;242m`[38;2;246;246;246;48;2;250;250;250m`[38;2;250;250;250;48;2;251;251;251mT [38;2;253;253;253m`[38;2;252;252;252m`[38;2;254;254;254m:[38;2;237;237;237;48;2;223;223;223m'[38;2;97;97;97;48;2;60;60;60mL[38;2;0;0;0;48;2;1;1;1m`[38;2;7;7;7;48;2;0;0;0m`[38;2;9;9;9;48;2;1;1;1m`[38;2;11;11;11;48;2;2;2;2m`[38;2;46;46;46;48;2;10;10;10m`[38;2;106;106;106;48;2;27;27;27m~[38;2;180;180;180;48;2;83;83;83m~[38;2;73;73;73;48;2;184;184;184m_[38;2;165;165;165;48;2;238;238;238m_[38;2;235;235;235;48;2;248;248;248m,[38;2;249;249;249;48;2;250;250;250m,[48;2;251;251;251m [38;2;252;252;252m:[38;2;250;250;250m_[38;2;252;252;252m.[48;2;252;252;252m                                            [0m
[7m[38;2;0;0;0m [0m[38;2;0;0;0;48;2;0;0;0m                                      [38;2;1;1;1m_[38;2;0;0;0;48;2;1;1;1m:[38;2;46;46;46;48;2;2;2;2m_[38;2;83;83;83;48;2;7;7;7m_[38;2;119;119;119;48;2;26;26;26m_[38;2;169;169;169;48;2;50;50;50m_[38;2;222;222;222;48;2;72;72;72m_[38;2;249;249;249;48;2;97;97;97m_[38;2;207;207;207;48;2;114;114;114my[38;2;65;65;65;48;2;183;183;183m~[38;2;149;149;149;48;2;227;227;227m~[38;2;253;253;253;48;2;250;250;250m:[48;2;252;252;252m=     [48;2;251;251;251m [38;2;254;254;254m:[38;2;237;237;237;48;2;223;223;223m:[38;2;97;97;97;48;2;60;60;60mL[38;2;2;2;2;48;2;1;1;1mL[48;2;0;0;0m     [38;2;1;1;1m`[38;2;18;18;18;48;2;5;5;5m`[38;2;86;86;86;48;2;30;30;30m"[38;2;202;202;202;48;2;83;83;83m~[38;2;1;1;1;48;2;169;169;169m_[38;2;21;21;21;48;2;201;201;201m_[38;2;77;77;77;48;2;219;219;219m_[38;2;153;153;153;48;2;232;232;232m_[38;2;216;216;216;48;2;246;246;246m_[38;2;240;240;240;48;2;250;250;250m_[38;2;248;248;248;48;2;251;251;251m_[38;2;250;250;250m, [38;2;252;252;252m:[48;2;252;252;252m                                       [0m
[7m[38;2;0;0;0m [0m[38;2;0;0;0;48;2;0;0;0m                                     [38;2;74;74;74;48;2;23;23;23m_[38;2;161;161;161;48;2;73;73;73my[38;2;30;30;30;48;2;166;166;166m~[38;2;101;101;101;48;2;200;200;200m~[38;2;169;169;169;48;2;228;228;228m~[38;2;181;181;181;48;2;238;238;238m`[38;2;218;218;218;48;2;240;240;240m_[38;2;196;196;196;48;2;243;243;243m_[38;2;209;209;209;48;2;246;246;246m_[38;2;252;252;252;48;2;250;250;250m`[48;2;251;251;251m [38;2;253;253;253;48;2;252;252;252m`       [48;2;251;251;251m [38;2;254;254;254m:[38;2;237;237;237;48;2;223;223;223m:[38;2;97;97;97;48;2;60;60;60mL[38;2;2;2;2;48;2;1;1;1mL[48;2;0;0;0m          [38;2;11;11;11;48;2;6;6;6m`[38;2;47;47;47;48;2;18;18;18m~[38;2;101;101;101;48;2;23;23;23m~[38;2;147;147;147;48;2;35;35;35m~[38;2;179;179;179;48;2;68;68;68m~[38;2;47;47;47;48;2;146;146;146my[38;2;58;58;58;48;2;181;181;181m_[38;2;140;140;140;48;2;226;226;226m_[38;2;195;195;195;48;2;244;244;244m_[38;2;242;242;242;48;2;250;250;250m,[48;2;251;251;251m  [48;2;252;252;252m                                    [0m
[7m[38;2;0;0;0m [0m[38;2;0;0;0;48;2;0;0;0m                                    [38;2;2;2;2m`[38;2;98;98;98;48;2;39;39;39m`[38;2;49;49;49;48;2;136;136;136my[38;2;65;65;65;48;2;156;156;156my[38;2;54;54;54;48;2;147;147;147my[38;2;227;227;227;48;2;96;96;96m~[38;2;212;212;212;48;2;78;78;78m~[38;2;182;182;182;48;2;63;63;63m~[38;2;72;72;72;48;2;114;114;114ms[38;2;179;179;179;48;2;207;207;207mF[38;2;254;254;254;48;2;249;249;249m'[48;2;251;251;251m [48;2;252;252;252m        [48;2;251;251;251m :[38;2;237;237;237;48;2;223;223;223m:[38;2;97;97;97;48;2;60;60;60mL[38;2;2;2;2;48;2;1;1;1mL[48;2;0;0;0m         [38;2;0;0;0;48;2;1;1;1m`[38;2;36;36;36;48;2;24;24;24m4[38;2;152;152;152;48;2;112;112;112ma[38;2;65;65;65;48;2;171;171;171m~[38;2;208;208;208;48;2;118;118;118my[38;2;239;239;239;48;2;96;96;96m_[38;2;204;204;204;48;2;69;69;69m_[38;2;168;168;168;48;2;55;55;55m_[38;2;136;136;136;48;2;56;56;56m_[38;2;71;71;71;48;2;132;132;132m=[38;2;211;211;211;48;2;228;228;228mr[38;2;250;250;250;48;2;251;251;251mr[38;2;252;252;252m;[48;2;252;252;252m                                    [0m
[7m[38;2;0;0;0m [0m[38;2;0;0;0;48;2;0;0;0m                                          [38;2;1;1;1mF[38;2;63;63;63;48;2;45;45;45my[38;2;122;122;122;48;2;174;174;174m~[38;2;254;254;254;48;2;246;246;246m:[48;2;250;250;250m [38;2;252;252;252;48;2;251;251;251m:[48;2;252;252;252m        [48;2;251;251;251m [38;2;254;254;254m:[38;2;236;236;236;48;2;222;222;222m:[38;2;96;96;96;48;2;60;60;60mL[38;2;2;2;2;48;2;1;1;1mL[48;2;0;0;0m         [48;2;1;1;1m [38;2;0;0;0;48;2;17;17;17m:[38;2;119;119;119;48;2;108;108;108m4[38;2;224;224;224;48;2;235;235;235mL[38;2;251;251;251;48;2;249;249;249m`[38;2;244;244;244;48;2;250;250;250m`[38;2;222;222;222;48;2;247;247;247m`[38;2;202;202;202;48;2;244;244;244m`[38;2;186;186;186;48;2;242;242;242m`[38;2;198;198;198;48;2;244;244;244m`[38;2;244;244;244;48;2;250;250;250m`[48;2;252;252;252m                                      [0m
[7m[38;2;0;0;0m [0m[38;2;0;0;0;48;2;0;0;0m                                         [38;2;1;1;1m_[38;2;27;27;27;48;2;8;8;8m_[38;2;55;55;55;48;2;106;106;106mF[38;2;209;209;209;48;2;227;227;227m^[38;2;254;254;254;48;2;250;250;250m`[38;2;252;252;252;48;2;251;251;251my[48;2;252;252;252m         [48;2;251;251;251m [38;2;254;254;254m:[38;2;236;236;236;48;2;222;222;222m:[38;2;96;96;96;48;2;60;60;60mL[38;2;2;2;2;48;2;1;1;1mL[48;2;0;0;0m         [38;2;1;1;1m"[38;2;0;0;0;48;2;7;7;7m`[38;2;100;100;100;48;2;57;57;57m~[38;2;110;110;110;48;2;194;194;194m_[38;2;231;231;231;48;2;244;244;244m,[48;2;251;251;251m [38;2;252;252;252m:[48;2;252;252;252m                                          [0m
[7m[38;2;0;0;0m [0m[38;2;0;0;0;48;2;0;0;0m                                        [38;2;1;1;1m,[48;2;6;6;6m`[38;2;102;102;102;48;2;72;72;72my[38;2;157;157;157;48;2;212;212;212m~[38;2;254;254;254;48;2;249;249;249m'[38;2;250;250;250;48;2;251;251;251mT[38;2;252;252;252m:[48;2;252;252;252m         [48;2;251;251;251m [38;2;254;254;254m:[38;2;236;236;236;48;2;222;222;222m:[38;2;96;96;96;48;2;60;60;60mL[38;2;2;2;2;48;2;1;1;1mL[48;2;0;0;0m          [38;2;1;1;1m`[38;2;0;0;0;48;2;4;4;4m:[38;2;92;92;92;48;2;59;59;59m"[38;2;174;174;174;48;2;213;213;213m_[38;2;240;240;240;48;2;248;248;248m,[38;2;250;250;250;48;2;251;251;251m_[38;2;252;252;252m:[48;2;252;252;252m                                         [0m
[7m[38;2;0;0;0m [0m[38;2;0;0;0;48;2;0;0;0m                                        [48;2;1;1;1m [38;2;35;35;35;48;2;19;19;19m4[38;2;145;145;145;48;2;114;114;114m4[38;2;231;231;231;48;2;240;240;240m,[38;2;252;252;252;48;2;249;249;249m_[48;2;251;251;251m"[48;2;252;252;252m          [48;2;251;251;251m [38;2;254;254;254m:[38;2;236;236;236;48;2;222;222;222m:[38;2;96;96;96;48;2;60;60;60mL[38;2;2;2;2;48;2;1;1;1mL[48;2;0;0;0m           [38;2;1;1;1m.[38;2;0;0;0;48;2;28;28;28m:[38;2;140;140;140;48;2;158;158;158mF[38;2;231;231;231;48;2;240;240;240mL[48;2;250;250;250m [48;2;251;251;251m [48;2;252;252;252m                                         [0m
[?25h