[?25l[0m[7m[38;2;0;0;0m [0m[38;2;0;0;0;48;2;0;0;0m                                                                                                                       [0m
[7m[38;2;0;0;0m [0m[38;2;0;0;0;48;2;0;0;0m                                                                                                                       [0m
[7m[38;2;0;0;0m [0m[38;2;0;0;0;48;2;0;0;0m                                                                                                                       [0m
[38;2;13;13;13;48;2;7;7;7my[38;2;15;15;15my[38;2;14;14;14;48;2;6;6;6my[48;2;5;5;5m_[38;2;11;11;11;48;2;3;3;3m_[38;2;9;9;9m_[38;2;7;7;7;48;2;2;2;2m_[38;2;6;6;6m_[38;2;5;5;5;48;2;1;1;1m__[38;2;3;3;3my[38;2;4;4;4m_[38;2;2;2;2;48;2;0;0;0m_[38;2;1;1;1m,                                                                                                          [0m
[38;2;16;16;16;48;2;15;15;15my[38;2;20;20;20;48;2;19;19;19my[38;2;19;19;19;48;2;21;21;21m`[38;2;17;17;17;48;2;20;20;20m~[38;2;15;15;15m~[38;2;13;13;13;48;2;18;18;18m~[38;2;19;19;19;48;2;14;14;14m_[38;2;13;13;13;48;2;11;11;11mw[38;2;9;9;9;48;2;8;8;8my[38;2;8;8;8;48;2;7;7;7my[38;2;5;5;5m~[38;2;7;7;7;48;2;6;6;6my[38;2;3;3;3;48;2;4;4;4m`[38;2;2;2;2;48;2;3;3;3m~[38;2;1;1;1;48;2;2;2;2m~[38;2;0;0;0;48;2;1;1;1m~[38;2;2;2;2m_[48;2;0;0;0m_ [38;2;1;1;1m_                                                                                                    [0m
[38;2;17;17;17;48;2;17;17;17m [38;2;21;21;21;48;2;20;20;20my[38;2;23;23;23;48;2;22;22;22m:[38;2;24;24;24;48;2;23;23;23m.yy[38;2;20;20;20;48;2;22;22;22m~[38;2;21;21;21;48;2;18;18;18my[38;2;20;20;20;48;2;15;15;15m_[38;2;13;13;13;48;2;11;11;11my[38;2;10;10;10;48;2;9;9;9my,[38;2;8;8;8;48;2;7;7;7my[38;2;6;6;6;48;2;5;5;5my[48;2;4;4;4m_[38;2;4;4;4;48;2;3;3;3myg_[38;2;3;3;3;48;2;2;2;2m_[38;2;2;2;2;48;2;1;1;1m:,[38;2;1;1;1;48;2;0;0;0m_                                                                                                  [0m
[38;2;18;18;18;48;2;19;19;19mF[48;2;22;22;22m [48;2;24;24;24m [38;2;25;25;25m:[48;2;25;25;25m   [48;2;24;24;24m [38;2;21;21;21;48;2;23;23;23m"[38;2;16;16;16;48;2;20;20;20m~[38;2;19;19;19;48;2;14;14;14m_[38;2;15;15;15;48;2;11;11;11m_[38;2;12;12;12;48;2;10;10;10m_[38;2;11;11;11;48;2;9;9;9m_[38;2;10;10;10;48;2;8;8;8m_[38;2;8;8;8;48;2;6;6;6m_[48;2;5;5;5m [38;2;5;5;5;48;2;4;4;4m_[38;2;4;4;4;48;2;3;3;3m.[48;2;2;2;2m_[38;2;3;3;3m.[38;2;2;2;2;48;2;1;1;1m.[38;2;1;1;1;48;2;0;0;0m,__                                                                                               [0m
[38;2;19;19;19;48;2;19;19;19m [48;2;23;23;23m [38;2;25;25;25;48;2;24;24;24m:[48;2;25;25;25m      [48;2;24;24;24m [38;2;20;20;20;48;2;22;22;22m`[38;2;18;18;18;48;2;20;20;20m~[48;2;17;17;17mm[38;2;13;13;13;48;2;16;16;16m~[38;2;12;12;12;48;2;15;15;15m~[38;2;13;13;13;48;2;12;12;12ms[38;2;9;9;9;48;2;8;8;8mg[38;2;8;8;8;48;2;7;7;7mw[38;2;6;6;6;48;2;5;5;5mL[38;2;5;5;5;48;2;4;4;4mg[38;2;6;6;6;48;2;5;5;5mu[38;2;3;3;3;48;2;4;4;4m~[38;2;2;2;2;48;2;3;3;3m~[38;2;1;1;1;48;2;2;2;2m~[38;2;2;2;2;48;2;1;1;1my_[38;2;1;1;1;48;2;0;0;0m:,                                                                                            [0m
[7m[38;2;19;19;19m [0m[38;2;0;0;0;48;2;23;23;23m [48;2;25;25;25m     [38;2;26;26;26m`'[48;2;24;24;24m [38;2;24;24;24;48;2;23;23;23my[38;2;21;21;21;48;2;20;20;20mL[38;2;18;18;18;48;2;16;16;16m_[38;2;17;17;17;48;2;15;15;15m_[38;2;15;15;15;48;2;13;13;13m_[38;2;13;13;13;48;2;12;12;12m,[48;2;10;10;10m [38;2;9;9;9;48;2;8;8;8m:[38;2;7;7;7;48;2;6;6;6m:[38;2;6;6;6;48;2;5;5;5m` [48;2;4;4;4m [48;2;3;3;3m   [48;2;2;2;2m [48;2;1;1;1m  [48;2;0;0;0m                                                                                            [0m
[7m[38;2;19;19;19m [0m[38;2;0;0;0;48;2;23;23;23m [48;2;25;25;25m        [48;2;24;24;24m [38;2;24;24;24;48;2;23;23;23m:[38;2;19;19;19;48;2;21;21;21m~[38;2;20;20;20;48;2;19;19;19mw[38;2;18;18;18;48;2;17;17;17ms[38;2;15;15;15;48;2;14;14;14mL[38;2;11;11;11;48;2;10;10;10m:[38;2;10;10;10;48;2;9;9;9m,[38;2;8;8;8;48;2;7;7;7m,[48;2;5;5;5m [48;2;4;4;4m   [48;2;3;3;3m  [38;2;2;2;2;48;2;1;1;1m` [48;2;0;0;0m                                                                                             [0m
[7m[38;2;19;19;19m [0m[38;2;0;0;0;48;2;23;23;23m [48;2;25;25;25m        [48;2;24;24;24m [38;2;24;24;24;48;2;23;23;23m~[48;2;20;20;20m [38;2;15;15;15;48;2;17;17;17my[38;2;16;16;16;48;2;12;12;12m~[38;2;13;13;13;48;2;10;10;10m~[38;2;10;10;10;48;2;9;9;9m~[38;2;8;8;8;48;2;7;7;7m~[38;2;6;6;6;48;2;5;5;5m~[38;2;5;5;5;48;2;4;4;4m~    [48;2;3;3;3m [48;2;1;1;1m  [48;2;0;0;0m                                                                                             [0m
[7m[38;2;19;19;19m [0m[38;2;0;0;0;48;2;23;23;23m [48;2;25;25;25m         [48;2;24;24;24m [38;2;22;22;22;48;2;21;21;21mL[38;2;17;17;17;48;2;16;16;16mL[38;2;15;15;15;48;2;12;12;12m_[38;2;11;11;11;48;2;9;9;9m_[48;2;8;8;8m [38;2;7;7;7;48;2;6;6;6m_[48;2;5;5;5m [38;2;5;5;5;48;2;4;4;4m_    [48;2;3;3;3m [48;2;1;1;1m  [48;2;0;0;0m                                                                                             [0m
[38;2;19;19;19;48;2;18;18;18m4[48;2;23;23;23m [38;2;25;25;25;48;2;24;24;24m:[48;2;25;25;25m         [38;2;23;23;23;48;2;24;24;24m`[38;2;20;20;20;48;2;22;22;22m~[38;2;21;21;21;48;2;19;19;19mL[38;2;16;16;16;48;2;14;14;14m_[38;2;11;11;11;48;2;10;10;10mw[48;2;8;8;8m [48;2;7;7;7m [38;2;7;7;7;48;2;6;6;6m,[38;2;5;5;5;48;2;4;4;4m._  [38;2;4;4;4;48;2;3;3;3m,[38;2;2;2;2;48;2;1;1;1m._[38;2;1;1;1;48;2;0;0;0m._                                                                                           [0m
[38;2;18;18;18;48;2;18;18;18m [48;2;22;22;22m [38;2;25;25;25;48;2;24;24;24m:[48;2;25;25;25m       [38;2;26;26;26m`[38;2;24;24;24m_[38;2;20;20;20;48;2;24;24;24m_[38;2;18;18;18;48;2;22;22;22m_[38;2;16;16;16;48;2;19;19;19m_[38;2;13;13;13;48;2;16;16;16m_[38;2;12;12;12;48;2;11;11;11mF[38;2;8;8;8;48;2;9;9;9my[38;2;6;6;6;48;2;7;7;7m_[38;2;7;7;7;48;2;6;6;6m`[48;2;5;5;5m  [48;2;4;4;4m  [48;2;3;3;3m [38;2;2;2;2;48;2;1;1;1m`  [38;2;1;1;1;48;2;0;0;0m:                                                                                           [0m
[38;2;18;18;18;48;2;18;18;18m [48;2;22;22;22m [38;2;25;25;25;48;2;24;24;24m:[48;2;25;25;25m       [48;2;24;24;24m~[38;2;23;23;23;48;2;21;21;21m~[38;2;16;16;16;48;2;17;17;17mg[48;2;13;13;13m~[38;2;13;13;13;48;2;10;10;10m~[38;2;10;10;10;48;2;8;8;8m~[38;2;9;9;9m~[38;2;7;7;7;48;2;6;6;6m~[38;2;6;6;6;48;2;5;5;5m`[38;2;5;5;5;48;2;4;4;4m.: [38;2;4;4;4;48;2;3;3;3m`[48;2;2;2;2m~[38;2;3;3;3;48;2;1;1;1m~[38;2;1;1;1;48;2;0;0;0m`                                                                                              [0m
[38;2;18;18;18;48;2;18;18;18m [48;2;22;22;22m [38;2;25;25;25;48;2;24;24;24m.[48;2;25;25;25m       [38;2;24;24;24;48;2;23;23;23ml[38;2;21;21;21;48;2;20;20;20mF[38;2;17;17;17;48;2;16;16;16ml[38;2;12;12;12;48;2;11;11;11mL[48;2;9;9;9m [48;2;8;8;8m [48;2;7;7;7m [38;2;6;6;6;48;2;5;5;5m_[38;2;5;5;5;48;2;4;4;4m:   [48;2;3;3;3m [48;2;2;2;2m [48;2;1;1;1m [38;2;1;1;1;48;2;0;0;0mL_                                                                                             [0m
[38;2;18;18;18;48;2;18;18;18m [48;2;22;22;22m [48;2;24;24;24m [48;2;25;25;25m       [38;2;24;24;24;48;2;23;23;23m:[48;2;22;22;22m [38;2;18;18;18;48;2;17;17;17mF[38;2;14;14;14;48;2;13;13;13m|[48;2;9;9;9m [48;2;8;8;8m  [38;2;7;7;7;48;2;6;6;6m:[48;2;5;5;5m [48;2;4;4;4m  [38;2;4;4;4;48;2;3;3;3m` [48;2;2;2;2m [48;2;1;1;1m   [48;2;0;0;0m                                                                                             [0m
[38;2;18;18;18;48;2;18;18;18m [48;2;22;22;22m [48;2;24;24;24m [48;2;25;25;25m       [48;2;24;24;24m [38;2;22;22;22;48;2;23;23;23m`[38;2;20;20;20;48;2;19;19;19mL[48;2;14;14;14m [48;2;10;10;10m [48;2;9;9;9m [48;2;8;8;8m [38;2;7;7;7;48;2;6;6;6m:[48;2;5;5;5m [48;2;4;4;4m  [48;2;3;3;3m  [48;2;2;2;2m [48;2;1;1;1m   [48;2;0;0;0m                                                                                             [0m
[38;2;18;18;18;48;2;18;18;18m [48;2;22;22;22m [38;2;25;25;25;48;2;24;24;24m:[48;2;25;25;25m       [48;2;24;24;24m [48;2;23;23;23m [38;2;20;20;20;48;2;19;19;19ml[38;2;15;15;15;48;2;14;14;14m|[48;2;10;10;10m [48;2;9;9;9m [48;2;8;8;8m [38;2;7;7;7;48;2;6;6;6m:[48;2;5;5;5m [48;2;4;4;4m  [48;2;3;3;3m  [48;2;2;2;2m [48;2;1;1;1m   [48;2;0;0;0m                                                                                             [0m
[38;2;18;18;18;48;2;18;18;18m [48;2;22;22;22m [38;2;25;25;25;48;2;24;24;24m`[48;2;25;25;25m       [48;2;24;24;24m [48;2;23;23;23m [38;2;20;20;20;48;2;21;21;21m4[38;2;14;14;14;48;2;16;16;16m`[38;2;13;13;13;48;2;12;12;12mL[48;2;9;9;9m [48;2;8;8;8m [38;2;7;7;7;48;2;6;6;6m:[48;2;5;5;5m [48;2;4;4;4m   [48;2;3;3;3m [38;2;3;3;3;48;2;2;2;2m. [48;2;1;1;1m  [48;2;0;0;0m                                                                                             [0m
[38;2;18;18;18;48;2;18;18;18m [48;2;22;22;22m [48;2;24;24;24m [48;2;25;25;25m       [48;2;24;24;24m  [38;2;22;22;22;48;2;21;21;21ml[38;2;18;18;18;48;2;17;17;17m;[38;2;14;14;14;48;2;13;13;13ml[48;2;9;9;9m [48;2;8;8;8m [38;2;7;7;7;48;2;6;6;6m:[48;2;5;5;5m [48;2;4;4;4m   [48;2;3;3;3m  [48;2;2;2;2m [38;2;2;2;2;48;2;1;1;1mL [38;2;1;1;1;48;2;0;0;0m_                                                                                            [0m
[38;2;18;18;18;48;2;18;18;18m [48;2;22;22;22m [48;2;24;24;24m [48;2;25;25;25m       [48;2;24;24;24m  [48;2;22;22;22m [48;2;18;18;18m [38;2;14;14;14;48;2;13;13;13ml[38;2;10;10;10;48;2;9;9;9m.[38;2;9;9;9;48;2;8;8;8m_[38;2;8;8;8;48;2;7;7;7m_[38;2;6;6;6;48;2;5;5;5m_[38;2;5;5;5;48;2;4;4;4m.  [48;2;3;3;3m  [48;2;2;2;2m  [48;2;1;1;1m  [48;2;0;0;0m                                                                                            [0m
[38;2;18;18;18;48;2;18;18;18m [48;2;22;22;22m [48;2;24;24;24m [48;2;25;25;25m       [48;2;24;24;24m  [38;2;22;22;22;48;2;23;23;23m"[38;2;21;21;21;48;2;19;19;19my[38;2;19;19;19;48;2;15;15;15m_[38;2;14;14;14;48;2;11;11;11m_[38;2;10;10;10;48;2;9;9;9mw[48;2;8;8;8m [38;2;7;7;7;48;2;6;6;6m:[48;2;5;5;5m [48;2;4;4;4m  [48;2;3;3;3m  [38;2;4;4;4m,[38;2;3;3;3;48;2;2;2;2m_[38;2;2;2;2;48;2;1;1;1m_ [48;2;0;0;0m                                                                                            [0m
[38;2;18;18;18;48;2;18;18;18m [48;2;22;22;22m [48;2;24;24;24m [48;2;25;25;25m          [38;2;23;23;23;48;2;24;24;24m"[38;2;20;20;20;48;2;22;22;22m~[38;2;16;16;16;48;2;19;19;19m~[38;2;18;18;18;48;2;13;13;13m_[38;2;13;13;13;48;2;10;10;10m_[38;2;8;8;8;48;2;7;7;7m,[38;2;5;5;5;48;2;6;6;6m`[38;2;7;7;7m_[38;2;6;6;6;48;2;5;5;5m_ [38;2;5;5;5;48;2;4;4;4m: [38;2;4;4;4;48;2;3;3;3m.[38;2;3;3;3;48;2;2;2;2m.[38;2;2;2;2;48;2;1;1;1m_ [38;2;1;1;1;48;2;0;0;0m__                                                                                         [0m
[38;2;18;18;18;48;2;18;18;18m [48;2;22;22;22m [48;2;24;24;24m [48;2;25;25;25m           [48;2;24;24;24m [38;2;23;23;23;48;2;22;22;22m.[38;2;21;21;21;48;2;20;20;20mL[38;2;16;16;16;48;2;15;15;15mL[38;2;11;11;11;48;2;10;10;10my[38;2;9;9;9;48;2;8;8;8m_[38;2;8;8;8;48;2;7;7;7m:[38;2;7;7;7;48;2;6;6;6m:[48;2;5;5;5m  [38;2;5;5;5;48;2;4;4;4m~ [48;2;3;3;3m [38;2;3;3;3;48;2;2;2;2m: [48;2;1;1;1m  [38;2;1;1;1;48;2;0;0;0m:                                                                                        [0m
[38;2;18;18;18;48;2;18;18;18m [48;2;22;22;22m [48;2;24;24;24m [48;2;25;25;25m            [38;2;25;25;25;48;2;24;24;24m=[38;2;21;21;21;48;2;22;22;22m`[38;2;19;19;19;48;2;18;18;18mL[38;2;15;15;15;48;2;13;13;13mL[38;2;11;11;11;48;2;10;10;10m.[38;2;9;9;9;48;2;8;8;8m.[38;2;8;8;8;48;2;7;7;7m,[48;2;5;5;5m  [48;2;4;4;4m  [48;2;3;3;3m  [48;2;2;2;2m  [48;2;1;1;1m [38;2;1;1;1;48;2;0;0;0m.                                                                                        [0m
[38;2;18;18;18;48;2;18;18;18m [48;2;22;22;22m [48;2;24;24;24m [48;2;25;25;25m            [48;2;24;24;24m [38;2;24;24;24;48;2;23;23;23m|[38;2;20;20;20;48;2;19;19;19ml[48;2;14;14;14m [38;2;11;11;11;48;2;10;10;10m:[48;2;9;9;9m [38;2;8;8;8;48;2;7;7;7m|[48;2;5;5;5m  [48;2;4;4;4m  [48;2;3;3;3m  [48;2;2;2;2m  [48;2;1;1;1m [48;2;0;0;0m                                                                                         [0m
[38;2;18;18;18;48;2;18;18;18m [48;2;22;22;22m [48;2;24;24;24m [48;2;25;25;25m            [48;2;24;24;24m [38;2;24;24;24;48;2;23;23;23m|[48;2;20;20;20m [38;2;15;15;15;48;2;16;16;16m`[38;2;13;13;13;48;2;12;12;12mm[38;2;10;10;10;48;2;9;9;9m:[38;2;9;9;9;48;2;8;8;8m,[38;2;5;5;5;48;2;6;6;6m`[38;2;7;7;7m;[48;2;4;4;4m  [48;2;3;3;3m  [48;2;2;2;2m  [48;2;1;1;1m [48;2;0;0;0m                                                                                         [0m
[38;2;18;18;18;48;2;18;18;18m [48;2;22;22;22m [48;2;24;24;24m [48;2;25;25;25m            [38;2;26;26;26m:[48;2;24;24;24m [38;2;22;22;22;48;2;21;21;21m$[38;2;18;18;18;48;2;17;17;17mw[38;2;15;15;15;48;2;14;14;14mL[38;2;11;11;11;48;2;10;10;10m,[38;2;9;9;9;48;2;8;8;8m:[38;2;8;8;8;48;2;7;7;7m,[48;2;6;6;6m [48;2;4;4;4m  [48;2;3;3;3m   [48;2;2;2;2m [48;2;1;1;1m [48;2;0;0;0m                                                                                         [0m
[38;2;18;18;18;48;2;18;18;18m [48;2;22;22;22m [48;2;24;24;24m [48;2;25;25;25m            [38;2;25;25;25;48;2;24;24;24m:[38;2;22;22;22;48;2;23;23;23m_[38;2;21;21;21;48;2;20;20;20mF[38;2;18;18;18;48;2;17;17;17mF[38;2;14;14;14;48;2;13;13;13mF[38;2;11;11;11;48;2;10;10;10m~[38;2;9;9;9;48;2;8;8;8m"[38;2;7;7;7;48;2;6;6;6m~[48;2;5;5;5m [48;2;4;4;4m  [48;2;3;3;3m   [48;2;2;2;2m [48;2;1;1;1m [48;2;0;0;0m                                                                                         [0m
[38;2;18;18;18;48;2;18;18;18m [48;2;22;22;22m [48;2;24;24;24m [48;2;25;25;25m           [48;2;24;24;24m [38;2;24;24;24;48;2;23;23;23m~[48;2;21;21;21m [38;2;19;19;19;48;2;18;18;18m,[38;2;16;16;16;48;2;15;15;15mL[38;2;13;13;13;48;2;12;12;12mw[48;2;9;9;9m [48;2;7;7;7m [38;2;7;7;7;48;2;6;6;6m,[38;2;5;5;5;48;2;4;4;4m:  [48;2;3;3;3m   [48;2;2;2;2m [48;2;1;1;1m [48;2;0;0;0m                                                                                         [0m
[38;2;18;18;18;48;2;18;18;18m [48;2;22;22;22m [48;2;24;24;24m [48;2;25;25;25m           [48;2;24;24;24m [48;2;23;23;23m [48;2;21;21;21m [48;2;18;18;18m [48;2;16;16;16m [48;2;13;13;13m [38;2;10;10;10;48;2;9;9;9mL[48;2;8;8;8m [38;2;7;7;7;48;2;6;6;6m:[48;2;5;5;5m [48;2;4;4;4m  [48;2;3;3;3m   [48;2;2;2;2m [48;2;1;1;1m [48;2;0;0;0m                                                                                         [0m
[38;2;18;18;18;48;2;18;18;18m [48;2;22;22;22m [48;2;24;24;24m [48;2;25;25;25m           [48;2;24;24;24m [38;2;22;22;22;48;2;21;21;21mF[38;2;20;20;20;48;2;18;18;18m~[38;2;15;15;15;48;2;16;16;16ma[38;2;13;13;13;48;2;10;10;10m~[38;2;11;11;11;48;2;9;9;9m"[38;2;9;9;9;48;2;8;8;8m`[38;2;8;8;8;48;2;7;7;7m`[38;2;6;6;6;48;2;5;5;5m`[38;2;5;5;5;48;2;4;4;4m~ [38;2;4;4;4;48;2;3;3;3m~ [38;2;3;3;3;48;2;2;2;2m~~[38;2;2;2;2;48;2;1;1;1m` [48;2;0;0;0m                                                                                         [0m
[38;2;18;18;18;48;2;18;18;18m [48;2;22;22;22m [48;2;24;24;24m [48;2;25;25;25m           [48;2;24;24;24m [38;2;22;22;22;48;2;21;21;21m$[38;2;19;19;19;48;2;18;18;18m:[38;2;16;16;16;48;2;15;15;15ml[48;2;10;10;10m [38;2;9;9;9;48;2;8;8;8m:[38;2;8;8;8;48;2;7;7;7m:[38;2;7;7;7;48;2;6;6;6m:[48;2;5;5;5m [48;2;4;4;4m  [48;2;3;3;3m  [48;2;2;2;2m  [48;2;1;1;1m [38;2;1;1;1;48;2;0;0;0m`                                                                                         [0m
[38;2;18;18;18;48;2;18;18;18m [48;2;22;22;22m [48;2;24;24;24m [48;2;25;25;25m           [48;2;24;24;24m [38;2;22;22;22;48;2;21;21;21m"[38;2;19;19;19;48;2;18;18;18m:[38;2;16;16;16;48;2;15;15;15m$[38;2;11;11;11;48;2;10;10;10m.[48;2;9;9;9m [48;2;8;8;8m [38;2;7;7;7;48;2;6;6;6m:[48;2;5;5;5m [48;2;4;4;4m  [48;2;3;3;3m  [48;2;2;2;2m  [48;2;1;1;1m [48;2;0;0;0m                                                                                          [0m
[38;2;19;19;19;48;2;18;18;18m4[48;2;22;22;22m [48;2;24;24;24m [48;2;25;25;25m           [48;2;24;24;24m [38;2;22;22;22;48;2;23;23;23m~[38;2;21;21;21;48;2;20;20;20mr[38;2;15;15;15;48;2;16;16;16m4[38;2;11;11;11;48;2;10;10;10m_[38;2;9;9;9;48;2;8;8;8m: [38;2;7;7;7;48;2;6;6;6m:[48;2;5;5;5m [48;2;4;4;4m  [48;2;3;3;3m  [48;2;2;2;2m  [48;2;1;1;1m [48;2;0;0;0m                                                                                          [0m
[?25h