[?25l[0m[7m[38;2;252;252;252m [0m[38;2;0;0;0;48;2;252;252;252m                                                                                                                       [0m
[7m[38;2;252;252;252m [0m[38;2;0;0;0;48;2;252;252;252m                                                                                                                       [0m
[7m[38;2;252;252;252m [0m[38;2;0;0;0;48;2;252;252;252m                                                                                                                       [0m
[7m[38;2;252;252;252m [0m[38;2;0;0;0;48;2;252;252;252m                                                                                                                       [0m
[7m[38;2;252;252;252m [0m[38;2;0;0;0;48;2;252;252;252m                                                                                                                       [0m
[7m[38;2;252;252;252m [0m[38;2;0;0;0;48;2;252;252;252m                                                                                                                       [0m
[7m[38;2;252;252;252m [0m[38;2;0;0;0;48;2;252;252;252m                                                                                                                       [0m
[7m[38;2;252;252;252m [0m[38;2;0;0;0;48;2;252;252;252m                                                                                                                       [0m
[7m[38;2;252;252;252m [0m[38;2;0;0;0;48;2;252;252;252m                                                                                                                       [0m
[7m[38;2;252;252;252m [0m[38;2;0;0;0;48;2;252;252;252m                                                                                                                       [0m
[7m[38;2;252;252;252m [0m[38;2;0;0;0;48;2;252;252;252m                                                                                                                       [0m
[7m[38;2;252;252;252m [0m[38;2;0;0;0;48;2;252;252;252m                                                                                                                       [0m
[7m[38;2;252;252;252m [0m[38;2;0;0;0;48;2;252;252;252m                                                                                                                       [0m
[7m[38;2;252;252;252m [0m[38;2;0;0;0;48;2;252;252;252m                                                                                                                       [0m
[7m[38;2;252;252;252m [0m[38;2;0;0;0;48;2;252;252;252m                                                                                                                       [0m
[7m[38;2;252;252;252m [0m[38;2;0;0;0;48;2;252;252;252m                                                        [48;2;251;251;251m  [38;2;251;251;251;48;2;252;252;252m_[38;2;246;246;246m___[38;2;252;252;252;48;2;251;251;251m: :[48;2;252;252;252m                                                      [0m
[7m[38;2;252;252;252m [0m[38;2;0;0;0;48;2;252;252;252m                                                    [38;2;252;252;252;48;2;251;251;251m: [48;2;250;250;250m`[38;2;203;203;203;48;2;243;243;243m_[38;2;109;109;109;48;2;224;224;224m_[38;2;51;51;51;48;2;180;180;180m_[38;2;58;58;58;48;2;159;159;159my[38;2;39;39;39;48;2;142;142;142my[38;2;38;38;38;48;2;140;140;140my[38;2;43;43;43;48;2;144;144;144my[38;2;30;30;30;48;2;162;162;162m_[38;2;90;90;90;48;2;208;208;208m_[38;2;187;187;187;48;2;240;240;240m_[38;2;252;252;252;48;2;250;250;250m`[48;2;251;251;251m :[48;2;252;252;252m                                                   [0m
[7m[38;2;252;252;252m [0m[38;2;0;0;0;48;2;252;252;252m                                                   [38;2;252;252;252;48;2;251;251;251m.`[38;2;251;251;251;48;2;241;241;241m`[38;2;108;108;108;48;2;188;188;188my[38;2;168;168;168;48;2;61;61;61m~[38;2;53;53;53;48;2;11;11;11m~[38;2;0;0;0;48;2;1;1;1m.[48;2;0;0;0m    [38;2;1;1;1mf[48;2;12;12;12m:[38;2;141;141;141;48;2;62;62;62m~[38;2;104;104;104;48;2;188;188;188m_[38;2;251;251;251;48;2;244;244;244m`[38;2;252;252;252;48;2;251;251;251m~:[48;2;252;252;252m                                                  [0m
[7m[38;2;252;252;252m [0m[38;2;0;0;0;48;2;252;252;252m                                                 [38;2;252;252;252;48;2;251;251;251m: [38;2;253;253;253;48;2;250;250;250m.[38;2;209;209;209;48;2;235;235;235m_[38;2;81;81;81;48;2;141;141;141my[38;2;55;55;55;48;2;22;22;22m~[38;2;0;0;0;48;2;1;1;1m.[48;2;0;0;0m       [38;2;1;1;1m`[38;2;0;0;0;48;2;2;2;2m:[38;2;78;78;78;48;2;46;46;46m"[38;2;116;116;116;48;2;189;189;189m_[38;2;251;251;251;48;2;244;244;244m`[38;2;250;250;250;48;2;251;251;251my[38;2;252;252;252m:[48;2;252;252;252m                                                 [0m
[7m[38;2;252;252;252m [0m[38;2;0;0;0;48;2;252;252;252m                                                 [38;2;252;252;252;48;2;251;251;251m.[48;2;250;250;250m [38;2;254;254;254;48;2;240;240;240m:[38;2;110;110;110;48;2;155;155;155my[38;2;50;50;50;48;2;27;27;27m~[48;2;1;1;1m [48;2;0;0;0m         [38;2;1;1;1m"[38;2;0;0;0;48;2;5;5;5m:[38;2;7;7;7;48;2;70;70;70m.[38;2;205;205;205;48;2;224;224;224mL[38;2;251;251;251;48;2;250;250;250m:[38;2;252;252;252;48;2;251;251;251m:[48;2;252;252;252m                                                 [0m
[7m[38;2;252;252;252m [0m[38;2;0;0;0;48;2;252;252;252m                                                 [38;2;252;252;252;48;2;251;251;251m:[38;2;250;250;250ml[38;2;254;254;254;48;2;235;235;235m:[38;2;119;119;119;48;2;89;89;89mL[38;2;19;19;19;48;2;10;10;10mL[38;2;2;2;2;48;2;0;0;0m`          [38;2;0;0;0;48;2;1;1;1m:[38;2;65;65;65;48;2;48;48;48m4[38;2;201;201;201;48;2;215;215;215mF[38;2;247;247;247;48;2;250;250;250mL[38;2;252;252;252;48;2;251;251;251m:[48;2;252;252;252m                                                 [0m
[7m[38;2;252;252;252m [0m[38;2;0;0;0;48;2;252;252;252m                                                 [38;2;252;252;252;48;2;251;251;251m:[38;2;250;250;250mT[38;2;254;254;254;48;2;244;244;244m'[38;2;130;130;130;48;2;181;181;181m~[38;2;128;128;128;48;2;44;44;44m_[38;2;26;26;26;48;2;5;5;5m,[38;2;2;2;2;48;2;0;0;0m,       .[38;2;1;1;1;48;2;4;4;4m`[38;2;107;107;107;48;2;30;30;30m_[38;2;76;76;76;48;2;155;155;155m~[38;2;227;227;227;48;2;241;241;241m~[38;2;250;250;250;48;2;251;251;251m=[38;2;252;252;252m:[48;2;252;252;252m                                                 [0m
[7m[38;2;252;252;252m [0m[38;2;0;0;0;48;2;252;252;252m                                                  [38;2;252;252;252;48;2;251;251;251m: [38;2;251;251;251;48;2;248;248;248m:[38;2;183;183;183;48;2;229;229;229m"[38;2;63;63;63;48;2;185;185;185m~[38;2;180;180;180;48;2;91;91;91my[38;2;211;211;211;48;2;55;55;55m_[38;2;152;152;152;48;2;32;32;32m_[38;2;103;103;103;48;2;21;21;21m_[38;2;102;102;102;48;2;20;20;20m_[38;2;103;103;103m_[38;2;120;120;120;48;2;24;24;24m_[38;2;175;175;175;48;2;38;38;38m_[38;2;222;222;222;48;2;74;74;74m_[38;2;24;24;24;48;2;166;166;166m~[38;2;151;151;151;48;2;220;220;220m~[38;2;234;234;234;48;2;247;247;247m~[38;2;252;252;252;48;2;251;251;251m.:[48;2;252;252;252m                                 [38;2;253;253;253m^                [0m
[7m[38;2;252;252;252m [0m[38;2;0;0;0;48;2;252;252;252m                                                    [38;2;252;252;252;48;2;251;251;251m:[38;2;249;249;249m`[38;2;254;254;254;48;2;252;252;252m`[38;2;250;250;250;48;2;251;251;251m=[38;2;242;242;242;48;2;249;249;249m`[38;2;199;199;199;48;2;239;239;239m~[38;2;164;164;164;48;2;232;232;232m~[38;2;161;161;161;48;2;231;231;231m~[48;2;232;232;232m~[38;2;172;172;172;48;2;234;234;234m~[38;2;213;213;213;48;2;242;242;242m"[38;2;252;252;252;48;2;250;250;250m:[38;2;253;253;253;48;2;251;251;251m~[38;2;249;249;249m`[38;2;252;252;252m:[48;2;252;252;252m                                                    [0m
[7m[38;2;252;252;252m [0m[38;2;0;0;0;48;2;252;252;252m                                                        [38;2;252;252;252;48;2;251;251;251m:....[38;2;250;250;250m`[38;2;252;252;252m.[48;2;252;252;252m                                                        [0m
[7m[38;2;252;252;252m [0m[38;2;0;0;0;48;2;252;252;252m                                                                                                                       [0m
[7m[38;2;252;252;252m [0m[38;2;0;0;0;48;2;252;252;252m                                                                                                                       [0m
[7m[38;2;252;252;252m [0m[38;2;0;0;0;48;2;252;252;252m                                                                                                                       [0m
[7m[38;2;252;252;252m [0m[38;2;0;0;0;48;2;252;252;252m                                                                                                                       [0m
[7m[38;2;252;252;252m [0m[38;2;0;0;0;48;2;252;252;252m                                                                                                                       [0m
[7m[38;2;252;252;252m [0m[38;2;0;0;0;48;2;252;252;252m                                                                                                                       [0m
[7m[38;2;252;252;252m [0m[38;2;0;0;0;48;2;252;252;252m                                                                                                                       [0m
[7m[38;2;252;252;252m [0m[38;2;0;0;0;48;2;252;252;252m                                                                                                                       [0m
[7m[38;2;252;252;252m [0m[38;2;0;0;0;48;2;252;252;252m                                                                                                                       [0m
[7m[38;2;252;252;252m [0m[38;2;0;0;0;48;2;252;252;252m                                                                                                                       [0m
[7m[38;2;252;252;252m [0m[38;2;0;0;0;48;2;252;252;252m                       [38;2;252;252;252;48;2;251;251;251m:[48;2;252;252;252m                                                                                               [0m
[?25h