[?25l[0m[7m[38;2;252;252;252m [0m[38;2;0;0;0;48;2;252;252;252m                                                                                                                       [0m
[7m[38;2;252;252;252m [0m[38;2;0;0;0;48;2;252;252;252m                                                   [38;2;252;252;252;48;2;251;251;251m:[38;2;245;245;245m_[38;2;233;233;233;48;2;250;250;250m_[38;2;221;221;221;48;2;249;249;249m_[38;2;208;208;208;48;2;247;247;247m_[38;2;201;201;201;48;2;245;245;245m_[38;2;200;200;200m_[38;2;203;203;203;48;2;247;247;247m_[38;2;212;212;212;48;2;248;248;248m_[38;2;220;220;220;48;2;249;249;249m_[38;2;238;238;238;48;2;250;250;250m_[38;2;252;252;252;48;2;251;251;251m:[48;2;252;252;252m                                                        [0m
[7m[38;2;252;252;252m [0m[38;2;0;0;0;48;2;252;252;252m                                              [38;2;252;252;252;48;2;251;251;251m`[38;2;253;253;253m.[38;2;225;225;225;48;2;247;247;247m_[38;2;176;176;176;48;2;233;233;233m_[38;2;124;124;124;48;2;212;212;212m_[38;2;73;73;73;48;2;188;188;188m_[38;2;24;24;24;48;2;154;154;154m_[38;2;209;209;209;48;2;103;103;103m~[38;2;189;189;189;48;2;83;83;83m~[38;2;169;169;169;48;2;69;69;69m~[38;2;156;156;156;48;2;60;60;60m~[38;2;153;153;153;48;2;57;57;57m~[38;2;158;158;158;48;2;59;59;59m~[38;2;172;172;172;48;2;68;68;68m~[38;2;185;185;185;48;2;80;80;80m~[38;2;62;62;62;48;2;142;142;142my[38;2;44;44;44;48;2;178;178;178m_[38;2;113;113;113;48;2;213;213;213m_[38;2;191;191;191;48;2;239;239;239m_[38;2;243;243;243;48;2;249;249;249m,[38;2;252;252;252;48;2;251;251;251m. :[48;2;252;252;252m                                                  [0m
[7m[38;2;252;252;252m [0m[38;2;0;0;0;48;2;252;252;252m                                            [38;2;252;252;252;48;2;251;251;251m`[38;2;253;253;253;48;2;250;250;250m:[38;2;198;198;198;48;2;235;235;235m_[38;2;106;106;106;48;2;189;189;189m_[38;2;69;69;69;48;2;133;133;133my[38;2;135;135;135;48;2;50;50;50m~[38;2;89;89;89;48;2;22;22;22m~[38;2;50;50;50;48;2;8;8;8m~[38;2;12;12;12;48;2;3;3;3m`[38;2;5;5;5;48;2;0;0;0m`       [38;2;1;1;1m`[38;2;28;28;28;48;2;5;5;5m`[38;2;73;73;73;48;2;17;17;17m~[38;2;137;137;137;48;2;51;51;51m~[38;2;62;62;62;48;2;144;144;144my[38;2;111;111;111;48;2;205;205;205m_[38;2;206;206;206;48;2;241;241;241m_[38;2;245;245;245;48;2;248;248;248m,[38;2;252;252;252;48;2;250;250;250m`[48;2;251;251;251m:[48;2;252;252;252m                                                [0m
[7m[38;2;252;252;252m [0m[38;2;0;0;0;48;2;252;252;252m                                           [38;2;252;252;252;48;2;251;251;251m`[48;2;248;248;248m:[38;2;169;169;169;48;2;218;218;218m_[38;2;71;71;71;48;2;129;129;129my[38;2;66;66;66;48;2;29;29;29m"[38;2;7;7;7;48;2;3;3;3m`[48;2;0;0;0m                [38;2;0;0;0;48;2;2;2;2m.[38;2;52;52;52;48;2;18;18;18m"[38;2;59;59;59;48;2;112;112;112mg[38;2;154;154;154;48;2;216;216;216m_[38;2;239;239;239;48;2;248;248;248m,[38;2;250;250;250;48;2;251;251;251m_[38;2;252;252;252m:[48;2;252;252;252m                                               [0m
[7m[38;2;252;252;252m [0m[38;2;0;0;0;48;2;252;252;252m                                         [38;2;252;252;252;48;2;251;251;251m:`[48;2;246;246;246m'[38;2;176;176;176;48;2;208;208;208my[38;2;147;147;147;48;2;81;81;81m~[38;2;34;34;34;48;2;11;11;11m~[48;2;0;0;0m                   [38;2;1;1;1m7[38;2;0;0;0;48;2;9;9;9m:[38;2;57;57;57;48;2;89;89;89m%[38;2;210;210;210;48;2;228;228;228mL[38;2;248;248;248;48;2;250;250;250m,[38;2;252;252;252;48;2;251;251;251m`:[48;2;252;252;252m                                              [0m
[7m[38;2;252;252;252m [0m[38;2;0;0;0;48;2;252;252;252m                                         [38;2;252;252;252;48;2;251;251;251m:[38;2;251;251;251;48;2;250;250;250m`[38;2;250;250;250;48;2;235;235;235m'[38;2;144;144;144;48;2;121;121;121mF[38;2;34;34;34;48;2;18;18;18mL[38;2;1;1;1;48;2;0;0;0m*                     [38;2;54;54;54;48;2;36;36;36m4[38;2;183;183;183;48;2;199;199;199mL[38;2;243;243;243;48;2;247;247;247mL[48;2;251;251;251m [38;2;252;252;252m:[48;2;252;252;252m                                              [0m
[7m[38;2;252;252;252m [0m[38;2;0;0;0;48;2;252;252;252m                                         [38;2;252;252;252;48;2;251;251;251m.[48;2;250;250;250m [38;2;249;249;249;48;2;234;234;234m:[38;2;143;143;143;48;2;117;117;117mL[38;2;32;32;32;48;2;16;16;16mL[38;2;1;1;1;48;2;0;0;0m:                     [38;2;53;53;53;48;2;37;37;37m4[38;2;185;185;185;48;2;200;200;200mF[38;2;243;243;243;48;2;247;247;247mL[48;2;251;251;251m [38;2;252;252;252m:[48;2;252;252;252m                                              [0m
[7m[38;2;252;252;252m [0m[38;2;0;0;0;48;2;252;252;252m                                         [38;2;252;252;252;48;2;251;251;251m:[38;2;250;250;250m`[38;2;252;252;252;48;2;247;247;247m:[38;2;174;174;174;48;2;211;211;211m~[38;2;154;154;154;48;2;72;72;72m_[38;2;26;26;26;48;2;9;9;9m,[48;2;0;0;0m                    [38;2;0;0;0;48;2;2;2;2m:[38;2;76;76;76;48;2;56;56;56m4[38;2;214;214;214;48;2;225;225;225mF[38;2;250;250;250;48;2;252;252;252m~[38;2;252;252;252;48;2;251;251;251m:[48;2;252;252;252m                                               [0m
[7m[38;2;252;252;252m [0m[38;2;0;0;0;48;2;252;252;252m                                          [38;2;252;252;252;48;2;251;251;251m:[38;2;250;250;250m`[38;2;252;252;252;48;2;250;250;250m'[38;2;198;198;198;48;2;227;227;227m"[38;2;168;168;168;48;2;95;95;95m_[38;2;30;30;30;48;2;14;14;14m,[38;2;1;1;1;48;2;0;0;0mi                 [48;2;2;2;2m:[38;2;0;0;0;48;2;29;29;29m`[38;2;171;171;171;48;2;120;120;120my[38;2;228;228;228;48;2;238;238;238m~[38;2;252;252;252;48;2;251;251;251m":[48;2;252;252;252m                                               [0m
[7m[38;2;252;252;252m [0m[38;2;0;0;0;48;2;252;252;252m                                           [38;2;252;252;252;48;2;251;251;251m::[38;2;253;253;253;48;2;249;249;249m'[38;2;199;199;199;48;2;230;230;230m"[38;2;71;71;71;48;2;166;166;166m~[38;2;179;179;179;48;2;61;61;61m_[38;2;44;44;44;48;2;14;14;14m,[38;2;0;0;0;48;2;1;1;1m`[48;2;0;0;0m [38;2;2;2;2m_[38;2;3;3;3m_[38;2;1;1;1m,        _=[48;2;14;14;14m:[38;2;182;182;182;48;2;69;69;69m_[38;2;95;95;95;48;2;191;191;191m~[38;2;228;228;228;48;2;244;244;244m~[48;2;252;252;252m [38;2;252;252;252;48;2;251;251;251m:[48;2;252;252;252m                                                [0m
[7m[38;2;252;252;252m [0m[38;2;0;0;0;48;2;252;252;252m                                             [38;2;253;253;253m'[38;2;249;249;249;48;2;251;251;251m"[38;2;252;252;252;48;2;250;250;250m.[38;2;216;216;216;48;2;243;243;243m"[38;2;169;169;169;48;2;228;228;228m~[38;2;104;104;104;48;2;193;193;193m~[38;2;216;216;216;48;2;117;117;117my[38;2;169;169;169;48;2;77;77;77my[38;2;194;194;194;48;2;60;60;60m_[38;2;182;182;182;48;2;40;40;40m_[38;2;164;164;164;48;2;24;24;24m_[38;2;144;144;144;48;2;16;16;16m_[38;2;118;118;118;48;2;13;13;13m_[38;2;107;107;107;48;2;12;12;12m_[38;2;117;117;117;48;2;14;14;14m_[38;2;142;142;142;48;2;17;17;17m_[38;2;167;167;167;48;2;25;25;25m_[38;2;184;184;184;48;2;44;44;44m_[38;2;163;163;163;48;2;74;74;74my[38;2;52;52;52;48;2;170;170;170m~[38;2;148;148;148;48;2;222;222;222m~[38;2;215;215;215;48;2;244;244;244m~[38;2;246;246;246;48;2;250;250;250m~[38;2;250;250;250;48;2;251;251;251m`[38;2;253;253;253;48;2;252;252;252m`                                                 [0m
[7m[38;2;252;252;252m [0m[38;2;0;0;0;48;2;252;252;252m                                                 [48;2;251;251;251m [38;2;249;249;249m'[38;2;253;253;253m'[38;2;238;238;238;48;2;250;250;250m`[38;2;231;231;231;48;2;249;249;249m`[38;2;227;227;227m`[38;2;206;206;206;48;2;243;243;243m`[38;2;199;199;199;48;2;237;237;237m~[38;2;168;168;168;48;2;229;229;229m~[38;2;153;153;153;48;2;225;225;225m~[38;2;164;164;164;48;2;229;229;229m~[38;2;194;194;194;48;2;237;237;237m~[38;2;223;223;223;48;2;245;245;245m~[38;2;227;227;227;48;2;249;249;249m`[38;2;236;236;236;48;2;250;250;250m`[48;2;252;252;252m                                                       [0m
[7m[38;2;252;252;252m [0m[38;2;0;0;0;48;2;252;252;252m                                                       [38;2;252;252;252;48;2;251;251;251m: [38;2;250;250;250m``` [38;2;252;252;252m:[48;2;252;252;252m                                                         [0m
[7m[38;2;252;252;252m [0m[38;2;0;0;0;48;2;252;252;252m                                                                                                                       [0m
[7m[38;2;252;252;252m [0m[38;2;0;0;0;48;2;252;252;252m                                                                                                                       [0m
[7m[38;2;252;252;252m [0m[38;2;0;0;0;48;2;252;252;252m                                                                                                                       [0m
[7m[38;2;252;252;252m [0m[38;2;0;0;0;48;2;252;252;252m                                                                                                                       [0m
[7m[38;2;252;252;252m [0m[38;2;0;0;0;48;2;252;252;252m                                                                                                                       [0m
[7m[38;2;252;252;252m [0m[38;2;0;0;0;48;2;252;252;252m                                                                                                                       [0m
[7m[38;2;252;252;252m [0m[38;2;0;0;0;48;2;252;252;252m                                                                                                                       [0m
[7m[38;2;252;252;252m [0m[38;2;0;0;0;48;2;252;252;252m                                                                                                                       [0m
[7m[38;2;252;252;252m [0m[38;2;0;0;0;48;2;252;252;252m                                                                                                                       [0m
[7m[38;2;252;252;252m [0m[38;2;0;0;0;48;2;252;252;252m                                                                                                                       [0m
[7m[38;2;252;252;252m [0m[38;2;0;0;0;48;2;252;252;252m                                                                                                                       [0m
[7m[38;2;252;252;252m [0m[38;2;0;0;0;48;2;252;252;252m                                                                                                                       [0m
[7m[38;2;252;252;252m [0m[38;2;0;0;0;48;2;252;252;252m                                                                                                                       [0m
[7m[38;2;252;252;252m [0m[38;2;0;0;0;48;2;252;252;252m                                                                                                                       [0m
[7m[38;2;252;252;252m [0m[38;2;0;0;0;48;2;252;252;252m                                                                                                                       [0m
[7m[38;2;252;252;252m [0m[38;2;0;0;0;48;2;252;252;252m                                                                                                                       [0m
[7m[38;2;252;252;252m [0m[38;2;0;0;0;48;2;252;252;252m                                                                                                                       [0m
[7m[38;2;252;252;252m [0m[38;2;0;0;0;48;2;252;252;252m                                                                                                                       [0m
[7m[38;2;252;252;252m [0m[38;2;0;0;0;48;2;252;252;252m                                                                                                                       [0m
[7m[38;2;252;252;252m [0m[38;2;0;0;0;48;2;252;252;252m                                                                                                                       [0m
[7m[38;2;252;252;252m [0m[38;2;0;0;0;48;2;252;252;252m                                                                                                                       [0m
[7m[38;2;252;252;252m [0m[38;2;0;0;0;48;2;252;252;252m                                                                                                                       [0m
[?25h