[?25l[0m[7m[38;2;0;0;0m [0m[38;2;0;0;0;48;2;0;0;0m                      [38;2;13;13;13m_[38;2;6;6;6m_                                [38;2;0;0;0;48;2;2;2;2m:[38;2;36;36;36;48;2;15;15;15m~[38;2;52;52;52;48;2;21;21;21m~[38;2;1;1;1;48;2;4;4;4m:[48;2;0;0;0m                                                           [0m
[7m[38;2;0;0;0m [0m[38;2;0;0;0;48;2;0;0;0m                     [38;2;59;59;59;48;2;33;33;33ma[38;2;111;111;111;48;2;75;75;75ma[38;2;79;79;79;48;2;52;52;52mm[38;2;0;0;0;48;2;6;6;6m`[48;2;0;0;0m                                                                                              [0m
[7m[38;2;0;0;0m [0m[38;2;0;0;0;48;2;0;0;0m                     [38;2;5;5;5m`[38;2;27;27;27;48;2;4;4;4m`[38;2;30;30;30;48;2;13;13;13m~[38;2;22;22;22;48;2;12;12;12mF[48;2;0;0;0m        [38;2;5;5;5m_                       [38;2;0;0;0;48;2;3;3;3m:[38;2;58;58;58;48;2;15;15;15m_[38;2;90;90;90;48;2;22;22;22m_[38;2;26;26;26;48;2;6;6;6m,[48;2;0;0;0m                                                          [0m
[7m[38;2;0;0;0m [0m[38;2;0;0;0;48;2;0;0;0m                               [48;2;1;1;1m`[38;2;70;70;70;48;2;41;41;41mu[38;2;138;138;138;48;2;81;81;81ma[38;2;53;53;53;48;2;22;22;22m_[38;2;0;0;0;48;2;1;1;1m:[48;2;0;0;0m          [38;2;41;41;41;48;2;5;5;5m_[38;2;100;100;100;48;2;12;12;12m_[38;2;18;18;18;48;2;3;3;3m,[48;2;0;0;0m        [38;2;0;0;0;48;2;8;8;8m:[38;2;71;71;71;48;2;49;49;49m?[38;2;72;72;72;48;2;105;105;105my[38;2;39;39;39;48;2;25;25;25m~[48;2;0;0;0m [38;2;0;0;0;48;2;1;1;1m:[38;2;46;46;46;48;2;22;22;22mu[38;2;1;1;1;48;2;94;94;94m~[38;2;46;46;46;48;2;24;24;24m+[48;2;0;0;0m                                                     [0m
[7m[38;2;0;0;0m [0m[38;2;0;0;0;48;2;0;0;0m                                [38;2;33;33;33;48;2;7;7;7m`[38;2;67;67;67;48;2;21;21;21m~[38;2;58;58;58;48;2;22;22;22m~[38;2;0;0;0;48;2;2;2;2m:[48;2;0;0;0m [38;2;24;24;24;48;2;15;15;15mu[38;2;18;18;18;48;2;61;61;61m~[38;2;15;15;15;48;2;65;65;65m~[38;2;0;0;0;48;2;15;15;15m`[38;2;79;79;79;48;2;27;27;27m_[38;2;150;150;150;48;2;45;45;45m_[38;2;140;140;140;48;2;40;40;40m_[38;2;0;0;0;48;2;9;9;9m:[48;2;1;1;1m:[38;2;51;51;51;48;2;26;26;26m"[38;2;117;117;117;48;2;63;63;63m~[38;2;27;27;27;48;2;18;18;18m~[48;2;0;0;0m   [38;2;3;3;3m_[38;2;1;1;1m_    [38;2;0;0;0;48;2;14;14;14m:[38;2;112;112;112;48;2;49;49;49m_[38;2;73;73;73;48;2;25;25;25m_[38;2;49;49;49;48;2;4;4;4m_[38;2;9;9;9;48;2;1;1;1m,[38;2;22;22;22;48;2;12;12;12m"[38;2;35;35;35;48;2;62;62;62my[38;2;29;29;29;48;2;16;16;16m^[48;2;0;0;0m                                                     [0m
[7m[38;2;0;0;0m [0m[38;2;0;0;0;48;2;0;0;0m                                 [38;2;45;45;45;48;2;7;7;7m_[38;2;111;111;111;48;2;19;19;19m_[38;2;0;0;0;48;2;7;7;7m`[38;2;23;23;23;48;2;10;10;10m_[38;2;57;57;57;48;2;28;28;28my[38;2;55;55;55;48;2;35;35;35m_[38;2;79;79;79;48;2;33;33;33m~[38;2;32;32;32;48;2;18;18;18m~[38;2;70;70;70;48;2;40;40;40m"[38;2;31;31;31;48;2;125;125;125m_[38;2;73;73;73;48;2;140;140;140m_[38;2;53;53;53;48;2;27;27;27mL[48;2;0;0;0m [38;2;0;0;0;48;2;1;1;1m'[38;2;39;39;39;48;2;7;7;7m_[38;2;87;87;87;48;2;14;14;14m_[38;2;0;0;0;48;2;3;3;3m:[48;2;0;0;0m [38;2;25;25;25;48;2;13;13;13mu[38;2;82;82;82;48;2;52;52;52ma[38;2;15;15;15;48;2;54;54;54m~[38;2;0;0;0;48;2;9;9;9m`[48;2;0;0;0m   [38;2;22;22;22;48;2;11;11;11m"[38;2;23;23;23;48;2;62;62;62my[38;2;17;17;17;48;2;66;66;66m_[38;2;118;118;118;48;2;95;95;95mF[38;2;50;50;50;48;2;30;30;30mF[38;2;2;2;2;48;2;1;1;1mL[38;2;9;9;9m`[48;2;0;0;0m                                                      [0m
[7m[38;2;0;0;0m [0m[38;2;0;0;0;48;2;0;0;0m                                 [38;2;66;66;66;48;2;22;22;22m`[38;2;131;131;131;48;2;55;55;55m~[38;2;50;50;50;48;2;37;37;37m=[38;2;21;21;21;48;2;11;11;11m"[38;2;70;70;70;48;2;23;23;23m~[38;2;63;63;63m~[38;2;0;0;0;48;2;3;3;3m:[38;2;4;4;4;48;2;1;1;1m~[38;2;3;3;3;48;2;0;0;0m~[38;2;10;10;10;48;2;2;2;2m`[38;2;44;44;44;48;2;5;5;5m`[38;2;6;6;6;48;2;1;1;1m`[48;2;0;0;0m [38;2;46;46;46;48;2;16;16;16m_[38;2;152;152;152;48;2;71;71;71m_[38;2;115;115;115;48;2;96;96;96m_[38;2;34;34;34;48;2;20;20;20mL[48;2;0;0;0m [38;2;0;0;0;48;2;1;1;1m:[38;2;41;41;41;48;2;9;9;9m`[38;2;49;49;49;48;2;18;18;18m~[38;2;0;0;0;48;2;3;3;3m:[48;2;0;0;0m    [38;2;1;1;1m`[38;2;3;3;3;48;2;1;1;1m`[38;2;28;28;28;48;2;7;7;7m~[38;2;12;12;12;48;2;2;2;2m~[38;2;4;4;4;48;2;0;0;0m_[38;2;1;1;1m, [38;2;34;34;34;48;2;5;5;5m_[38;2;62;62;62;48;2;13;13;13m_[38;2;20;20;20;48;2;4;4;4m,[48;2;0;0;0m       [38;2;1;1;1m_                                          [0m
[7m[38;2;0;0;0m [0m[38;2;0;0;0;48;2;0;0;0m                          [38;2;23;23;23;48;2;2;2;2m_[38;2;51;51;51;48;2;5;5;5m_[48;2;0;0;0m      [38;2;2;2;2m`[38;2;11;11;11;48;2;3;3;3m`[38;2;47;47;47;48;2;5;5;5m_[38;2;67;67;67;48;2;7;7;7m_[38;2;0;0;0;48;2;1;1;1m:[48;2;0;0;0m       [38;2;39;39;39;48;2;22;22;22m"[38;2;34;34;34;48;2;91;91;91my[38;2;16;16;16;48;2;73;73;73m_[38;2;23;23;23;48;2;10;10;10m~[48;2;0;0;0m            [38;2;29;29;29;48;2;15;15;15mu[38;2;105;105;105;48;2;68;68;68ma[38;2;70;70;70;48;2;42;42;42mw[38;2;46;46;46;48;2;29;29;29mu[38;2;136;136;136;48;2;103;103;103ma[38;2;54;54;54;48;2;101;101;101m_[38;2;38;38;38;48;2;24;24;24m^[38;2;1;1;1;48;2;0;0;0ma[38;2;0;0;0;48;2;4;4;4m:[38;2;53;53;53;48;2;24;24;24my[38;2;85;85;85;48;2;40;40;40mg[38;2;36;36;36;48;2;13;13;13mw[38;2;0;0;0;48;2;9;9;9m`[38;2;84;84;84;48;2;44;44;44ma[38;2;66;66;66;48;2;37;37;37mw[38;2;0;0;0;48;2;10;10;10m`[48;2;0;0;0m                                         [0m
[7m[38;2;0;0;0m [0m[38;2;0;0;0;48;2;0;0;0m                         [48;2;1;1;1m`[38;2;87;87;87;48;2;43;43;43m4[38;2;38;38;38;48;2;115;115;115m_[38;2;68;68;68;48;2;40;40;40mw[38;2;0;0;0;48;2;6;6;6m`[48;2;0;0;0m [48;2;2;2;2m`[38;2;67;67;67;48;2;17;17;17m_[38;2;118;118;118;48;2;30;30;30m_[38;2;0;0;0;48;2;8;8;8m`[38;2;11;11;11;48;2;6;6;6m"[38;2;58;58;58;48;2;35;35;35m~[38;2;0;0;0;48;2;68;68;68m_[48;2;10;10;10m`[48;2;0;0;0m  [38;2;3;3;3m_     [38;2;2;2;2m`[38;2;6;6;6m`             [38;2;0;0;0;48;2;4;4;4m:[38;2;58;58;58;48;2;20;20;20m~[38;2;37;37;37;48;2;10;10;10m~[38;2;0;0;0;48;2;4;4;4m:[38;2;52;52;52;48;2;13;13;13m~[38;2;26;26;26;48;2;5;5;5m`[38;2;1;1;1;48;2;0;0;0m``[38;2;0;0;0;48;2;3;3;3m`[38;2;49;49;49;48;2;24;24;24m~[38;2;84;84;84;48;2;34;34;34m~[38;2;28;28;28;48;2;10;10;10m^[38;2;0;0;0;48;2;4;4;4m:[38;2;49;49;49;48;2;14;14;14m~[38;2;22;22;22;48;2;4;4;4m~[38;2;2;2;2;48;2;0;0;0m`                                         [0m
[7m[38;2;0;0;0m [0m[38;2;0;0;0;48;2;0;0;0m                           [38;2;33;33;33;48;2;7;7;7m`[38;2;57;57;57;48;2;16;16;16m~[38;2;19;19;19;48;2;9;9;9m^[48;2;0;0;0m [38;2;7;7;7;48;2;3;3;3m`[38;2;79;79;79;48;2;45;45;45m4[38;2;41;41;41;48;2;134;134;134m_[38;2;124;124;124;48;2;102;102;102mK[38;2;42;42;42;48;2;20;20;20mL[38;2;0;0;0;48;2;1;1;1m`[48;2;0;0;0m [38;2;1;1;1m` [38;2;52;52;52;48;2;35;35;35mu[38;2;64;64;64;48;2;106;106;106m~[38;2;78;78;78;48;2;45;45;45mw[38;2;0;0;0;48;2;6;6;6m:[48;2;0;0;0m                        [48;2;8;8;8m:[38;2;118;118;118;48;2;39;39;39m_[38;2;93;93;93;48;2;40;40;40my[38;2;53;53;53;48;2;15;15;15m,[48;2;0;0;0m                                               [0m
[7m[38;2;0;0;0m [0m[38;2;0;0;0;48;2;0;0;0m                                 [38;2;71;71;71;48;2;29;29;29m_[38;2;179;179;179;48;2;74;74;74m_[38;2;126;126;126;48;2;46;46;46m_[38;2;0;0;0;48;2;6;6;6m:[38;2;1;1;1;48;2;0;0;0m_  [38;2;20;20;20;48;2;3;3;3m`[38;2;50;50;50;48;2;14;14;14m~[38;2;74;74;74;48;2;23;23;23m~[38;2;0;0;0;48;2;4;4;4m:[48;2;0;0;0m               [48;2;15;15;15m`[38;2;138;138;138;48;2;34;34;34m_[38;2;54;54;54;48;2;11;11;11m,[48;2;0;0;0m    [38;2;1;1;1m+[38;2;0;0;0;48;2;4;4;4m:[38;2;69;69;69;48;2;50;50;50m4[38;2;181;181;181;48;2;140;140;140m=[38;2;49;49;49;48;2;94;94;94my[38;2;43;43;43;48;2;12;12;12m~[48;2;0;0;0m                                               [0m
[7m[38;2;0;0;0m [0m[38;2;0;0;0;48;2;0;0;0m                                 [38;2;73;73;73;48;2;15;15;15m`[38;2;137;137;137;48;2;44;44;44m~[38;2;32;32;32;48;2;75;75;75my[38;2;5;5;5;48;2;18;18;18m`[38;2;1;1;1;48;2;0;0;0m`[38;2;0;0;0;48;2;4;4;4m`[38;2;75;75;75;48;2;10;10;10m_[38;2;96;96;96;48;2;11;11;11m_[38;2;0;0;0;48;2;2;2;2m:[48;2;0;0;0m                 [38;2;37;37;37;48;2;16;16;16m"[38;2;110;110;110;48;2;45;45;45m~[38;2;37;37;37;48;2;11;11;11m~[38;2;1;1;1;48;2;0;0;0m' .[38;2;0;0;0;48;2;10;10;10m:[38;2;15;15;15;48;2;60;60;60m~[38;2;28;28;28;48;2;72;72;72m~[38;2;44;44;44;48;2;32;32;32m~[38;2;74;74;74;48;2;20;20;20m~[38;2;28;28;28;48;2;6;6;6m'[48;2;0;0;0m                                                [0m
[7m[38;2;0;0;0m [0m[38;2;0;0;0;48;2;0;0;0m                                  [38;2;67;67;67;48;2;39;39;39m=[38;2;153;153;153;48;2;89;89;89ma[38;2;79;79;79;48;2;46;46;46mw[38;2;0;0;0;48;2;6;6;6m:[38;2;25;25;25;48;2;12;12;12m"[38;2;26;26;26;48;2;64;64;64my[38;2;30;30;30;48;2;94;94;94m_[38;2;0;0;0;48;2;24;24;24m`[48;2;1;1;1m:[48;2;0;0;0m                [48;2;1;1;1m:[38;2;47;47;47;48;2;10;10;10m_[38;2;123;123;123;48;2;27;27;27m_[38;2;50;50;50;48;2;9;9;9m,[48;2;0;0;0m  [38;2;0;0;0;48;2;2;2;2m:[38;2;48;48;48;48;2;15;15;15m~[48;2;13;13;13m~[38;2;9;9;9;48;2;3;3;3m'[48;2;0;0;0m                                                  [0m
[7m[38;2;0;0;0m [0m[38;2;0;0;0;48;2;0;0;0m                                  [38;2;26;26;26;48;2;5;5;5m`[38;2;64;64;64;48;2;14;14;14m~[38;2;61;61;61;48;2;12;12;12m~[38;2;0;0;0;48;2;2;2;2m:[38;2;1;1;1;48;2;0;0;0m`[38;2;2;2;2m`[38;2;10;10;10;48;2;2;2;2m~[38;2;8;8;8;48;2;1;1;1m~[48;2;0;0;0m                [38;2;1;1;1m^[38;2;0;0;0;48;2;5;5;5m:[38;2;75;75;75;48;2;50;50;50m4[38;2;73;73;73;48;2;144;144;144m_[38;2;70;70;70;48;2;37;37;37mF[38;2;0;0;0;48;2;1;1;1m`[48;2;0;0;0m    [48;2;20;20;20m`[38;2;155;155;155;48;2;74;74;74my[38;2;106;106;106;48;2;48;48;48m,[38;2;22;22;22;48;2;7;7;7m,[48;2;0;0;0m       [38;2;0;0;0;48;2;18;18;18m`[38;2;148;148;148;48;2;86;86;86my[38;2;97;97;97;48;2;63;63;63mw[38;2;30;30;30;48;2;17;17;17mL[38;2;50;50;50;48;2;20;20;20my[38;2;73;73;73;48;2;32;32;32my[38;2;47;47;47;48;2;15;15;15m,[48;2;0;0;0m                                 [0m
[7m[38;2;0;0;0m [0m[38;2;0;0;0;48;2;0;0;0m                                            [38;2;46;46;46;48;2;10;10;10m_[38;2;124;124;124;48;2;26;26;26m_[38;2;24;24;24;48;2;7;7;7m,[48;2;0;0;0m          [38;2;0;0;0;48;2;4;4;4m:[38;2;77;77;77;48;2;17;17;17m_[38;2;132;132;132;48;2;28;28;28m_[38;2;46;46;46;48;2;11;11;11m,[38;2;56;56;56;48;2;8;8;8m`[38;2;5;5;5;48;2;2;2;2m'[48;2;0;0;0m     [38;2;4;4;4;48;2;17;17;17m:[38;2;33;33;33;48;2;83;83;83my[38;2;73;73;73;48;2;31;31;31m~[38;2;11;11;11;48;2;3;3;3m~[48;2;0;0;0m   [38;2;0;0;0;48;2;3;3;3m:[38;2;74;74;74;48;2;15;15;15m_[38;2;32;32;32;48;2;6;6;6m_[38;2;0;0;0;48;2;2;2;2m`[38;2;22;22;22;48;2;41;41;41m`[38;2;51;51;51;48;2;133;133;133m_[38;2;91;91;91;48;2;56;56;56mF[38;2;16;16;16;48;2;8;8;8m~[38;2;9;9;9;48;2;35;35;35my[38;2;49;49;49;48;2;15;15;15m~[38;2;16;16;16;48;2;3;3;3m`[48;2;0;0;0m                                 [0m
[7m[38;2;0;0;0m [0m[38;2;0;0;0;48;2;0;0;0m                                [38;2;45;45;45;48;2;28;28;28m4[38;2;130;130;130;48;2;98;98;98ma[38;2;80;80;80;48;2;146;146;146m~[38;2;0;0;0;48;2;33;33;33m`[48;2;1;1;1m:[48;2;0;0;0m       [38;2;42;42;42;48;2;27;27;27m"[38;2;2;2;2;48;2;82;82;82m_[38;2;35;35;35;48;2;19;19;19m~[48;2;0;0;0m  [38;2;0;0;0;48;2;3;3;3m:[38;2;80;80;80;48;2;6;6;6m_[38;2;46;46;46;48;2;4;4;4m_[38;2;47;47;47;48;2;23;23;23mu[38;2;127;127;127;48;2;61;61;61my[38;2;45;45;45;48;2;18;18;18m,[48;2;0;0;0m  [38;2;0;0;0;48;2;5;5;5m:[38;2;67;67;67;48;2;33;33;33m~[38;2;27;27;27;48;2;83;83;83my[38;2;39;39;39;48;2;16;16;16m~[48;2;0;0;0m        [38;2;3;3;3;48;2;1;1;1m.[38;2;0;0;0;48;2;14;14;14m`[38;2;118;118;118;48;2;50;50;50my[38;2;84;84;84;48;2;33;33;33m,[38;2;0;0;0;48;2;5;5;5m`[48;2;3;3;3m:[38;2;13;13;13;48;2;47;47;47m`[38;2;78;78;78;48;2;119;119;119my[38;2;76;76;76;48;2;39;39;39mF[38;2;1;1;1;48;2;2;2;2m.[38;2;14;14;14;48;2;3;3;3m~[38;2;11;11;11;48;2;2;2;2m"[38;2;2;2;2;48;2;0;0;0m~                                     [0m
[7m[38;2;0;0;0m [0m[38;2;0;0;0;48;2;0;0;0m                                [38;2;19;19;19;48;2;2;2;2m`[38;2;84;84;84;48;2;12;12;12m`[38;2;131;131;131;48;2;25;25;25m`[38;2;31;31;31;48;2;10;10;10m`[48;2;0;0;0m         [38;2;1;1;1m``  [38;2;47;47;47;48;2;26;26;26m4[38;2;50;50;50;48;2;108;108;108m_[38;2;79;79;79;48;2;61;61;61mF[38;2;1;1;1;48;2;20;20;20m:[38;2;84;84;84;48;2;32;32;32m~[38;2;89;89;89;48;2;29;29;29m_[38;2;189;189;189;48;2;40;40;40m_[38;2;67;67;67;48;2;14;14;14m,[48;2;0;0;0m [38;2;1;1;1m_         [38;2;0;0;0;48;2;9;9;9m:[38;2;1;1;1;48;2;55;55;55m~[38;2;43;43;43;48;2;36;36;36m/[38;2;13;13;13;48;2;63;63;63my[38;2;53;53;53;48;2;16;16;16m~[38;2;3;3;3;48;2;1;1;1m`[48;2;0;0;0m [38;2;8;8;8;48;2;29;29;29m'[38;2;142;142;142;48;2;100;100;100ma[38;2;71;71;71;48;2;46;46;46mK[38;2;6;6;6;48;2;3;3;3mF[38;2;3;3;3;48;2;1;1;1m-[38;2;1;1;1;48;2;0;0;0m+                                      [0m
[7m[38;2;0;0;0m [0m[38;2;0;0;0;48;2;0;0;0m                                [38;2;1;1;1m,                [38;2;0;0;0;48;2;1;1;1m:[38;2;58;58;58;48;2;32;32;32m4[38;2;149;149;149;48;2;93;93;93m=[38;2;45;45;45;48;2;24;24;24mL[38;2;0;0;0;48;2;8;8;8m:[38;2;91;91;91;48;2;53;53;53m"[38;2;9;9;9;48;2;129;129;129m_[38;2;63;63;63;48;2;31;31;31m~[48;2;0;0;0m [38;2;1;1;1m"  [38;2;0;0;0;48;2;14;14;14m:[38;2;99;99;99;48;2;40;40;40my[38;2;65;65;65;48;2;25;25;25m,[38;2;0;0;0;48;2;3;3;3m`[48;2;0;0;0m   [48;2;4;4;4m`[38;2;70;70;70;48;2;16;16;16m~[38;2;24;24;24;48;2;7;7;7m"[38;2;0;0;0;48;2;26;26;26m`[38;2;154;154;154;48;2;96;96;96my[38;2;78;78;78;48;2;41;41;41mL[38;2;0;0;0;48;2;3;3;3m`[38;2;15;15;15;48;2;4;4;4m`[38;2;42;42;42;48;2;9;9;9m~[38;2;15;15;15;48;2;2;2;2m~[38;2;0;0;0;48;2;12;12;12m:[38;2;116;116;116;48;2;62;62;62my[38;2;39;39;39;48;2;81;81;81m~[38;2;43;43;43;48;2;21;21;21mL[48;2;0;0;0m                                     [0m
[7m[38;2;0;0;0m [0m[38;2;0;0;0;48;2;0;0;0m                               [38;2;43;43;43;48;2;22;22;22my[38;2;0;0;0;48;2;73;73;73m~[38;2;82;82;82;48;2;30;30;30m_[38;2;0;0;0;48;2;3;3;3m:[48;2;0;0;0m    [48;2;7;7;7m`[38;2;70;70;70;48;2;39;39;39my[38;2;0;0;0;48;2;90;90;90m~[38;2;29;29;29;48;2;16;16;16m,[48;2;0;0;0m [38;2;1;1;1m+     [38;2;2;2;2m`[38;2;37;37;37;48;2;3;3;3m`[38;2;3;3;3;48;2;0;0;0m`  [38;2;5;5;5;48;2;1;1;1m` [38;2;0;0;0;48;2;6;6;6m`[38;2;71;71;71;48;2;13;13;13m_[38;2;18;18;18;48;2;3;3;3m,[38;2;34;34;34;48;2;18;18;18mu[38;2;29;29;29;48;2;92;92;92m~[38;2;36;36;36;48;2;68;68;68my[38;2;39;39;39;48;2;15;15;15m"[38;2;0;0;0;48;2;1;1;1m:[48;2;0;0;0m     [48;2;18;18;18m`[38;2;191;191;191;48;2;85;85;85m_[38;2;144;144;144;48;2;104;104;104m_[38;2;50;50;50;48;2;32;32;32mL[38;2;2;2;2;48;2;1;1;1m:[48;2;0;0;0m [38;2;1;1;1m`[38;2;0;0;0;48;2;3;3;3m:[38;2;29;29;29;48;2;41;41;41m.[38;2;46;46;46;48;2;103;103;103my[38;2;85;85;85;48;2;33;33;33m~[38;2;15;15;15;48;2;2;2;2m`[48;2;0;0;0m                                     [0m
[7m[38;2;0;0;0m [0m[38;2;0;0;0;48;2;0;0;0m                               [38;2;46;46;46;48;2;10;10;10m`[38;2;90;90;90;48;2;22;22;22m~[38;2;75;75;75;48;2;17;17;17m~[38;2;0;0;0;48;2;2;2;2m:[48;2;0;0;0m    [38;2;3;3;3;48;2;1;1;1m`[38;2;50;50;50;48;2;15;15;15m~[38;2;124;124;124;48;2;31;31;31m~[38;2;35;35;35;48;2;8;8;8m~[38;2;66;66;66;48;2;44;44;44mq[38;2;72;72;72;48;2;136;136;136m~[38;2;107;107;107;48;2;60;60;60mw[38;2;0;0;0;48;2;10;10;10m:[38;2;1;1;1;48;2;0;0;0mi[38;2;0;0;0;48;2;2;2;2m:[38;2;60;60;60;48;2;27;27;27mu[38;2;145;145;145;48;2;63;63;63my[38;2;48;48;48;48;2;20;20;20m,[48;2;0;0;0m   [48;2;1;1;1m [38;2;0;0;0;48;2;15;15;15m:[38;2;107;107;107;48;2;75;75;75m4[38;2;190;190;190;48;2;139;139;139m=[38;2;69;69;69;48;2;36;36;36mL[38;2;26;26;26;48;2;15;15;15m4[38;2;93;93;93;48;2;72;72;72m=[38;2;74;74;74;48;2;49;49;49m=[38;2;1;1;1;48;2;11;11;11m`[48;2;0;0;0m      [38;2;0;0;0;48;2;20;20;20m.[38;2;168;168;168;48;2;59;59;59m~[38;2;131;131;131;48;2;35;35;35m~[38;2;47;47;47;48;2;10;10;10m'[38;2;1;1;1;48;2;0;0;0m`   [38;2;4;4;4;48;2;1;1;1m~[38;2;7;7;7;48;2;4;4;4m=[38;2;3;3;3;48;2;1;1;1mF[48;2;0;0;0m [38;2;5;5;5m__                                   [0m
[7m[38;2;0;0;0m [0m[38;2;0;0;0;48;2;0;0;0m                                           [38;2;40;40;40;48;2;7;7;7m`[38;2;129;129;129;48;2;24;24;24m`[38;2;72;72;72;48;2;21;21;21m~[38;2;0;0;0;48;2;4;4;4m:[48;2;0;0;0m [38;2;1;1;1m`[38;2;36;36;36;48;2;8;8;8m`[38;2;85;85;85;48;2;18;18;18m~[38;2;0;0;0;48;2;5;5;5m:[48;2;0;0;0m     [38;2;30;30;30;48;2;5;5;5m`[38;2;61;61;61;48;2;13;13;13m~[38;2;13;13;13;48;2;4;4;4m'[38;2;0;0;0;48;2;1;1;1m:[38;2;43;43;43;48;2;4;4;4m`[38;2;14;14;14;48;2;2;2;2m`[48;2;0;0;0m              [38;2;0;0;0;48;2;9;9;9m`[38;2;127;127;127;48;2;24;24;24m_[38;2;60;60;60;48;2;17;17;17m_[38;2;80;80;80;48;2;45;45;45my[38;2;0;0;0;48;2;107;107;107m~[38;2;13;13;13;48;2;124;124;124m~[38;2;114;114;114;48;2;68;68;68ms[38;2;41;41;41;48;2;18;18;18mm[48;2;0;0;0m                                  [0m
[7m[38;2;0;0;0m [0m[38;2;0;0;0;48;2;0;0;0m                                                        [38;2;56;56;56;48;2;33;33;33m4[38;2;86;86;86;48;2;140;140;140m~[38;2;87;87;87;48;2;59;59;59mm[38;2;17;17;17;48;2;7;7;7mL[48;2;0;0;0m    [38;2;0;0;0;48;2;4;4;4m:[38;2;102;102;102;48;2;8;8;8m_[38;2;124;124;124;48;2;30;30;30m_[38;2;41;41;41;48;2;12;12;12m_[38;2;2;2;2;48;2;0;0;0m.       [38;2;0;0;0;48;2;5;5;5m:[38;2;66;66;66;48;2;41;41;41m=[38;2;1;1;1;48;2;94;94;94m_[38;2;70;70;70;48;2;33;33;33m~[38;2;65;65;65;48;2;17;17;17m~[38;2;80;80;80;48;2;20;20;20m~[38;2;75;75;75;48;2;18;18;18m~[38;2;34;34;34;48;2;7;7;7m'[48;2;0;0;0m                                   [0m
[7m[38;2;0;0;0m [0m[38;2;0;0;0;48;2;0;0;0m                                                  [38;2;30;30;30;48;2;15;15;15mu[38;2;0;0;0;48;2;66;66;66m~[38;2;32;32;32;48;2;17;17;17mr[38;2;47;47;47;48;2;25;25;25mu[38;2;98;98;98;48;2;49;49;49ma[38;2;31;31;31;48;2;11;11;11mr[38;2;15;15;15;48;2;5;5;5m`[38;2;76;76;76;48;2;14;14;14m~[38;2;33;33;33;48;2;5;5;5m~[38;2;0;0;0;48;2;9;9;9m:[38;2;132;132;132;48;2;30;30;30m_[38;2;199;199;199;48;2;50;50;50m_[38;2;81;81;81;48;2;17;17;17m,[38;2;0;0;0;48;2;9;9;9m:[38;2;86;86;86;48;2;63;63;63m4[38;2;90;90;90;48;2;155;155;155m_[38;2;37;37;37;48;2;127;127;127m_[38;2;63;63;63;48;2;29;29;29m~[38;2;1;1;1;48;2;0;0;0m'        [38;2;3;3;3m`                                         [0m
[7m[38;2;0;0;0m [0m[38;2;0;0;0;48;2;0;0;0m                                           [48;2;1;1;1m:[38;2;40;40;40;48;2;14;14;14m_[38;2;74;74;74;48;2;27;27;27my[38;2;18;18;18;48;2;7;7;7m,[48;2;0;0;0m   [38;2;0;0;0;48;2;4;4;4m:[38;2;53;53;53;48;2;12;12;12m~[38;2;15;15;15;48;2;2;2;2m~[38;2;5;5;5;48;2;1;1;1m`[38;2;13;13;13;48;2;3;3;3m~[48;2;0;0;0m   [38;2;0;0;0;48;2;31;31;31m:[38;2;177;177;177;48;2;107;107;107m=[38;2;22;22;22;48;2;139;139;139m_[38;2;200;200;200;48;2;85;85;85m~[38;2;68;68;68;48;2;19;19;19m~[48;2;0;0;0m [38;2;4;4;4;48;2;1;1;1m~[38;2;8;8;8m~[48;2;0;0;0m                                                     [0m
[7m[38;2;0;0;0m [0m[38;2;0;0;0;48;2;0;0;0m                                            [38;2;36;36;36;48;2;18;18;18m"[38;2;16;16;16;48;2;66;66;66my[38;2;37;37;37;48;2;15;15;15m~[38;2;0;0;0;48;2;1;1;1m:[48;2;0;0;0m     [38;2;43;43;43;48;2;19;19;19m_[38;2;111;111;111;48;2;52;52;52my[38;2;51;51;51;48;2;19;19;19m,[48;2;0;0;0m  [38;2;0;0;0;48;2;1;1;1m:[38;2;49;49;49;48;2;8;8;8m`[38;2;0;0;0;48;2;21;21;21m:[38;2;97;97;97;48;2;73;73;73ma[38;2;126;126;126;48;2;64;64;64m_[38;2;50;50;50;48;2;15;15;15m,[48;2;0;0;0m                                                       [0m
[7m[38;2;0;0;0m [0m[38;2;0;0;0;48;2;0;0;0m                                              [38;2;43;43;43;48;2;15;15;15m_[38;2;98;98;98;48;2;36;36;36my[38;2;43;43;43;48;2;15;15;15m,[48;2;0;0;0m   [38;2;0;0;0;48;2;4;4;4m:[38;2;93;93;93;48;2;25;25;25m_[38;2;135;135;135;48;2;64;64;64m~[38;2;92;92;92;48;2;53;53;53my[38;2;84;84;84;48;2;36;36;36my[38;2;163;163;163;48;2;63;63;63my[38;2;111;111;111;48;2;42;42;42m,[38;2;21;21;21;48;2;7;7;7m,[38;2;0;0;0;48;2;2;2;2m'[38;2;46;46;46;48;2;27;27;27m"[38;2;28;28;28;48;2;80;80;80my[38;2;43;43;43;48;2;16;16;16m~[48;2;0;0;0m   [38;2;0;0;0;48;2;3;3;3m:[38;2;82;82;82;48;2;15;15;15m_[38;2;69;69;69;48;2;11;11;11m_[38;2;19;19;19;48;2;3;3;3m,[38;2;0;0;0;48;2;20;20;20m`[38;2;157;157;157;48;2;60;60;60my[38;2;125;125;125;48;2;52;52;52my[38;2;76;76;76;48;2;19;19;19m,[48;2;0;0;0m                                            [0m
[7m[38;2;0;0;0m [0m[38;2;0;0;0;48;2;0;0;0m                                              [38;2;41;41;41;48;2;23;23;23m"[38;2;22;22;22;48;2;86;86;86my[38;2;65;65;65;48;2;29;29;29m~[38;2;0;0;0;48;2;3;3;3m:[48;2;0;0;0m  [48;2;30;30;30m:[38;2;47;47;47;48;2;116;116;116my[38;2;28;28;28;48;2;78;78;78my[38;2;20;20;20;48;2;74;74;74my[48;2;73;73;73my[38;2;163;163;163;48;2;65;65;65m~[38;2;72;72;72;48;2;26;26;26m"[38;2;5;5;5;48;2;2;2;2m'[38;2;1;1;1;48;2;0;0;0m`      [38;2;0;0;0;48;2;16;16;16m`[38;2;35;35;35;48;2;92;92;92my[38;2;25;25;25;48;2;79;79;79my[38;2;38;38;38;48;2;27;27;27m~[38;2;47;47;47;48;2;28;28;28m"[38;2;23;23;23;48;2;95;95;95my[38;2;120;120;120;48;2;41;41;41m~[38;2;43;43;43;48;2;10;10;10m'[48;2;0;0;0m                                            [0m
[7m[38;2;0;0;0m [0m[38;2;0;0;0;48;2;0;0;0m                                                [48;2;1;1;1m:[38;2;40;40;40;48;2;12;12;12m_[38;2;88;88;88;48;2;26;26;26m_[38;2;17;17;17;48;2;5;5;5m,[38;2;0;0;0;48;2;1;1;1m:[38;2;58;58;58m_[38;2;12;12;12m,[48;2;0;0;0m  [38;2;1;1;1;48;2;25;25;25m:[38;2;43;43;43;48;2;93;93;93m~[38;2;53;53;53;48;2;30;30;30mL[38;2;4;4;4;48;2;1;1;1mr[38;2;1;1;1;48;2;0;0;0m=       [38;2;0;0;0;48;2;18;18;18m`[38;2;5;5;5;48;2;95;95;95m_[38;2;70;70;70;48;2;41;41;41mF[38;2;2;2;2;48;2;7;7;7m`[48;2;0;0;0m     [38;2;0;0;0;48;2;7;7;7m`[38;2;93;93;93;48;2;19;19;19m_[38;2;42;42;42;48;2;9;9;9m_[38;2;2;2;2;48;2;0;0;0m.                                     [0m
[7m[38;2;0;0;0m [0m[38;2;0;0;0;48;2;0;0;0m                                                [48;2;1;1;1m:[38;2;41;41;41;48;2;20;20;20m"[38;2;16;16;16;48;2;61;61;61my[38;2;22;22;22;48;2;10;10;10m~[38;2;0;0;0;48;2;26;26;26m:[38;2;34;34;34;48;2;93;93;93m_[38;2;55;55;55;48;2;34;34;34m^[38;2;0;0;0;48;2;3;3;3m:[48;2;0;0;0m [48;2;4;4;4m'[38;2;48;48;48;48;2;10;10;10m~[38;2;18;18;18;48;2;3;3;3m~[38;2;33;33;33;48;2;15;15;15mu[38;2;1;1;1;48;2;84;84;84m~[38;2;2;2;2;48;2;78;78;78m~[38;2;36;36;36;48;2;14;14;14mr[38;2;0;0;0;48;2;13;13;13m:[48;2;75;75;75m~[38;2;4;4;4;48;2;112;112;112m~[38;2;60;60;60;48;2;26;26;26mr[48;2;0;0;0m [38;2;1;1;1m`[38;2;4;4;4m`      [38;2;0;0;0;48;2;4;4;4m:[38;2;64;64;64;48;2;40;40;40m?[38;2;33;33;33;48;2;104;104;104my[38;2;71;71;71;48;2;31;31;31mF[38;2;4;4;4;48;2;2;2;2m'[48;2;0;0;0m                                     [0m
[7m[38;2;0;0;0m [0m[38;2;0;0;0;48;2;0;0;0m                                                 [48;2;3;3;3m:[38;2;51;51;51;48;2;29;29;29my[38;2;100;100;100;48;2;60;60;60mg[38;2;29;29;29;48;2;15;15;15m,[38;2;3;3;3;48;2;2;2;2m'[48;2;0;0;0m [38;2;1;1;1ms[38;2;20;20;20;48;2;11;11;11mu[48;2;61;61;61m~[38;2;24;24;24;48;2;59;59;59m~[38;2;22;22;22;48;2;10;10;10mL[38;2;0;0;0;48;2;4;4;4m:[38;2;18;18;18;48;2;38;38;38m:[38;2;129;129;129;48;2;75;75;75m=[38;2;46;46;46;48;2;21;21;21mr[38;2;0;0;0;48;2;5;5;5m:[38;2;74;74;74;48;2;23;23;23m~[38;2;77;77;77;48;2;24;24;24m~[38;2;23;23;23;48;2;5;5;5m~[38;2;0;0;0;48;2;2;2;2m:[38;2;69;69;69;48;2;7;7;7m_[38;2;53;53;53;48;2;5;5;5m_[38;2;10;10;10;48;2;1;1;1m,[48;2;0;0;0m [38;2;6;6;6m_[38;2;2;2;2m_   [38;2;1;1;1m`                                        [0m
[7m[38;2;0;0;0m [0m[38;2;0;0;0;48;2;0;0;0m                                                 [38;2;1;1;1m`[38;2;37;37;37;48;2;7;7;7m`[38;2;81;81;81;48;2;19;19;19m~[38;2;57;57;57;48;2;33;33;33my[38;2;90;90;90;48;2;44;44;44mg[38;2;29;29;29;48;2;12;12;12m,[38;2;1;1;1;48;2;0;0;0m`[38;2;0;0;0;48;2;2;2;2m:[38;2;44;44;44;48;2;7;7;7m~[38;2;30;30;30;48;2;4;4;4m~[38;2;44;44;44;48;2;25;25;25mu[38;2;43;43;43;48;2;114;114;114m~[38;2;97;97;97;48;2;75;75;75mr[38;2;32;32;32;48;2;18;18;18mF[38;2;3;3;3;48;2;1;1;1m'[48;2;0;0;0m [38;2;2;2;2m`[38;2;1;1;1;48;2;8;8;8m:[38;2;138;138;138;48;2;18;18;18m_[38;2;89;89;89;48;2;33;33;33m_[38;2;62;62;62;48;2;115;115;115my[38;2;133;133;133;48;2;111;111;111m_[38;2;85;85;85;48;2;49;49;49m_[38;2;64;64;64;48;2;36;36;36mu[38;2;158;158;158;48;2;90;90;90ma[38;2;94;94;94;48;2;49;49;49mw[38;2;0;0;0;48;2;9;9;9m`[48;2;0;0;0m                                           [0m
[7m[38;2;0;0;0m [0m[38;2;0;0;0;48;2;0;0;0m                                                   [48;2;2;2;2m:[38;2;54;54;54;48;2;18;18;18m"[38;2;100;100;100;48;2;31;31;31m~[38;2;26;26;26;48;2;6;6;6m~[48;2;0;0;0m    [38;2;28;28;28;48;2;9;9;9m"[38;2;99;99;99;48;2;32;32;32m~[38;2;37;37;37;48;2;13;13;13m"[38;2;0;0;0;48;2;1;1;1m:[48;2;0;0;0m  [48;2;7;7;7m:[38;2;96;96;96;48;2;61;61;61m4[38;2;111;111;111;48;2;185;185;185m_[38;2;152;152;152;48;2;123;123;123m=[38;2;21;21;21;48;2;51;51;51m1[38;2;139;139;139;48;2;46;46;46m~[38;2;97;97;97;48;2;29;29;29m~[38;2;31;31;31;48;2;7;7;7m~[38;2;70;70;70m`[38;2;27;27;27;48;2;3;3;3m`[38;2;1;1;1;48;2;0;0;0m`                                           [0m
[7m[38;2;0;0;0m [0m[38;2;0;0;0;48;2;0;0;0m                                                [48;2;1;1;1m:[38;2;58;58;58;48;2;7;7;7m_[38;2;128;128;128;48;2;15;15;15m_[38;2;30;30;30;48;2;5;5;5m,[48;2;0;0;0m [38;2;1;1;1m_     [38;2;36;36;36;48;2;20;20;20mu[38;2;123;123;123;48;2;83;83;83ma[38;2;97;97;97;48;2;72;72;72mw[38;2;31;31;31;48;2;15;15;15mL[38;2;3;3;3;48;2;1;1;1mg[38;2;0;0;0m:[38;2;55;55;55;48;2;7;7;7m_[38;2;93;93;93;48;2;30;30;30m_[38;2;45;45;45;48;2;100;100;100my[38;2;34;34;34;48;2;93;93;93my[38;2;41;41;41;48;2;20;20;20m~[38;2;1;1;1;48;2;0;0;0m`                                                [0m
[7m[38;2;0;0;0m [0m[38;2;0;0;0;48;2;0;0;0m                                                [48;2;7;7;7m:[38;2;75;75;75;48;2;49;49;49m4[38;2;0;0;0;48;2;124;124;124m_[38;2;49;49;49;48;2;26;26;26mF[38;2;0;0;0;48;2;1;1;1m:[38;2;2;2;2;48;2;0;0;0m"     [38;2;0;0;0;48;2;16;16;16m'[38;2;159;159;159;48;2;52;52;52m_[38;2;62;62;62;48;2;22;22;22m_[38;2;3;3;3;48;2;2;2;2m.[38;2;2;2;2;48;2;0;0;0m~[38;2;0;0;0;48;2;6;6;6m'[38;2;66;66;66;48;2;35;35;35m~[38;2;29;29;29;48;2;74;74;74my[38;2;39;39;39;48;2;15;15;15m~[38;2;0;0;0;48;2;1;1;1mL[48;2;0;0;0m [48;2;1;1;1m:[38;2;46;46;46;48;2;11;11;11m_[38;2;100;100;100;48;2;26;26;26m_[38;2;56;56;56;48;2;14;14;14m,[38;2;7;7;7;48;2;1;1;1m,[48;2;0;0;0m                                            [0m
[7m[38;2;0;0;0m [0m[38;2;0;0;0;48;2;0;0;0m                                                  [48;2;25;25;25m:[38;2;124;124;124;48;2;61;61;61ma[38;2;83;83;83;48;2;38;38;38mw[38;2;0;0;0;48;2;8;8;8m`[38;2;2;2;2;48;2;0;0;0my   [38;2;3;3;3m_[38;2;0;0;0;48;2;13;13;13m'[38;2;115;115;115;48;2;35;35;35m~[38;2;47;47;47;48;2;16;16;16m"[38;2;2;2;2;48;2;1;1;1m'[38;2;9;9;9;48;2;0;0;0m_[38;2;4;4;4m_  [38;2;0;0;0;48;2;9;9;9m:[38;2;98;98;98;48;2;59;59;59mu[38;2;184;184;184;48;2;100;100;100ma[38;2;112;112;112;48;2;54;54;54mw[38;2;51;51;51;48;2;42;42;42mM[38;2;0;0;0;48;2;91;91;91m_[38;2;73;73;73;48;2;40;40;40mF[38;2;16;16;16;48;2;7;7;7m^[48;2;0;0;0m                                            [0m
[7m[38;2;0;0;0m [0m[38;2;0;0;0;48;2;0;0;0m                                                  [38;2;46;46;46;48;2;20;20;20m_[38;2;174;174;174;48;2;74;74;74m_[38;2;159;159;159;48;2;57;57;57m_[38;2;40;40;40;48;2;16;16;16m,[38;2;55;55;55;48;2;13;13;13m_[38;2;50;50;50;48;2;11;11;11m_[38;2;0;0;0;48;2;3;3;3m`[48;2;9;9;9m:[38;2;72;72;72;48;2;40;40;40ma[38;2;29;29;29;48;2;80;80;80m~[38;2;40;40;40;48;2;17;17;17mr[38;2;1;1;1;48;2;7;7;7m`[38;2;80;80;80;48;2;24;24;24m_[38;2;69;69;69;48;2;50;50;50my[38;2;127;127;127;48;2;69;69;69ma[38;2;51;51;51;48;2;20;20;20mr[38;2;1;1;1;48;2;0;0;0m" [38;2;44;44;44;48;2;9;9;9m`[38;2;85;85;85;48;2;25;25;25m~[38;2;59;59;59;48;2;15;15;15m~[38;2;12;12;12;48;2;2;2;2m~[48;2;0;0;0m                                               [0m
[?25h