[?25l[0m[7m[38;2;0;0;0m [0m[38;2;0;0;0;48;2;0;0;0m                                                         [48;2;2;2;2m:[38;2;84;84;84;48;2;60;60;60m4[38;2;214;214;214;48;2;225;225;225mL[38;2;253;253;253;48;2;251;251;251m: [48;2;252;252;252m                                                         [0m
[7m[38;2;0;0;0m [0m[38;2;0;0;0;48;2;0;0;0m                                                         [48;2;1;1;1m:[38;2;84;84;84;48;2;60;60;60m4[38;2;214;214;214;48;2;225;225;225mL[38;2;253;253;253;48;2;251;251;251m: [48;2;252;252;252m                                                         [0m
[7m[38;2;0;0;0m [0m[38;2;0;0;0;48;2;0;0;0m                                                         [48;2;1;1;1m:[38;2;84;84;84;48;2;60;60;60m4[38;2;214;214;214;48;2;225;225;225mL[38;2;253;253;253;48;2;251;251;251m: [48;2;252;252;252m                                                         [0m
[7m[38;2;0;0;0m [0m[38;2;0;0;0;48;2;0;0;0m                                                         [48;2;1;1;1m:[38;2;84;84;84;48;2;60;60;60m4[38;2;214;214;214;48;2;225;225;225mL[38;2;253;253;253;48;2;251;251;251m: [48;2;252;252;252m                                                         [0m
[7m[38;2;0;0;0m [0m[38;2;0;0;0;48;2;0;0;0m                                                         [48;2;1;1;1m:[38;2;84;84;84;48;2;60;60;60m4[38;2;214;214;214;48;2;225;225;225mL[38;2;253;253;253;48;2;251;251;251m: [48;2;252;252;252m                                                         [0m
[7m[38;2;0;0;0m [0m[38;2;0;0;0;48;2;0;0;0m                                                         [48;2;1;1;1m:[38;2;84;84;84;48;2;60;60;60m4[38;2;214;214;214;48;2;225;225;225mL[38;2;253;253;253;48;2;251;251;251m: [48;2;252;252;252m                                                         [0m
[7m[38;2;0;0;0m [0m[38;2;0;0;0;48;2;0;0;0m                                                         [48;2;1;1;1m:[38;2;84;84;84;48;2;60;60;60m4[38;2;214;214;214;48;2;225;225;225mL[38;2;253;253;253;48;2;251;251;251m: [48;2;252;252;252m                                                         [0m
[7m[38;2;0;0;0m [0m[38;2;0;0;0;48;2;0;0;0m                                                         [48;2;1;1;1m:[38;2;84;84;84;48;2;60;60;60m4[38;2;214;214;214;48;2;225;225;225mL[38;2;253;253;253;48;2;251;251;251m: [48;2;252;252;252m                                                         [0m
[7m[38;2;0;0;0m [0m[38;2;0;0;0;48;2;0;0;0m                                                         [48;2;1;1;1m:[38;2;84;84;84;48;2;60;60;60m4[38;2;214;214;214;48;2;225;225;225mL[38;2;253;253;253;48;2;251;251;251m: [48;2;252;252;252m                                                         [0m
[7m[38;2;0;0;0m [0m[38;2;0;0;0;48;2;0;0;0m                                                         [48;2;1;1;1m:[38;2;84;84;84;48;2;60;60;60m4[38;2;214;214;214;48;2;225;225;225mL[38;2;253;253;253;48;2;251;251;251m: [48;2;252;252;252m                                                         [0m
[7m[38;2;0;0;0m [0m[38;2;0;0;0;48;2;0;0;0m                                                        [38;2;1;1;1m_[38;2;0;0;0;48;2;1;1;1m:[38;2;84;84;84;48;2;60;60;60m4[38;2;213;213;213;48;2;224;224;224mL[38;2;250;250;250;48;2;251;251;251mL[38;2;249;249;249m_ [48;2;252;252;252m                                                        [0m
[7m[38;2;0;0;0m [0m[38;2;0;0;0;48;2;0;0;0m                                                    [38;2;1;1;1m.[38;2;0;0;0;48;2;4;4;4m`[38;2;86;86;86;48;2;10;10;10m_[38;2;144;144;144;48;2;18;18;18m_[38;2;177;177;177;48;2;32;32;32m_[38;2;186;186;186;48;2;47;47;47m_[38;2;58;58;58;48;2;107;107;107mF[38;2;122;122;122;48;2;197;197;197m_[38;2;121;121;121;48;2;216;216;216m_[38;2;141;141;141;48;2;225;225;225m_[38;2;176;176;176;48;2;239;239;239m_[38;2;200;200;200;48;2;247;247;247m_[38;2;224;224;224;48;2;249;249;249m_[38;2;248;248;248;48;2;251;251;251m, [48;2;252;252;252m                                                    [0m
[7m[38;2;0;0;0m [0m[38;2;0;0;0;48;2;0;0;0m                                              [38;2;1;1;1m_  *[38;2;53;53;53;48;2;14;14;14m_[38;2;201;201;201;48;2;63;63;63m_[38;2;200;200;200;48;2;109;109;109my[38;2;58;58;58;48;2;194;194;194m~[38;2;124;124;124;48;2;219;219;219m~[38;2;194;194;194;48;2;238;238;238m~[38;2;224;224;224;48;2;247;247;247m`[38;2;229;229;229;48;2;249;249;249m`[38;2;238;238;238;48;2;223;223;223m:[38;2;98;98;98;48;2;65;65;65mL[38;2;80;80;80;48;2;9;9;9m`[38;2;93;93;93;48;2;10;10;10m`[38;2;121;121;121;48;2;19;19;19m`[38;2;113;113;113;48;2;38;38;38m~[38;2;183;183;183;48;2;74;74;74m~[38;2;32;32;32;48;2;164;164;164m_[38;2;121;121;121;48;2;227;227;227m_[38;2;252;252;252;48;2;249;249;249m'[38;2;250;250;250;48;2;252;252;252m=[38;2;252;252;252;48;2;251;251;251m:[38;2;249;249;249m_ [48;2;252;252;252m                                               [0m
[7m[38;2;0;0;0m [0m[38;2;0;0;0;48;2;0;0;0m                                           [38;2;24;24;24;48;2;2;2;2m_[38;2;90;90;90;48;2;10;10;10m_[38;2;154;154;154;48;2;23;23;23m_[38;2;183;183;183;48;2;50;50;50m_[38;2;161;161;161;48;2;69;69;69my[38;2;198;198;198;48;2;90;90;90my[38;2;38;38;38;48;2;165;165;165m~[38;2;136;136;136;48;2;214;214;214m~[38;2;222;222;222;48;2;245;245;245m~[38;2;252;252;252;48;2;249;249;249m`[48;2;251;251;251m.[38;2;250;250;250m`  [38;2;254;254;254m:[38;2;237;237;237;48;2;223;223;223m:[38;2;97;97;97;48;2;60;60;60mL[38;2;2;2;2;48;2;1;1;1mL[48;2;0;0;0m  [38;2;1;1;1m` [38;2;0;0;0;48;2;3;3;3m:[38;2;83;83;83;48;2;24;24;24m"[38;2;184;184;184;48;2;65;65;65m~[38;2;53;53;53;48;2;155;155;155my[38;2;43;43;43;48;2;186;186;186m_[38;2;111;111;111;48;2;212;212;212m_[38;2;170;170;170;48;2;236;236;236m_[38;2;202;202;202;48;2;247;247;247m_[38;2;226;226;226;48;2;250;250;250m_[38;2;247;247;247;48;2;251;251;251m, [38;2;252;252;252m:[48;2;252;252;252m                                          [0m
[7m[38;2;0;0;0m [0m[38;2;0;0;0;48;2;0;0;0m                                        [38;2;22;22;22;48;2;4;4;4m_[38;2;118;118;118;48;2;35;35;35m_[38;2;187;187;187;48;2;92;92;92my[38;2;49;49;49;48;2;187;187;187m~[38;2;127;127;127;48;2;193;193;193m~[38;2;100;100;100;48;2;205;205;205m_[38;2;165;165;165;48;2;210;210;210m_[38;2;224;224;224;48;2;239;239;239m+[38;2;245;245;245;48;2;250;250;250m`[38;2;252;252;252;48;2;251;251;251m. [48;2;252;252;252m     [48;2;251;251;251m [38;2;254;254;254m:[38;2;237;237;237;48;2;223;223;223m:[38;2;97;97;97;48;2;60;60;60mL[38;2;2;2;2;48;2;1;1;1mL[48;2;0;0;0m       [38;2;0;0;0;48;2;1;1;1m:[38;2;27;27;27;48;2;14;14;14m-[38;2;55;55;55;48;2;35;35;35m*[38;2;120;120;120;48;2;33;33;33m`[38;2;55;55;55;48;2;92;92;92mR[38;2;182;182;182;48;2;98;98;98m~[38;2;81;81;81;48;2;165;165;165my[38;2;89;89;89;48;2;216;216;216m_[38;2;212;212;212;48;2;244;244;244m_[38;2;248;248;248;48;2;250;250;250m,[38;2;250;250;250;48;2;251;251;251m_[38;2;252;252;252m:[48;2;252;252;252m                                       [0m
[7m[38;2;0;0;0m [0m[38;2;0;0;0;48;2;0;0;0m                                       [48;2;7;7;7m`[38;2;113;113;113;48;2;83;83;83m4[38;2;155;155;155;48;2;213;213;213m`[38;2;148;148;148;48;2;198;198;198my[38;2;193;193;193;48;2;83;83;83m~[38;2;112;112;112;48;2;31;31;31m~[38;2;71;71;71;48;2;60;60;60m4[38;2;168;168;168;48;2;187;187;187mF[38;2;244;244;244;48;2;248;248;248mL[38;2;248;248;248;48;2;250;250;250m`[38;2;252;252;252;48;2;251;251;251m:[48;2;252;252;252m      [48;2;251;251;251m [38;2;254;254;254m:[38;2;237;237;237;48;2;223;223;223m:[38;2;97;97;97;48;2;61;61;61mL[38;2;3;3;3;48;2;1;1;1mL[48;2;0;0;0m          [38;2;1;1;1;48;2;39;39;39m:[38;2;156;156;156;48;2;188;188;188m~[38;2;164;164;164;48;2;225;225;225m"[38;2;99;99;99;48;2;186;186;186m~[38;2;127;127;127;48;2;86;86;86mw[38;2;163;163;163;48;2;94;94;94m~[38;2;189;189;189;48;2;219;219;219mL[38;2;241;241;241;48;2;248;248;248m,[48;2;251;251;251m [38;2;252;252;252m:[48;2;252;252;252m                                      [0m
[7m[38;2;0;0;0m [0m[38;2;0;0;0;48;2;0;0;0m                                       [38;2;5;5;5;48;2;2;2;2m`[38;2;86;86;86;48;2;48;48;48m"[38;2;49;49;49;48;2;162;162;162m_[38;2;128;128;128;48;2;208;208;208m_[38;2;87;87;87;48;2;189;189;189m~[38;2;16;16;16;48;2;172;172;172m~[38;2;77;77;77;48;2;192;192;192m~[38;2;226;226;226;48;2;244;244;244m~[38;2;254;254;254;48;2;251;251;251m` [48;2;252;252;252m       [48;2;251;251;251m :[38;2;237;237;237;48;2;223;223;223m:[38;2;97;97;97;48;2;61;61;61mL[38;2;3;3;3;48;2;1;1;1mL[48;2;0;0;0m         [38;2;0;0;0;48;2;6;6;6m:[38;2;88;88;88;48;2;59;59;59m4[38;2;79;79;79;48;2;193;193;193m_[38;2;56;56;56;48;2;184;184;184m_[38;2;61;61;61;48;2;161;161;161my[38;2;143;143;143;48;2;86;86;86m~[38;2;213;213;213;48;2;100;100;100m_[38;2;180;180;180;48;2;219;219;219m~[38;2;243;243;243;48;2;249;249;249m~[48;2;251;251;251m [38;2;252;252;252m:[48;2;252;252;252m                                      [0m
[7m[38;2;0;0;0m [0m[38;2;0;0;0;48;2;0;0;0m                                         [38;2;10;10;10;48;2;3;3;3m`[38;2;73;73;73;48;2;21;21;21m"[38;2;155;155;155;48;2;45;45;45m~[38;2;209;209;209;48;2;82;82;82m~[38;2;92;92;92;48;2;172;172;172m_[38;2;252;252;252;48;2;245;245;245m:[38;2;253;253;253;48;2;252;252;252m`        [48;2;251;251;251m [38;2;254;254;254m:[38;2;237;237;237;48;2;223;223;223m:[38;2;97;97;97;48;2;61;61;61mL[38;2;3;3;3;48;2;1;1;1mL[48;2;0;0;0m        [38;2;0;0;0;48;2;1;1;1m:[48;2;26;26;26m`[38;2;168;168;168;48;2;74;74;74my[38;2;205;205;205;48;2;100;100;100my[38;2;222;222;222;48;2;131;131;131my[38;2;99;99;99;48;2;196;196;196m~[38;2;162;162;162;48;2;231;231;231m~[38;2;232;232;232;48;2;249;249;249m~[48;2;252;252;252m [38;2;252;252;252;48;2;251;251;251m.:[48;2;252;252;252m                                       [0m
[7m[38;2;0;0;0m [0m[38;2;0;0;0;48;2;0;0;0m                                            [38;2;3;3;3;48;2;1;1;1m`[38;2;81;81;81;48;2;54;54;54m4[38;2;97;97;97;48;2;191;191;191m_[38;2;200;200;200;48;2;242;242;242m_[38;2;252;252;252;48;2;250;250;250m`[48;2;251;251;251m [48;2;252;252;252m      [48;2;251;251;251m [38;2;254;254;254m:[38;2;237;237;237;48;2;223;223;223m:[38;2;97;97;97;48;2;61;61;61mL[38;2;3;3;3;48;2;1;1;1mL[48;2;0;0;0m        [38;2;0;0;0;48;2;29;29;29m`[38;2;86;86;86;48;2;151;151;151m~[38;2;224;224;224;48;2;239;239;239m~[38;2;248;248;248;48;2;251;251;251m`[38;2;252;252;252m_[38;2;250;250;250mT [48;2;252;252;252m                                           [0m
[7m[38;2;0;0;0m [0m[38;2;0;0;0;48;2;0;0;0m                                             [38;2;1;1;1m`[38;2;49;49;49;48;2;15;15;15m"[38;2;156;156;156;48;2;67;67;67m~[38;2;92;92;92;48;2;182;182;182m_[38;2;235;235;235;48;2;244;244;244m,[38;2;252;252;252;48;2;251;251;251m` [48;2;252;252;252m    [48;2;251;251;251m [38;2;254;254;254m:[38;2;237;237;237;48;2;223;223;223m:[38;2;97;97;97;48;2;61;61;61mL[38;2;3;3;3;48;2;1;1;1mL[48;2;0;0;0m       [38;2;0;0;0;48;2;26;26;26m`[38;2;65;65;65;48;2;136;136;136m~[38;2;216;216;216;48;2;236;236;236m~[38;2;249;249;249;48;2;251;251;251m~[38;2;252;252;252m:[48;2;252;252;252m                                              [0m
[7m[38;2;0;0;0m [0m[38;2;0;0;0;48;2;0;0;0m                                             [38;2;1;1;1m_[38;2;0;0;0;48;2;4;4;4m'[38;2;98;98;98;48;2;30;30;30m_[38;2;74;74;74;48;2;140;140;140mF[38;2;202;202;202;48;2;228;228;228m~[38;2;253;253;253;48;2;250;250;250m'[38;2;252;252;252;48;2;251;251;251m_:[48;2;252;252;252m   [48;2;251;251;251m [38;2;254;254;254m:[38;2;237;237;237;48;2;223;223;223m:[38;2;97;97;97;48;2;61;61;61mL[38;2;3;3;3;48;2;1;1;1mL[48;2;0;0;0m      [38;2;0;0;0;48;2;2;2;2m:[38;2;68;68;68;48;2;40;40;40m"[38;2;63;63;63;48;2;169;169;169m_[38;2;163;163;163;48;2;234;234;234m_[38;2;252;252;252;48;2;249;249;249m'[48;2;251;251;251m.:[48;2;252;252;252m                                             [0m
[7m[38;2;0;0;0m [0m[38;2;0;0;0;48;2;0;0;0m                                             [48;2;4;4;4m:[38;2;91;91;91;48;2;60;60;60my[38;2;135;135;135;48;2;205;205;205m~[38;2;253;253;253;48;2;249;249;249m.[38;2;249;249;249;48;2;251;251;251m=[38;2;252;252;252m.[48;2;252;252;252m     [48;2;251;251;251m [38;2;254;254;254m:[38;2;237;237;237;48;2;223;223;223m:[38;2;97;97;97;48;2;61;61;61mL[38;2;3;3;3;48;2;1;1;1mL[48;2;0;0;0m        [38;2;0;0;0;48;2;7;7;7m`[38;2;110;110;110;48;2;58;58;58m~[38;2;143;143;143;48;2;204;204;204m_[38;2;236;236;236;48;2;247;247;247m,[38;2;250;250;250;48;2;251;251;251my[38;2;252;252;252m:[48;2;252;252;252m                                            [0m
[7m[38;2;0;0;0m [0m[38;2;0;0;0;48;2;0;0;0m                                            [48;2;2;2;2m:[38;2;83;83;83;48;2;53;53;53my[38;2;123;123;123;48;2;191;191;191m~[38;2;253;253;253;48;2;247;247;247m:[38;2;250;250;250;48;2;251;251;251mf[38;2;252;252;252m:[48;2;252;252;252m      [48;2;251;251;251m [38;2;254;254;254m:[38;2;237;237;237;48;2;223;223;223m:[38;2;97;97;97;48;2;61;61;61mL[38;2;3;3;3;48;2;1;1;1mL[48;2;0;0;0m        [38;2;1;1;1m`[38;2;0;0;0;48;2;6;6;6m:[38;2;98;98;98;48;2;55;55;55m~[38;2;116;116;116;48;2;195;195;195m_[38;2;251;251;251;48;2;244;244;244m'[38;2;250;250;250;48;2;251;251;251ma[38;2;252;252;252m:[48;2;252;252;252m                                           [0m
[7m[38;2;0;0;0m [0m[38;2;0;0;0;48;2;0;0;0m                                            [38;2;52;52;52;48;2;36;36;36mu[38;2;111;111;111;48;2;156;156;156m~[38;2;254;254;254;48;2;245;245;245m:[38;2;249;249;249;48;2;250;250;250me[38;2;252;252;252;48;2;251;251;251m:[48;2;252;252;252m       [48;2;251;251;251m [38;2;254;254;254m:[38;2;237;237;237;48;2;223;223;223m:[38;2;97;97;97;48;2;61;61;61mL[38;2;3;3;3;48;2;1;1;1mL[48;2;0;0;0m         [38;2;1;1;1m`[38;2;0;0;0;48;2;3;3;3m:[38;2;11;11;11;48;2;60;60;60m:[38;2;196;196;196;48;2;217;217;217mL[38;2;246;246;246;48;2;249;249;249m,[38;2;252;252;252;48;2;251;251;251m:[48;2;252;252;252m                                           [0m
[7m[38;2;0;0;0m [0m[38;2;0;0;0;48;2;0;0;0m                                           [38;2;1;1;1m`[38;2;29;29;29;48;2;11;11;11m"[38;2;72;72;72;48;2;104;104;104m$[38;2;197;197;197;48;2;221;221;221mw[38;2;254;254;254;48;2;250;250;250m:[38;2;252;252;252;48;2;251;251;251m"[48;2;252;252;252m       [48;2;251;251;251m [38;2;254;254;254m:[38;2;237;237;237;48;2;223;223;223m:[38;2;97;97;97;48;2;61;61;61mL[38;2;3;3;3;48;2;1;1;1mL[48;2;0;0;0m           [38;2;47;47;47;48;2;30;30;30m4[38;2;149;149;149;48;2;184;184;184m_[38;2;236;236;236;48;2;244;244;244m,[38;2;252;252;252;48;2;251;251;251m':[48;2;252;252;252m                                          [0m
[7m[38;2;0;0;0m [0m[38;2;0;0;0;48;2;0;0;0m                                            [48;2;5;5;5m'[38;2;116;116;116;48;2;83;83;83m4[38;2;222;222;222;48;2;236;236;236m~[38;2;254;254;254;48;2;252;252;252m`[38;2;250;250;250;48;2;251;251;251m_[38;2;252;252;252m:[48;2;252;252;252m      [48;2;251;251;251m [38;2;254;254;254m:[38;2;237;237;237;48;2;223;223;223m:[38;2;97;97;97;48;2;61;61;61mL[38;2;3;3;3;48;2;1;1;1mL[48;2;0;0;0m        [38;2;1;1;1m_[38;2;25;25;25;48;2;14;14;14mu[38;2;33;33;33;48;2;94;94;94m~[38;2;166;166;166;48;2;75;75;75m_[38;2;203;203;203;48;2;147;147;147m_[38;2;231;231;231;48;2;239;239;239mL[38;2;251;251;251;48;2;250;250;250m_[38;2;252;252;252;48;2;251;251;251m.[48;2;252;252;252m                                          [0m
[7m[38;2;0;0;0m [0m[38;2;0;0;0;48;2;0;0;0m                                            [38;2;1;1;1m`[38;2;54;54;54;48;2;23;23;23m"[38;2;178;178;178;48;2;90;90;90m~[38;2;148;148;148;48;2;198;198;198my[38;2;254;254;254;48;2;244;244;244m.[38;2;251;251;251;48;2;250;250;250m~[38;2;252;252;252;48;2;251;251;251m:[48;2;252;252;252m     [48;2;251;251;251m [38;2;254;254;254m:[38;2;237;237;237;48;2;223;223;223m:[38;2;97;97;97;48;2;61;61;61mL[38;2;3;3;3;48;2;1;1;1mL[48;2;0;0;0m        [38;2;1;1;1m:[38;2;0;0;0;48;2;27;27;27m:[38;2;122;122;122;48;2;151;151;151mF[38;2;209;209;209;48;2;234;234;234m~[38;2;223;223;223;48;2;247;247;247m`[38;2;250;250;250;48;2;251;251;251m'[48;2;252;252;252m                                            [0m
[7m[38;2;0;0;0m [0m[38;2;0;0;0;48;2;0;0;0m                                             [38;2;1;1;1m~[38;2;21;21;21;48;2;14;14;14m4[38;2;74;74;74;48;2;113;113;113ml[38;2;254;254;254;48;2;239;239;239m'[38;2;250;250;250;48;2;251;251;251m~[38;2;252;252;252m:[48;2;252;252;252m     [48;2;251;251;251m [38;2;254;254;254m:[38;2;237;237;237;48;2;223;223;223m:[38;2;97;97;97;48;2;61;61;61mL[38;2;3;3;3;48;2;1;1;1mL[48;2;0;0;0m         [38;2;48;48;48;48;2;32;32;32m4[38;2;172;172;172;48;2;187;187;187mF[38;2;240;240;240;48;2;245;245;245mL[48;2;250;250;250m [38;2;252;252;252;48;2;251;251;251m.[48;2;252;252;252m                                            [0m
[7m[38;2;0;0;0m [0m[38;2;0;0;0;48;2;0;0;0m                                              [48;2;6;6;6m:[38;2;50;50;50;48;2;90;90;90ml[38;2;210;210;210;48;2;222;222;222mL[38;2;245;245;245;48;2;249;249;249m,[38;2;253;253;253;48;2;252;252;252m,     [48;2;251;251;251m [38;2;254;254;254m:[38;2;237;237;237;48;2;223;223;223m:[38;2;97;97;97;48;2;61;61;61mL[38;2;3;3;3;48;2;1;1;1mL[48;2;0;0;0m         [38;2;58;58;58;48;2;40;40;40m4[38;2;194;194;194;48;2;208;208;208mF[38;2;246;246;246;48;2;248;248;248m~[38;2;252;252;252;48;2;251;251;251m,:[48;2;252;252;252m                                            [0m
[7m[38;2;0;0;0m [0m[38;2;0;0;0;48;2;0;0;0m                                              [48;2;3;3;3m:[38;2;46;46;46;48;2;67;67;67m$[38;2;187;187;187;48;2;160;160;160m~[38;2;144;144;144;48;2;209;209;209m_[38;2;254;254;254;48;2;249;249;249m.[48;2;251;251;251m [48;2;252;252;252m    [48;2;251;251;251m :[38;2;237;237;237;48;2;223;223;223m:[38;2;97;97;97;48;2;61;61;61mL[38;2;3;3;3;48;2;1;1;1mL[48;2;0;0;0m        [38;2;0;0;0;48;2;1;1;1m:[38;2;65;65;65;48;2;46;46;46m4[38;2;204;204;204;48;2;216;216;216mL[38;2;248;248;248;48;2;250;250;250mL[38;2;252;252;252;48;2;251;251;251m:[48;2;252;252;252m                                             [0m
[7m[38;2;0;0;0m [0m[38;2;0;0;0;48;2;0;0;0m                                              [48;2;1;1;1m:[38;2;70;70;70;48;2;52;52;52m4[38;2;196;196;196;48;2;156;156;156m_[38;2;139;139;139;48;2;185;185;185mT[38;2;254;254;254;48;2;246;246;246m`[48;2;251;251;251m [38;2;252;252;252m:[48;2;252;252;252m   [48;2;251;251;251m [38;2;254;254;254m:[38;2;237;237;237;48;2;223;223;223m:[38;2;97;97;97;48;2;61;61;61mL[38;2;3;3;3;48;2;1;1;1mL[48;2;0;0;0m       [38;2;0;0;0;48;2;2;2;2m:[38;2;50;50;50;48;2;17;17;17m_[38;2;69;69;69;48;2;54;54;54m4[38;2;203;203;203;48;2;217;217;217mL[38;2;248;248;248;48;2;250;250;250mL[38;2;252;252;252;48;2;251;251;251m:[48;2;252;252;252m                                             [0m
[7m[38;2;0;0;0m [0m[38;2;0;0;0;48;2;0;0;0m                                             [38;2;1;1;1m_[38;2;0;0;0;48;2;6;6;6m`[38;2;105;105;105;48;2;77;77;77mj[38;2;206;206;206;48;2;222;222;222mF[38;2;253;253;253;48;2;249;249;249m:[38;2;250;250;250;48;2;251;251;251m~[38;2;252;252;252m:[48;2;252;252;252m    [48;2;251;251;251m [38;2;254;254;254m:[38;2;237;237;237;48;2;223;223;223m:[38;2;97;97;97;48;2;61;61;61mL[38;2;3;3;3;48;2;1;1;1mL[48;2;0;0;0m       [38;2;0;0;0;48;2;2;2;2m:[38;2;51;51;51;48;2;16;16;16m~[38;2;68;68;68;48;2;55;55;55m4[38;2;207;207;207;48;2;219;219;219mL[38;2;249;249;249;48;2;251;251;251mL[38;2;252;252;252m:[48;2;252;252;252m                                             [0m
[7m[38;2;0;0;0m [0m[38;2;0;0;0;48;2;0;0;0m                                            [38;2;1;1;1m,[38;2;29;29;29;48;2;6;6;6m_[38;2;133;133;133;48;2;72;72;72m_[38;2;146;146;146;48;2;210;210;210m~[38;2;254;254;254;48;2;248;248;248m`[38;2;250;250;250;48;2;251;251;251mf[38;2;252;252;252m:[48;2;252;252;252m     [48;2;251;251;251m [38;2;254;254;254m:[38;2;237;237;237;48;2;223;223;223m:[38;2;97;97;97;48;2;61;61;61mL[38;2;3;3;3;48;2;1;1;1mL[48;2;0;0;0m        [38;2;0;0;0;48;2;1;1;1m:[38;2;62;62;62;48;2;41;41;41m4[38;2;160;160;160;48;2;205;205;205m_[38;2;239;239;239;48;2;248;248;248m,[38;2;252;252;252;48;2;251;251;251m':[48;2;252;252;252m                                            [0m
[7m[38;2;0;0;0m [0m[38;2;0;0;0;48;2;0;0;0m                                           [38;2;1;1;1m_[38;2;25;25;25;48;2;7;7;7m_[38;2;109;109;109;48;2;74;74;74my[38;2;155;155;155;48;2;214;214;214m~[38;2;254;254;254;48;2;249;249;249m'[38;2;250;250;250;48;2;251;251;251m~[38;2;252;252;252m:[48;2;252;252;252m      [48;2;251;251;251m [38;2;254;254;254m:[38;2;237;237;237;48;2;223;223;223m:[38;2;97;97;97;48;2;61;61;61mL[38;2;3;3;3;48;2;1;1;1mL[48;2;0;0;0m        [38;2;1;1;1m"[38;2;0;0;0;48;2;8;8;8m`[38;2;115;115;115;48;2;69;69;69m~[38;2;161;161;161;48;2;214;214;214m_[38;2;239;239;239;48;2;248;248;248m,[38;2;250;250;250;48;2;251;251;251m_[38;2;252;252;252m:[48;2;252;252;252m                                           [0m
[7m[38;2;0;0;0m [0m[38;2;0;0;0;48;2;0;0;0m                                           [48;2;1;1;1m:[38;2;82;82;82;48;2;58;58;58m4[38;2;148;148;148;48;2;201;201;201m~[38;2;254;254;254;48;2;248;248;248m:[38;2;250;250;250;48;2;251;251;251mf[38;2;252;252;252m:[48;2;252;252;252m       [48;2;251;251;251m [38;2;254;254;254m:[38;2;237;237;237;48;2;223;223;223m:[38;2;97;97;97;48;2;61;61;61mL[38;2;3;3;3;48;2;1;1;1mL[48;2;0;0;0m         [38;2;1;1;1m^[38;2;0;0;0;48;2;10;10;10m:[38;2;66;66;66;48;2;99;99;99m$[38;2;213;213;213;48;2;230;230;230mL[38;2;250;250;250;48;2;251;251;251m`[38;2;252;252;252m:[48;2;252;252;252m                                           [0m
[7m[38;2;0;0;0m [0m[38;2;0;0;0;48;2;0;0;0m                                          [48;2;1;1;1m`[38;2;89;89;89;48;2;33;33;33m_[38;2;69;69;69;48;2;152;152;152m~[38;2;221;221;221;48;2;241;241;241m~[38;2;254;254;254;48;2;251;251;251m`[38;2;252;252;252m:[48;2;252;252;252m        [48;2;251;251;251m [38;2;254;254;254m:[38;2;237;237;237;48;2;223;223;223m:[38;2;97;97;97;48;2;61;61;61mL[38;2;3;3;3;48;2;1;1;1mL[48;2;0;0;0m           [38;2;2;2;2;48;2;32;32;32m:[38;2;38;38;38;48;2;167;167;167m_[38;2;205;205;205;48;2;237;237;237m_[38;2;247;247;247;48;2;250;250;250m,[48;2;251;251;251m [38;2;252;252;252m:[48;2;252;252;252m                                         [0m
[?25h