[?25l[0m[7m[38;2;0;0;0m [0m[38;2;0;0;0;48;2;0;0;0m                                                 [48;2;3;3;3m:[38;2;62;62;62;48;2;7;7;7m_[38;2;29;29;29;48;2;3;3;3m_[48;2;0;0;0m                                                                   [0m
[7m[38;2;0;0;0m [0m[38;2;0;0;0;48;2;0;0;0m                                                 [48;2;21;21;21m:[38;2;41;41;41;48;2;83;83;83my[38;2;64;64;64;48;2;51;51;51m^[38;2;0;0;0;48;2;7;7;7m`[48;2;0;0;0m                                                                  [0m
[7m[38;2;0;0;0m [0m[38;2;0;0;0;48;2;0;0;0m                                                  [38;2;9;9;9;48;2;2;2;2m`[38;2;19;19;19;48;2;4;4;4m~[48;2;0;0;0m      [38;2;0;0;0;48;2;7;7;7m`[38;2;78;78;78;48;2;14;14;14m_[38;2;21;21;21;48;2;4;4;4m,[48;2;0;0;0m                                                          [0m
[7m[38;2;0;0;0m [0m[38;2;0;0;0;48;2;0;0;0m                                                         [48;2;3;3;3m:[38;2;6;6;6;48;2;40;40;40m.[38;2;47;47;47;48;2;106;106;106m_[38;2;41;41;41;48;2;28;28;28m^[48;2;0;0;0m                                                          [0m
[7m[38;2;0;0;0m [0m[38;2;0;0;0;48;2;0;0;0m                           [38;2;1;1;1m.[38;2;22;22;22;48;2;2;2;2m_[38;2;36;36;36;48;2;3;3;3m_[48;2;0;0;0m                            [38;2;4;4;4;48;2;1;1;1m`[38;2;21;21;21;48;2;5;5;5m~[38;2;7;7;7;48;2;1;1;1m~[48;2;0;0;0m                                                          [0m
[7m[38;2;0;0;0m [0m[38;2;0;0;0;48;2;0;0;0m                           [48;2;7;7;7m.[38;2;58;58;58;48;2;35;35;35m?[38;2;85;85;85;48;2;57;57;57mF[38;2;29;29;29;48;2;14;14;14mL[48;2;0;0;0m    [38;2;5;5;5m_[38;2;11;11;11m_                                                                                  [0m
[7m[38;2;0;0;0m [0m[38;2;0;0;0;48;2;0;0;0m                             [38;2;10;10;10;48;2;2;2;2m`[38;2;17;17;17;48;2;4;4;4m~[38;2;1;1;1;48;2;0;0;0m`  [38;2;0;0;0;48;2;2;2;2m`[38;2;70;70;70;48;2;37;37;37m4[38;2;131;131;131;48;2;81;81;81ms[38;2;45;45;45;48;2;19;19;19mL[48;2;0;0;0m [38;2;1;1;1m_ [38;2;9;9;9m_[38;2;20;20;20m_     [38;2;0;0;0;48;2;1;1;1m:[38;2;33;33;33;48;2;6;6;6m_[38;2;35;35;35;48;2;5;5;5m_[48;2;0;0;0m        [38;2;0;0;0;48;2;23;23;23m`[38;2;128;128;128;48;2;59;59;59my[38;2;74;74;74;48;2;24;24;24m,[38;2;0;0;0;48;2;1;1;1m`[48;2;0;0;0m [38;2;6;6;6m_[38;2;4;4;4m_                                                     [0m
[7m[38;2;0;0;0m [0m[38;2;0;0;0;48;2;0;0;0m                                   [38;2;14;14;14;48;2;3;3;3m`[38;2;43;43;43;48;2;7;7;7m~[38;2;24;24;24;48;2;6;6;6m"[38;2;0;0;0;48;2;7;7;7m`[38;2;61;61;61;48;2;20;20;20m_[38;2;67;67;67;48;2;25;25;25m_[38;2;72;72;72;48;2;51;51;51m4[38;2;104;104;104;48;2;85;85;85m#[38;2;36;36;36;48;2;18;18;18mL[38;2;73;73;73;48;2;37;37;37my[38;2;160;160;160;48;2;83;83;83mg[38;2;89;89;89;48;2;30;30;30m_[38;2;0;0;0;48;2;3;3;3m:[48;2;7;7;7m'[38;2;2;2;2;48;2;38;38;38m_[38;2;15;15;15;48;2;53;53;53m_[38;2;0;0;0;48;2;9;9;9m`[48;2;0;0;0m  [38;2;1;1;1m_    [38;2;5;5;5;48;2;35;35;35m:[38;2;97;97;97;48;2;123;123;123mM[38;2;63;63;63;48;2;43;43;43mL[38;2;30;30;30;48;2;5;5;5m_[38;2;0;0;0;48;2;14;14;14m'[38;2;47;47;47;48;2;67;67;67m~[38;2;43;43;43;48;2;65;65;65m~[38;2;27;27;27;48;2;12;12;12mL[48;2;0;0;0m                                                    [0m
[7m[38;2;0;0;0m [0m[38;2;0;0;0;48;2;0;0;0m                                    [48;2;2;2;2m`[38;2;38;38;38;48;2;16;16;16my[38;2;98;98;98;48;2;41;41;41m_[38;2;14;14;14;48;2;42;42;42ma[38;2;81;81;81;48;2;30;30;30m~[38;2;2;2;2;48;2;7;7;7m:[38;2;40;40;40;48;2;4;4;4m`[38;2;5;5;5;48;2;1;1;1m`[38;2;47;47;47;48;2;21;21;21m"[38;2;150;150;150;48;2;63;63;63m~[38;2;35;35;35;48;2;73;73;73my[38;2;0;0;0;48;2;11;11;11m`[38;2;1;1;1;48;2;0;0;0m`[38;2;34;34;34;48;2;11;11;11m_[38;2;113;113;113;48;2;34;34;34m_[38;2;38;38;38;48;2;11;11;11m,[48;2;0;0;0m [38;2;0;0;0;48;2;18;18;18m:[38;2;27;27;27;48;2;72;72;72m~[38;2;60;60;60;48;2;35;35;35mm[38;2;11;11;11;48;2;5;5;5mr[48;2;0;0;0m  [38;2;29;29;29;48;2;11;11;11m"[38;2;102;102;102;48;2;42;42;42m~[38;2;14;14;14;48;2;72;72;72m_[38;2;19;19;19;48;2;61;61;61m_[38;2;24;24;24;48;2;13;13;13mr[38;2;36;36;36m~[38;2;45;45;45;48;2;16;16;16m~[38;2;10;10;10;48;2;2;2;2m~[48;2;0;0;0m      [38;2;1;1;1m_                                             [0m
[7m[38;2;0;0;0m [0m[38;2;0;0;0;48;2;0;0;0m                                    [38;2;3;3;3m`[38;2;43;43;43;48;2;11;11;11m`[38;2;75;75;75;48;2;30;30;30m~[38;2;71;71;71;48;2;21;21;21m_[38;2;33;33;33;48;2;3;3;3m_[38;2;1;1;1;48;2;0;0;0m.    `[38;2;0;0;0;48;2;1;1;1m:[38;2;57;57;57;48;2;40;40;40mq[38;2;151;151;151;48;2;114;114;114ma[38;2;54;54;54;48;2;76;76;76mg[38;2;39;39;39;48;2;17;17;17m~[38;2;0;0;0;48;2;1;1;1m:[38;2;2;2;2m`[38;2;29;29;29;48;2;5;5;5m~[38;2;27;27;27m~[38;2;1;1;1;48;2;0;0;0m'    [38;2;7;7;7;48;2;1;1;1m"[38;2;14;14;14;48;2;5;5;5m`[38;2;77;77;77;48;2;9;9;9m_[38;2;44;44;44;48;2;24;24;24m_[38;2;60;60;60;48;2;100;100;100m~[38;2;83;83;83;48;2;64;64;64mm[38;2;26;26;26;48;2;12;12;12mL[48;2;0;0;0m   [38;2;0;0;0;48;2;3;3;3m:[38;2;47;47;47;48;2;25;25;25my[38;2;37;37;37;48;2;70;70;70m~[38;2;38;38;38;48;2;18;18;18mL[48;2;0;0;0m                                            [0m
[7m[38;2;0;0;0m [0m[38;2;0;0;0;48;2;0;0;0m                                      [38;2;29;29;29;48;2;18;18;18m"[38;2;1;1;1;48;2;61;61;61m_[48;2;43;43;43m_[38;2;0;0;0;48;2;4;4;4m:[48;2;0;0;0m      [38;2;20;20;20;48;2;4;4;4m`[38;2;93;93;93;48;2;13;13;13m`[38;2;15;15;15;48;2;4;4;4m`[48;2;0;0;0m           [38;2;27;27;27;48;2;14;14;14m4[38;2;8;8;8;48;2;83;83;83m_[38;2;50;50;50;48;2;30;30;30mF[38;2;72;72;72;48;2;12;12;12m`[38;2;34;34;34;48;2;4;4;4m`[38;2;1;1;1;48;2;0;0;0m` [38;2;0;0;0;48;2;4;4;4m:[38;2;4;4;4;48;2;43;43;43m~[38;2;17;17;17;48;2;69;69;69m~[38;2;39;39;39;48;2;23;23;23mr[38;2;46;46;46;48;2;4;4;4m`[38;2;6;6;6;48;2;1;1;1m`[48;2;0;0;0m                                            [0m
[7m[38;2;0;0;0m [0m[38;2;0;0;0;48;2;0;0;0m                               [38;2;51;51;51;48;2;32;32;32mJ[38;2;46;46;46;48;2;101;101;101m_[38;2;67;67;67;48;2;86;86;86m~[38;2;27;27;27;48;2;12;12;12mL[48;2;0;0;0m [38;2;0;0;0;48;2;5;5;5m`[38;2;88;88;88;48;2;19;19;19m_[38;2;142;142;142;48;2;23;23;23m_[38;2;0;0;0;48;2;6;6;6m`[48;2;0;0;0m   [38;2;46;46;46;48;2;13;13;13m_[38;2;127;127;127;48;2;34;34;34m_[38;2;34;34;34;48;2;10;10;10m,[48;2;0;0;0m                 [38;2;3;3;3m`     [38;2;0;0;0;48;2;1;1;1m:[38;2;39;39;39;48;2;10;10;10m~[38;2;53;53;53;48;2;11;11;11m~[38;2;17;17;17;48;2;2;2;2m~[48;2;0;0;0m                                              [0m
[7m[38;2;0;0;0m [0m[38;2;0;0;0;48;2;0;0;0m                               [38;2;2;2;2m`[38;2;28;28;28;48;2;3;3;3m`[38;2;56;56;56;48;2;9;9;9m`[38;2;18;18;18;48;2;4;4;4m~[48;2;0;0;0m [38;2;23;23;23;48;2;10;10;10m"[38;2;106;106;106;48;2;51;51;51m~[38;2;51;51;51;48;2;120;120;120my[38;2;26;26;26;48;2;46;46;46m`[38;2;0;0;0;48;2;3;3;3m:[48;2;0;0;0m  [38;2;51;51;51;48;2;25;25;25m"[38;2;157;157;157;48;2;64;64;64m~[38;2;64;64;64;48;2;31;31;31m~[38;2;0;0;0;48;2;3;3;3m:[48;2;0;0;0m           [48;2;1;1;1m:[38;2;45;45;45;48;2;9;9;9m_[38;2;83;83;83;48;2;17;17;17m_[38;2;25;25;25;48;2;5;5;5m,[38;2;1;1;1;48;2;0;0;0m_   [38;2;0;0;0;48;2;11;11;11m:[38;2;116;116;116;48;2;52;52;52my[38;2;26;26;26;48;2;126;126;126m~[38;2;64;64;64;48;2;33;33;33mm[48;2;0;0;0m                                                 [0m
[7m[38;2;0;0;0m [0m[38;2;0;0;0;48;2;0;0;0m                                     [48;2;3;3;3m`[38;2;71;71;71;48;2;30;30;30my[38;2;144;144;144;48;2;64;64;64my[38;2;47;47;47;48;2;21;21;21m,[48;2;0;0;0m                 [38;2;0;0;0;48;2;3;3;3m:[38;2;42;42;42;48;2;24;24;24m~[38;2;18;18;18;48;2;55;55;55my[38;2;23;23;23;48;2;10;10;10m~[38;2;2;2;2;48;2;1;1;1m^[48;2;0;0;0m  [38;2;0;0;0;48;2;1;1;1m:[38;2;61;61;61;48;2;16;16;16m_[38;2;119;119;119;48;2;48;48;48m~[38;2;130;130;130;48;2;35;35;35m~[38;2;52;52;52;48;2;11;11;11m'[48;2;0;0;0m                                                 [0m
[7m[38;2;0;0;0m [0m[38;2;0;0;0;48;2;0;0;0m                                    [48;2;2;2;2m'[38;2;60;60;60;48;2;34;34;34m=[38;2;54;54;54;48;2;100;100;100m_[38;2;124;124;124;48;2;61;61;61m~[38;2;71;71;71;48;2;33;33;33m~[38;2;0;0;0;48;2;4;4;4m:[38;2;53;53;53;48;2;17;17;17m_[38;2;144;144;144;48;2;43;43;43m_[38;2;50;50;50;48;2;15;15;15m,[38;2;0;0;0;48;2;1;1;1m:[48;2;0;0;0m                  [38;2;1;1;1m"[38;2;0;0;0;48;2;10;10;10m:[38;2;6;6;6;48;2;60;60;60m_[38;2;51;51;51;48;2;29;29;29mF[38;2;10;10;10;48;2;5;5;5m^[48;2;0;0;0m                                                  [0m
[7m[38;2;0;0;0m [0m[38;2;0;0;0;48;2;0;0;0m                                     [38;2;3;3;3m`[38;2;15;15;15;48;2;3;3;3m~[38;2;11;11;11;48;2;2;2;2m`[48;2;0;0;0m  [38;2;52;52;52;48;2;14;14;14m`[38;2;120;120;120;48;2;39;39;39m~[38;2;64;64;64;48;2;37;37;37m~[38;2;0;0;0;48;2;5;5;5m`[48;2;0;0;0m             [48;2;2;2;2m:[38;2;67;67;67;48;2;24;24;24m_[38;2;123;123;123;48;2;50;50;50my[38;2;64;64;64;48;2;18;18;18m,[48;2;0;0;0m     [38;2;39;39;39;48;2;2;2;2m_[38;2;11;11;11;48;2;1;1;1m,[48;2;0;0;0m     [38;2;0;0;0;48;2;2;2;2m:[38;2;84;84;84;48;2;17;17;17m_[38;2;143;143;143;48;2;45;45;45m_[38;2;52;52;52;48;2;17;17;17m_[38;2;0;0;0;48;2;5;5;5m:[38;2;95;95;95;48;2;29;29;29m_[38;2;54;54;54;48;2;18;18;18m_[38;2;10;10;10;48;2;2;2;2m,[48;2;0;0;0m                                    [0m
[7m[38;2;0;0;0m [0m[38;2;0;0;0;48;2;0;0;0m                                    [38;2;24;24;24;48;2;4;4;4m_[38;2;74;74;74;48;2;15;15;15m_[38;2;62;62;62;48;2;12;12;12m_[38;2;0;0;0;48;2;1;1;1m:[48;2;0;0;0m    [38;2;1;1;1m`[38;2;0;0;0;48;2;1;1;1m:[38;2;63;63;63;48;2;17;17;17m_[38;2;160;160;160;48;2;40;40;40m_[38;2;37;37;37;48;2;11;11;11m,[48;2;0;0;0m         [38;2;0;0;0;48;2;17;17;17m`[38;2;119;119;119;48;2;48;48;48m_[38;2;79;79;79;48;2;53;53;53m"[38;2;33;33;33;48;2;103;103;103my[38;2;56;56;56;48;2;20;20;20m~[48;2;0;0;0m   [38;2;0;0;0;48;2;1;1;1m:[48;2;35;35;35m`[38;2;180;180;180;48;2;110;110;110ma[38;2;94;94;94;48;2;52;52;52mr[38;2;1;1;1;48;2;5;5;5m`[48;2;0;0;0m [38;2;0;0;0;48;2;2;2;2m`[38;2;63;63;63;48;2;12;12;12m_[38;2;27;27;27;48;2;5;5;5m,[38;2;0;0;0;48;2;20;20;20m`[38;2;46;46;46;48;2;109;109;109m_[38;2;23;23;23;48;2;118;118;118m_[38;2;78;78;78;48;2;33;33;33m~[38;2;5;5;5;48;2;14;14;14m`[38;2;15;15;15;48;2;66;66;66my[38;2;69;69;69;48;2;24;24;24m~[38;2;9;9;9;48;2;2;2;2m~[48;2;0;0;0m                                    [0m
[7m[38;2;0;0;0m [0m[38;2;0;0;0;48;2;0;0;0m                                   [38;2;2;2;2;48;2;8;8;8m`[38;2;103;103;103;48;2;59;59;59m4[38;2;46;46;46;48;2;151;151;151m_[38;2;15;15;15;48;2;108;108;108m_[38;2;0;0;0;48;2;18;18;18m`[48;2;0;0;0m     [38;2;1;1;1m`[38;2;53;53;53;48;2;17;17;17m"[38;2;138;138;138;48;2;40;40;40m~[38;2;41;41;41;48;2;12;12;12m~[48;2;0;0;0m [38;2;0;0;0;48;2;12;12;12m:[38;2;108;108;108;48;2;33;33;33m_[38;2;63;63;63;48;2;16;16;16m_[38;2;59;59;59;48;2;31;31;31mu[38;2;126;126;126;48;2;65;65;65my[38;2;45;45;45;48;2;18;18;18m,[38;2;1;1;1;48;2;0;0;0m, [38;2;28;28;28;48;2;7;7;7m"[38;2;99;99;99;48;2;23;23;23m~[38;2;33;33;33;48;2;6;6;6m~[48;2;0;0;0m     [38;2;0;0;0;48;2;1;1;1m`[38;2;41;41;41;48;2;14;14;14m_[38;2;75;75;75;48;2;58;58;58my[38;2;42;42;42;48;2;71;71;71m~[38;2;34;34;34;48;2;15;15;15mL[38;2;0;0;0;48;2;2;2;2m:[38;2;10;10;10;48;2;33;33;33m`[38;2;7;7;7;48;2;100;100;100m_[38;2;62;62;62;48;2;27;27;27mF[38;2;2;2;2;48;2;0;0;0m~[38;2;1;1;1m`                                          [0m
[7m[38;2;0;0;0m [0m[38;2;0;0;0;48;2;0;0;0m                                    [38;2;8;8;8;48;2;1;1;1m`[38;2;32;32;32;48;2;3;3;3m`[38;2;7;7;7;48;2;0;0;0m`[38;2;1;1;1m`          [38;2;0;0;0;48;2;24;24;24m:[38;2;61;61;61;48;2;99;99;99mw[38;2;158;158;158;48;2;90;90;90m_[38;2;9;9;9;48;2;28;28;28m:[38;2;107;107;107;48;2;38;38;38m`[38;2;145;145;145;48;2;62;62;62m_[38;2;113;113;113;48;2;47;47;47m_[38;2;31;31;31;48;2;10;10;10m,[38;2;2;2;2;48;2;0;0;0m_  [38;2;6;6;6;48;2;1;1;1m_[38;2;16;16;16;48;2;2;2;2m_[38;2;1;1;1;48;2;0;0;0m.  [38;2;0;0;0;48;2;11;11;11m:[38;2;28;28;28;48;2;63;63;63m_[38;2;12;12;12;48;2;55;55;55m_[38;2;63;63;63;48;2;16;16;16m`[38;2;8;8;8;48;2;1;1;1m`[48;2;0;0;0m [38;2;5;5;5m`[38;2;1;1;1;48;2;15;15;15m:[38;2;0;0;0;48;2;84;84;84m~[38;2;76;76;76;48;2;43;43;43mw[38;2;21;21;21;48;2;8;8;8mr[48;2;0;0;0m                                          [0m
[7m[38;2;0;0;0m [0m[38;2;0;0;0;48;2;0;0;0m                                   [38;2;38;38;38;48;2;9;9;9m_[38;2;87;87;87;48;2;20;20;20m_[38;2;0;0;0;48;2;4;4;4m:[48;2;0;0;0m    [48;2;1;1;1m:[38;2;42;42;42m_[38;2;33;33;33m_[38;2;1;1;1;48;2;0;0;0m.    [38;2;0;0;0;48;2;3;3;3m'[38;2;69;69;69;48;2;20;20;20m"[38;2;141;141;141;48;2;39;39;39m~[38;2;40;40;40;48;2;8;8;8m~[38;2;33;33;33;48;2;10;10;10m"[38;2;126;126;126;48;2;34;34;34m~[38;2;104;104;104;48;2;27;27;27m~[38;2;26;26;26;48;2;6;6;6m~[38;2;11;11;11;48;2;1;1;1m_[38;2;1;1;1;48;2;4;4;4m`[38;2;58;58;58;48;2;21;21;21m_[38;2;29;29;29;48;2;55;55;55m~[38;2;14;14;14;48;2;61;61;61m_[38;2;3;3;3;48;2;14;14;14m`[48;2;0;0;0m    [38;2;0;0;0;48;2;1;1;1m:[38;2;82;82;82;48;2;14;14;14m_[38;2;130;130;130;48;2;52;52;52my[38;2;89;89;89;48;2;29;29;29m,[38;2;6;6;6;48;2;2;2;2m.[38;2;1;1;1;48;2;9;9;9m:[38;2;117;117;117;48;2;31;31;31m~[38;2;65;65;65;48;2;30;30;30m~[38;2;133;133;133;48;2;74;74;74my[38;2;90;90;90;48;2;57;57;57mw[38;2;29;29;29;48;2;13;13;13mL[48;2;0;0;0m                                        [0m
[7m[38;2;0;0;0m [0m[38;2;0;0;0;48;2;0;0;0m                                  [38;2;1;1;1m`[38;2;46;46;46;48;2;25;25;25m"[38;2;17;17;17;48;2;71;71;71my[38;2;1;1;1;48;2;16;16;16m.[48;2;0;0;0m    [38;2;30;30;30;48;2;16;16;16m4[38;2;40;40;40;48;2;75;75;75m_[38;2;105;105;105ma[38;2;28;28;28;48;2;12;12;12mL[38;2;1;1;1;48;2;0;0;0m^+[38;2;0;0;0;48;2;2;2;2m:[38;2;39;39;39;48;2;21;21;21my[38;2;0;0;0;48;2;59;59;59m~[38;2;21;21;21;48;2;8;8;8mr[48;2;0;0;0m   [38;2;2;2;2;48;2;1;1;1m0[38;2;0;0;0;48;2;6;6;6m:[38;2;58;58;58;48;2;34;34;34ma[38;2;89;89;89;48;2;54;54;54ma[38;2;32;32;32;48;2;19;19;19mW[38;2;20;20;20;48;2;51;51;51mw[38;2;130;130;130;48;2;70;70;70m_[38;2;51;51;51;48;2;21;21;21m_[38;2;0;0;0;48;2;1;1;1m:[48;2;0;0;0m   [48;2;1;1;1m:[38;2;51;51;51;48;2;30;30;30m4[38;2;74;74;74;48;2;127;127;127m_[38;2;47;47;47;48;2;104;104;104my[38;2;62;62;62;48;2;21;21;21m~[38;2;3;3;3;48;2;0;0;0m~  [38;2;8;8;8;48;2;22;22;22m`[38;2;35;35;35;48;2;93;93;93my[38;2;80;80;80;48;2;30;30;30m~[38;2;10;10;10;48;2;2;2;2m`[48;2;0;0;0m                                        [0m
[7m[38;2;0;0;0m [0m[38;2;0;0;0;48;2;0;0;0m                                            [38;2;2;2;2m`[38;2;1;1;1m`[38;2;64;64;64;48;2;37;37;37m4[38;2;82;82;82;48;2;126;126;126m~[38;2;81;81;81;48;2;50;50;50mL[38;2;30;30;30;48;2;14;14;14m"[38;2;66;66;66;48;2;16;16;16m~[38;2;0;0;0;48;2;3;3;3m:[48;2;0;0;0m    [38;2;1;1;1m=[38;2;0;0;0;48;2;25;25;25m:[38;2;141;141;141;48;2;83;83;83m=[38;2;78;78;78;48;2;50;50;50mr[38;2;6;6;6;48;2;29;29;29m:[38;2;0;0;0;48;2;86;86;86m_[38;2;62;62;62;48;2;28;28;28m~[38;2;0;0;0;48;2;2;2;2m.[48;2;0;0;0m    [38;2;2;2;2m`      [48;2;1;1;1mu[38;2;1;1;1;48;2;4;4;4m.[38;2;76;76;76m_[38;2;114;114;114;48;2;3;3;3m_[38;2;79;79;79;48;2;5;5;5m_[38;2;20;20;20;48;2;2;2;2m,[48;2;0;0;0m                                      [0m
[7m[38;2;0;0;0m [0m[38;2;0;0;0;48;2;0;0;0m                                              [38;2;20;20;20;48;2;4;4;4m`[38;2;61;61;61;48;2;10;10;10m~[38;2;46;46;46;48;2;7;7;7m`[48;2;0;0;0m [38;2;0;0;0;48;2;2;2;2m:[38;2;41;41;41;48;2;5;5;5m_[38;2;0;0;0;48;2;6;6;6m`[38;2;69;69;69;48;2;11;11;11m_[38;2;23;23;23;48;2;4;4;4m,[48;2;0;0;0m [38;2;0;0;0;48;2;1;1;1m:[38;2;61;61;61;48;2;12;12;12m_[38;2;151;151;151;48;2;34;34;34m_[38;2;54;54;54;48;2;13;13;13m,[48;2;0;0;0m     [38;2;10;10;10;48;2;1;1;1m_[48;2;0;0;0m        [38;2;0;0;0;48;2;17;17;17m`[48;2;88;88;88m~[38;2;11;11;11;48;2;70;70;70m~[38;2;123;123;123;48;2;94;94;94m7[38;2;40;40;40;48;2;133;133;133m_[38;2;35;35;35;48;2;90;90;90my[38;2;43;43;43;48;2;17;17;17m~[48;2;0;0;0m                                      [0m
[7m[38;2;0;0;0m [0m[38;2;0;0;0;48;2;0;0;0m                                                  [48;2;18;18;18m:[48;2;66;66;66m_[38;2;41;41;41;48;2;25;25;25mM[38;2;71;71;71;48;2;32;32;32m~[38;2;28;28;28;48;2;10;10;10m~[48;2;0;0;0m [38;2;0;0;0;48;2;2;2;2m:[38;2;65;65;65;48;2;29;29;29m"[38;2;153;153;153;48;2;70;70;70m~[38;2;51;51;51;48;2;31;31;31m~[38;2;111;111;111;48;2;26;26;26m_[38;2;41;41;41;48;2;10;10;10m,[38;2;0;0;0;48;2;12;12;12m`[38;2;112;112;112;48;2;50;50;50my[38;2;183;183;183;48;2;108;108;108my[38;2;119;119;119;48;2;81;81;81mm[38;2;38;38;38;48;2;17;17;17mr[48;2;0;0;0m       [38;2;18;18;18;48;2;7;7;7m`[38;2;87;87;87;48;2;22;22;22m~[38;2;46;46;46;48;2;9;9;9m~[38;2;4;4;4;48;2;1;1;1m~[48;2;0;0;0m                                         [0m
[7m[38;2;0;0;0m [0m[38;2;0;0;0;48;2;0;0;0m                                              [38;2;39;39;39;48;2;6;6;6m_[38;2;88;88;88;48;2;14;14;14m_[38;2;0;0;0;48;2;4;4;4m:[48;2;0;0;0m        [48;2;7;7;7m'[38;2;62;62;62;48;2;45;45;45ma[38;2;63;63;63;48;2;101;101;101m_[38;2;40;40;40;48;2;111;111;111my[38;2;55;55;55;48;2;24;24;24m~[38;2;0;0;0;48;2;6;6;6m:[38;2;84;84;84;48;2;27;27;27m~[38;2;127;127;127;48;2;36;36;36m~[38;2;47;47;47;48;2;9;9;9m~[48;2;0;0;0m                                                     [0m
[7m[38;2;0;0;0m [0m[38;2;0;0;0;48;2;0;0;0m                                             [48;2;2;2;2m:[38;2;45;45;45;48;2;28;28;28m4[38;2;0;0;0;48;2;86;86;86m_[38;2;35;35;35;48;2;18;18;18mF[38;2;0;0;0;48;2;1;1;1m:[48;2;0;0;0m  [48;2;2;2;2m:[38;2;42;42;42;48;2;25;25;25m4[38;2;38;38;38;48;2;76;76;76m~[38;2;31;31;31;48;2;14;14;14mL[38;2;34;34;34;48;2;1;1;1m_[38;2;37;37;37;48;2;2;2;2m_[48;2;0;0;0m [38;2;0;0;0;48;2;4;4;4m:[38;2;61;61;61;48;2;36;36;36my[38;2;137;137;137;48;2;78;78;78my[38;2;68;68;68;48;2;25;25;25m,[48;2;0;0;0m                                                        [0m
[7m[38;2;0;0;0m [0m[38;2;0;0;0;48;2;0;0;0m                                               [38;2;22;22;22;48;2;11;11;11mu[38;2;0;0;0;48;2;56;56;56m~[48;2;68;68;68m~[38;2;24;24;24;48;2;10;10;10mr[48;2;0;0;0m [38;2;26;26;26;48;2;12;12;12mu[38;2;10;10;10;48;2;61;61;61m~[38;2;25;25;25;48;2;50;50;50mT[38;2;18;18;18;48;2;90;90;90m~[38;2;155;155;155;48;2;108;108;108ma[38;2;112;112;112;48;2;88;88;88m*[38;2;36;36;36;48;2;17;17;17mL[38;2;0;0;0;48;2;3;3;3m'[38;2;57;57;57;48;2;24;24;24m"[38;2;18;18;18;48;2;75;75;75my[38;2;43;43;43;48;2;14;14;14m~[48;2;0;0;0m  [38;2;0;0;0;48;2;7;7;7m`[38;2;111;111;111;48;2;17;17;17m_[38;2;35;35;35;48;2;5;5;5m_[38;2;0;0;0;48;2;10;10;10m:[38;2;141;141;141;48;2;46;46;46m_[38;2;103;103;103;48;2;40;40;40m_[38;2;39;39;39;48;2;10;10;10m,[48;2;0;0;0m                                               [0m
[7m[38;2;0;0;0m [0m[38;2;0;0;0;48;2;0;0;0m                                               [48;2;3;3;3m:[38;2;50;50;50;48;2;14;14;14m~[38;2;82;82;82;48;2;23;23;23m~[38;2;30;30;30;48;2;7;7;7m_[38;2;57;57;57;48;2;1;1;1m_[38;2;22;22;22;48;2;8;8;8m"[38;2;83;83;83;48;2;23;23;23m~[38;2;46;46;46;48;2;12;12;12m~[38;2;73;73;73;48;2;20;20;20m~[38;2;51;51;51;48;2;12;12;12m~[38;2;11;11;11;48;2;3;3;3m~[38;2;38;38;38;48;2;1;1;1m_[48;2;0;0;0m [38;2;1;1;1m_"  [38;2;0;0;0;48;2;2;2;2m:[38;2;47;47;47;48;2;29;29;29m4[38;2;0;0;0;48;2;96;96;96m_[38;2;48;48;48;48;2;27;27;27mF[38;2;69;69;69;48;2;14;14;14m_[38;2;144;144;144;48;2;47;47;47m~[38;2;111;111;111;48;2;31;31;31m~[38;2;27;27;27;48;2;8;8;8m^[48;2;0;0;0m                                               [0m
[7m[38;2;0;0;0m [0m[38;2;0;0;0;48;2;0;0;0m                                                 [48;2;8;8;8m:[38;2;68;68;68;48;2;39;39;39m?[38;2;34;34;34;48;2;85;85;85my[38;2;27;27;27;48;2;15;15;15m^[38;2;0;0;0;48;2;7;7;7m`[38;2;105;105;105;48;2;13;13;13m_[38;2;28;28;28;48;2;5;5;5m,[48;2;0;0;0m [38;2;34;34;34;48;2;20;20;20m4[38;2;52;52;52;48;2;82;82;82m_[38;2;41;41;41;48;2;25;25;25mL[38;2;65;65;65;48;2;17;17;17m_[38;2;58;58;58;48;2;14;14;14m_[38;2;0;0;0;48;2;3;3;3m`[48;2;0;0;0m   [48;2;2;2;2m:[38;2;12;12;12;48;2;33;33;33m.[38;2;16;16;16;48;2;99;99;99m_[38;2;57;57;57;48;2;26;26;26mF[38;2;0;0;0;48;2;1;1;1m.[48;2;0;0;0m   [48;2;6;6;6m`[38;2;117;117;117;48;2;15;15;15m_[38;2;62;62;62;48;2;8;8;8m_[38;2;9;9;9;48;2;1;1;1m,[48;2;0;0;0m                                         [0m
[7m[38;2;0;0;0m [0m[38;2;0;0;0;48;2;0;0;0m                                                  [48;2;17;17;17m:[38;2;106;106;106;48;2;44;44;44my[38;2;94;94;94;48;2;35;35;35m_[38;2;41;41;41;48;2;24;24;24m"[38;2;117;117;117;48;2;47;47;47m~[38;2;34;34;34;48;2;10;10;10m~[38;2;0;0;0;48;2;4;4;4m:[38;2;64;64;64;48;2;17;17;17m_[38;2;28;28;28;48;2;9;9;9m_[38;2;0;0;0;48;2;16;16;16m:[38;2;42;42;42;48;2;70;70;70m=[38;2;40;40;40;48;2;65;65;65m=[38;2;9;9;9;48;2;21;21;21m:[38;2;76;76;76;48;2;47;47;47m=[38;2;0;0;0;48;2;105;105;105m`[38;2;61;61;61;48;2;27;27;27mr[48;2;0;0;0m [38;2;20;20;20;48;2;1;1;1m_[38;2;3;3;3m,[38;2;1;1;1;48;2;0;0;0m_    [38;2;2;2;2;48;2;18;18;18m.[38;2;128;128;128;48;2;53;53;53m~[38;2;78;78;78;48;2;27;27;27m~[38;2;14;14;14;48;2;3;3;3m~[48;2;0;0;0m                                         [0m
[7m[38;2;0;0;0m [0m[38;2;0;0;0;48;2;0;0;0m                                                  [38;2;21;21;21;48;2;9;9;9m`[38;2;97;97;97;48;2;49;49;49m~[38;2;63;63;63;48;2;94;94;94m_[38;2;34;34;34;48;2;17;17;17mL[48;2;0;0;0m  [38;2;0;0;0;48;2;12;12;12m:[38;2;17;17;17;48;2;55;55;55my[38;2;48;48;48;48;2;30;30;30m_[38;2;119;119;119;48;2;58;58;58m_[38;2;69;69;69;48;2;49;49;49m~[38;2;57;57;57;48;2;14;14;14m~[38;2;15;15;15;48;2;2;2;2m~[38;2;31;31;31;48;2;6;6;6m`[38;2;49;49;49;48;2;19;19;19m_[38;2;63;63;63;48;2;12;12;12m_[38;2;45;45;45;48;2;35;35;35m4[38;2;63;63;63;48;2;94;94;94m~[38;2;65;65;65;48;2;45;45;45mW[38;2;132;132;132;48;2;67;67;67ma[38;2;88;88;88;48;2;41;41;41mw[38;2;0;0;0;48;2;10;10;10m`[48;2;0;0;0m                                               [0m
[7m[38;2;0;0;0m [0m[38;2;0;0;0;48;2;0;0;0m                                                   [38;2;3;3;3m`[38;2;28;28;28;48;2;2;2;2m`[48;2;0;0;0m    [38;2;0;0;0;48;2;2;2;2m:[38;2;59;59;59;48;2;24;24;24m"[38;2;132;132;132;48;2;52;52;52m~[38;2;43;43;43;48;2;13;13;13m~[48;2;0;0;0m  [38;2;0;0;0;48;2;30;30;30m'[38;2;82;82;82;48;2;132;132;132m~[38;2;147;147;147;48;2;117;117;117ms[38;2;72;72;72;48;2;51;51;51mr[38;2;0;0;0;48;2;71;71;71m_[38;2;37;37;37;48;2;22;22;22m'[38;2;62;62;62;48;2;8;8;8m`[38;2;33;33;33;48;2;5;5;5m`[38;2;2;2;2;48;2;0;0;0m'                                               [0m
[7m[38;2;0;0;0m [0m[38;2;0;0;0;48;2;0;0;0m                                                 [48;2;1;1;1m:[38;2;47;47;47;48;2;21;21;21m_[38;2;111;111;111;48;2;48;48;48my[38;2;40;40;40;48;2;16;16;16m,[48;2;0;0;0m [38;2;1;1;1m_   [38;2;41;41;41;48;2;27;27;27m4[38;2;122;122;122;48;2;100;100;100m=[38;2;63;63;63;48;2;46;46;46mF[38;2;1;1;1;48;2;9;9;9m`[38;2;79;79;79;48;2;10;10;10m_[38;2;74;74;74;48;2;13;13;13m_[38;2;21;21;21;48;2;50;50;50m$[38;2;79;79;79;48;2;105;105;105m_[38;2;67;67;67;48;2;50;50;50mL[38;2;12;12;12;48;2;5;5;5mL[48;2;0;0;0m                                                   [0m
[7m[38;2;0;0;0m [0m[38;2;0;0;0;48;2;0;0;0m                                                 [38;2;1;1;1m`[38;2;49;49;49;48;2;19;19;19m"[38;2;137;137;137;48;2;62;62;62m~[38;2;108;108;108;48;2;45;45;45m_[38;2;28;28;28;48;2;8;8;8m,[38;2;1;1;1;48;2;0;0;0m" =[38;2;0;0;0;48;2;6;6;6m:[38;2;61;61;61;48;2;38;38;38m4[38;2;0;0;0;48;2;79;79;79m_[38;2;35;35;35;48;2;16;16;16mr[38;2;20;20;20;48;2;9;9;9m"[38;2;15;15;15;48;2;56;56;56my[38;2;92;92;92;48;2;38;38;38m~[38;2;29;29;29;48;2;14;14;14m~[38;2;86;86;86;48;2;38;38;38m_[38;2;196;196;196;48;2;70;70;70m_[38;2;163;163;163;48;2;59;59;59m_[38;2;120;120;120;48;2;39;39;39m_[38;2;49;49;49;48;2;10;10;10m,[38;2;1;1;1;48;2;0;0;0m_                                                [0m
[7m[38;2;0;0;0m [0m[38;2;0;0;0;48;2;0;0;0m                                                  [48;2;3;3;3m:[48;2;43;43;43m.[38;2;84;84;84;48;2;109;109;109mW[38;2;49;49;49;48;2;30;30;30m,[38;2;67;67;67;48;2;9;9;9m_[38;2;78;78;78;48;2;11;11;11m_[38;2;24;24;24;48;2;12;12;12m_[38;2;71;71;71;48;2;41;41;41ma[38;2;12;12;12;48;2;67;67;67m~[38;2;0;0;0;48;2;16;16;16m`[38;2;54;54;54;48;2;12;12;12m_[38;2;76;76;76;48;2;46;46;46my[38;2;105;105;105;48;2;58;58;58ma[38;2;0;0;0;48;2;24;24;24m`[38;2;11;11;11;48;2;48;48;48m.[38;2;58;58;58;48;2;124;124;124m_[38;2;154;154;154;48;2;71;71;71m~[38;2;120;120;120;48;2;28;28;28m~[38;2;87;87;87;48;2;17;17;17m~[38;2;26;26;26;48;2;3;3;3m~[38;2;1;1;1;48;2;0;0;0m`                                                [0m
[7m[38;2;0;0;0m [0m[38;2;0;0;0;48;2;0;0;0m                                                   [38;2;53;53;53;48;2;27;27;27m"[38;2;180;180;180;48;2;82;82;82m~[38;2;81;81;81;48;2;39;39;39m~[38;2;84;84;84;48;2;64;64;64m~[38;2;45;45;45;48;2;80;80;80m_[38;2;28;28;28;48;2;15;15;15mF[38;2;38;38;38;48;2;5;5;5m`[38;2;54;54;54;48;2;11;11;11m`[38;2;78;78;78;48;2;47;47;47my[38;2;202;202;202;48;2;137;137;137my[38;2;152;152;152;48;2;126;126;126mw[38;2;28;28;28;48;2;69;69;69m][38;2;144;144;144;48;2;81;81;81my[38;2;94;94;94;48;2;42;42;42m,[38;2;36;36;36;48;2;7;7;7m`[38;2;3;3;3;48;2;0;0;0m`                                                    [0m
[?25h