[?25l[0m[7m[38;2;252;252;252m [0m[38;2;0;0;0;48;2;252;252;252m                                                      [38;2;252;252;252;48;2;251;251;251m:[38;2;251;251;251;48;2;248;248;248m:[38;2;222;222;222;48;2;228;228;228m"[38;2;180;180;180;48;2;192;192;192m"[38;2;158;158;158;48;2;146;146;146mL[38;2;125;125;125;48;2;119;119;119mL[38;2;111;111;111;48;2;108;108;108mL[38;2;100;100;100;48;2;97;97;97mL[38;2;91;91;91;48;2;87;87;87m_[38;2;79;79;79;48;2;76;76;76mL[38;2;70;70;70;48;2;68;68;68mL[38;2;63;63;63;48;2;61;61;61mL[38;2;56;56;56;48;2;55;55;55mL[38;2;49;49;49;48;2;48;48;48mL[38;2;44;44;44;48;2;43;43;43mL[38;2;40;40;40;48;2;39;39;39mL[38;2;35;35;35;48;2;34;34;34mL[38;2;32;32;32;48;2;31;31;31mL[38;2;30;30;30;48;2;29;29;29my[38;2;28;28;28;48;2;27;27;27m;[38;2;24;24;24;48;2;25;25;25m"[48;2;23;23;23m [38;2;23;23;23;48;2;21;21;21m,[38;2;20;20;20;48;2;19;19;19m; [48;2;18;18;18m  [38;2;18;18;18;48;2;17;17;17m., [48;2;16;16;16m [48;2;15;15;15m [48;2;14;14;14m [38;2;15;15;15m_[48;2;13;13;13m [48;2;12;12;12m [48;2;11;11;11m  [38;2;11;11;11;48;2;10;10;10m:.l  [48;2;9;9;9m [48;2;8;8;8m [38;2;8;8;8;48;2;7;7;7m:  [38;2;6;6;6;48;2;5;5;5m|  [38;2;5;5;5;48;2;4;4;4m:   [38;2;4;4;4;48;2;3;3;3m:     [38;2;3;3;3;48;2;2;2;2m:   [0m
[7m[38;2;252;252;252m [0m[38;2;0;0;0;48;2;252;252;252m                                                       [38;2;252;252;252;48;2;251;251;251m:[38;2;240;240;240;48;2;245;245;245m"[38;2;210;210;210;48;2;219;219;219m~[38;2;185;185;185;48;2;173;173;173mL[38;2;144;144;144;48;2;135;135;135mL[38;2;122;122;122;48;2;116;116;116m_[38;2;107;107;107;48;2;104;104;104m_[38;2;98;98;98;48;2;95;95;95mL[38;2;86;86;86;48;2;82;82;82mL[38;2;75;75;75;48;2;73;73;73m_[38;2;67;67;67;48;2;64;64;64mL[38;2;61;61;61;48;2;58;58;58m_[38;2;53;53;53;48;2;51;51;51mL[38;2;48;48;48;48;2;46;46;46m_[38;2;42;42;42;48;2;41;41;41mL[38;2;38;38;38;48;2;37;37;37m,[38;2;34;34;34;48;2;33;33;33mL[38;2;31;31;31;48;2;30;30;30m|[38;2;28;28;28;48;2;27;27;27mL[38;2;27;27;27;48;2;26;26;26m.[38;2;25;25;25;48;2;24;24;24m|[38;2;23;23;23;48;2;22;22;22m|[48;2;21;21;21m [38;2;21;21;21;48;2;19;19;19m_[38;2;20;20;20m_[48;2;18;18;18m,[38;2;19;19;19m,[38;2;18;18;18;48;2;17;17;17m|  [48;2;16;16;16m [48;2;15;15;15m  [38;2;13;13;13;48;2;14;14;14m_[48;2;13;13;13m [48;2;12;12;12m,[48;2;11;11;11m   [48;2;10;10;10m   [38;2;10;10;10;48;2;9;9;9m.[38;2;9;9;9;48;2;8;8;8m:[38;2;8;8;8;48;2;7;7;7m:  [38;2;5;5;5;48;2;6;6;6m"~[38;2;6;6;6;48;2;5;5;5m:[38;2;5;5;5;48;2;4;4;4m:   [38;2;4;4;4;48;2;3;3;3m:   [38;2;3;3;3;48;2;2;2;2m: ~[48;2;1;1;1m   [0m
[7m[38;2;252;252;252m [0m[38;2;0;0;0;48;2;252;252;252m                                                        [38;2;252;252;252;48;2;250;250;250m:[38;2;234;234;234;48;2;237;237;237m4[38;2;207;207;207;48;2;196;196;196mL[38;2;163;163;163;48;2;153;153;153mL[38;2;131;131;131;48;2;126;126;126mL[38;2;112;112;112;48;2;110;110;110mL[38;2;99;99;99;48;2;100;100;100m4[38;2;89;89;89;48;2;87;87;87mL[38;2;79;79;79;48;2;77;77;77mL[38;2;70;70;70;48;2;69;69;69mL[38;2;64;64;64;48;2;63;63;63m%[38;2;57;57;57;48;2;55;55;55mL[38;2;50;50;50;48;2;49;49;49mL[38;2;45;45;45;48;2;43;43;43mL[38;2;40;40;40;48;2;39;39;39m_[38;2;33;33;33;48;2;36;36;36m`[48;2;32;32;32m,[48;2;29;29;29m [38;2;28;28;28;48;2;27;27;27m;[38;2;24;24;24;48;2;25;25;25m"[48;2;23;23;23m [38;2;23;23;23;48;2;22;22;22my [48;2;21;21;21m [48;2;20;20;20m [38;2;20;20;20;48;2;19;19;19m,[38;2;19;19;19;48;2;18;18;18m,[38;2;18;18;18;48;2;17;17;17m. [48;2;16;16;16m [38;2;16;16;16;48;2;15;15;15m: [38;2;13;13;13;48;2;14;14;14m~[38;2;12;12;12;48;2;13;13;13m`[38;2;13;13;13;48;2;12;12;12m: [48;2;11;11;11m  [38;2;11;11;11;48;2;10;10;10m:__[38;2;10;10;10;48;2;9;9;9m:[38;2;9;9;9;48;2;8;8;8m:  [38;2;8;8;8;48;2;7;7;7m:  [48;2;6;6;6m [38;2;5;5;5;48;2;4;4;4m:     [38;2;4;4;4;48;2;3;3;3m: [38;2;3;3;3;48;2;2;2;2m: [38;2;2;2;2;48;2;1;1;1m:   [0m
[7m[38;2;252;252;252m [0m[38;2;0;0;0;48;2;252;252;252m                                                        [38;2;252;252;252;48;2;251;251;251m:[38;2;251;251;251;48;2;246;246;246m:[38;2;212;212;212;48;2;217;217;217m4[38;2;179;179;179;48;2;169;169;169mL[38;2;142;142;142;48;2;135;135;135mL[38;2;118;118;118;48;2;114;114;114mL[38;2;107;107;107;48;2;104;104;104mL[38;2;95;95;95;48;2;92;92;92mL[38;2;83;83;83;48;2;80;80;80mL[38;2;73;73;73;48;2;71;71;71m,[38;2;65;65;65;48;2;64;64;64m[[38;2;58;58;58;48;2;57;57;57mF[38;2;52;52;52;48;2;51;51;51mF[38;2;47;47;47;48;2;46;46;46m|[38;2;42;42;42;48;2;41;41;41mL[38;2;38;38;38;48;2;37;37;37mL[38;2;34;34;34;48;2;33;33;33m,[38;2;31;31;31;48;2;30;30;30m,[38;2;29;29;29;48;2;28;28;28mF[38;2;27;27;27;48;2;26;26;26m:[38;2;25;25;25;48;2;24;24;24m;[38;2;24;24;24;48;2;23;23;23m|[38;2;23;23;23;48;2;22;22;22m| [38;2;22;22;22;48;2;21;21;21m|[38;2;20;20;20;48;2;19;19;19m:[48;2;18;18;18m [38;2;19;19;19mg[38;2;18;18;18;48;2;17;17;17m:[38;2;17;17;17;48;2;16;16;16m:_[48;2;15;15;15m [48;2;14;14;14m  [38;2;14;14;14;48;2;13;13;13m:[38;2;13;13;13;48;2;12;12;12m:[48;2;11;11;11m     [48;2;10;10;10m [48;2;9;9;9m [38;2;9;9;9;48;2;8;8;8m: [38;2;8;8;8;48;2;7;7;7m:  [48;2;6;6;6m [38;2;5;5;5;48;2;4;4;4m:     [38;2;4;4;4;48;2;3;3;3m: [38;2;3;3;3;48;2;2;2;2m: [38;2;2;2;2;48;2;1;1;1m:   [0m
[7m[38;2;252;252;252m [0m[38;2;0;0;0;48;2;252;252;252m                                                         [38;2;253;253;253;48;2;249;249;249m:[38;2;219;219;219;48;2;224;224;224m4[38;2;184;184;184;48;2;176;176;176mL[38;2;147;147;147;48;2;141;141;141mL[38;2;120;120;120;48;2;117;117;117mL[38;2;108;108;108;48;2;107;107;107mi[38;2;96;96;96;48;2;95;95;95ml[38;2;86;86;86;48;2;84;84;84mL[38;2;77;77;77;48;2;75;75;75mL[38;2;69;69;69;48;2;67;67;67mL[38;2;60;60;60;48;2;58;58;58mL[38;2;53;53;53;48;2;52;52;52mL[38;2;47;47;47;48;2;46;46;46m|[38;2;42;42;42;48;2;41;41;41mL[38;2;40;40;40;48;2;39;39;39m$[38;2;36;36;36;48;2;35;35;35m@[38;2;32;32;32;48;2;31;31;31m.[38;2;30;30;30;48;2;29;29;29m,[38;2;28;28;28;48;2;27;27;27m;[38;2;26;26;26;48;2;25;25;25m|[38;2;25;25;25;48;2;24;24;24m,[38;2;24;24;24;48;2;23;23;23m,[38;2;23;23;23;48;2;22;22;22m;[38;2;22;22;22;48;2;21;21;21m|[38;2;20;20;20;48;2;19;19;19m:  [38;2;19;19;19;48;2;18;18;18m:[38;2;17;17;17m`[48;2;17;17;17m [48;2;16;16;16m [38;2;16;16;16;48;2;15;15;15m,[38;2;15;15;15;48;2;14;14;14m. [38;2;13;13;13;48;2;12;12;12m:[48;2;11;11;11m     [48;2;10;10;10m [48;2;9;9;9m [38;2;9;9;9;48;2;8;8;8m: _[38;2;8;8;8;48;2;7;7;7m. [48;2;6;6;6m [38;2;5;5;5;48;2;4;4;4m:     [38;2;4;4;4;48;2;3;3;3m:  _[38;2;3;3;3;48;2;2;2;2m,[48;2;1;1;1m   [0m
[7m[38;2;252;252;252m [0m[38;2;0;0;0;48;2;252;252;252m                                                         [38;2;253;253;253;48;2;250;250;250m:[38;2;221;221;221;48;2;226;226;226m4[38;2;185;185;185;48;2;177;177;177mL[38;2;148;148;148;48;2;143;143;143mL[38;2;122;122;122;48;2;118;118;118mL[38;2;108;108;108;48;2;107;107;107ml[38;2;97;97;97;48;2;95;95;95mL[38;2;87;87;87;48;2;85;85;85mF[38;2;78;78;78;48;2;76;76;76mF[38;2;69;69;69;48;2;68;68;68ml[38;2;61;61;61;48;2;60;60;60ml[38;2;52;52;52;48;2;53;53;53m4[38;2;47;47;47;48;2;46;46;46mL[48;2;42;42;42m [38;2;38;38;38;48;2;39;39;39mJ[38;2;34;34;34;48;2;35;35;35m4[38;2;32;32;32;48;2;31;31;31m;[38;2;30;30;30;48;2;29;29;29m:[38;2;28;28;28;48;2;27;27;27m_[38;2;27;27;27;48;2;26;26;26m,[38;2;25;25;25;48;2;24;24;24m:[38;2;24;24;24;48;2;23;23;23m|[38;2;23;23;23;48;2;22;22;22m.[38;2;22;22;22;48;2;21;21;21m:[38;2;20;20;20;48;2;19;19;19m____[38;2;19;19;19;48;2;18;18;18m:[38;2;18;18;18;48;2;17;17;17m,[48;2;16;16;16m [38;2;17;17;17m,[38;2;16;16;16;48;2;15;15;15m_[38;2;15;15;15;48;2;14;14;14m:[48;2;13;13;13m [38;2;12;12;12;48;2;11;11;11m: _  [38;2;11;11;11;48;2;10;10;10m:[38;2;10;10;10;48;2;9;9;9m:   [48;2;8;8;8m [48;2;7;7;7m [48;2;6;6;6m [48;2;5;5;5m [38;2;5;5;5;48;2;4;4;4m:        [48;2;2;2;2m [48;2;1;1;1m   [0m
[7m[38;2;252;252;252m [0m[38;2;0;0;0;48;2;252;252;252m                                                         [38;2;252;252;252;48;2;248;248;248m`[38;2;216;216;216;48;2;221;221;221m4[38;2;181;181;181;48;2;173;173;173mF[38;2;146;146;146;48;2;141;141;141mF[38;2;120;120;120;48;2;118;118;118mL[38;2;108;108;108;48;2;107;107;107m$[38;2;98;98;98;48;2;96;96;96mL[38;2;87;87;87;48;2;84;84;84mF[38;2;76;76;76;48;2;74;74;74mF[38;2;68;68;68;48;2;67;67;67mF[38;2;61;61;61;48;2;60;60;60ml[38;2;53;53;53;48;2;54;54;54m4[38;2;48;48;48;48;2;47;47;47m,[38;2;43;43;43;48;2;42;42;42mL[48;2;39;39;39m [48;2;35;35;35m [38;2;32;32;32;48;2;31;31;31m:[48;2;30;30;30m [48;2;29;29;29m [38;2;27;27;27;48;2;26;26;26mL[38;2;25;25;25;48;2;24;24;24m|[38;2;24;24;24;48;2;23;23;23m| [38;2;22;22;22;48;2;21;21;21m~   [38;2;21;21;21;48;2;20;20;20m~[38;2;19;19;19;48;2;18;18;18m:[48;2;17;17;17m  [48;2;16;16;16m  [48;2;15;15;15m [38;2;13;13;13;48;2;14;14;14m_[48;2;12;12;12m>[38;2;12;12;12;48;2;11;11;11m.[48;2;12;12;12m [48;2;11;11;11m: [38;2;11;11;11;48;2;10;10;10m:[38;2;10;10;10;48;2;9;9;9m: [38;2;9;9;9;48;2;8;8;8m:~[38;2;8;8;8;48;2;7;7;7m: [48;2;6;6;6m [48;2;5;5;5m [38;2;5;5;5;48;2;4;4;4m:    [38;2;4;4;4;48;2;3;3;3m:   [38;2;3;3;3;48;2;2;2;2m:   [0m
[7m[38;2;252;252;252m [0m[38;2;0;0;0;48;2;252;252;252m                                                        [38;2;252;252;252;48;2;251;251;251m:[38;2;251;251;251;48;2;244;244;244m'[38;2;207;207;207;48;2;213;213;213my[38;2;172;172;172;48;2;163;163;163mF[38;2;140;140;140;48;2;134;134;134mF[38;2;119;119;119;48;2;116;116;116mF[38;2;106;106;106;48;2;104;104;104mF[38;2;92;92;92;48;2;95;95;95m_[38;2;85;85;85;48;2;83;83;83mF[38;2;75;75;75;48;2;73;73;73mF[38;2;66;66;66;48;2;67;67;67mj[38;2;61;61;61;48;2;59;59;59mF[38;2;54;54;54;48;2;53;53;53mF[38;2;48;48;48;48;2;47;47;47mL[38;2;43;43;43;48;2;42;42;42mL[38;2;39;39;39;48;2;38;38;38mF[38;2;35;35;35;48;2;34;34;34mF[38;2;32;32;32;48;2;31;31;31mL[48;2;30;30;30m [38;2;28;28;28;48;2;29;29;29m_[38;2;27;27;27;48;2;26;26;26m|[48;2;24;24;24m [48;2;23;23;23m  [38;2;22;22;22;48;2;21;21;21m: [38;2;21;21;21;48;2;20;20;20m:.[38;2;20;20;20;48;2;19;19;19m:[38;2;19;19;19;48;2;18;18;18m|[38;2;18;18;18;48;2;17;17;17m. [48;2;16;16;16m  [48;2;15;15;15m [48;2;13;13;13m [48;2;12;12;12m    [48;2;11;11;11m [38;2;11;11;11;48;2;10;10;10m:[38;2;10;10;10;48;2;9;9;9m: [38;2;9;9;9;48;2;8;8;8m: [38;2;8;8;8;48;2;7;7;7m: [48;2;6;6;6m [48;2;5;5;5m [38;2;5;5;5;48;2;4;4;4m:_[38;2;6;6;6m__[38;2;5;5;5m:[38;2;2;2;2m_ [38;2;14;14;14;48;2;3;3;3m_[38;2;22;22;22;48;2;4;4;4m_[38;2;31;31;31;48;2;5;5;5m_[38;2;36;36;36m_[38;2;37;37;37m_[38;2;38;38;38m_[0m
[7m[38;2;252;252;252m [0m[38;2;0;0;0;48;2;252;252;252m                                                       [48;2;251;251;251m [38;2;251;251;251;48;2;248;248;248m`[38;2;226;226;226;48;2;232;232;232my[38;2;200;200;200;48;2;189;189;189mF[38;2;155;155;155;48;2;149;149;149mF[38;2;128;128;128;48;2;125;125;125mF[38;2;113;113;113;48;2;111;111;111mF[38;2;104;104;104;48;2;102;102;102mF[38;2;92;92;92;48;2;91;91;91ml[38;2;81;81;81;48;2;79;79;79mF[38;2;72;72;72;48;2;70;70;70mF[38;2;62;62;62;48;2;64;64;64m_[38;2;58;58;58;48;2;57;57;57mF[38;2;52;52;52;48;2;51;51;51mF[48;2;47;47;47m [38;2;42;42;42;48;2;43;43;43m_[38;2;39;39;39;48;2;38;38;38mF[48;2;34;34;34m [38;2;32;32;32;48;2;31;31;31m|[48;2;30;30;30m [38;2;28;28;28;48;2;27;27;27mL[38;2;26;26;26;48;2;25;25;25m:[38;2;24;24;24;48;2;23;23;23m: [48;2;22;22;22m [38;2;22;22;22;48;2;21;21;21m:[38;2;21;21;21;48;2;20;20;20m~[38;2;20;20;20;48;2;19;19;19m`` [38;2;19;19;19;48;2;18;18;18m| [48;2;17;17;17m [48;2;16;16;16m  [48;2;15;15;15m [48;2;13;13;13m [48;2;12;12;12m    [48;2;11;11;11m [38;2;11;11;11;48;2;10;10;10m:[38;2;10;10;10;48;2;9;9;9m: [38;2;9;9;9;48;2;8;8;8m: [38;2;8;8;8;48;2;7;7;7m: [48;2;6;6;6m [48;2;5;5;5m  [48;2;7;7;7m [38;2;9;9;9;48;2;8;8;8mg[38;2;5;5;5;48;2;6;6;6my[38;2;4;4;4;48;2;20;20;20m`[38;2;163;163;163;48;2;94;94;94my[38;2;51;51;51;48;2;179;179;179m~[38;2;68;68;68;48;2;199;199;199m~[38;2;77;77;77;48;2;205;205;205m~[38;2;83;83;83;48;2;210;210;210m~[38;2;87;87;87;48;2;212;212;212m~~[38;2;89;89;89;48;2;213;213;213m~[0m
[7m[38;2;252;252;252m [0m[38;2;0;0;0;48;2;252;252;252m                                                      [38;2;252;252;252;48;2;251;251;251m:[38;2;248;248;248;48;2;250;250;250m_[38;2;236;236;236;48;2;243;243;243m_[38;2;203;203;203;48;2;214;214;214my[38;2;176;176;176;48;2;167;167;167mF[38;2;143;143;143;48;2;137;137;137mF[38;2;123;123;123;48;2;118;118;118m~[38;2;110;110;110;48;2;106;106;106m~[38;2;95;95;95;48;2;98;98;98my[38;2;90;90;90;48;2;87;87;87mF[38;2;79;79;79;48;2;77;77;77mF[38;2;70;70;70;48;2;68;68;68mF[38;2;62;62;62;48;2;61;61;61mF[38;2;55;55;55;48;2;54;54;54mL[38;2;50;50;50;48;2;49;49;49mF[38;2;46;46;46;48;2;45;45;45mF[38;2;41;41;41;48;2;40;40;40mF[38;2;38;38;38;48;2;37;37;37m'[48;2;34;34;34m [38;2;32;32;32;48;2;31;31;31m:[38;2;30;30;30;48;2;29;29;29m~[38;2;28;28;28;48;2;27;27;27m:[38;2;26;26;26;48;2;25;25;25m|[38;2;24;24;24;48;2;23;23;23m| [38;2;23;23;23;48;2;22;22;22m|[38;2;22;22;22;48;2;21;21;21m|[38;2;20;20;20;48;2;19;19;19m:yy.[38;2;19;19;19;48;2;18;18;18m|[38;2;18;18;18;48;2;17;17;17m:`[38;2;17;17;17;48;2;16;16;16m` [48;2;15;15;15m [48;2;13;13;13m [38;2;13;13;13;48;2;12;12;12m: [38;2;12;12;12;48;2;11;11;11m:~`[38;2;11;11;11;48;2;10;10;10m:[38;2;10;10;10;48;2;9;9;9m: [38;2;9;9;9;48;2;8;8;8m: [38;2;8;8;8;48;2;7;7;7m: [48;2;6;6;6m [48;2;5;5;5m [38;2;5;5;5;48;2;4;4;4m:[38;2;7;7;7;48;2;5;5;5m"[38;2;9;9;9;48;2;6;6;6m~[38;2;7;7;7m?[38;2;26;26;26;48;2;10;10;10m`[38;2;136;136;136;48;2;56;56;56m~[38;2;51;51;51;48;2;159;159;159m_[38;2;147;147;147;48;2;224;224;224m_[38;2;218;218;218;48;2;248;248;248m_[38;2;247;247;247;48;2;252;252;252m_[38;2;254;254;254m~~~[0m
[7m[38;2;252;252;252m [0m[38;2;0;0;0;48;2;252;252;252m                                                      [38;2;252;252;252;48;2;251;251;251m:[38;2;249;249;249;48;2;244;244;244m'[38;2;211;211;211;48;2;222;222;222my[38;2;195;195;195;48;2;176;176;176m~[38;2;155;155;155;48;2;145;145;145m~[38;2;126;126;126;48;2;123;123;123m^[38;2;113;113;113;48;2;110;110;110mF[38;2;104;104;104;48;2;101;101;101mF[38;2;93;93;93;48;2;90;90;90mF[38;2;83;83;83;48;2;81;81;81mF[38;2;75;75;75;48;2;72;72;72mF[38;2;67;67;67;48;2;65;65;65m~[38;2;60;60;60;48;2;59;59;59mF[38;2;54;54;54;48;2;53;53;53mF[38;2;49;49;49;48;2;48;48;48m'[38;2;44;44;44;48;2;43;43;43mF[38;2;39;39;39;48;2;38;38;38mF[48;2;35;35;35m [38;2;34;34;34;48;2;33;33;33m`[38;2;32;32;32;48;2;31;31;31m|[38;2;30;30;30;48;2;29;29;29m|[38;2;28;28;28;48;2;27;27;27m|[38;2;26;26;26;48;2;25;25;25m|[38;2;24;24;24;48;2;23;23;23m| [48;2;22;22;22m [38;2;22;22;22;48;2;21;21;21m|[48;2;20;20;20m [38;2;21;21;21m:[48;2;21;21;21m [38;2;19;19;19;48;2;18;18;18mL [48;2;17;17;17m [38;2;17;17;17;48;2;16;16;16m:  [38;2;15;15;15;48;2;14;14;14m: [48;2;13;13;13m [48;2;12;12;12m [48;2;11;11;11m  [38;2;11;11;11;48;2;10;10;10m: [38;2;10;10;10;48;2;9;9;9m: [38;2;9;9;9;48;2;8;8;8m:  [38;2;8;8;8;48;2;7;7;7m:[48;2;6;6;6m [48;2;5;5;5m [38;2;5;5;5;48;2;4;4;4m:  ``[38;2;7;7;7;48;2;6;6;6mu[38;2;30;30;30m`[38;2;105;105;105;48;2;38;38;38m`[38;2;148;148;148;48;2;169;169;169mk[38;2;227;227;227;48;2;238;238;238mr[48;2;252;252;252m [48;2;251;251;251m [48;2;252;252;252m [0m
[7m[38;2;252;252;252m [0m[38;2;0;0;0;48;2;252;252;252m                                                   [38;2;252;252;252;48;2;251;251;251m~~[48;2;250;250;250m`[38;2;251;251;251;48;2;245;245;245m'[38;2;212;212;212;48;2;226;226;226my[38;2;202;202;202;48;2;181;181;181m~[38;2;158;158;158;48;2;144;144;144m~[38;2;131;131;131;48;2;123;123;123m"[38;2;118;118;118;48;2;114;114;114m~[38;2;100;100;100;48;2;105;105;105m_[38;2;98;98;98;48;2;93;93;93m~[38;2;87;87;87;48;2;83;83;83m~[38;2;78;78;78;48;2;74;74;74m~[38;2;63;63;63;48;2;67;67;67m_[38;2;62;62;62;48;2;59;59;59m~[38;2;56;56;56;48;2;53;53;53m~[38;2;50;50;50;48;2;47;47;47m~[38;2;46;46;46;48;2;43;43;43m~[38;2;41;41;41;48;2;40;40;40m^[38;2;38;38;38;48;2;37;37;37m~[38;2;35;35;35;48;2;34;34;34m'[38;2;32;32;32;48;2;31;31;31m~[38;2;31;31;31;48;2;29;29;29m~[38;2;27;27;27;48;2;28;28;28m_[38;2;28;28;28;48;2;27;27;27m'[38;2;26;26;26;48;2;25;25;25m|[38;2;24;24;24;48;2;23;23;23m| [48;2;22;22;22m [38;2;22;22;22;48;2;21;21;21m:;[38;2;21;21;21;48;2;19;19;19m``[38;2;19;19;19;48;2;18;18;18m:[48;2;17;17;17m   [48;2;16;16;16m [38;2;16;16;16;48;2;15;15;15m:[38;2;15;15;15;48;2;14;14;14m: [48;2;13;13;13m [48;2;12;12;12m [48;2;11;11;11m  [38;2;11;11;11;48;2;10;10;10m: [38;2;10;10;10;48;2;9;9;9m: [38;2;9;9;9;48;2;8;8;8m:  [48;2;7;7;7m [38;2;7;7;7;48;2;6;6;6m:P[48;2;5;5;5m [38;2;5;5;5;48;2;4;4;4m:  :[38;2;6;6;6;48;2;7;7;7mF[38;2;2;2;2;48;2;5;5;5m4[38;2;54;54;54;48;2;44;44;44m4[38;2;154;154;154;48;2;180;180;180m_[38;2;231;231;231;48;2;244;244;244m_[38;2;253;253;253;48;2;252;252;252m'[48;2;251;251;251m [48;2;252;252;252m [0m
[7m[38;2;252;252;252m [0m[38;2;0;0;0;48;2;252;252;252m                                                   [38;2;252;252;252;48;2;251;251;251m_[38;2;251;251;251;48;2;250;250;250m:[38;2;235;235;235;48;2;245;245;245m_[38;2;199;199;199;48;2;222;222;222m_[48;2;176;176;176m~[38;2;161;161;161;48;2;145;145;145m~[38;2;137;137;137;48;2;126;126;126m~[38;2;120;120;120;48;2;113;113;113m~[38;2;97;97;97;48;2;104;104;104m_[38;2;98;98;98;48;2;91;91;91m~[38;2;86;86;86;48;2;82;82;82m~[38;2;79;79;79;48;2;75;75;75m~[38;2;70;70;70;48;2;67;67;67m~[38;2;61;61;61;48;2;60;60;60m"[38;2;56;56;56;48;2;55;55;55m^[38;2;51;51;51;48;2;50;50;50mF[38;2;46;46;46;48;2;45;45;45ml[48;2;41;41;41m [38;2;39;39;39;48;2;38;38;38m.[38;2;37;37;37;48;2;35;35;35m~[38;2;33;33;33;48;2;32;32;32m:[48;2;30;30;30m [38;2;29;29;29;48;2;28;28;28m_[38;2;27;27;27;48;2;26;26;26m_`[48;2;25;25;25m [38;2;24;24;24;48;2;23;23;23m; [38;2;23;23;23;48;2;22;22;22m|[38;2;22;22;22;48;2;21;21;21m: [38;2;20;20;20;48;2;19;19;19m: [38;2;19;19;19;48;2;18;18;18m|[38;2;18;18;18;48;2;17;17;17m: [38;2;17;17;17;48;2;16;16;16m: [48;2;15;15;15m [48;2;14;14;14m [38;2;14;14;14;48;2;13;13;13m.[38;2;13;13;13;48;2;12;12;12m: [48;2;11;11;11m  [38;2;11;11;11;48;2;10;10;10m: [38;2;10;10;10;48;2;9;9;9m:[38;2;9;9;9;48;2;8;8;8m:.^[38;2;8;8;8;48;2;7;7;7m:^[38;2;7;7;7;48;2;6;6;6m:[38;2;6;6;6;48;2;5;5;5m: [38;2;5;5;5;48;2;4;4;4m:  `[38;2;7;7;7;48;2;5;5;5m`[38;2;5;5;5;48;2;6;6;6m_[38;2;24;24;24;48;2;7;7;7m`[38;2;97;97;97;48;2;37;37;37m~[38;2;202;202;202;48;2;92;92;92m~[38;2;63;63;63;48;2;159;159;159my[38;2;82;82;82;48;2;184;184;184m_[38;2;194;194;194;48;2;230;230;230m,[0m
[7m[38;2;252;252;252m [0m[38;2;0;0;0;48;2;252;252;252m                                                  [38;2;252;252;252;48;2;251;251;251m:[38;2;241;241;241;48;2;248;248;248m_[38;2;222;222;222;48;2;238;238;238m_[38;2;194;194;194;48;2;211;211;211my[38;2;190;190;190;48;2;166;166;166m~[38;2;148;148;148;48;2;139;139;139m"[38;2;130;130;130;48;2;122;122;122m~[38;2;116;116;116;48;2;109;109;109m~[38;2;97;97;97;48;2;102;102;102m_[38;2;88;88;88;48;2;93;93;93my[38;2;86;86;86;48;2;81;81;81m~[38;2;73;73;73;48;2;76;76;76my[38;2;71;71;71;48;2;68;68;68m~[38;2;65;65;65;48;2;61;61;61m~[38;2;57;57;57;48;2;55;55;55m~[38;2;54;54;54;48;2;51;51;51m~[38;2;46;46;46;48;2;48;48;48my[38;2;45;45;45;48;2;43;43;43m~[38;2;41;41;41;48;2;39;39;39m~[38;2;37;37;37;48;2;36;36;36mF[38;2;35;35;35;48;2;33;33;33m~[38;2;32;32;32;48;2;31;31;31m^[38;2;31;31;31;48;2;30;30;30m~[38;2;28;28;28;48;2;27;27;27m~[38;2;27;27;27;48;2;26;26;26m~[38;2;26;26;26;48;2;25;25;25m~[38;2;25;25;25;48;2;24;24;24m: [38;2;24;24;24;48;2;23;23;23m|[38;2;23;23;23;48;2;22;22;22m|[38;2;22;22;22;48;2;21;21;21m| [38;2;20;20;20;48;2;19;19;19m: [38;2;19;19;19;48;2;18;18;18m|[38;2;18;18;18;48;2;17;17;17m.[38;2;17;17;17;48;2;16;16;16m:  [48;2;15;15;15m [48;2;14;14;14m [38;2;13;13;13;48;2;12;12;12m:  [48;2;11;11;11m  [38;2;11;11;11;48;2;10;10;10m: [38;2;10;10;10;48;2;9;9;9m:[38;2;9;9;9;48;2;8;8;8m:  [38;2;8;8;8;48;2;7;7;7m: [48;2;6;6;6m [38;2;6;6;6;48;2;5;5;5m: [38;2;5;5;5;48;2;4;4;4m:   [38;2;4;4;4;48;2;3;3;3m:  "=[38;2;2;2;2;48;2;4;4;4m~[38;2;52;52;52;48;2;17;17;17m~[38;2;161;161;161;48;2;76;76;76m~[0m
[7m[38;2;252;252;252m [0m[38;2;0;0;0;48;2;252;252;252m                                                [38;2;252;252;252;48;2;251;251;251m:[38;2;245;245;245;48;2;250;250;250m_[38;2;231;231;231;48;2;243;243;243m_[38;2;198;198;198;48;2;224;224;224m_[38;2;169;169;169;48;2;192;192;192my[38;2;175;175;175;48;2;154;154;154m~[38;2;146;146;146;48;2;132;132;132m~[38;2;127;127;127;48;2;118;118;118m~[38;2;106;106;106;48;2;111;111;111my[38;2;93;93;93;48;2;100;100;100m_[38;2;87;87;87;48;2;91;91;91my[38;2;84;84;84;48;2;80;80;80m~[38;2;75;75;75;48;2;72;72;72m~[38;2;70;70;70;48;2;66;66;66m~[38;2;63;63;63;48;2;60;60;60m~[38;2;56;56;56;48;2;54;54;54m"[38;2;52;52;52;48;2;49;49;49m~[38;2;48;48;48;48;2;46;46;46m~[38;2;44;44;44;48;2;42;42;42m~[38;2;40;40;40;48;2;39;39;39m~[38;2;37;37;37;48;2;36;36;36m~[38;2;35;35;35;48;2;34;34;34m'[38;2;33;33;33;48;2;32;32;32m`[48;2;30;30;30m [38;2;27;27;27;48;2;28;28;28m-[48;2;26;26;26m~[38;2;26;26;26;48;2;25;25;25m~[38;2;25;25;25;48;2;24;24;24m~  [38;2;24;24;24;48;2;23;23;23m'[38;2;22;22;22;48;2;21;21;21m~' [38;2;20;20;20;48;2;19;19;19m: [38;2;19;19;19;48;2;18;18;18m|[38;2;18;18;18;48;2;17;17;17m.[38;2;17;17;17;48;2;16;16;16m: [38;2;16;16;16;48;2;15;15;15m:`[48;2;14;14;14m [48;2;13;13;13m [38;2;13;13;13;48;2;12;12;12m:[38;2;12;12;12;48;2;11;11;11m:` [38;2;11;11;11;48;2;10;10;10m: [38;2;10;10;10;48;2;9;9;9m:[38;2;9;9;9;48;2;8;8;8m:  [38;2;8;8;8;48;2;7;7;7m:[48;2;6;6;6m [38;2;6;6;6;48;2;5;5;5m~[48;2;4;4;4m`[38;2;5;5;5m~~   [38;2;4;4;4;48;2;3;3;3m: [38;2;3;3;3;48;2;2;2;2m: ~"^ [0m
[7m[38;2;252;252;252m [0m[38;2;0;0;0;48;2;252;252;252m                                              [38;2;252;252;252;48;2;251;251;251m.[38;2;247;247;247;48;2;250;250;250m_[38;2;232;232;232;48;2;244;244;244m_[38;2;201;201;201;48;2;227;227;227m_[38;2;176;176;176;48;2;202;202;202my[38;2;187;187;187;48;2;159;159;159m~[38;2;151;151;151;48;2;136;136;136m~[38;2;131;131;131;48;2;122;122;122m~[38;2;118;118;118;48;2;112;112;112m~[38;2;98;98;98;48;2;105;105;105m_[38;2;90;90;90;48;2;95;95;95my[38;2;91;91;91;48;2;86;86;86m~[38;2;84;84;84;48;2;79;79;79m~[38;2;75;75;75;48;2;71;71;71m~[38;2;61;61;61;48;2;64;64;64my[38;2;63;63;63;48;2;59;59;59m~[38;2;57;57;57;48;2;54;54;54m~[38;2;51;51;51;48;2;48;48;48m~[38;2;47;47;47;48;2;44;44;44m~[38;2;44;44;44;48;2;41;41;41m~[38;2;38;38;38;48;2;40;40;40my[38;2;33;33;33;48;2;37;37;37m_[38;2;36;36;36;48;2;34;34;34m~[38;2;34;34;34;48;2;32;32;32m~[38;2;32;32;32;48;2;31;31;31m~[38;2;30;30;30;48;2;28;28;28m~[38;2;28;28;28;48;2;27;27;27m"[38;2;26;26;26;48;2;25;25;25m"[38;2;25;25;25;48;2;24;24;24m`  [38;2;24;24;24;48;2;23;23;23m:[38;2;23;23;23;48;2;22;22;22m|[38;2;22;22;22;48;2;21;21;21m| [38;2;21;21;21;48;2;20;20;20m:[38;2;20;20;20;48;2;19;19;19m: [38;2;19;19;19;48;2;18;18;18m|[38;2;18;18;18;48;2;17;17;17m|[48;2;16;16;16m  [48;2;15;15;15m  [48;2;14;14;14m [38;2;14;14;14;48;2;13;13;13m:[38;2;13;13;13;48;2;12;12;12mL[48;2;11;11;11m   [38;2;11;11;11;48;2;10;10;10m: [38;2;10;10;10;48;2;9;9;9m. [38;2;9;9;9;48;2;8;8;8m. [38;2;8;8;8;48;2;7;7;7m.[38;2;6;6;6;48;2;5;5;5mL [38;2;5;5;5;48;2;4;4;4m:     [38;2;4;4;4;48;2;3;3;3m: [38;2;3;3;3;48;2;2;2;2m: [38;2;2;2;2;48;2;1;1;1m:___[0m
[7m[38;2;252;252;252m [0m[38;2;0;0;0;48;2;252;252;252m                                           [38;2;252;252;252;48;2;251;251;251m.[38;2;250;250;250m_[38;2;245;245;245;48;2;249;249;249m_[38;2;227;227;227;48;2;242;242;242m_[38;2;195;195;195;48;2;226;226;226m_[38;2;174;174;174;48;2;200;200;200my[38;2;187;187;187;48;2;159;159;159m~[38;2;150;150;150;48;2;136;136;136m"[38;2;129;129;129;48;2;123;123;123m"[38;2;120;120;120;48;2;114;114;114m~[38;2;115;115;115;48;2;107;107;107m~[38;2;93;93;93;48;2;101;101;101m_[38;2;95;95;95;48;2;88;88;88m~[38;2;85;85;85;48;2;78;78;78m~[38;2;79;79;79;48;2;73;73;73m~[38;2;73;73;73;48;2;68;68;68m~[38;2;65;65;65;48;2;61;61;61m~[38;2;58;58;58;48;2;55;55;55m~[38;2;49;49;49;48;2;52;52;52m_[38;2;46;46;46;48;2;49;49;49m_[38;2;45;45;45;48;2;44;44;44mF[38;2;41;41;41;48;2;40;40;40m~[38;2;38;38;38;48;2;37;37;37m^[38;2;36;36;36;48;2;34;34;34m`[38;2;33;33;33;48;2;32;32;32m"[38;2;31;31;31;48;2;30;30;30m`~[38;2;30;30;30;48;2;29;29;29m~[38;2;27;27;27;48;2;26;26;26m~ [38;2;24;24;24;48;2;25;25;25m_[38;2;25;25;25;48;2;24;24;24m'[38;2;24;24;24;48;2;23;23;23m.[38;2;23;23;23;48;2;22;22;22m~[38;2;24;24;24m`[38;2;23;23;23m'[48;2;21;21;21m [38;2;21;21;21;48;2;20;20;20m~[38;2;20;20;20;48;2;19;19;19m`[38;2;19;19;19;48;2;18;18;18m``[38;2;18;18;18;48;2;17;17;17m:[38;2;17;17;17;48;2;16;16;16m:[38;2;16;16;16;48;2;15;15;15m:~`[38;2;15;15;15;48;2;14;14;14m. [48;2;12;12;12m [38;2;12;12;12;48;2;11;11;11m`   [38;2;11;11;11;48;2;10;10;10m"[38;2;10;10;10;48;2;9;9;9m~[38;2;9;9;9;48;2;8;8;8m:`[38;2;8;8;8;48;2;7;7;7m:`[48;2;6;6;6m [38;2;6;6;6;48;2;5;5;5m` [38;2;5;5;5;48;2;4;4;4m:     [38;2;4;4;4;48;2;3;3;3m: [38;2;3;3;3;48;2;2;2;2m:    [38;2;1;1;1m_[0m
[7m[38;2;252;252;252m [0m[38;2;0;0;0;48;2;252;252;252m                                        [38;2;252;252;252;48;2;251;251;251m:[38;2;246;246;246;48;2;250;250;250m_[38;2;239;239;239;48;2;248;248;248m_[38;2;228;228;228;48;2;244;244;244m_[38;2;204;204;204;48;2;233;233;233m_[38;2;185;185;185;48;2;214;214;214my[38;2;153;153;153;48;2;185;185;185my[38;2;182;182;182;48;2;151;151;151m~[38;2;151;151;151;48;2;131;131;131m~[38;2;133;133;133;48;2;121;121;121m~[38;2;108;108;108;48;2;115;115;115my[38;2;101;101;101;48;2;108;108;108my[38;2;92;92;92;48;2;101;101;101my[38;2;82;82;82;48;2;92;92;92m_[38;2;80;80;80;48;2;86;86;86my[38;2;70;70;70;48;2;77;77;77m_[38;2;72;72;72;48;2;67;67;67m~[38;2;67;67;67;48;2;63;63;63m~[38;2;57;57;57;48;2;60;60;60my[48;2;53;53;53m~[38;2;51;51;51;48;2;48;48;48m~[48;2;46;46;46m [38;2;45;45;45;48;2;43;43;43m"[38;2;40;40;40;48;2;37;37;37m~[38;2;37;37;37;48;2;35;35;35m~[38;2;36;36;36;48;2;34;34;34m~[38;2;34;34;34;48;2;33;33;33m~[38;2;32;32;32;48;2;31;31;31m~[48;2;30;30;30m [38;2;30;30;30;48;2;29;29;29m:[38;2;28;28;28;48;2;27;27;27m:[38;2;26;26;26;48;2;25;25;25m| [48;2;24;24;24m [48;2;23;23;23m  [48;2;22;22;22m  [38;2;22;22;22;48;2;21;21;21m| [38;2;20;20;20;48;2;19;19;19m:[38;2;19;19;19;48;2;18;18;18m., [38;2;18;18;18;48;2;17;17;17m|[48;2;16;16;16m [48;2;15;15;15m  [38;2;15;15;15;48;2;14;14;14m: [48;2;13;13;13m [48;2;12;12;12m [38;2;12;12;12;48;2;11;11;11m,  [38;2;11;11;11;48;2;10;10;10m:[38;2;10;10;10;48;2;9;9;9m: [38;2;9;9;9;48;2;8;8;8m: [38;2;8;8;8;48;2;7;7;7m: [48;2;6;6;6m [38;2;5;5;5;48;2;4;4;4m:   [38;2;4;4;4;48;2;3;3;3m:     [38;2;3;3;3;48;2;2;2;2m:  [48;2;3;3;3m [48;2;1;1;1m [38;2;79;79;79;48;2;36;36;36my[0m
[7m[38;2;252;252;252m [0m[38;2;0;0;0;48;2;252;252;252m                                    [38;2;252;252;252;48;2;251;251;251m..[38;2;249;249;249m_[38;2;241;241;241;48;2;249;249;249m_[38;2;224;224;224;48;2;244;244;244m_[38;2;200;200;200;48;2;230;230;230m_[38;2;171;171;171;48;2;212;212;212m_[38;2;165;165;165;48;2;191;191;191my[38;2;187;187;187;48;2;156;156;156m~[38;2;157;157;157;48;2;135;135;135m~[38;2;133;133;133;48;2;121;121;121m~[38;2;124;124;124;48;2;114;114;114m~[38;2;106;106;106;48;2;111;111;111my[38;2;97;97;97;48;2;103;103;103my[38;2;101;101;101;48;2;93;93;93m~[38;2;93;93;93;48;2;86;86;86m~[38;2;84;84;84;48;2;78;78;78m~[38;2;79;79;79;48;2;73;73;73m~[38;2;66;66;66;48;2;70;70;70my[38;2;67;67;67;48;2;62;62;62m~[38;2;61;61;61;48;2;59;59;59m"[38;2;56;56;56;48;2;55;55;55m~[38;2;48;48;48;48;2;51;51;51m_[38;2;43;43;43;48;2;46;46;46m_[48;2;45;45;45my[38;2;40;40;40;48;2;43;43;43m_[48;2;39;39;39mF[38;2;34;34;34;48;2;35;35;35m_[38;2;33;33;33;48;2;32;32;32m~[38;2;31;31;31mg[38;2;29;29;29;48;2;31;31;31my[38;2;28;28;28;48;2;29;29;29my[38;2;30;30;30;48;2;28;28;28m~[38;2;29;29;29;48;2;27;27;27m~[38;2;27;27;27;48;2;26;26;26m~[38;2;26;26;26;48;2;25;25;25m'[38;2;25;25;25;48;2;24;24;24m` [48;2;23;23;23m [38;2;23;23;23;48;2;22;22;22m:  [38;2;22;22;22;48;2;21;21;21m| [38;2;20;20;20;48;2;19;19;19m: [38;2;19;19;19;48;2;18;18;18m| [48;2;17;17;17m [48;2;16;16;16m [48;2;15;15;15m  [38;2;15;15;15;48;2;14;14;14m:[38;2;12;12;12;48;2;13;13;13my[38;2;13;13;13;48;2;12;12;12m`[48;2;11;11;11m [38;2;12;12;12m` [38;2;11;11;11;48;2;10;10;10m: [38;2;10;10;10;48;2;9;9;9m: [38;2;9;9;9;48;2;8;8;8m: [38;2;8;8;8;48;2;7;7;7m: [48;2;6;6;6m [38;2;5;5;5;48;2;4;4;4m:   [38;2;4;4;4;48;2;3;3;3m:     [38;2;3;3;3;48;2;2;2;2m:   [38;2;2;2;2;48;2;5;5;5m`[38;2;142;142;142;48;2;112;112;112m4[0m
[38;2;232;232;232;48;2;247;247;247m_[38;2;242;242;242;48;2;251;251;251m_[38;2;247;247;247m_[38;2;250;250;250m_[38;2;252;252;252m.[48;2;252;252;252m                          [48;2;251;251;251m:[38;2;249;249;249m_[38;2;248;248;248m_[38;2;244;244;244;48;2;250;250;250m_[38;2;238;238;238;48;2;248;248;248m_[38;2;231;231;231;48;2;247;247;247m_[38;2;217;217;217;48;2;240;240;240m_[38;2;196;196;196;48;2;230;230;230m_[38;2;173;173;173;48;2;217;217;217m_[38;2;172;172;172;48;2;203;203;203my[38;2;208;208;208;48;2;167;167;167m~[38;2;183;183;183;48;2;147;147;147m~[38;2;156;156;156;48;2;131;131;131m~[38;2;139;139;139;48;2;122;122;122m~[38;2;126;126;126;48;2;114;114;114m~[38;2;116;116;116;48;2;108;108;108m~[38;2;96;96;96;48;2;104;104;104m_[38;2;105;105;105;48;2;96;96;96m~[38;2;98;98;98;48;2;89;89;89m~[38;2;90;90;90;48;2;82;82;82m~[38;2;83;83;83;48;2;76;76;76m~[38;2;77;77;77;48;2;70;70;70m~[38;2;70;70;70;48;2;64;64;64m~[38;2;66;66;66;48;2;61;61;61m~[38;2;62;62;62;48;2;56;56;56m~[38;2;57;57;57;48;2;52;52;52m~[38;2;53;53;53;48;2;49;49;49m~[38;2;50;50;50;48;2;46;46;46m~[38;2;46;46;46;48;2;42;42;42m~[38;2;41;41;41;48;2;39;39;39m"[38;2;39;39;39;48;2;36;36;36m~[38;2;38;38;38;48;2;34;34;34m~[38;2;36;36;36;48;2;33;33;33m~[38;2;33;33;33;48;2;31;31;31m~[38;2;31;31;31;48;2;30;30;30m`[38;2;29;29;29;48;2;28;28;28m~[38;2;28;28;28;48;2;27;27;27m'[38;2;27;27;27;48;2;26;26;26m~[38;2;26;26;26;48;2;25;25;25m`  [48;2;24;24;24m [38;2;25;25;25m_ [48;2;23;23;23m [38;2;23;23;23;48;2;22;22;22m|[38;2;22;22;22;48;2;21;21;21m:  [38;2;21;21;21;48;2;20;20;20m`[38;2;20;20;20;48;2;19;19;19m`[48;2;18;18;18m  [48;2;17;17;17m [38;2;17;17;17;48;2;16;16;16m:[38;2;16;16;16;48;2;15;15;15m.'[48;2;14;14;14m [38;2;14;14;14;48;2;13;13;13m~[38;2;12;12;12;48;2;11;11;11m~   [38;2;11;11;11;48;2;10;10;10m: `[38;2;10;10;10;48;2;9;9;9m^[48;2;8;8;8m [38;2;8;8;8;48;2;7;7;7m~~[38;2;7;7;7;48;2;6;6;6m~[48;2;5;5;5m~[38;2;6;6;6m`[38;2;5;5;5;48;2;4;4;4m"   [38;2;4;4;4;48;2;3;3;3m:   [38;2;3;3;3;48;2;2;2;2m:~`[38;2;2;2;2;48;2;1;1;1m~~~~[38;2;57;57;57;48;2;16;16;16m~[0m
[38;2;151;151;151;48;2;183;183;183my[38;2;170;170;170;48;2;201;201;201my[38;2;169;169;169;48;2;214;214;214m_[38;2;186;186;186;48;2;229;229;229m_[38;2;201;201;201;48;2;237;237;237m_[38;2;217;217;217;48;2;244;244;244m_[38;2;227;227;227;48;2;247;247;247m_[38;2;235;235;235;48;2;249;249;249m_[38;2;240;240;240;48;2;250;250;250m_[38;2;244;244;244;48;2;251;251;251m_[38;2;248;248;248;48;2;252;252;252m_[38;2;253;253;253m=[38;2;252;252;252;48;2;251;251;251m.[48;2;252;252;252m  [38;2;253;253;253m_ [38;2;252;252;252;48;2;251;251;251m:[48;2;252;252;252m  [38;2;253;253;253m_ [48;2;251;251;251m [48;2;252;252;252m a[38;2;251;251;251m_[38;2;247;247;247;48;2;251;251;251m_[38;2;245;245;245m_[38;2;243;243;243;48;2;250;250;250m_[38;2;238;238;238;48;2;249;249;249m_[38;2;230;230;230;48;2;248;248;248m_[38;2;224;224;224;48;2;246;246;246m_[38;2;207;207;207;48;2;240;240;240m_[38;2;191;191;191;48;2;231;231;231m_[38;2;172;172;172;48;2;217;217;217m_[38;2;154;154;154;48;2;201;201;201m_[38;2;157;157;157;48;2;187;187;187my[38;2;200;200;200;48;2;162;162;162m~[38;2;177;177;177;48;2;146;146;146m~[38;2;155;155;155;48;2;132;132;132m~[38;2;141;141;141;48;2;125;125;125m~[38;2;130;130;130;48;2;119;119;119m~[38;2;119;119;119;48;2;111;111;111m~[38;2;96;96;96;48;2;107;107;107m_[38;2;95;95;95;48;2;102;102;102my[38;2;89;89;89;48;2;96;96;96my[38;2;84;84;84;48;2;90;90;90my[38;2;78;78;78;48;2;85;85;85my[38;2;73;73;73;48;2;79;79;79my[38;2;69;69;69;48;2;75;75;75my[38;2;64;64;64;48;2;69;69;69my[38;2;56;56;56;48;2;64;64;64m_[38;2;53;53;53;48;2;59;59;59m_[38;2;51;51;51;48;2;55;55;55my[38;2;48;48;48;48;2;52;52;52my[38;2;51;51;51;48;2;46;46;46m~[38;2;40;40;40;48;2;45;45;45m_[38;2;46;46;46;48;2;42;42;42m~[38;2;44;44;44;48;2;40;40;40m~[38;2;36;36;36;48;2;38;38;38my[38;2;38;38;38;48;2;35;35;35m~[38;2;34;34;34;48;2;32;32;32m~[38;2;33;33;33;48;2;31;31;31m`[38;2;32;32;32m`[38;2;30;30;30;48;2;29;29;29m~^[38;2;28;28;28;48;2;27;27;27m:[48;2;26;26;26m [48;2;25;25;25m    [38;2;25;25;25;48;2;24;24;24m: [38;2;24;24;24;48;2;23;23;23m` [48;2;22;22;22m [48;2;20;20;20m [38;2;19;19;19mg[38;2;21;21;21m:[38;2;20;20;20;48;2;19;19;19m: [38;2;19;19;19;48;2;18;18;18m|[48;2;17;17;17m [48;2;16;16;16m [38;2;16;16;16;48;2;15;15;15m.[38;2;15;15;15;48;2;14;14;14m:` [38;2;13;13;13;48;2;12;12;12m:[38;2;12;12;12;48;2;11;11;11m:  [38;2;11;11;11;48;2;10;10;10m:`[38;2;10;10;10;48;2;9;9;9m: [38;2;9;9;9;48;2;8;8;8m. [38;2;8;8;8;48;2;7;7;7m:[38;2;7;7;7;48;2;6;6;6m:[38;2;6;6;6;48;2;5;5;5m: [38;2;5;5;5;48;2;4;4;4m:    [38;2;4;4;4;48;2;3;3;3m:   [38;2;3;3;3;48;2;2;2;2m: [38;2;2;2;2;48;2;1;1;1m:    =[0m
[38;2;123;123;123;48;2;108;108;108m~[38;2;134;134;134;48;2;115;115;115m~[38;2;149;149;149;48;2;123;123;123m~[38;2;163;163;163;48;2;130;130;130m~[38;2;177;177;177;48;2;139;139;139m~[38;2;196;196;196;48;2;151;151;151m~[38;2;207;207;207;48;2;163;163;163m~[38;2;156;156;156;48;2;190;190;190my[38;2;164;164;164;48;2;198;198;198my[38;2;153;153;153;48;2;202;202;202m_[38;2;161;161;161;48;2;211;211;211m_[38;2;166;166;166;48;2;216;216;216m_[38;2;175;175;175;48;2;222;222;222m_[38;2;186;186;186;48;2;229;229;229m_[38;2;193;193;193;48;2;232;232;232m_[38;2;200;200;200;48;2;235;235;235m__[38;2;199;199;199;48;2;234;234;234m__[38;2;198;198;198;48;2;235;235;235m_[38;2;197;197;197m_[38;2;195;195;195;48;2;233;233;233m_[38;2;191;191;191;48;2;230;230;230m_[38;2;186;186;186;48;2;228;228;228m_[38;2;178;178;178;48;2;223;223;223m_[38;2;173;173;173;48;2;219;219;219m_[38;2;168;168;168;48;2;214;214;214m_[38;2;160;160;160;48;2;207;207;207m_[38;2;164;164;164;48;2;200;200;200my[38;2;157;157;157;48;2;191;191;191my[38;2;212;212;212;48;2;167;167;167m~[38;2;204;204;204;48;2;160;160;160m~[38;2;186;186;186;48;2;148;148;148m~[38;2;170;170;170;48;2;138;138;138m~[38;2;155;155;155;48;2;132;132;132m~[38;2;141;141;141;48;2;126;126;126m~[38;2;132;132;132;48;2;120;120;120m~[38;2;125;125;125;48;2;114;114;114m~[38;2;121;121;121;48;2;111;111;111m~[38;2;100;100;100;48;2;107;107;107my[38;2;94;94;94;48;2;102;102;102my[38;2;105;105;105;48;2;93;93;93m~[38;2;98;98;98;48;2;88;88;88m~[38;2;92;92;92;48;2;83;83;83m~[38;2;75;75;75;48;2;81;81;81my[38;2;70;70;70;48;2;76;76;76my[38;2;77;77;77;48;2;69;69;69m~[38;2;71;71;71;48;2;64;64;64m~[38;2;67;67;67;48;2;61;61;61m~[38;2;62;62;62;48;2;57;57;57m~[38;2;57;57;57;48;2;53;53;53m~[38;2;53;53;53;48;2;50;50;50m~[38;2;51;51;51;48;2;47;47;47m~[38;2;42;42;42;48;2;46;46;46m_[38;2;40;40;40;48;2;44;44;44m_[38;2;41;41;41;48;2;40;40;40mF[38;2;40;40;40;48;2;39;39;39m~[38;2;36;36;36;48;2;37;37;37m_[38;2;34;34;34;48;2;36;36;36my[48;2;33;33;33m~[38;2;32;32;32;48;2;31;31;31m~[38;2;31;31;31;48;2;30;30;30m~[38;2;29;29;29my[38;2;30;30;30;48;2;28;28;28m~[38;2;28;28;28;48;2;27;27;27m~~[38;2;27;27;27;48;2;26;26;26m~[38;2;26;26;26;48;2;25;25;25m`[38;2;25;25;25;48;2;24;24;24m~[48;2;25;25;25m   [38;2;24;24;24;48;2;23;23;23m~[38;2;23;23;23;48;2;22;22;22m~  [38;2;22;22;22;48;2;21;21;21m:[38;2;20;20;20;48;2;19;19;19mL [38;2;21;21;21;48;2;20;20;20m"[38;2;20;20;20;48;2;19;19;19m`[48;2;18;18;18m [38;2;19;19;19m'[38;2;18;18;18;48;2;17;17;17m'[38;2;17;17;17;48;2;16;16;16m|[48;2;15;15;15m [48;2;14;14;14m  [38;2;14;14;14;48;2;13;13;13m:[48;2;12;12;12m [48;2;11;11;11m   [38;2;11;11;11;48;2;10;10;10m`[38;2;10;10;10;48;2;9;9;9m` [38;2;9;9;9;48;2;8;8;8m: [38;2;8;8;8;48;2;7;7;7m: [48;2;6;6;6m [48;2;5;5;5m  [38;2;5;5;5;48;2;4;4;4m:  [38;2;4;4;4;48;2;3;3;3m:     [38;2;3;3;3;48;2;2;2;2m: [38;2;2;2;2;48;2;1;1;1m: [38;2;1;1;1;48;2;0;0;0m:   [0m
[38;2;90;90;90;48;2;81;81;81m~[38;2;82;82;82;48;2;89;89;89my[38;2;86;86;86;48;2;94;94;94my[38;2;90;90;90;48;2;98;98;98my[38;2;93;93;93;48;2;102;102;102my[38;2;114;114;114;48;2;101;101;101m~[38;2;120;120;120;48;2;106;106;106m~[38;2;128;128;128;48;2;111;111;111m~[38;2;131;131;131;48;2;114;114;114m~[38;2;137;137;137;48;2;118;118;118m~[38;2;143;143;143;48;2;122;122;122m~[38;2;147;147;147;48;2;125;125;125m~[38;2;152;152;152;48;2;129;129;129m~[38;2;164;164;164;48;2;135;135;135m~[38;2;171;171;171;48;2;140;140;140m~[38;2;177;177;177;48;2;142;142;142m~[38;2;176;176;176;48;2;140;140;140m~[48;2;141;141;141m~[38;2;175;175;175;48;2;142;142;142m~[48;2;141;141;141m~[38;2;173;173;173;48;2;138;138;138m~[38;2;172;172;172;48;2;139;139;139m~[38;2;168;168;168m~[38;2;164;164;164;48;2;137;137;137m~[38;2;158;158;158;48;2;134;134;134m~[38;2;154;154;154;48;2;131;131;131m~[38;2;149;149;149;48;2;127;127;127m~[38;2;144;144;144;48;2;124;124;124m~[38;2;136;136;136;48;2;121;121;121m~[38;2;133;133;133;48;2;118;118;118m~[38;2;128;128;128;48;2;115;115;115m~[38;2;106;106;106;48;2;116;116;116my[38;2;103;103;103;48;2;111;111;111my[38;2;99;99;99;48;2;108;108;108my[38;2;94;94;94;48;2;104;104;104my[38;2;90;90;90;48;2;100;100;100my[38;2;88;88;88;48;2;98;98;98my[38;2;85;85;85;48;2;94;94;94my[38;2;98;98;98;48;2;86;86;86m~[38;2;92;92;92;48;2;82;82;82m~[38;2;86;86;86;48;2;77;77;77m~[38;2;81;81;81;48;2;73;73;73m~[38;2;77;77;77;48;2;69;69;69m~[38;2;73;73;73;48;2;66;66;66m~[38;2;69;69;69;48;2;62;62;62m~[38;2;55;55;55;48;2;61;61;61my[38;2;61;61;61;48;2;54;54;54m~[38;2;49;49;49my[38;2;47;47;47;48;2;51;51;51my[38;2;44;44;44;48;2;49;49;49my[38;2;49;49;49;48;2;44;44;44m~[38;2;45;45;45;48;2;41;41;41m~[38;2;42;42;42;48;2;38;38;38m~[38;2;40;40;40;48;2;37;37;37m~[38;2;36;36;36my[38;2;33;33;33;48;2;35;35;35my[38;2;35;35;35;48;2;33;33;33m~[38;2;34;34;34;48;2;32;32;32m~[38;2;33;33;33;48;2;31;31;31m`[48;2;30;30;30m [38;2;28;28;28;48;2;29;29;29m_[38;2;30;30;30;48;2;28;28;28m~[38;2;28;28;28;48;2;27;27;27m~[48;2;26;26;26m [38;2;26;26;26;48;2;25;25;25m"[38;2;25;25;25;48;2;24;24;24m~[38;2;26;26;26m`[38;2;24;24;24;48;2;23;23;23m~`[38;2;25;25;25;48;2;24;24;24m`  [48;2;23;23;23m [48;2;22;22;22m [38;2;22;22;22;48;2;21;21;21m:   [38;2;19;19;19;48;2;20;20;20m~ [48;2;18;18;18m [38;2;18;18;18;48;2;17;17;17m`[38;2;17;17;17;48;2;16;16;16m`[48;2;15;15;15m`[38;2;16;16;16m`[38;2;15;15;15;48;2;14;14;14m.[38;2;13;13;13;48;2;12;12;12m~~"[38;2;12;12;12;48;2;11;11;11m` [38;2;11;11;11;48;2;10;10;10m::[38;2;10;10;10;48;2;9;9;9m:  [38;2;9;9;9;48;2;8;8;8m. [38;2;8;8;8;48;2;7;7;7m.`[48;2;6;6;6m [38;2;5;5;5;48;2;4;4;4m:   [38;2;4;4;4;48;2;3;3;3m:  [38;2;3;3;3;48;2;2;2;2m:   ~[48;2;1;1;1m [38;2;2;2;2m~[48;2;0;0;0m [38;2;1;1;1m=   [0m
[38;2;69;69;69;48;2;63;63;63m~[38;2;74;74;74;48;2;66;66;66m~[38;2;66;66;66;48;2;72;72;72my[38;2;70;70;70;48;2;76;76;76my[38;2;74;74;74;48;2;80;80;80my[38;2;76;76;76;48;2;82;82;82my[38;2;77;77;77;48;2;83;83;83my[38;2;93;93;93m~[38;2;80;80;80;48;2;89;89;89my[38;2;82;82;82;48;2;91;91;91my[38;2;101;101;101;48;2;89;89;89m~[38;2;87;87;87;48;2;97;97;97my[38;2;90;90;90;48;2;99;99;99my[38;2;91;91;91;48;2;100;100;100my[38;2;93;93;93;48;2;101;101;101my[38;2;95;95;95;48;2;102;102;102my[38;2;90;90;90m_[38;2;95;95;95;48;2;103;103;103my[38;2;96;96;96;48;2;104;104;104my[38;2;91;91;91m_[38;2;95;95;95;48;2;103;103;103my[48;2;104;104;104myy[48;2;105;105;105my[38;2;94;94;94;48;2;104;104;104my[38;2;91;91;91;48;2;101;101;101my[38;2;88;88;88;48;2;98;98;98my[38;2;85;85;85;48;2;95;95;95my[38;2;84;84;84;48;2;93;93;93my[38;2;81;81;81;48;2;91;91;91my[38;2;79;79;79;48;2;89;89;89my[48;2;88;88;88my[38;2;78;78;78;48;2;86;86;86my[38;2;75;75;75;48;2;82;82;82my[38;2;71;71;71;48;2;79;79;79my[38;2;68;68;68;48;2;75;75;75my[38;2;65;65;65;48;2;73;73;73my[38;2;64;64;64;48;2;71;71;71my[38;2;62;62;62;48;2;68;68;68my[38;2;59;59;59;48;2;65;65;65my[38;2;67;67;67;48;2;59;59;59m~[38;2;54;54;54my[38;2;52;52;52;48;2;57;57;57my[38;2;49;49;49;48;2;54;54;54my[38;2;53;53;53;48;2;50;50;50m~[38;2;50;50;50;48;2;47;47;47m~[38;2;44;44;44;48;2;46;46;46my[38;2;41;41;41;48;2;43;43;43my[38;2;43;43;43;48;2;40;40;40m~[38;2;38;38;38my[38;2;36;36;36;48;2;38;38;38m_[38;2;33;33;33;48;2;36;36;36m_[38;2;32;32;32;48;2;35;35;35m_[38;2;34;34;34;48;2;33;33;33m~[38;2;31;31;31m_[38;2;30;30;30;48;2;31;31;31m_[38;2;29;29;29my[38;2;31;31;31;48;2;30;30;30m~[38;2;29;29;29my[48;2;27;27;27m~[38;2;27;27;27;48;2;26;26;26m~ [38;2;25;25;25my[38;2;23;23;23;48;2;24;24;24m_[38;2;25;25;25m~[38;2;24;24;24;48;2;23;23;23m~  [48;2;22;22;22m  [38;2;23;23;23m~[48;2;21;21;21m~[38;2;22;22;22;48;2;20;20;20m~[38;2;19;19;19;48;2;21;21;21m_[48;2;20;20;20m___[38;2;21;21;21;48;2;19;19;19m~[38;2;19;19;19;48;2;20;20;20my[38;2;20;20;20;48;2;19;19;19m~[38;2;18;18;18;48;2;17;17;17m~[38;2;17;17;17;48;2;16;16;16m|[38;2;16;16;16;48;2;15;15;15m| [48;2;14;14;14m [38;2;12;12;12;48;2;13;13;13m_[38;2;13;13;13;48;2;12;12;12m`[38;2;12;12;12;48;2;11;11;11m:   [48;2;10;10;10m [38;2;10;10;10;48;2;9;9;9m.`[38;2;9;9;9;48;2;8;8;8m.` [38;2;8;8;8;48;2;7;7;7m: [48;2;6;6;6m [38;2;6;6;6;48;2;5;5;5m:[38;2;5;5;5;48;2;4;4;4m:   [38;2;4;4;4;48;2;3;3;3m:  [38;2;3;3;3;48;2;2;2;2m:   [38;2;2;2;2;48;2;1;1;1m: [38;2;1;1;1;48;2;0;0;0m: ____[0m
[38;2;55;55;55;48;2;49;49;49m~[38;2;56;56;56;48;2;50;50;50m~[38;2;57;57;57;48;2;51;51;51m~[38;2;51;51;51;48;2;56;56;56my[38;2;65;65;65;48;2;57;57;57m~[38;2;67;67;67;48;2;59;59;59m~[38;2;69;69;69;48;2;61;61;61m~[38;2;58;58;58;48;2;65;65;65myy[38;2;72;72;72;48;2;63;63;63m~[38;2;63;63;63;48;2;69;69;69my[38;2;66;66;66;48;2;73;73;73my[38;2;67;67;67;48;2;74;74;74my[38;2;66;66;66myy[38;2;82;82;82;48;2;72;72;72m~[38;2;70;70;70;48;2;77;77;77my[38;2;72;72;72;48;2;79;79;79my[38;2;86;86;86;48;2;77;77;77m~[38;2;72;72;72;48;2;79;79;79my[38;2;83;83;83;48;2;74;74;74m~[38;2;84;84;84m~[48;2;75;75;75m~[38;2;70;70;70;48;2;77;77;77my[38;2;69;69;69my[48;2;75;75;75my[38;2;67;67;67;48;2;74;74;74my[38;2;66;66;66;48;2;72;72;72my[38;2;64;64;64;48;2;70;70;70my[38;2;62;62;62;48;2;68;68;68my[38;2;60;60;60;48;2;66;66;66my[38;2;69;69;69;48;2;62;62;62m~~[38;2;67;67;67;48;2;60;60;60m~[38;2;64;64;64;48;2;58;58;58m~[38;2;52;52;52;48;2;57;57;57my[38;2;48;48;48;48;2;55;55;55m_[38;2;49;49;49;48;2;54;54;54my[38;2;46;46;46;48;2;51;51;51my[38;2;45;45;45;48;2;49;49;49my[38;2;44;44;44;48;2;48;48;48my[38;2;49;49;49;48;2;45;45;45m~[38;2;47;47;47;48;2;43;43;43m~[38;2;45;45;45;48;2;41;41;41m~[38;2;44;44;44;48;2;40;40;40m~[38;2;42;42;42;48;2;38;38;38m~[38;2;33;33;33m_[38;2;38;38;38;48;2;35;35;35m"[38;2;36;36;36;48;2;33;33;33m~[38;2;35;35;35;48;2;32;32;32m~[38;2;34;34;34;48;2;31;31;31m~[38;2;32;32;32;48;2;30;30;30m~[38;2;31;31;31m~[38;2;28;28;28my[38;2;30;30;30;48;2;28;28;28m~[38;2;29;29;29;48;2;27;27;27m~[38;2;27;27;27;48;2;28;28;28my[38;2;28;28;28;48;2;26;26;26m~[38;2;27;27;27m~[38;2;26;26;26;48;2;25;25;25m~[38;2;25;25;25;48;2;24;24;24m~~[48;2;23;23;23m~[38;2;23;23;23;48;2;22;22;22m~``` [38;2;22;22;22;48;2;21;21;21m`[38;2;21;21;21;48;2;20;20;20m~[48;2;19;19;19m~[38;2;20;20;20m' [48;2;18;18;18m    [38;2;17;17;17m_[38;2;16;16;16m_[38;2;18;18;18;48;2;17;17;17m~[48;2;16;16;16m [48;2;15;15;15m [38;2;13;13;13;48;2;14;14;14m_[38;2;15;15;15;48;2;13;13;13m~[38;2;13;13;13;48;2;12;12;12m~[38;2;12;12;12;48;2;11;11;11m`~ [38;2;11;11;11;48;2;10;10;10m:~"[38;2;10;10;10;48;2;9;9;9m`[38;2;9;9;9;48;2;8;8;8m:~[38;2;8;8;8;48;2;7;7;7m:~~`[38;2;7;7;7;48;2;6;6;6m`[38;2;6;6;6;48;2;5;5;5m` [38;2;5;5;5;48;2;4;4;4m:  [38;2;4;4;4;48;2;3;3;3m:[38;2;3;3;3;48;2;2;2;2m:~~[38;2;2;2;2;48;2;1;1;1m:~~~~ [38;2;1;1;1;48;2;0;0;0m: [48;2;1;1;1m [38;2;2;2;2m_[38;2;1;1;1;48;2;0;0;0m:[38;2;24;24;24;48;2;5;5;5m_[0m
[38;2;34;34;34;48;2;38;38;38my[38;2;43;43;43m~[48;2;39;39;39m~[38;2;40;40;40;48;2;43;43;43my[38;2;41;41;41;48;2;45;45;45my[48;2;46;46;46my[38;2;42;42;42;48;2;47;47;47my[38;2;44;44;44;48;2;48;48;48my[38;2;52;52;52;48;2;47;47;47m~[38;2;47;47;47;48;2;50;50;50mg[38;2;55;55;55m~[38;2;57;57;57;48;2;51;51;51m~~~~[38;2;58;58;58;48;2;52;52;52m~[38;2;61;61;61;48;2;54;54;54m~[38;2;63;63;63;48;2;55;55;55m~[38;2;64;64;64;48;2;57;57;57m~[48;2;56;56;56m~[38;2;62;62;62;48;2;55;55;55m~~[38;2;52;52;52;48;2;58;58;58my[38;2;62;62;62;48;2;55;55;55m~[38;2;61;61;61;48;2;54;54;54m~[38;2;60;60;60m~[38;2;59;59;59;48;2;52;52;52m~[38;2;49;49;49;48;2;54;54;54my[38;2;58;58;58;48;2;51;51;51m~[38;2;56;56;56;48;2;50;50;50m~[38;2;54;54;54;48;2;49;49;49m~[38;2;53;53;53;48;2;48;48;48m~[38;2;52;52;52;48;2;47;47;47m~[48;2;46;46;46m~[38;2;50;50;50;48;2;45;45;45m~[38;2;47;47;47;48;2;43;43;43m~[38;2;45;45;45;48;2;41;41;41m~[38;2;44;44;44;48;2;40;40;40m~[38;2;40;40;40;48;2;38;38;38m~[48;2;37;37;37m~[38;2;35;35;35;48;2;38;38;38my[38;2;34;34;34;48;2;37;37;37my[48;2;36;36;36my[38;2;37;37;37;48;2;34;34;34m~[48;2;33;33;33m~[38;2;34;34;34;48;2;31;31;31m~[38;2;31;31;31;48;2;30;30;30m~~[38;2;28;28;28m_[38;2;27;27;27;48;2;29;29;29m_[38;2;30;30;30;48;2;28;28;28m~[38;2;29;29;29;48;2;27;27;27m~[38;2;28;28;28m~[38;2;27;27;27;48;2;26;26;26m~[38;2;26;26;26;48;2;25;25;25m` ~~[38;2;25;25;25;48;2;24;24;24m`[38;2;24;24;24;48;2;23;23;23m` [48;2;22;22;22m  [48;2;21;21;21m    [38;2;19;19;19m_[38;2;20;20;20;48;2;19;19;19m'    [38;2;18;18;18;48;2;17;17;17m:.  [38;2;17;17;17;48;2;16;16;16m|[38;2;16;16;16;48;2;15;15;15m: [38;2;12;12;12;48;2;14;14;14m_[38;2;14;14;14;48;2;12;12;12m~[38;2;13;13;13m`[48;2;11;11;11m  [38;2;11;11;11;48;2;10;10;10m...`[38;2;10;10;10;48;2;9;9;9m`[38;2;9;9;9;48;2;8;8;8m..  [38;2;8;8;8;48;2;7;7;7m:  [38;2;7;7;7;48;2;6;6;6m~[38;2;6;6;6;48;2;5;5;5m`[38;2;5;5;5;48;2;4;4;4m:. [38;2;4;4;4;48;2;3;3;3m:. [38;2;3;3;3;48;2;2;2;2m.  [38;2;2;2;2;48;2;1;1;1m:   [38;2;1;1;1;48;2;0;0;0m:.. [48;2;1;1;1m  [38;2;35;35;35;48;2;5;5;5m_[38;2;132;132;132;48;2;80;80;80my[0m
[38;2;26;26;26;48;2;28;28;28my[38;2;33;33;33;48;2;29;29;29m~[38;2;34;34;34;48;2;30;30;30m~[38;2;36;36;36;48;2;32;32;32m~[38;2;37;37;37;48;2;33;33;33m~[38;2;36;36;36;48;2;32;32;32m~[38;2;37;37;37;48;2;34;34;34m~[38;2;39;39;39;48;2;35;35;35m~[38;2;40;40;40;48;2;36;36;36m~[38;2;42;42;42;48;2;38;38;38m~[38;2;43;43;43;48;2;39;39;39m~[38;2;38;38;38;48;2;42;42;42myyyy[38;2;46;46;46;48;2;41;41;41m~[38;2;39;39;39;48;2;43;43;43my[38;2;40;40;40my[38;2;48;48;48m~~[38;2;47;47;47;48;2;42;42;42m~~~~[38;2;40;40;40;48;2;44;44;44my[38;2;47;47;47;48;2;42;42;42m~[38;2;45;45;45;48;2;41;41;41m~[48;2;40;40;40m~[38;2;38;38;38;48;2;41;41;41myyy[38;2;37;37;37my[38;2;36;36;36;48;2;39;39;39my[38;2;40;40;40;48;2;36;36;36m~[38;2;33;33;33my[38;2;31;31;31m_[38;2;33;33;33my[38;2;32;32;32;48;2;35;35;35my[38;2;31;31;31;48;2;33;33;33mg[38;2;35;35;35;48;2;32;32;32m~[38;2;29;29;29;48;2;31;31;31mg[38;2;28;28;28;48;2;30;30;30m_[38;2;27;27;27m_[38;2;31;31;31;48;2;28;28;28m~[38;2;30;30;30m~`[38;2;28;28;28;48;2;27;27;27m~[38;2;25;25;25;48;2;26;26;26m_[38;2;27;27;27m~[48;2;25;25;25m [38;2;26;26;26;48;2;24;24;24m~ [38;2;25;25;25;48;2;23;23;23m~[48;2;24;24;24m"~  [48;2;23;23;23m [38;2;22;22;22mg[48;2;22;22;22m [38;2;20;20;20;48;2;21;21;21m____[38;2;22;22;22m. [38;2;20;20;20;48;2;19;19;19m~ [38;2;19;19;19;48;2;18;18;18m: [38;2;17;17;17my[38;2;19;19;19;48;2;17;17;17m~[38;2;18;18;18m~[38;2;17;17;17;48;2;16;16;16m~`[48;2;15;15;15m~~[38;2;14;14;14my[38;2;15;15;15;48;2;14;14;14m~[38;2;14;14;14;48;2;13;13;13m:[38;2;13;13;13;48;2;12;12;12m:   [38;2;11;11;11;48;2;10;10;10m;,  [48;2;9;9;9m [48;2;8;8;8m     [38;2;8;8;8;48;2;7;7;7m:  [38;2;7;7;7;48;2;6;6;6m_[48;2;5;5;5m_[38;2;5;5;5;48;2;4;4;4m_, [38;2;4;4;4;48;2;3;3;3m: [38;2;3;3;3;48;2;2;2;2m:   [38;2;2;2;2;48;2;1;1;1m:   [38;2;1;1;1;48;2;0;0;0m:   [38;2;2;2;2;48;2;1;1;1m:[38;2;0;0;0m4[38;2;60;60;60;48;2;68;68;68mL[38;2;179;179;179;48;2;196;196;196mF[0m
[38;2;22;22;22;48;2;24;24;24m_[38;2;23;23;23;48;2;25;25;25m_[38;2;24;24;24m_[38;2;28;28;28;48;2;26;26;26m~[38;2;24;24;24;48;2;27;27;27m_[38;2;29;29;29m~[38;2;30;30;30;48;2;28;28;28m"[38;2;26;26;26;48;2;29;29;29m_[38;2;31;31;31m~[38;2;33;33;33;48;2;30;30;30m~[48;2;31;31;31m~~~~~[38;2;34;34;34m~[38;2;36;36;36;48;2;32;32;32m~[48;2;33;33;33m~[38;2;37;37;37m~~[38;2;36;36;36m~[38;2;37;37;37m~~~~[38;2;31;31;31;48;2;34;34;34my[48;2;33;33;33myyyyy[48;2;32;32;32my[38;2;32;32;32;48;2;30;30;30m~[38;2;31;31;31m`[38;2;27;27;27;48;2;29;29;29m_[38;2;28;28;28mg[38;2;30;30;30;48;2;28;28;28m~~[38;2;29;29;29;48;2;27;27;27m~[38;2;28;28;28m~[38;2;27;27;27;48;2;26;26;26m~~[38;2;26;26;26;48;2;25;25;25m`  ~[38;2;25;25;25;48;2;24;24;24m`~[38;2;24;24;24;48;2;23;23;23m`~~ [48;2;22;22;22m [38;2;23;23;23m~~~~[38;2;20;20;20;48;2;21;21;21my[38;2;21;21;21;48;2;19;19;19m~[38;2;20;20;20m~ [48;2;18;18;18m [38;2;19;19;19m~`[38;2;20;20;20;48;2;19;19;19m~[38;2;19;19;19;48;2;18;18;18m~~[38;2;18;18;18;48;2;17;17;17m~ [38;2;17;17;17;48;2;16;16;16m~~[38;2;16;16;16;48;2;15;15;15m~~[38;2;15;15;15;48;2;14;14;14m~[38;2;12;12;12m_[38;2;14;14;14;48;2;13;13;13m`[48;2;12;12;12m~[38;2;13;13;13;48;2;11;11;11m`[38;2;12;12;12m~~~...`[48;2;10;10;10m  [38;2;10;10;10;48;2;9;9;9m:[38;2;9;9;9;48;2;8;8;8m^[48;2;7;7;7m`[38;2;8;8;8m~~~ [48;2;8;8;8m [38;2;9;9;9my[38;2;7;7;7;48;2;9;9;9m~[48;2;10;10;10m~[38;2;10;10;10;48;2;8;8;8m_[38;2;6;6;6m~[48;2;5;5;5mm[48;2;4;4;4m [38;2;4;4;4;48;2;3;3;3m: [38;2;3;3;3;48;2;2;2;2m`[38;2;2;2;2;48;2;1;1;1m~~~`[38;2;1;1;1;48;2;0;0;0m~~~`   ~[38;2;19;19;19;48;2;5;5;5m_[38;2;137;137;137;48;2;98;98;98my[38;2;193;193;193;48;2;213;213;213m^[0m
[38;2;20;20;20;48;2;20;20;20m [38;2;22;22;22;48;2;21;21;21m~[38;2;23;23;23m~[48;2;22;22;22m"^[38;2;20;20;20m_[38;2;21;21;21;48;2;23;23;23m_[38;2;24;24;24m~"[38;2;25;25;25m~[38;2;26;26;26;48;2;24;24;24m~~~~~[38;2;27;27;27;48;2;25;25;25m~~~~~~~~~~~~~~~~[38;2;29;29;29;48;2;26;26;26m`[38;2;28;28;28m~~[38;2;25;25;25mg[38;2;27;27;27;48;2;25;25;25m~[48;2;26;26;26m~~[48;2;25;25;25m`[38;2;26;26;26m`[38;2;25;25;25;48;2;24;24;24m~[48;2;23;23;23m~~~~[38;2;24;24;24m"~[38;2;23;23;23;48;2;22;22;22m~~[38;2;21;21;21my[38;2;20;20;20;48;2;21;21;21m__[38;2;19;19;19;48;2;20;20;20my[38;2;22;22;22m~~~[38;2;21;21;21m~[48;2;19;19;19m    [48;2;18;18;18m   [38;2;18;18;18;48;2;17;17;17m:[38;2;17;17;17;48;2;16;16;16m~   [38;2;16;16;16;48;2;15;15;15m~[38;2;13;13;13;48;2;14;14;14m_[38;2;15;15;15m~[38;2;14;14;14;48;2;13;13;13m~[38;2;13;13;13;48;2;12;12;12m~   [38;2;12;12;12;48;2;11;11;11m|   [48;2;10;10;10m   [38;2;10;10;10;48;2;9;9;9m~~[48;2;8;8;8m~[38;2;9;9;9m" [48;2;7;7;7m     [48;2;8;8;8m [48;2;9;9;9m [38;2;10;10;10;48;2;11;11;11m_[38;2;12;12;12m.+[48;2;10;10;10m [38;2;7;7;7;48;2;6;6;6mL[38;2;5;5;5;48;2;4;4;4m:[38;2;4;4;4;48;2;3;3;3m:_[48;2;2;2;2m [38;2;2;2;2;48;2;1;1;1m__ [38;2;1;1;1;48;2;0;0;0m:     _ [38;2;0;0;0;48;2;2;2;2m`[38;2;129;129;129;48;2;67;67;67m_[38;2;160;160;160;48;2;195;195;195m~[38;2;237;237;237;48;2;243;243;243m"[0m
[7m[38;2;19;19;19m [0m[38;2;0;0;0;48;2;19;19;19m     [38;2;20;20;20m`[38;2;21;21;21;48;2;20;20;20m~[38;2;19;19;19;48;2;21;21;21m_[38;2;20;20;20my[48;2;22;22;22my[38;2;24;24;24m~~~~[38;2;22;22;22;48;2;23;23;23my[38;2;24;24;24m~~~~ [48;2;24;24;24m [38;2;23;23;23m__[38;2;25;25;25m~~~~[38;2;22;22;22m_[38;2;25;25;25;48;2;23;23;23m~~~~[38;2;24;24;24m~~~[38;2;25;25;25m~~~~[38;2;24;24;24m~[38;2;21;21;21;48;2;22;22;22m_[38;2;23;23;23m~~~[38;2;21;21;21my[38;2;22;22;22;48;2;20;20;20m~[38;2;21;21;21m"[48;2;19;19;19m~    [38;2;19;19;19;48;2;18;18;18m.  ~~~~~[38;2;18;18;18;48;2;17;17;17m~[38;2;17;17;17;48;2;16;16;16mF [38;2;15;15;15m_[38;2;16;16;16;48;2;15;15;15m:  [38;2;15;15;15;48;2;14;14;14m:[38;2;14;14;14;48;2;13;13;13m~[38;2;13;13;13;48;2;12;12;12m`[48;2;11;11;11m`[38;2;12;12;12m~~~~~[38;2;9;9;9;48;2;10;10;10m_[38;2;11;11;11m~~~[38;2;10;10;10;48;2;9;9;9m`[48;2;8;8;8m [38;2;9;9;9m~`[38;2;8;8;8;48;2;7;7;7m.. [38;2;5;5;5m_[48;2;6;6;6m_[38;2;7;7;7m~[48;2;5;5;5m~~~~[48;2;6;6;6m"[38;2;9;9;9;48;2;7;7;7m~[38;2;10;10;10;48;2;8;8;8m~[38;2;6;6;6my[48;2;7;7;7my[48;2;5;5;5m^[38;2;5;5;5;48;2;4;4;4m^   [38;2;2;2;2m~[38;2;4;4;4;48;2;2;2;2m_[38;2;3;3;3;48;2;1;1;1m_[38;2;1;1;1;48;2;0;0;0m;    .[48;2;1;1;1m [38;2;0;0;0m`[38;2;125;125;125;48;2;57;57;57m_[38;2;143;143;143;48;2;189;189;189m~[38;2;230;230;230;48;2;242;242;242m"[38;2;248;248;248;48;2;246;246;246m~[0m
[38;2;18;18;18;48;2;18;18;18m    [38;2;19;19;19m...   [38;2;20;20;20m```[48;2;19;19;19m  [48;2;20;20;20m [38;2;21;21;21m~[38;2;22;22;22m~~~~~[38;2;23;23;23m~~~~~[38;2;22;22;22m~~~~~~~~~ [48;2;21;21;21m~~~[48;2;20;20;20m`[38;2;20;20;20;48;2;19;19;19m`~~~[48;2;18;18;18m~[38;2;19;19;19m~~  [38;2;17;17;17my[38;2;19;19;19m~~[38;2;18;18;18;48;2;17;17;17m`  .[38;2;17;17;17;48;2;16;16;16m~~~`[38;2;16;16;16;48;2;15;15;15m`[38;2;15;15;15;48;2;14;14;14m~~[38;2;13;13;13m_[38;2;14;14;14;48;2;13;13;13mF[38;2;15;15;15m~~[38;2;12;12;12my[38;2;13;13;13;48;2;12;12;12m' [38;2;12;12;12;48;2;11;11;11m| [38;2;11;11;11;48;2;10;10;10m|   [38;2;10;10;10;48;2;9;9;9m|  [38;2;9;9;9;48;2;8;8;8m:`[38;2;8;8;8;48;2;7;7;7m~~`  [48;2;6;6;6m [38;2;7;7;7m-[38;2;6;6;6;48;2;5;5;5m:  [38;2;5;5;5;48;2;4;4;4m:.~~[38;2;6;6;6m~~[38;2;5;5;5m~[48;2;3;3;3m~[38;2;4;4;4m~  [48;2;4;4;4m [38;2;5;5;5m.[48;2;5;5;5m [48;2;4;4;4m^[48;2;3;3;3m [38;2;2;2;2;48;2;1;1;1m|[48;2;0;0;0m   [38;2;1;1;1m_[48;2;1;1;1m [38;2;0;0;0;48;2;3;3;3m`[38;2;106;106;106;48;2;55;55;55my[38;2;140;140;140;48;2;189;189;189m~[38;2;229;229;229;48;2;243;243;243m"[38;2;248;248;248;48;2;249;249;249m`[38;2;246;246;246m~[0m
[38;2;17;17;17;48;2;15;15;15m~~[48;2;16;16;16m"~~~[38;2;15;15;15m_[48;2;17;17;17m_[38;2;16;16;16m, _ [38;2;18;18;18m.~[38;2;19;19;19;48;2;18;18;18m~[38;2;20;20;20;48;2;19;19;19m^                    `~[38;2;21;21;21m~~[38;2;20;20;20m~   [48;2;18;18;18m  [38;2;18;18;18;48;2;17;17;17m. [48;2;18;18;18m [48;2;17;17;17m [48;2;16;16;16m [38;2;17;17;17m~~[38;2;16;16;16;48;2;15;15;15m~~`[38;2;17;17;17m`  [38;2;15;15;15;48;2;14;14;14m.  [38;2;14;14;14;48;2;13;13;13m:[48;2;12;12;12m [38;2;13;13;13m` [48;2;11;11;11m [38;2;12;12;12m``[48;2;10;10;10m``[38;2;11;11;11m~` [38;2;10;10;10;48;2;9;9;9m: `[48;2;8;8;8m [38;2;9;9;9m`~[48;2;7;7;7m`[38;2;7;7;7;48;2;6;6;6m~[38;2;6;6;6;48;2;5;5;5m`~[38;2;7;7;7m~~"[48;2;4;4;4m~[38;2;5;5;5m~`~~~    [38;2;4;4;4;48;2;3;3;3m:[38;2;3;3;3;48;2;2;2;2m:`~~~[38;2;4;4;4m`[48;2;3;3;3m~~[48;2;2;2;2m [38;2;2;2;2;48;2;1;1;1m~[38;2;1;1;1;48;2;0;0;0m~   [48;2;2;2;2mL[48;2;3;3;3m`[38;2;117;117;117;48;2;58;58;58m_[38;2;162;162;162;48;2;191;191;191mF[38;2;232;232;232;48;2;244;244;244m"[38;2;251;251;251;48;2;252;252;252m.[38;2;252;252;252;48;2;251;251;251m,:[0m
[38;2;15;15;15;48;2;14;14;14m~~~.[48;2;15;15;15m   [38;2;16;16;16m`~[38;2;17;17;17m` [48;2;16;16;16m".[48;2;17;17;17m  [38;2;18;18;18m`[38;2;19;19;19m````~~~~~~~[48;2;18;18;18m~~~~~~~~~~~~~[38;2;18;18;18;48;2;17;17;17m~[38;2;19;19;19m``[38;2;18;18;18m"~[48;2;16;16;16m~[38;2;17;17;17m`~[38;2;18;18;18m`[38;2;16;16;16;48;2;15;15;15m~~~`[48;2;14;14;14m [38;2;15;15;15m~~~[38;2;14;14;14;48;2;13;13;13m:[38;2;13;13;13;48;2;12;12;12m~~[48;2;11;11;11m~~~[38;2;12;12;12m"  '[38;2;11;11;11;48;2;10;10;10m: ' [38;2;10;10;10;48;2;9;9;9m: ~ [48;2;8;8;8m  [38;2;8;8;8;48;2;7;7;7m:~ [48;2;6;6;6m [38;2;6;6;6;48;2;5;5;5m` [38;2;5;5;5;48;2;4;4;4m:    [38;2;4;4;4;48;2;3;3;3m:~~~[38;2;3;3;3;48;2;2;2;2m~[38;2;4;4;4m````[38;2;3;3;3m~[38;2;2;2;2;48;2;1;1;1m`[38;2;1;1;1;48;2;0;0;0m~`[38;2;2;2;2m````[38;2;1;1;1m```   u[48;2;1;1;1m [38;2;90;90;90;48;2;40;40;40m_[38;2;155;155;155;48;2;182;182;182mF[38;2;225;225;225;48;2;241;241;241m~[38;2;249;249;249;48;2;250;250;250m,[48;2;251;251;251m  [38;2;252;252;252m:[0m
[38;2;11;11;11;48;2;13;13;13m_[38;2;12;12;12m______[38;2;13;13;13;48;2;14;14;14m_[38;2;15;15;15m~~:[38;2;16;16;16;48;2;15;15;15m`[48;2;14;14;14m~[48;2;15;15;15m~~[38;2;17;17;17m~````[48;2;16;16;16m`~~~```^[38;2;16;16;16;48;2;17;17;17m________[38;2;15;15;15;48;2;16;16;16m____[38;2;17;17;17m~[38;2;16;16;16;48;2;15;15;15m~[38;2;14;14;14m_[38;2;15;15;15;48;2;16;16;16my[38;2;14;14;14m_[48;2;15;15;15m___[38;2;12;12;12m_[48;2;14;14;14m_____[48;2;13;13;13m____[38;2;13;13;13;48;2;12;12;12m'[48;2;11;11;11m [38;2;11;11;11;48;2;10;10;10m.[48;2;11;11;11m  [48;2;10;10;10m:.[38;2;9;9;9m__[38;2;11;11;11m'[38;2;10;10;10;48;2;9;9;9m... [38;2;9;9;9;48;2;8;8;8m.[38;2;7;7;7m__[38;2;9;9;9m'[38;2;8;8;8;48;2;7;7;7m. [38;2;5;5;5;48;2;6;6;6m_[38;2;6;6;6;48;2;5;5;5m: [38;2;5;5;5;48;2;4;4;4m..     [48;2;3;3;3m [38;2;3;3;3;48;2;2;2;2m... [38;2;2;2;2;48;2;1;1;1m... [48;2;0;0;0m`[38;2;1;1;1m..            [38;2;52;52;52;48;2;20;20;20m_[38;2;179;179;179;48;2;142;142;142my[38;2;211;211;211;48;2;233;233;233m~[38;2;249;249;249;48;2;248;248;248m^[48;2;249;249;249m [48;2;252;252;252m [38;2;252;252;252;48;2;251;251;251m::[0m
[7m[38;2;11;11;11m [0m[38;2;12;12;12;48;2;11;11;11m`.:[48;2;12;12;12m   [38;2;13;13;13m:[48;2;13;13;13m  [38;2;14;14;14m.[38;2;15;15;15;48;2;14;14;14m~[38;2;14;14;14;48;2;13;13;13m.[48;2;14;14;14m [48;2;15;15;15m  [48;2;14;14;14m       [38;2;15;15;15m.[38;2;16;16;16;48;2;15;15;15m`~~~~~~~~~~`[38;2;15;15;15;48;2;14;14;14m~~~~~~[38;2;14;14;14;48;2;13;13;13m:.[38;2;13;13;13;48;2;12;12;12m~[38;2;14;14;14m``[38;2;13;13;13m~[38;2;12;12;12;48;2;11;11;11m`~~~~~~~~[48;2;10;10;10m~[38;2;11;11;11m~[38;2;10;10;10;48;2;9;9;9m~`[38;2;11;11;11m~~[38;2;10;10;10m~"[38;2;9;9;9;48;2;8;8;8m`~[38;2;6;6;6m____[48;2;7;7;7m_[38;2;5;5;5my[38;2;6;6;6;48;2;5;5;5m~~~~~[38;2;5;5;5;48;2;4;4;4m~         [48;2;3;3;3m [48;2;2;2;2m   [38;2;2;2;2;48;2;1;1;1m:   [38;2;1;1;1;48;2;0;0;0m:             `[38;2;0;0;0;48;2;3;3;3m`[38;2;69;69;69;48;2;100;100;100m~[38;2;196;196;196;48;2;212;212;212mF[38;2;248;248;248;48;2;247;247;247mL[48;2;246;246;246m [48;2;249;249;249m [48;2;252;252;252m   [0m
[38;2;11;11;11;48;2;10;10;10m~~:[38;2;12;12;12;48;2;11;11;11m"~~~[38;2;13;13;13m~[38;2;14;14;14;48;2;12;12;12m"""[38;2;13;13;13;48;2;11;11;11m~`~[38;2;14;14;14;48;2;12;12;12m"""""""""""""""""""""[48;2;11;11;11m~[38;2;12;12;12m~[38;2;13;13;13m```````[38;2;12;12;12m```    [38;2;11;11;11;48;2;10;10;10m:`````[48;2;9;9;9m [38;2;10;10;10m`[48;2;8;8;8m [38;2;9;9;9m````[48;2;7;7;7m [38;2;8;8;8m` [48;2;6;6;6m [48;2;5;5;5m [38;2;6;6;6m```[48;2;4;4;4m [38;2;5;5;5m`        [38;2;4;4;4;48;2;3;3;3m:~~[48;2;2;2;2m~~~[38;2;3;3;3m~[38;2;2;2;2;48;2;1;1;1m~~~^ [38;2;1;1;1;48;2;0;0;0m:~^              [38;2;0;0;0;48;2;1;1;1m:[38;2;83;83;83;48;2;61;61;61m~[38;2;168;168;168;48;2;194;194;194mL[38;2;237;237;237;48;2;243;243;243m,[38;2;247;247;247;48;2;246;246;246mr[48;2;249;249;249m [48;2;252;252;252m   [0m
[?25h