[?25l[0m[7m[38;2;252;252;252m [0m[38;2;0;0;0;48;2;252;252;252m                                                                    [48;2;251;251;251m [38;2;253;253;253;48;2;252;252;252m.[48;2;247;247;247m:[38;2;120;120;120;48;2;207;207;207m_[38;2;71;71;71;48;2;146;146;146my[38;2;142;142;142;48;2;56;56;56m~[38;2;72;72;72;48;2;26;26;26m~[38;2;82;82;82;48;2;39;39;39m~[38;2;165;165;165;48;2;86;86;86m~[38;2;221;221;221;48;2;121;121;121m~[38;2;89;89;89;48;2;178;178;178m_[38;2;215;215;215;48;2;236;236;236m,[38;2;250;250;250;48;2;252;252;252m,                                      [0m
[7m[38;2;252;252;252m [0m[38;2;0;0;0;48;2;252;252;252m                              [38;2;252;252;252;48;2;251;251;251m:[48;2;252;252;252m                        [38;2;253;253;253;48;2;251;251;251m_  [38;2;250;250;250ma [38;2;253;253;253m_[48;2;252;252;252m     [48;2;251;251;251m_[38;2;250;250;250ms[38;2;253;253;253;48;2;250;250;250m.[38;2;187;187;187;48;2;241;241;241m_[38;2;107;107;107;48;2;169;169;169my[38;2;102;102;102;48;2;42;42;42m~[38;2;21;21;21;48;2;3;3;3m~[38;2;1;1;1;48;2;0;0;0m` [38;2;2;2;2m`[38;2;11;11;11;48;2;3;3;3m~[38;2;22;22;22;48;2;6;6;6m`[38;2;66;66;66;48;2;34;34;34m"[38;2;107;107;107;48;2;156;156;156my[38;2;221;221;221;48;2;237;237;237m,[48;2;252;252;252m                                      [0m
[7m[38;2;252;252;252m [0m[38;2;0;0;0;48;2;252;252;252m                                                    [38;2;252;252;252;48;2;251;251;251m`[38;2;253;253;253m.[38;2;252;252;252;48;2;243;243;243m:[38;2;84;84;84;48;2;206;206;206m_[38;2;8;8;8;48;2;179;179;179m_[38;2;0;0;0;48;2;182;182;182m_[48;2;175;175;175m_[38;2;4;4;4;48;2;186;186;186m_[38;2;20;20;20;48;2;201;201;201m_[38;2;22;22;22;48;2;202;202;202m_[38;2;17;17;17;48;2;198;198;198m_[48;2;193;193;193m___[38;2;15;15;15;48;2;189;189;189m_[38;2;2;2;2;48;2;164;164;164m_[38;2;231;231;231;48;2;101;101;101m~[38;2;138;138;138;48;2;46;46;46m~[38;2;44;44;44;48;2;12;12;12m'[38;2;1;1;1;48;2;0;0;0m`     _[38;2;0;0;0;48;2;8;8;8m:[38;2;61;61;61;48;2;84;84;84m'[38;2;215;215;215;48;2;228;228;228mF[38;2;251;251;251;48;2;252;252;252mL[48;2;251;251;251m [48;2;252;252;252m                                    [0m
[7m[38;2;252;252;252m [0m[38;2;0;0;0;48;2;252;252;252m                                                  [38;2;252;252;252;48;2;251;251;251m:`[38;2;253;253;253;48;2;250;250;250m:[38;2;217;217;217;48;2;229;229;229mu[38;2;177;177;177;48;2;93;93;93m~[38;2;65;65;65;48;2;15;15;15m~[38;2;0;0;0;48;2;1;1;1m:[48;2;0;0;0m  [38;2;2;2;2m`[38;2;14;14;14;48;2;1;1;1m`[48;2;2;2;2m`[38;2;11;11;11;48;2;1;1;1m````[38;2;10;10;10m`[48;2;0;0;0m           [38;2;0;0;0;48;2;13;13;13m:[38;2;116;116;116;48;2;98;98;98m4[38;2;213;213;213;48;2;228;228;228mL[38;2;247;247;247;48;2;250;250;250m,[38;2;252;252;252;48;2;251;251;251m:[48;2;252;252;252m                                    [0m
[7m[38;2;252;252;252m [0m[38;2;0;0;0;48;2;252;252;252m                                                  [38;2;252;252;252;48;2;251;251;251m:[38;2;250;250;250ml[38;2;254;254;254;48;2;245;245;245m:[38;2;157;157;157;48;2;191;191;191m_[38;2;68;68;68;48;2;40;40;40mF[48;2;0;0;0m                       [38;2;0;0;0;48;2;2;2;2m:[38;2;23;23;23;48;2;48;48;48m:[38;2;153;153;153;48;2;175;175;175mL[38;2;234;234;234;48;2;242;242;242mL[48;2;251;251;251m [38;2;252;252;252m:[48;2;252;252;252m                                   [0m
[7m[38;2;252;252;252m [0m[38;2;0;0;0;48;2;252;252;252m                                                  [38;2;252;252;252;48;2;251;251;251m:[38;2;250;250;250m~[38;2;254;254;254;48;2;247;247;247m'[38;2;174;174;174;48;2;212;212;212m~[38;2;203;203;203;48;2;91;91;91m_[38;2;73;73;73;48;2;21;21;21m,[38;2;3;3;3;48;2;1;1;1m.[38;2;1;1;1;48;2;0;0;0m_     [38;2;0;0;0;48;2;5;5;5m`[38;2;98;98;98;48;2;12;12;12m_[38;2;140;140;140;48;2;17;17;17m_[38;2;141;141;141;48;2;18;18;18m_[38;2;166;166;166;48;2;27;27;27m_[38;2;198;198;198;48;2;51;51;51m_[38;2;208;208;208;48;2;65;65;65m_[38;2;212;212;212;48;2;73;73;73m_[38;2;204;204;204;48;2;64;64;64m_[38;2;192;192;192;48;2;54;54;54m_[38;2;163;163;163;48;2;43;43;43m_[38;2;134;134;134;48;2;32;32;32m_[38;2;107;107;107;48;2;22;22;22m_[38;2;75;75;75;48;2;14;14;14m_[38;2;50;50;50;48;2;9;9;9m_[38;2;0;0;0;48;2;7;7;7m`[38;2;96;96;96;48;2;43;43;43m_[38;2;161;161;161;48;2;190;190;190mF[38;2;236;236;236;48;2;244;244;244m~[48;2;251;251;251m [38;2;252;252;252m:[48;2;252;252;252m                                   [0m
[7m[38;2;252;252;252m [0m[38;2;0;0;0;48;2;252;252;252m                                                    [38;2;252;252;252;48;2;251;251;251m:[38;2;250;250;250m=[38;2;253;253;253;48;2;243;243;243m:[38;2;113;113;113;48;2;185;185;185m~[38;2;234;234;234;48;2;91;91;91m_[38;2;193;193;193;48;2;58;58;58m_[38;2;106;106;106;48;2;26;26;26m_[38;2;51;51;51;48;2;5;5;5m_[38;2;75;75;75;48;2;16;16;16m_[38;2;181;181;181;48;2;65;65;65m_[38;2;204;204;204;48;2;114;114;114my[38;2;74;74;74;48;2;196;196;196m~[38;2;141;141;141;48;2;223;223;223m~[38;2;183;183;183;48;2;234;234;234m~[38;2;187;187;187;48;2;235;235;235m~[38;2;210;210;210;48;2;242;242;242m~[38;2;237;237;237;48;2;249;249;249m`[38;2;242;242;242;48;2;251;251;251m`[38;2;244;244;244m`[38;2;238;238;238;48;2;250;250;250m`[38;2;228;228;228;48;2;247;247;247m`[38;2;208;208;208;48;2;240;240;240m~[38;2;179;179;179;48;2;233;233;233m~[38;2;151;151;151;48;2;222;222;222m~[38;2;114;114;114;48;2;194;194;194m~[38;2;189;189;189;48;2;128;128;128my[38;2;186;186;186;48;2;117;117;117my[38;2;129;129;129;48;2;209;209;209m~[38;2;230;230;230;48;2;247;247;247m~[38;2;252;252;252;48;2;251;251;251m:[48;2;252;252;252m                                     [0m
[7m[38;2;252;252;252m [0m[38;2;0;0;0;48;2;252;252;252m                                                       [38;2;252;252;252;48;2;251;251;251m:[38;2;242;242;242;48;2;250;250;250m`[38;2;217;217;217;48;2;246;246;246m`[38;2;171;171;171;48;2;237;237;237m`[38;2;143;143;143;48;2;216;216;216m~[38;2;156;156;156;48;2;223;223;223m~[38;2;216;216;216;48;2;244;244;244m~[38;2;247;247;247;48;2;249;249;249m'[38;2;249;249;249;48;2;250;250;250mY[48;2;251;251;251m~[38;2;250;250;250m`` [48;2;252;252;252m      [38;2;252;252;252;48;2;251;251;251m: [38;2;253;253;253m`[38;2;242;242;242;48;2;250;250;250m~[38;2;234;234;234;48;2;249;249;249m`[38;2;250;250;250;48;2;251;251;251m'[48;2;252;252;252m                                       [0m
[7m[38;2;252;252;252m [0m[38;2;0;0;0;48;2;252;252;252m                                                          [38;2;252;252;252;48;2;251;251;251m:[38;2;250;250;250m" [48;2;252;252;252m                                                          [0m
[7m[38;2;252;252;252m [0m[38;2;0;0;0;48;2;252;252;252m                                                      [38;2;252;252;252;48;2;251;251;251m:[48;2;252;252;252m                                                                [0m
[7m[38;2;252;252;252m [0m[38;2;0;0;0;48;2;252;252;252m                                                                                                                       [0m
[7m[38;2;252;252;252m [0m[38;2;0;0;0;48;2;252;252;252m                                                                                                                       [0m
[7m[38;2;252;252;252m [0m[38;2;0;0;0;48;2;252;252;252m                                                                                                                       [0m
[7m[38;2;252;252;252m [0m[38;2;0;0;0;48;2;252;252;252m                                                                                                                       [0m
[7m[38;2;252;252;252m [0m[38;2;0;0;0;48;2;252;252;252m                                                                                                                       [0m
[7m[38;2;252;252;252m [0m[38;2;0;0;0;48;2;252;252;252m                                                                                                                       [0m
[7m[38;2;252;252;252m [0m[38;2;0;0;0;48;2;252;252;252m                                                                                                                       [0m
[7m[38;2;252;252;252m [0m[38;2;0;0;0;48;2;252;252;252m                                                                                                                       [0m
[7m[38;2;252;252;252m [0m[38;2;0;0;0;48;2;252;252;252m                                                                                                                       [0m
[7m[38;2;252;252;252m [0m[38;2;0;0;0;48;2;252;252;252m                                                                                                                       [0m
[7m[38;2;252;252;252m [0m[38;2;0;0;0;48;2;252;252;252m                                                                                                                       [0m
[7m[38;2;252;252;252m [0m[38;2;0;0;0;48;2;252;252;252m                                                                                                                       [0m
[7m[38;2;252;252;252m [0m[38;2;0;0;0;48;2;252;252;252m                                                                                                                       [0m
[7m[38;2;252;252;252m [0m[38;2;0;0;0;48;2;252;252;252m                                                                                                                       [0m
[7m[38;2;252;252;252m [0m[38;2;0;0;0;48;2;252;252;252m                                                                                                                       [0m
[7m[38;2;252;252;252m [0m[38;2;0;0;0;48;2;252;252;252m                                                                                                                       [0m
[7m[38;2;252;252;252m [0m[38;2;0;0;0;48;2;252;252;252m                                                                                                                       [0m
[7m[38;2;252;252;252m [0m[38;2;0;0;0;48;2;252;252;252m                                                                                                                       [0m
[7m[38;2;252;252;252m [0m[38;2;0;0;0;48;2;252;252;252m                                                                                                                       [0m
[7m[38;2;252;252;252m [0m[38;2;0;0;0;48;2;252;252;252m                                                                                                                       [0m
[7m[38;2;252;252;252m [0m[38;2;0;0;0;48;2;252;252;252m                                                                                                                       [0m
[7m[38;2;252;252;252m [0m[38;2;0;0;0;48;2;252;252;252m                                                                                                                       [0m
[7m[38;2;252;252;252m [0m[38;2;0;0;0;48;2;252;252;252m                                                                                                                       [0m
[7m[38;2;252;252;252m [0m[38;2;0;0;0;48;2;252;252;252m                                                                                                                       [0m
[7m[38;2;252;252;252m [0m[38;2;0;0;0;48;2;252;252;252m                                                                                                                       [0m
[7m[38;2;252;252;252m [0m[38;2;0;0;0;48;2;252;252;252m                                                                                                                       [0m
[?25h