[?25l[0m[7m[38;2;252;252;252m [0m[38;2;0;0;0;48;2;252;252;252m                                                                          [38;2;252;252;252;48;2;251;251;251m: [48;2;252;252;252m                                           [0m
[7m[38;2;252;252;252m [0m[38;2;0;0;0;48;2;252;252;252m                              [38;2;252;252;252;48;2;251;251;251m:[48;2;252;252;252m                      [48;2;251;251;251m:[48;2;250;250;250m`[38;2;207;207;207;48;2;247;247;247m_[38;2;173;173;173;48;2;245;245;245m_[38;2;206;206;206;48;2;247;247;247m_[38;2;245;245;245;48;2;250;250;250m,[48;2;251;251;251m [38;2;252;252;252m_.:[38;2;253;253;253;48;2;252;252;252m=a     .g[38;2;252;252;252;48;2;250;250;250m`[38;2;204;204;204;48;2;246;246;246m_[38;2;165;165;165;48;2;235;235;235m_[38;2;186;186;186;48;2;240;240;240m_[38;2;237;237;237;48;2;249;249;249m,[38;2;252;252;252;48;2;251;251;251m:[38;2;253;253;253;48;2;252;252;252m_                                        [0m
[7m[38;2;252;252;252m [0m[38;2;0;0;0;48;2;252;252;252m                                                  [38;2;252;252;252;48;2;251;251;251m: [38;2;253;253;253;48;2;250;250;250m:[38;2;187;187;187;48;2;232;232;232m_[38;2;37;37;37;48;2;165;165;165m_[38;2;169;169;169;48;2;63;63;63m~[38;2;94;94;94;48;2;29;29;29m~[38;2;156;156;156;48;2;51;51;51m~[38;2;219;219;219;48;2;79;79;79m~[38;2;236;236;236;48;2;110;110;110m~[38;2;20;20;20;48;2;189;189;189m_[38;2;70;70;70;48;2;215;215;215m_[38;2;111;111;111;48;2;224;224;224m_[38;2;159;159;159;48;2;234;234;234m_[38;2;205;205;205;48;2;244;244;244m_[38;2;227;227;227;48;2;249;249;249m_[38;2;242;242;242;48;2;252;252;252m_[38;2;247;247;247m__[38;2;253;253;253;48;2;248;248;248m:[38;2;147;147;147;48;2;224;224;224m_[38;2;60;60;60;48;2;180;180;180m_[38;2;70;70;70;48;2;149;149;149my[38;2;166;166;166;48;2;73;73;73m~[38;2;112;112;112;48;2;48;48;48m~[38;2;139;139;139;48;2;75;75;75m~[38;2;85;85;85;48;2;153;153;153my[38;2;59;59;59;48;2;176;176;176m_[38;2;162;162;162;48;2;217;217;217m_[38;2;236;236;236;48;2;247;247;247m,[48;2;251;251;251m [38;2;252;252;252m:[48;2;252;252;252m                                     [0m
[7m[38;2;252;252;252m [0m[38;2;0;0;0;48;2;252;252;252m                                                 [38;2;252;252;252;48;2;251;251;251m:[38;2;250;250;250m_[38;2;253;253;253;48;2;250;250;250m.[38;2;200;200;200;48;2;234;234;234m_[38;2;70;70;70;48;2;122;122;122my[38;2;40;40;40;48;2;16;16;16m~[38;2;2;2;2;48;2;1;1;1mf[38;2;1;1;1;48;2;0;0;0m`   [38;2;9;9;9;48;2;2;2;2m`[38;2;41;41;41;48;2;7;7;7m~[38;2;71;71;71;48;2;12;12;12m~[38;2;104;104;104;48;2;18;18;18m~[38;2;137;137;137;48;2;27;27;27m~[38;2;158;158;158;48;2;44;44;44m~[38;2;191;191;191;48;2;79;79;79m~[38;2;43;43;43;48;2;137;137;137my[38;2;45;45;45;48;2;139;139;139my[38;2;189;189;189;48;2;77;77;77m~[38;2;112;112;112;48;2;32;32;32m~[38;2;39;39;39;48;2;10;10;10m"[38;2;12;12;12;48;2;2;2;2m"[38;2;7;7;7;48;2;1;1;1m`[38;2;2;2;2;48;2;0;0;0m~[38;2;11;11;11;48;2;3;3;3m`[38;2;28;28;28;48;2;9;9;9m~[38;2;2;2;2;48;2;26;26;26m:[38;2;145;145;145;48;2;122;122;122m"[38;2;222;222;222;48;2;235;235;235mL[48;2;251;251;251m [38;2;252;252;252m:[48;2;252;252;252m                                     [0m
[7m[38;2;252;252;252m [0m[38;2;0;0;0;48;2;252;252;252m                                                 [38;2;252;252;252;48;2;251;251;251m:[38;2;251;251;251;48;2;250;250;250m_[38;2;254;254;254;48;2;245;245;245m:[38;2;230;230;230;48;2;180;180;180m_[38;2;77;77;77;48;2;44;44;44mL[38;2;2;2;2;48;2;4;4;4m.[48;2;0;0;0m            [38;2;1;1;1m``       [38;2;0;0;0;48;2;1;1;1m_[48;2;23;23;23m:[38;2;196;196;196;48;2;136;136;136m_[38;2;228;228;228;48;2;237;237;237m~[38;2;251;251;251;48;2;250;250;250mL[48;2;251;251;251m [48;2;252;252;252m                                     [0m
[7m[38;2;252;252;252m [0m[38;2;0;0;0;48;2;252;252;252m                                                  [38;2;252;252;252;48;2;251;251;251m:[38;2;250;250;250m/[38;2;253;253;253;48;2;241;241;241m:[38;2;120;120;120;48;2;168;168;168m~[38;2;159;159;159;48;2;49;49;49m_[38;2;97;97;97;48;2;14;14;14m_[38;2;25;25;25;48;2;4;4;4m,[48;2;0;0;0m  [38;2;3;3;3;48;2;1;1;1m.[38;2;27;27;27;48;2;2;2;2m_[38;2;29;29;29m_[38;2;26;26;26m_[38;2;9;9;9;48;2;1;1;1m_[38;2;1;1;1;48;2;0;0;0m.          [38;2;2;2;2;48;2;1;1;1m{[38;2;0;0;0;48;2;13;13;13m:[38;2;50;50;50;48;2;107;107;107m~[38;2;209;209;209;48;2;229;229;229m~[38;2;248;248;248;48;2;250;250;250m~[38;2;252;252;252;48;2;251;251;251m.[48;2;252;252;252m                                      [0m
[7m[38;2;252;252;252m [0m[38;2;0;0;0;48;2;252;252;252m                                                    [38;2;252;252;252;48;2;251;251;251m:[38;2;245;245;245;48;2;249;249;249m`[38;2;201;201;201;48;2;237;237;237m"[38;2;147;147;147;48;2;220;220;220m~[38;2;79;79;79;48;2;187;187;187m~[38;2;200;200;200;48;2;107;107;107my[38;2;206;206;206;48;2;114;114;114my[38;2;60;60;60;48;2;188;188;188m~[38;2;86;86;86;48;2;210;210;210m~[38;2;88;88;88;48;2;211;211;211m~[38;2;86;86;86;48;2;210;210;210m~[38;2;67;67;67;48;2;191;191;191m~[38;2;38;38;38;48;2;157;157;157m~[38;2;202;202;202;48;2;109;109;109my[38;2;197;197;197;48;2;103;103;103my[38;2;237;237;237;48;2;93;93;93m_[38;2;188;188;188;48;2;65;65;65m_[38;2;120;120;120;48;2;35;35;35m_[38;2;59;59;59;48;2;13;13;13m_[38;2;21;21;21;48;2;4;4;4m_[38;2;8;8;8;48;2;1;1;1m_[38;2;2;2;2m;[38;2;1;1;1;48;2;0;0;0m..[38;2;0;0;0;48;2;20;20;20m:[38;2;142;142;142;48;2;127;127;127m_[38;2;224;224;224;48;2;235;235;235mF[38;2;252;252;252;48;2;251;251;251mm:[48;2;252;252;252m                                      [0m
[7m[38;2;252;252;252m [0m[38;2;0;0;0;48;2;252;252;252m                                                      [38;2;252;252;252;48;2;251;251;251m:[38;2;248;248;248;48;2;250;250;250m~[38;2;247;247;247;48;2;248;248;248m?F=[48;2;249;249;249m=[38;2;251;251;251m__[38;2;250;250;250m~[38;2;247;247;247m=[48;2;248;248;248m=[48;2;249;249;249m==[38;2;242;242;242;48;2;247;247;247m`[38;2;212;212;212;48;2;242;242;242m`[38;2;181;181;181;48;2;226;226;226m~[38;2;118;118;118;48;2;187;187;187m~[38;2;187;187;187;48;2;106;106;106m_[38;2;100;100;100;48;2;46;46;46m_[38;2;54;54;54;48;2;15;15;15m_[38;2;26;26;26;48;2;7;7;7m_[38;2;2;2;2;48;2;18;18;18m`[38;2;182;182;182;48;2;76;76;76m_[38;2;160;160;160;48;2;209;209;209m~[38;2;238;238;238;48;2;247;247;247m~[48;2;251;251;251m [38;2;252;252;252m:[48;2;252;252;252m                                      [0m
[7m[38;2;252;252;252m [0m[38;2;0;0;0;48;2;252;252;252m                                                                   [38;2;252;252;252;48;2;251;251;251m: [38;2;250;250;250m`[38;2;252;252;252;48;2;250;250;250m:[38;2;211;211;211;48;2;234;234;234m"[38;2;136;136;136;48;2;202;202;202m~[38;2;207;207;207;48;2;144;144;144my[38;2;197;197;197;48;2;122;122;122my[38;2;87;87;87;48;2;191;191;191m~[38;2;214;214;214;48;2;240;240;240m~[38;2;249;249;249;48;2;250;250;250m'[48;2;251;251;251m [48;2;252;252;252m                                        [0m
[7m[38;2;252;252;252m [0m[38;2;0;0;0;48;2;252;252;252m                                                      [38;2;252;252;252;48;2;251;251;251m:[48;2;252;252;252m               [48;2;251;251;251m:[38;2;249;249;249m"[38;2;251;251;251;48;2;249;249;249my[38;2;243;243;243m~~[38;2;249;249;249;48;2;251;251;251m" [38;2;252;252;252m:[48;2;252;252;252m                                         [0m
[7m[38;2;252;252;252m [0m[38;2;0;0;0;48;2;252;252;252m                                                                                                                       [0m
[7m[38;2;252;252;252m [0m[38;2;0;0;0;48;2;252;252;252m                                                                                                                       [0m
[7m[38;2;252;252;252m [0m[38;2;0;0;0;48;2;252;252;252m                                                                                                                       [0m
[7m[38;2;252;252;252m [0m[38;2;0;0;0;48;2;252;252;252m                                                                                                                       [0m
[7m[38;2;252;252;252m [0m[38;2;0;0;0;48;2;252;252;252m                                                                                                                       [0m
[7m[38;2;252;252;252m [0m[38;2;0;0;0;48;2;252;252;252m                                                                                                                       [0m
[7m[38;2;252;252;252m [0m[38;2;0;0;0;48;2;252;252;252m                                                                                                                       [0m
[7m[38;2;252;252;252m [0m[38;2;0;0;0;48;2;252;252;252m                                                                                                                       [0m
[7m[38;2;252;252;252m [0m[38;2;0;0;0;48;2;252;252;252m                                                                                                                       [0m
[7m[38;2;252;252;252m [0m[38;2;0;0;0;48;2;252;252;252m                                                                                                                       [0m
[7m[38;2;252;252;252m [0m[38;2;0;0;0;48;2;252;252;252m                                                                                                                       [0m
[7m[38;2;252;252;252m [0m[38;2;0;0;0;48;2;252;252;252m                                                                                                                       [0m
[7m[38;2;252;252;252m [0m[38;2;0;0;0;48;2;252;252;252m                                                                                                                       [0m
[7m[38;2;252;252;252m [0m[38;2;0;0;0;48;2;252;252;252m                                                                                                                       [0m
[7m[38;2;252;252;252m [0m[38;2;0;0;0;48;2;252;252;252m                                                                                                                       [0m
[7m[38;2;252;252;252m [0m[38;2;0;0;0;48;2;252;252;252m                                                                                                                       [0m
[7m[38;2;252;252;252m [0m[38;2;0;0;0;48;2;252;252;252m                                                                                                                       [0m
[7m[38;2;252;252;252m [0m[38;2;0;0;0;48;2;252;252;252m                                                                                                                       [0m
[7m[38;2;252;252;252m [0m[38;2;0;0;0;48;2;252;252;252m                                                                                                                       [0m
[7m[38;2;252;252;252m [0m[38;2;0;0;0;48;2;252;252;252m                                                                                                                       [0m
[7m[38;2;252;252;252m [0m[38;2;0;0;0;48;2;252;252;252m                                                                                                                       [0m
[7m[38;2;252;252;252m [0m[38;2;0;0;0;48;2;252;252;252m                                                                                                                       [0m
[7m[38;2;252;252;252m [0m[38;2;0;0;0;48;2;252;252;252m                                                                                                                       [0m
[7m[38;2;252;252;252m [0m[38;2;0;0;0;48;2;252;252;252m                                                                                                                       [0m
[7m[38;2;252;252;252m [0m[38;2;0;0;0;48;2;252;252;252m                                                                                                                       [0m
[7m[38;2;252;252;252m [0m[38;2;0;0;0;48;2;252;252;252m                                                                                                                       [0m
[?25h