[?25l[0m[7m[38;2;0;0;0m [0m[38;2;0;0;0;48;2;0;0;0m                                                                                                                       [0m
[7m[38;2;0;0;0m [0m[38;2;0;0;0;48;2;0;0;0m                                                                                                                       [0m
[7m[38;2;0;0;0m [0m[38;2;0;0;0;48;2;0;0;0m                                                                                                                       [0m
[7m[38;2;0;0;0m [0m[38;2;0;0;0;48;2;0;0;0m                                                                                                                       [0m
[7m[38;2;0;0;0m [0m[38;2;0;0;0;48;2;0;0;0m                                                                                                                       [0m
[7m[38;2;0;0;0m [0m[38;2;0;0;0;48;2;0;0;0m                                                                                                                       [0m
[7m[38;2;0;0;0m [0m[38;2;0;0;0;48;2;0;0;0m                                                                                                                       [0m
[7m[38;2;0;0;0m [0m[38;2;0;0;0;48;2;0;0;0m                                                                                                                       [0m
[7m[38;2;0;0;0m [0m[38;2;0;0;0;48;2;0;0;0m                                                                                                                       [0m
[7m[38;2;0;0;0m [0m[38;2;0;0;0;48;2;0;0;0m                                                                                                                       [0m
[7m[38;2;0;0;0m [0m[38;2;0;0;0;48;2;0;0;0m                                                                                                                       [0m
[7m[38;2;0;0;0m [0m[38;2;0;0;0;48;2;0;0;0m                                                                                                                       [0m
[7m[38;2;0;0;0m [0m[38;2;0;0;0;48;2;0;0;0m                                                                                                                       [0m
[7m[38;2;0;0;0m [0m[38;2;0;0;0;48;2;0;0;0m                                                                                                                       [0m
[7m[38;2;0;0;0m [0m[38;2;0;0;0;48;2;0;0;0m                                                                                                                       [0m
[7m[38;2;0;0;0m [0m[38;2;0;0;0;48;2;0;0;0m                                                                                                                       [0m
[7m[38;2;0;0;0m [0m[38;2;0;0;0;48;2;0;0;0m                                                                                               [38;2;1;1;1m_____                   [0m
[7m[38;2;0;0;0m [0m[38;2;0;0;0;48;2;0;0;0m                                                                                          [48;2;3;3;3m`[38;2;71;71;71;48;2;4;4;4m_[38;2;110;110;110;48;2;7;7;7m_[38;2;135;135;135;48;2;13;13;13m_[38;2;150;150;150;48;2;20;20;20m_[38;2;167;167;167;48;2;38;38;38m_[38;2;180;180;180;48;2;53;53;53m_[38;2;186;186;186;48;2;59;59;59m_[38;2;190;190;190;48;2;63;63;63m_[38;2;185;185;185;48;2;58;58;58m_[38;2;172;172;172;48;2;42;42;42m_[38;2;135;135;135;48;2;19;19;19m_[38;2;93;93;93;48;2;6;6;6m_[38;2;48;48;48;48;2;2;2;2m_[38;2;8;8;8;48;2;0;0;0m_              [0m
[7m[38;2;0;0;0m [0m[38;2;0;0;0;48;2;0;0;0m                                                                                        [48;2;1;1;1m:[38;2;1;1;1;48;2;35;35;35m`[38;2;39;39;39;48;2;138;138;138m~[38;2;105;105;105;48;2;200;200;200m~[38;2;161;161;161;48;2;226;226;226m~[38;2;197;197;197;48;2;238;238;238m~[38;2;198;198;198;48;2;242;242;242m`[38;2;212;212;212;48;2;247;247;247m`[38;2;219;219;219;48;2;248;248;248m`[38;2;222;222;222m`[38;2;223;223;223m`[38;2;221;221;221m`[38;2;215;215;215;48;2;247;247;247m`[38;2;200;200;200;48;2;236;236;236m~[38;2;143;143;143;48;2;218;218;218m~[38;2;81;81;81;48;2;197;197;197m~[38;2;23;23;23;48;2;163;163;163m~[38;2;238;238;238;48;2;97;97;97m_[38;2;223;223;223;48;2;66;66;66m_[38;2;165;165;165;48;2;38;38;38m_[38;2;88;88;88;48;2;18;18;18m_[38;2;30;30;30;48;2;4;4;4m_[38;2;3;3;3;48;2;0;0;0m,        [0m
[7m[38;2;0;0;0m [0m[38;2;0;0;0;48;2;0;0;0m                                                                                         [48;2;6;6;6m:[38;2;109;109;109;48;2;49;49;49m~[38;2;102;102;102;48;2;158;158;158my[38;2;160;160;160;48;2;217;217;217m_[38;2;225;225;225;48;2;245;245;245m_[38;2;247;247;247;48;2;250;250;250m_[48;2;251;251;251m [48;2;252;252;252m     [48;2;251;251;251m [38;2;250;250;250m`[48;2;252;252;252m [38;2;253;253;253m~~[38;2;244;244;244;48;2;250;250;250m`[38;2;193;193;193;48;2;240;240;240m`[38;2;161;161;161;48;2;230;230;230m"[38;2;133;133;133;48;2;217;217;217m~[38;2;92;92;92;48;2;187;187;187m~[38;2;210;210;210;48;2;119;119;119my[38;2;175;175;175;48;2;81;81;81my[38;2;185;185;185;48;2;57;57;57m_[38;2;151;151;151;48;2;29;29;29m_[38;2;111;111;111;48;2;8;8;8m_[38;2;66;66;66;48;2;2;2;2m_[38;2;29;29;29;48;2;0;0;0m_[38;2;3;3;3m_[0m
[7m[38;2;0;0;0m [0m[38;2;0;0;0;48;2;0;0;0m                                                                                           [38;2;53;53;53;48;2;11;11;11m`[38;2;108;108;108;48;2;47;47;47m~[38;2;78;78;78;48;2;141;141;141my[38;2;116;116;116;48;2;202;202;202m_[38;2;205;205;205;48;2;240;240;240m_[38;2;244;244;244;48;2;250;250;250m,[38;2;253;253;253;48;2;251;251;251m_[48;2;252;252;252m [38;2;252;252;252;48;2;251;251;251m...[48;2;252;252;252m     [48;2;251;251;251m:[48;2;252;252;252m [48;2;251;251;251m  [38;2;249;249;249m`[38;2;237;237;237;48;2;250;250;250m`[38;2;219;219;219;48;2;248;248;248m`[38;2;198;198;198;48;2;242;242;242m`[38;2;174;174;174;48;2;227;227;227m~[38;2;109;109;109;48;2;207;207;207m~[38;2;55;55;55;48;2;181;181;181m~[38;2;10;10;10;48;2;146;146;146m~[0m
[7m[38;2;0;0;0m [0m[38;2;0;0;0;48;2;0;0;0m                                                                                             [38;2;12;12;12;48;2;3;3;3m`[38;2;69;69;69;48;2;21;21;21m~[38;2;163;163;163;48;2;64;64;64m~[38;2;63;63;63;48;2;150;150;150my[38;2;54;54;54;48;2;187;187;187m_[38;2;104;104;104;48;2;214;214;214m_[38;2;146;146;146;48;2;227;227;227m_[38;2;181;181;181;48;2;237;237;237m_[38;2;210;210;210;48;2;246;246;246m_[38;2;226;226;226;48;2;250;250;250m_[38;2;238;238;238;48;2;251;251;251m_[38;2;244;244;244;48;2;252;252;252m_[38;2;249;249;249m_[38;2;253;253;253m.[38;2;252;252;252;48;2;251;251;251m::[48;2;252;252;252m     [48;2;251;251;251m:.:[38;2;253;253;253m`[48;2;252;252;252m"[0m
[7m[38;2;0;0;0m [0m[38;2;0;0;0;48;2;0;0;0m                                                                                                [38;2;4;4;4m`[38;2;40;40;40;48;2;5;5;5m`[38;2;81;81;81;48;2;13;13;13m`[38;2;84;84;84;48;2;20;20;20m~[38;2;114;114;114;48;2;36;36;36m~[38;2;147;147;147;48;2;56;56;56m~[38;2;35;35;35;48;2;108;108;108my[38;2;64;64;64;48;2;139;139;139my[38;2;89;89;89;48;2;162;162;162my[38;2;71;71;71;48;2;176;176;176m_[38;2;91;91;91;48;2;195;195;195m_[38;2;125;125;125;48;2;216;216;216m_[38;2;159;159;159;48;2;233;233;233m_[38;2;184;184;184;48;2;242;242;242m_[38;2;205;205;205;48;2;246;246;246m_[38;2;225;225;225;48;2;249;249;249m_[38;2;240;240;240;48;2;250;250;250m_[38;2;248;248;248;48;2;251;251;251m_[48;2;252;252;252m    [38;2;252;252;252;48;2;251;251;251m:[0m
[7m[38;2;0;0;0m [0m[38;2;0;0;0;48;2;0;0;0m                                                                                                        [38;2;5;5;5;48;2;1;1;1m`[38;2;19;19;19;48;2;4;4;4m"[38;2;35;35;35;48;2;8;8;8m~[38;2;66;66;66;48;2;18;18;18m~[38;2;103;103;103;48;2;31;31;31m~[38;2;135;135;135;48;2;48;48;48m~[38;2;165;165;165;48;2;71;71;71m~[38;2;193;193;193;48;2;97;97;97m~[38;2;74;74;74;48;2;149;149;149my[38;2;56;56;56;48;2;162;162;162m_[38;2;84;84;84;48;2;185;185;185m_[38;2;116;116;116;48;2;209;209;209m_[38;2;142;142;142;48;2;224;224;224m_[38;2;165;165;165;48;2;232;232;232m_[38;2;185;185;185;48;2;238;238;238m_[0m
[7m[38;2;0;0;0m [0m[38;2;0;0;0;48;2;0;0;0m                                                                                                              [38;2;2;2;2m`[38;2;8;8;8;48;2;1;1;1m`[38;2;18;18;18;48;2;2;2;2m`[38;2;43;43;43;48;2;6;6;6m`[38;2;50;50;50;48;2;11;11;11m~[38;2;74;74;74;48;2;21;21;21m~[38;2;97;97;97;48;2;32;32;32m~[38;2;119;119;119;48;2;47;47;47m~[38;2;141;141;141;48;2;63;63;63m~[0m
[7m[38;2;0;0;0m [0m[38;2;0;0;0;48;2;0;0;0m                                                                                                                       [0m
[7m[38;2;0;0;0m [0m[38;2;0;0;0;48;2;0;0;0m                                                                                                                       [0m
[7m[38;2;0;0;0m [0m[38;2;0;0;0;48;2;0;0;0m                                                                                                                       [0m
[7m[38;2;0;0;0m [0m[38;2;0;0;0;48;2;0;0;0m                                                                                                                       [0m
[7m[38;2;0;0;0m [0m[38;2;0;0;0;48;2;0;0;0m                                                                                                                       [0m
[7m[38;2;0;0;0m [0m[38;2;0;0;0;48;2;0;0;0m                                                                                                                       [0m
[7m[38;2;0;0;0m [0m[38;2;0;0;0;48;2;0;0;0m                                                                                                                       [0m
[7m[38;2;0;0;0m [0m[38;2;0;0;0;48;2;0;0;0m                                                                                                                       [0m
[7m[38;2;0;0;0m [0m[38;2;0;0;0;48;2;0;0;0m                                                                                                                       [0m
[7m[38;2;0;0;0m [0m[38;2;0;0;0;48;2;0;0;0m                                                                                                                       [0m
[7m[38;2;0;0;0m [0m[38;2;0;0;0;48;2;0;0;0m                                                                                                                       [0m
[?25h