[?25l[0m[7m[38;2;0;0;0m [0m[38;2;0;0;0;48;2;0;0;0m                                                                             [48;2;22;22;22m`[38;2;58;58;58;48;2;119;119;119m~[38;2;200;200;200;48;2;218;218;218m^[38;2;245;245;245;48;2;249;249;249m~[48;2;252;252;252m                                      [0m
[7m[38;2;0;0;0m [0m[38;2;0;0;0;48;2;0;0;0m                                                                            [48;2;9;9;9m`[38;2;77;77;77;48;2;67;67;67m4[38;2;148;148;148;48;2;164;164;164mL[38;2;216;216;216;48;2;225;225;225mL[38;2;246;246;246;48;2;249;249;249mF[48;2;252;252;252m                                      [0m
[7m[38;2;0;0;0m [0m[38;2;0;0;0;48;2;0;0;0m                                                                            [38;2;1;1;1;48;2;10;10;10m:[38;2;77;77;77;48;2;69;69;69m4[38;2;146;146;146;48;2;152;152;152m$[38;2;211;211;211;48;2;220;220;220mL[38;2;246;246;246;48;2;249;249;249mL[38;2;252;252;252;48;2;251;251;251m:[48;2;252;252;252m                                     [0m
[7m[38;2;0;0;0m [0m[38;2;0;0;0;48;2;0;0;0m                                                                            [48;2;6;6;6m:[38;2;66;66;66;48;2;60;60;60m4[38;2;146;146;146;48;2;137;137;137m4[38;2;201;201;201;48;2;212;212;212mL[38;2;242;242;242;48;2;246;246;246mL[48;2;252;252;252m                                      [0m
[7m[38;2;0;0;0m [0m[38;2;0;0;0;48;2;0;0;0m                                                                            [48;2;5;5;5m:[38;2;62;62;62;48;2;54;54;54m4[38;2;142;142;142;48;2;131;131;131m4[38;2;194;194;194;48;2;206;206;206mL[38;2;240;240;240;48;2;245;245;245mL[38;2;252;252;252;48;2;251;251;251m:[48;2;252;252;252m                                     [0m
[7m[38;2;0;0;0m [0m[38;2;0;0;0;48;2;0;0;0m                                                                            [48;2;4;4;4m:[38;2;54;54;54;48;2;47;47;47m4[38;2;121;121;121;48;2;127;127;127m$[38;2;189;189;189;48;2;196;196;196m[[38;2;237;237;237;48;2;242;242;242mL[38;2;252;252;252;48;2;251;251;251m.[48;2;252;252;252m                                     [0m
[7m[38;2;0;0;0m [0m[38;2;0;0;0;48;2;0;0;0m                                                                            [48;2;2;2;2m:[38;2;46;46;46;48;2;39;39;39m4[38;2;124;124;124;48;2;115;115;115m4[38;2;178;178;178;48;2;190;190;190mL[38;2;231;231;231;48;2;237;237;237mL[38;2;249;249;249;48;2;250;250;250mL[48;2;252;252;252m                                     [0m
[7m[38;2;0;0;0m [0m[38;2;0;0;0;48;2;0;0;0m                                                                            [48;2;2;2;2m:[38;2;41;41;41;48;2;33;33;33m4[38;2;119;119;119;48;2;109;109;109m4[38;2;174;174;174;48;2;185;185;185mL[38;2;228;228;228;48;2;234;234;234mL[38;2;248;248;248;48;2;249;249;249mF[48;2;252;252;252m                                     [0m
[7m[38;2;0;0;0m [0m[38;2;0;0;0;48;2;0;0;0m                                                                            [48;2;1;1;1m:[38;2;20;20;20;48;2;30;30;30m:[38;2;109;109;109;48;2;101;101;101m4[38;2;167;167;167;48;2;172;172;172m$[38;2;221;221;221;48;2;229;229;229mL[38;2;249;249;249;48;2;250;250;250mF[38;2;253;253;253;48;2;252;252;252m|                                    [0m
[7m[38;2;0;0;0m [0m[38;2;0;0;0;48;2;0;0;0m                                                                            [48;2;1;1;1m:[38;2;32;32;32;48;2;25;25;25m4[38;2;105;105;105;48;2;97;97;97m4[38;2;172;172;172;48;2;163;163;163m4[38;2;216;216;216;48;2;225;225;225mL[38;2;246;246;246;48;2;249;249;249mL[38;2;253;253;253;48;2;252;252;252m'                                    [0m
[7m[38;2;0;0;0m [0m[38;2;0;0;0;48;2;0;0;0m                                                                            [48;2;1;1;1m:[38;2;13;13;13;48;2;24;24;24m'[38;2;100;100;100;48;2;92;92;92m4[38;2;157;157;157;48;2;161;161;161m$[38;2;212;212;212;48;2;220;220;220mL[38;2;245;245;245;48;2;247;247;247mL[48;2;252;252;252m                                     [0m
[7m[38;2;0;0;0m [0m[38;2;0;0;0;48;2;0;0;0m                                                                             [38;2;4;4;4;48;2;14;14;14m:[38;2;83;83;83;48;2;74;74;74m4[38;2;137;137;137;48;2;150;150;150mL[38;2;202;202;202;48;2;212;212;212mL[38;2;241;241;241;48;2;245;245;245mL[38;2;252;252;252;48;2;251;251;251m:[48;2;252;252;252m                                    [0m
[7m[38;2;0;0;0m [0m[38;2;0;0;0;48;2;0;0;0m                                                                             [48;2;1;1;1m:[38;2;45;45;45;48;2;26;26;26m"[38;2;79;79;79;48;2;105;105;105mL[38;2;155;155;155;48;2;188;188;188m_[38;2;226;226;226;48;2;239;239;239m,[38;2;252;252;252;48;2;251;251;251m:[48;2;252;252;252m                                    [0m
[7m[38;2;0;0;0m [0m[38;2;0;0;0;48;2;0;0;0m                                                                             [38;2;11;11;11;48;2;4;4;4m_[38;2;33;33;33;48;2;8;8;8m_[38;2;51;51;51;48;2;28;28;28m"[38;2;132;132;132;48;2;96;96;96m~[38;2;152;152;152;48;2;193;193;193m_[38;2;228;228;228;48;2;242;242;242m,[38;2;252;252;252;48;2;251;251;251m:[48;2;252;252;252m                                   [0m
[7m[38;2;0;0;0m [0m[38;2;0;0;0;48;2;0;0;0m                                                                             [38;2;5;5;5;48;2;13;13;13m:[38;2;66;66;66;48;2;54;54;54ma[38;2;74;74;74;48;2;43;43;43my[38;2;56;56;56;48;2;48;48;48m,[38;2;128;128;128;48;2;117;117;117m4[38;2;175;175;175;48;2;197;197;197my[38;2;226;226;226;48;2;242;242;242m_[38;2;249;249;249;48;2;251;251;251m,[48;2;252;252;252m                                  [0m
[7m[38;2;0;0;0m [0m[38;2;0;0;0;48;2;0;0;0m                                                                             [38;2;2;2;2;48;2;7;7;7m:[38;2;60;60;60;48;2;55;55;55m4[38;2;122;122;122;48;2;112;112;112m4[38;2;166;166;166;48;2;119;119;119my[38;2;147;147;147;48;2;102;102;102m_[38;2;133;133;133;48;2;150;150;150mL[38;2;211;211;211;48;2;196;196;196m~[38;2;231;231;231;48;2;240;240;240mL[38;2;247;247;247;48;2;250;250;250m,[48;2;251;251;251m [38;2;252;252;252m:[48;2;252;252;252m                               [0m
[7m[38;2;0;0;0m [0m[38;2;0;0;0;48;2;0;0;0m                                                                             [48;2;5;5;5m:[38;2;55;55;55;48;2;49;49;49m4[38;2;117;117;117;48;2;109;109;109m4[38;2;165;165;165;48;2;176;176;176mL[38;2;179;179;179;48;2;209;209;209m~[38;2;147;147;147;48;2;194;194;194m~[38;2;182;182;182;48;2;204;204;204m~[38;2;219;219;219;48;2;226;226;226mF[38;2;241;241;241;48;2;246;246;246mL[48;2;251;251;251m [38;2;253;253;253;48;2;252;252;252m,                               [0m
[7m[38;2;0;0;0m [0m[38;2;0;0;0;48;2;0;0;0m                                                                             [48;2;3;3;3m:[38;2;43;43;43;48;2;33;33;33m?[38;2;69;69;69;48;2;89;89;89my[38;2;119;119;119;48;2;142;142;142my[38;2;154;154;154;48;2;189;189;189m_[38;2;197;197;197;48;2;224;224;224m_[38;2;234;234;234;48;2;243;243;243m_[38;2;243;243;243;48;2;249;249;249m~[38;2;245;245;245m~[38;2;252;252;252;48;2;251;251;251m`[38;2;253;253;253;48;2;252;252;252m'                               [0m
[7m[38;2;0;0;0m [0m[38;2;0;0;0;48;2;0;0;0m                                                                              [38;2;4;4;4;48;2;1;1;1m`[38;2;41;41;41;48;2;19;19;19m`[38;2;91;91;91;48;2;71;71;71m`[38;2;123;123;123;48;2;131;131;131m@[38;2;185;185;185;48;2;165;165;165m`[38;2;221;221;221;48;2;203;203;203m~[38;2;235;235;235;48;2;241;241;241mr[48;2;250;250;250m [48;2;251;251;251m [48;2;252;252;252m                                [0m
[7m[38;2;0;0;0m [0m[38;2;0;0;0;48;2;0;0;0m                                                                           [48;2;7;7;7m`[38;2;65;65;65;48;2;25;25;25my[38;2;84;84;84;48;2;30;30;30m_[38;2;79;79;79;48;2;49;49;49my[38;2;138;138;138;48;2;77;77;77my[38;2;204;204;204;48;2;140;140;140my[38;2;166;166;166;48;2;222;222;222m~[38;2;196;196;196;48;2;238;238;238m~[38;2;218;218;218;48;2;245;245;245m~[38;2;242;242;242;48;2;250;250;250m~[48;2;251;251;251m [38;2;252;252;252m.[48;2;252;252;252m                                [0m
[7m[38;2;0;0;0m [0m[38;2;0;0;0;48;2;0;0;0m                                                                           [38;2;1;1;1;48;2;6;6;6m:[38;2;23;23;23;48;2;49;49;49my[38;2;68;68;68;48;2;91;91;91m_[38;2;77;77;77;48;2;84;84;84m`[38;2;147;147;147;48;2;139;139;139m4[38;2;191;191;191;48;2;205;205;205mL[38;2;240;240;240;48;2;246;246;246mL[38;2;254;254;254;48;2;253;253;253m:[48;2;252;252;252m                                    [0m
[7m[38;2;0;0;0m [0m[38;2;0;0;0;48;2;0;0;0m                                                                            [48;2;4;4;4m:[38;2;58;58;58;48;2;44;44;44m4[38;2;63;63;63;48;2;108;108;108m_[38;2;102;102;102;48;2;130;130;130m_[38;2;171;171;171;48;2;184;184;184mL[38;2;221;221;221;48;2;232;232;232mL[38;2;249;249;249;48;2;251;251;251mr[38;2;253;253;253;48;2;252;252;252m|                                   [0m
[7m[38;2;0;0;0m [0m[38;2;0;0;0;48;2;0;0;0m                                                                             [38;2;7;7;7;48;2;1;1;1m`[38;2;34;34;34;48;2;16;16;16m~[38;2;98;98;98;48;2;83;83;83m_[38;2;167;167;167;48;2;186;186;186mF[38;2;225;225;225;48;2;233;233;233mF[38;2;248;248;248;48;2;249;249;249mL[38;2;253;253;253;48;2;252;252;252m.                                   [0m
[7m[38;2;0;0;0m [0m[38;2;0;0;0;48;2;0;0;0m                                                                              [48;2;11;11;11m`[38;2;7;7;7;48;2;84;84;84m_[38;2;41;41;41;48;2;164;164;164m_[38;2;106;106;106;48;2;202;202;202m_[38;2;198;198;198;48;2;235;235;235m_[38;2;243;243;243;48;2;249;249;249m,[38;2;250;250;250;48;2;251;251;251m_[38;2;252;252;252m.[48;2;252;252;252m                                 [0m
[7m[38;2;0;0;0m [0m[38;2;0;0;0;48;2;0;0;0m                                                                               [38;2;3;3;3m`[38;2;24;24;24;48;2;5;5;5m`[38;2;70;70;70;48;2;36;36;36m~[38;2;105;105;105;48;2;147;147;147m_[38;2;220;220;220;48;2;231;231;231mL[38;2;248;248;248;48;2;246;246;246m_[48;2;249;249;249mw[38;2;252;252;252;48;2;250;250;250m`[48;2;252;252;252m                                [0m
[7m[38;2;0;0;0m [0m[38;2;0;0;0;48;2;0;0;0m                                                                                 [48;2;3;3;3m:[38;2;79;79;79;48;2;32;32;32m"[38;2;62;62;62;48;2;145;145;145my[38;2;135;135;135;48;2;216;216;216m_[38;2;227;227;227;48;2;243;243;243m,[38;2;249;249;249;48;2;250;250;250m\[38;2;252;252;252;48;2;251;251;251m:[48;2;252;252;252m                               [0m
[7m[38;2;0;0;0m [0m[38;2;0;0;0;48;2;0;0;0m                                                                                   [48;2;3;3;3m`[38;2;90;90;90;48;2;33;33;33m"[38;2;87;87;87;48;2;157;157;157my[38;2;194;194;194;48;2;233;233;233m_[38;2;243;243;243;48;2;250;250;250m,[38;2;252;252;252;48;2;251;251;251m::[48;2;252;252;252m                             [0m
[7m[38;2;0;0;0m [0m[38;2;0;0;0;48;2;0;0;0m                                                                                     [48;2;8;8;8m:[38;2;43;43;43;48;2;102;102;102mg[38;2;139;139;139;48;2;209;209;209m_[38;2;228;228;228;48;2;246;246;246m,[38;2;249;249;249;48;2;251;251;251m_[38;2;250;250;250m_[38;2;252;252;252m:[48;2;252;252;252m                           [0m
[7m[38;2;0;0;0m [0m[38;2;0;0;0;48;2;0;0;0m                                                                                      [48;2;4;4;4m:[38;2;98;98;98;48;2;53;53;53m~[38;2;160;160;160;48;2;200;200;200m_[38;2;234;234;234;48;2;245;245;245m,[48;2;250;250;250m [38;2;250;250;250;48;2;251;251;251m,[48;2;252;252;252m                           [0m
[7m[38;2;0;0;0m [0m[38;2;0;0;0;48;2;0;0;0m                                                                                       [48;2;6;6;6m`[38;2;125;125;125;48;2;54;54;54m~[38;2;110;110;110;48;2;169;169;169my[38;2;199;199;199;48;2;229;229;229m_[38;2;244;244;244;48;2;249;249;249m,[48;2;252;252;252m                           [0m
[7m[38;2;0;0;0m [0m[38;2;0;0;0;48;2;0;0;0m                                                                                       [38;2;1;1;1m`[38;2;0;0;0;48;2;1;1;1m:[38;2;60;60;60;48;2;25;25;25m`[38;2;164;164;164;48;2;119;119;119m~[38;2;201;201;201;48;2;221;221;221mL[38;2;243;243;243;48;2;249;249;249m_[48;2;252;252;252m                          [0m
[7m[38;2;0;0;0m [0m[38;2;0;0;0;48;2;0;0;0m                                                                                         [48;2;2;2;2m`[38;2;62;62;62;48;2;30;30;30m"[38;2;64;64;64;48;2;127;127;127my[38;2;148;148;148;48;2;206;206;206m_[38;2;228;228;228;48;2;244;244;244m,[38;2;252;252;252;48;2;251;251;251mr[48;2;252;252;252m                        [0m
[7m[38;2;0;0;0m [0m[38;2;0;0;0;48;2;0;0;0m                                                                                           [48;2;5;5;5m:[38;2;105;105;105;48;2;48;48;48m~[48;2;169;169;169m_[38;2;214;214;214;48;2;236;236;236m_[38;2;248;248;248;48;2;251;251;251m_[48;2;252;252;252m                       [0m
[7m[38;2;0;0;0m [0m[38;2;0;0;0;48;2;0;0;0m                                                                                           [38;2;1;1;1m~[38;2;0;0;0;48;2;3;3;3m:[38;2;72;72;72;48;2;36;36;36m"[38;2;111;111;111;48;2;155;155;155my[38;2;199;199;199;48;2;227;227;227m_[38;2;242;242;242;48;2;249;249;249m_[38;2;249;249;249;48;2;251;251;251m_[38;2;250;250;250m_[38;2;252;252;252m:[48;2;252;252;252m                   [0m
[7m[38;2;0;0;0m [0m[38;2;0;0;0;48;2;0;0;0m                                                                                            [38;2;1;1;1m`[38;2;0;0;0;48;2;5;5;5m:[38;2;32;32;32;48;2;81;81;81my[38;2;52;52;52;48;2;165;165;165m_[38;2;135;135;135;48;2;220;220;220m_[38;2;193;193;193;48;2;241;241;241m_[38;2;239;239;239;48;2;248;248;248m,[38;2;252;252;252;48;2;251;251;251m_ :[48;2;252;252;252m                 [0m
[7m[38;2;0;0;0m [0m[38;2;0;0;0;48;2;0;0;0m                                                                                              [38;2;1;1;1m`[38;2;25;25;25;48;2;2;2;2m`[38;2;85;85;85;48;2;12;12;12m`[38;2;125;125;125;48;2;44;44;44m~[38;2;35;35;35;48;2;128;128;128my[38;2;11;11;11;48;2;192;192;192m_[38;2;155;155;155;48;2;231;231;231m_[38;2;230;230;230;48;2;247;247;247m,[48;2;251;251;251m  [48;2;252;252;252m               [0m
[?25h