[?25l[0m[7m[38;2;0;0;0m [0m[38;2;0;0;0;48;2;0;0;0m                                                                                                                       [0m
[7m[38;2;0;0;0m [0m[38;2;0;0;0;48;2;0;0;0m                                                                                                                       [0m
[7m[38;2;0;0;0m [0m[38;2;0;0;0;48;2;0;0;0m                                                                                                                       [0m
[7m[38;2;0;0;0m [0m[38;2;0;0;0;48;2;0;0;0m                                                                                                                       [0m
[7m[38;2;0;0;0m [0m[38;2;0;0;0;48;2;0;0;0m                                                         [48;2;1;1;1m:[38;2;52;52;52m_[38;2;72;72;72;48;2;4;4;4m_[38;2;82;82;82;48;2;6;6;6m_[38;2;71;71;71;48;2;3;3;3m_[38;2;28;28;28;48;2;1;1;1m_[48;2;0;0;0m                                                        [0m
[7m[38;2;0;0;0m [0m[38;2;0;0;0;48;2;0;0;0m                                                       [48;2;10;10;10m:[38;2;155;155;155;48;2;53;53;53m_[38;2;34;34;34;48;2;162;162;162m~[38;2;123;123;123;48;2;207;207;207m~[38;2;163;163;163;48;2;227;227;227m~[38;2;181;181;181;48;2;234;234;234m~[38;2;166;166;166;48;2;225;225;225m~[38;2;89;89;89;48;2;183;183;183m~[38;2;123;123;123;48;2;58;58;58m_[38;2;32;32;32;48;2;6;6;6m,[38;2;1;1;1;48;2;0;0;0m,                                                     [0m
[7m[38;2;0;0;0m [0m[38;2;0;0;0;48;2;0;0;0m                                                       [38;2;67;67;67;48;2;43;43;43m4[38;2;175;175;175;48;2;189;189;189mL[38;2;251;251;251;48;2;246;246;246m:[48;2;250;250;250mn[48;2;251;251;251m  [48;2;249;249;249my[38;2;253;253;253;48;2;240;240;240m'[38;2;150;150;150;48;2;115;115;115mF[38;2;39;39;39;48;2;20;20;20mF[38;2;1;1;1;48;2;0;0;0m.                                                     [0m
[7m[38;2;0;0;0m [0m[38;2;0;0;0;48;2;0;0;0m                                                       [38;2;29;29;29;48;2;9;9;9m"[38;2;130;130;130;48;2;59;59;59m~[38;2;49;49;49;48;2;175;175;175m_[38;2;138;138;138;48;2;223;223;223m_[38;2;169;169;169;48;2;238;238;238m_[38;2;142;142;142;48;2;226;226;226m_[38;2;72;72;72;48;2;189;189;189m_[38;2;196;196;196;48;2;89;89;89m~[38;2;59;59;59;48;2;23;23;23m"[38;2;2;2;2;48;2;0;0;0m'                                                      [0m
[7m[38;2;0;0;0m [0m[38;2;0;0;0;48;2;0;0;0m                                                         [38;2;17;17;17;48;2;2;2;2m`[38;2;84;84;84;48;2;9;9;9m`[38;2;109;109;109;48;2;16;16;16m`[38;2;88;88;88;48;2;11;11;11m`[38;2;38;38;38;48;2;4;4;4m`[38;2;1;1;1;48;2;0;0;0m`                                                        [0m
[7m[38;2;0;0;0m [0m[38;2;0;0;0;48;2;0;0;0m                                                                                                                       [0m
[7m[38;2;0;0;0m [0m[38;2;0;0;0;48;2;0;0;0m                                                                                                                       [0m
[7m[38;2;0;0;0m [0m[38;2;0;0;0;48;2;0;0;0m                                                                                                                       [0m
[7m[38;2;0;0;0m [0m[38;2;0;0;0;48;2;0;0;0m                                                                                                                       [0m
[7m[38;2;0;0;0m [0m[38;2;0;0;0;48;2;0;0;0m                                                                                                                       [0m
[7m[38;2;0;0;0m [0m[38;2;0;0;0;48;2;0;0;0m                                                                                                                       [0m
[7m[38;2;0;0;0m [0m[38;2;0;0;0;48;2;0;0;0m                                                                                                                       [0m
[7m[38;2;0;0;0m [0m[38;2;0;0;0;48;2;0;0;0m                                                                                                                       [0m
[7m[38;2;0;0;0m [0m[38;2;0;0;0;48;2;0;0;0m                                                                                                                       [0m
[7m[38;2;0;0;0m [0m[38;2;0;0;0;48;2;0;0;0m                                                                                                                       [0m
[7m[38;2;0;0;0m [0m[38;2;0;0;0;48;2;0;0;0m                                                                                                                       [0m
[7m[38;2;0;0;0m [0m[38;2;0;0;0;48;2;0;0;0m                                                                                                                       [0m
[7m[38;2;0;0;0m [0m[38;2;0;0;0;48;2;0;0;0m                                                                                                                       [0m
[7m[38;2;0;0;0m [0m[38;2;0;0;0;48;2;0;0;0m                                                                                                                       [0m
[7m[38;2;0;0;0m [0m[38;2;0;0;0;48;2;0;0;0m                                                                                                                       [0m
[7m[38;2;0;0;0m [0m[38;2;0;0;0;48;2;0;0;0m                                                                                                                       [0m
[7m[38;2;0;0;0m [0m[38;2;0;0;0;48;2;0;0;0m                                                                                                                       [0m
[7m[38;2;0;0;0m [0m[38;2;0;0;0;48;2;0;0;0m                                                                                                                       [0m
[7m[38;2;0;0;0m [0m[38;2;0;0;0;48;2;0;0;0m                                                                                                                       [0m
[7m[38;2;0;0;0m [0m[38;2;0;0;0;48;2;0;0;0m                                                                                                                       [0m
[7m[38;2;0;0;0m [0m[38;2;0;0;0;48;2;0;0;0m                                                                                                                       [0m
[7m[38;2;0;0;0m [0m[38;2;0;0;0;48;2;0;0;0m                                                                                                                       [0m
[7m[38;2;0;0;0m [0m[38;2;0;0;0;48;2;0;0;0m                                                                                                                       [0m
[7m[38;2;0;0;0m [0m[38;2;0;0;0;48;2;0;0;0m                                                                                                                       [0m
[7m[38;2;0;0;0m [0m[38;2;0;0;0;48;2;0;0;0m                                                                                                                       [0m
[7m[38;2;0;0;0m [0m[38;2;0;0;0;48;2;0;0;0m                                                                                                                       [0m
[7m[38;2;0;0;0m [0m[38;2;0;0;0;48;2;0;0;0m                                                                                                                       [0m
[?25h