[?25l[0m[7m[38;2;252;252;252m [0m[38;2;0;0;0;48;2;252;252;252m                                                                                                                       [0m
[7m[38;2;252;252;252m [0m[38;2;0;0;0;48;2;252;252;252m                                                                                                                       [0m
[7m[38;2;252;252;252m [0m[38;2;0;0;0;48;2;252;252;252m                                                                                                                       [0m
[7m[38;2;252;252;252m [0m[38;2;0;0;0;48;2;252;252;252m                                                                                                                       [0m
[7m[38;2;252;252;252m [0m[38;2;0;0;0;48;2;252;252;252m                                                                                                                       [0m
[7m[38;2;252;252;252m [0m[38;2;0;0;0;48;2;252;252;252m                                                                                                                       [0m
[7m[38;2;252;252;252m [0m[38;2;0;0;0;48;2;252;252;252m                                                                                                                       [0m
[7m[38;2;252;252;252m [0m[38;2;0;0;0;48;2;252;252;252m                                                                                                                       [0m
[7m[38;2;252;252;252m [0m[38;2;0;0;0;48;2;252;252;252m                                                                                                                       [0m
[7m[38;2;252;252;252m [0m[38;2;0;0;0;48;2;252;252;252m                                                                                                                       [0m
[7m[38;2;252;252;252m [0m[38;2;0;0;0;48;2;252;252;252m                                                       [38;2;252;252;252;48;2;251;251;251m:[38;2;250;250;250m_[38;2;249;249;249m__[48;2;252;252;252m [38;2;253;253;253m_[38;2;254;254;254;48;2;251;251;251m_[38;2;249;249;249m=====[38;2;254;254;254m_[38;2;253;253;253;48;2;252;252;252m,[38;2;250;250;250;48;2;251;251;251m_[38;2;249;249;249m_[38;2;250;250;250m_[38;2;252;252;252m:[48;2;252;252;252m                                              [0m
[7m[38;2;252;252;252m [0m[38;2;0;0;0;48;2;252;252;252m                                                  [38;2;252;252;252;48;2;251;251;251m.:[38;2;250;250;250mL[38;2;241;241;241m_[38;2;217;217;217;48;2;249;249;249m_[38;2;195;195;195;48;2;246;246;246m_[38;2;160;160;160;48;2;232;232;232m_[38;2;117;117;117;48;2;214;214;214m_[38;2;76;76;76;48;2;198;198;198m_[38;2;34;34;34;48;2;184;184;184m_[38;2;7;7;7;48;2;163;163;163m_[38;2;54;54;54;48;2;159;159;159my[38;2;50;50;50;48;2;151;151;151my[38;2;48;48;48;48;2;148;148;148my[48;2;149;149;149my[48;2;148;148;148my[38;2;50;50;50;48;2;151;151;151my[38;2;58;58;58;48;2;165;165;165my[38;2;14;14;14;48;2;173;173;173m_[38;2;44;44;44;48;2;188;188;188m_[38;2;91;91;91;48;2;205;205;205m_[38;2;152;152;152;48;2;229;229;229m_[38;2;198;198;198;48;2;245;245;245m_[38;2;241;241;241;48;2;250;250;250m,[38;2;250;250;250;48;2;251;251;251m,[38;2;252;252;252m:[48;2;252;252;252m                                           [0m
[7m[38;2;252;252;252m [0m[38;2;0;0;0;48;2;252;252;252m                                               [38;2;252;252;252;48;2;251;251;251m: [48;2;250;250;250m.[38;2;203;203;203;48;2;243;243;243m_[38;2;91;91;91;48;2;223;223;223m_[38;2;33;33;33;48;2;173;173;173m_[38;2;225;225;225;48;2;93;93;93m~[38;2;169;169;169;48;2;57;57;57m~[38;2;102;102;102;48;2;30;30;30m~[38;2;108;108;108;48;2;13;13;13m`[38;2;77;77;77;48;2;7;7;7m`[38;2;48;48;48;48;2;5;5;5m`[38;2;14;14;14;48;2;1;1;1m`[38;2;2;2;2;48;2;0;0;0m`       [38;2;5;5;5m`[38;2;20;20;20;48;2;2;2;2m`[38;2;58;58;58;48;2;6;6;6m`[38;2;102;102;102;48;2;13;13;13m`[38;2;113;113;113;48;2;42;42;42m~[38;2;50;50;50;48;2;136;136;136my[38;2;94;94;94;48;2;211;211;211m_[38;2;230;230;230;48;2;246;246;246m,[38;2;252;252;252;48;2;251;251;251m:[48;2;252;252;252m                                          [0m
[7m[38;2;252;252;252m [0m[38;2;0;0;0;48;2;252;252;252m                                             [38;2;252;252;252;48;2;251;251;251m:`[38;2;251;251;251;48;2;247;247;247m:[38;2;158;158;158;48;2;223;223;223m_[38;2;63;63;63;48;2;159;159;159my[38;2;160;160;160;48;2;47;47;47m~[38;2;54;54;54;48;2;10;10;10m~[48;2;0;0;0m  [38;2;2;2;2m`                 `[38;2;0;0;0;48;2;1;1;1m`[48;2;28;28;28m:[38;2;71;71;71;48;2;143;143;143my[38;2;197;197;197;48;2;230;230;230m_[38;2;246;246;246;48;2;250;250;250m,[38;2;252;252;252;48;2;251;251;251m.:[48;2;252;252;252m                                       [0m
[7m[38;2;252;252;252m [0m[38;2;0;0;0;48;2;252;252;252m                                            [38;2;252;252;252;48;2;251;251;251m:[38;2;250;250;250ms[38;2;252;252;252;48;2;244;244;244m:[38;2;145;145;145;48;2;196;196;196my[38;2;104;104;104;48;2;49;49;49m~[38;2;0;0;0;48;2;5;5;5m:[38;2;1;1;1;48;2;0;0;0m~                        [38;2;0;0;0;48;2;21;21;21m:[38;2;161;161;161;48;2;126;126;126m~[38;2;222;222;222;48;2;235;235;235mL[48;2;251;251;251m [38;2;252;252;252m:[48;2;252;252;252m                                       [0m
[7m[38;2;252;252;252m [0m[38;2;0;0;0;48;2;252;252;252m                                            [38;2;252;252;252;48;2;251;251;251m:[38;2;250;250;250m`[38;2;251;251;251;48;2;232;232;232m'[38;2;104;104;104;48;2;81;81;81mF[38;2;0;0;0;48;2;9;9;9m:[48;2;0;0;0m                          [48;2;5;5;5m:[38;2;86;86;86;48;2;52;52;52m"[38;2;63;63;63;48;2;177;177;177m_[38;2;197;197;197;48;2;240;240;240m_[38;2;246;246;246;48;2;251;251;251m,[38;2;252;252;252m.:[48;2;252;252;252m                                     [0m
[7m[38;2;252;252;252m [0m[38;2;0;0;0;48;2;252;252;252m                                            [38;2;252;252;252;48;2;251;251;251m:~[38;2;251;251;251;48;2;234;234;234m:[38;2;144;144;144;48;2;104;104;104mL[38;2;0;0;0;48;2;17;17;17m:[48;2;0;0;0m                           [48;2;1;1;1m.[38;2;36;36;36;48;2;12;12;12m`[38;2;136;136;136;48;2;78;78;78m~[38;2;170;170;170;48;2;218;218;218m_[38;2;239;239;239;48;2;249;249;249m,[38;2;250;250;250;48;2;251;251;251m_[38;2;252;252;252m:[48;2;252;252;252m                                    [0m
[7m[38;2;252;252;252m [0m[38;2;0;0;0;48;2;252;252;252m                                            [38;2;252;252;252;48;2;251;251;251m:[38;2;250;250;250m~[38;2;252;252;252;48;2;248;248;248m:[38;2;182;182;182;48;2;212;212;212m~[38;2;90;90;90;48;2;50;50;50mL[38;2;0;0;0;48;2;3;3;3m:[38;2;1;1;1;48;2;0;0;0m,                           [38;2;0;0;0;48;2;16;16;16m:[38;2;137;137;137;48;2;111;111;111m~[38;2;220;220;220;48;2;233;233;233mL[38;2;251;251;251;48;2;250;250;250mL[48;2;251;251;251m [48;2;252;252;252m                                    [0m
[7m[38;2;252;252;252m [0m[38;2;0;0;0;48;2;252;252;252m                                             [38;2;253;253;253m.[38;2;249;249;249;48;2;251;251;251m=[38;2;253;253;253;48;2;240;240;240m:[38;2;108;108;108;48;2;158;158;158m~[38;2;6;6;6;48;2;31;31;31m:[38;2;1;1;1;48;2;0;0;0m`                          :[38;2;0;0;0;48;2;13;13;13m:[38;2;118;118;118;48;2;101;101;101m_[38;2;219;219;219;48;2;232;232;232mL[38;2;251;251;251;48;2;250;250;250mL[48;2;251;251;251m [48;2;252;252;252m                                    [0m
[7m[38;2;252;252;252m [0m[38;2;0;0;0;48;2;252;252;252m                                          [38;2;251;251;251m.[38;2;252;252;252;48;2;249;249;249m:[38;2;194;194;194;48;2;233;233;233m_[38;2;124;124;124;48;2;213;213;213m_[38;2;111;111;111;48;2;206;206;206m_[38;2;92;92;92;48;2;195;195;195m_[38;2;57;57;57;48;2;170;170;170m_[38;2;91;91;91;48;2;63;63;63mF[38;2;31;31;31;48;2;9;9;9m_[48;2;0;0;0m                          [38;2;0;0;0;48;2;2;2;2m:[38;2;94;94;94;48;2;40;40;40m_[38;2;133;133;133;48;2;182;182;182m~[38;2;232;232;232;48;2;243;243;243m~[48;2;251;251;251m [38;2;252;252;252m.[48;2;252;252;252m                                    [0m
[7m[38;2;252;252;252m [0m[38;2;0;0;0;48;2;252;252;252m                                         [38;2;252;252;252;48;2;251;251;251m: [48;2;247;247;247m:[38;2;193;193;193;48;2;210;210;210m?[38;2;231;231;231;48;2;111;111;111m_[38;2;230;230;230;48;2;94;94;94m_[38;2;192;192;192;48;2;114;114;114my[38;2;37;37;37;48;2;179;179;179m~[38;2;71;71;71;48;2;194;194;194m~[38;2;56;56;56;48;2;156;156;156m~[38;2;74;74;74;48;2;35;35;35m,[38;2;0;0;0;48;2;1;1;1m:[48;2;0;0;0m                       [48;2;9;9;9m`[38;2;154;154;154;48;2;63;63;63m_[38;2;121;121;121;48;2;190;190;190m~[38;2;228;228;228;48;2;243;243;243m~[38;2;250;250;250;48;2;251;251;251m"[38;2;252;252;252m_:[48;2;252;252;252m                                    [0m
[7m[38;2;252;252;252m [0m[38;2;0;0;0;48;2;252;252;252m                                            [38;2;253;253;253m~[48;2;251;251;251m~~[38;2;249;249;249m=[38;2;253;253;253m~ [38;2;254;254;254;48;2;239;239;239m:[38;2;107;107;107;48;2;149;149;149m~[38;2;62;62;62;48;2;32;32;32m,[38;2;0;0;0;48;2;1;1;1m:[48;2;0;0;0m                   [48;2;1;1;1m:[38;2;69;69;69;48;2;8;8;8m_[38;2;156;156;156;48;2;51;51;51m_[38;2;69;69;69;48;2;162;162;162m~[38;2;189;189;189;48;2;229;229;229m"[38;2;242;242;242;48;2;250;250;250m~[48;2;251;251;251m [38;2;252;252;252m:[48;2;252;252;252m                                      [0m
[7m[38;2;252;252;252m [0m[38;2;0;0;0;48;2;252;252;252m                                                 [38;2;252;252;252;48;2;251;251;251m:[38;2;254;254;254m'[38;2;253;253;253;48;2;236;236;236m:[38;2;186;186;186;48;2;138;138;138mL[38;2;95;95;95;48;2;38;38;38m_[38;2;15;15;15;48;2;3;3;3m,[48;2;0;0;0m            [38;2;1;1;1m_  [38;2;0;0;0;48;2;5;5;5m`[38;2;92;92;92;48;2;19;19;19m_[38;2;173;173;173;48;2;51;51;51m_[38;2;13;13;13;48;2;133;133;133m~[38;2;105;105;105;48;2;199;199;199m~[38;2;207;207;207;48;2;241;241;241m~[38;2;244;244;244;48;2;250;250;250m`[38;2;252;252;252;48;2;251;251;251m:[48;2;252;252;252m                                         [0m
[7m[38;2;252;252;252m [0m[38;2;0;0;0;48;2;252;252;252m                                                  [38;2;252;252;252;48;2;251;251;251m:`[48;2;245;245;245m:[38;2;149;149;149;48;2;212;212;212m~[38;2;198;198;198;48;2;116;116;116my[38;2;170;170;170;48;2;55;55;55m_[38;2;108;108;108;48;2;15;15;15m_[38;2;68;68;68;48;2;2;2;2m_[38;2;35;35;35;48;2;1;1;1m_[38;2;11;11;11;48;2;0;0;0m_[38;2;4;4;4m_[38;2;2;2;2m_[38;2;4;4;4m_[38;2;0;0;0;48;2;1;1;1m:[38;2;44;44;44;48;2;2;2;2m_[38;2;78;78;78;48;2;3;3;3m_[38;2;121;121;121;48;2;13;13;13m_[38;2;155;155;155;48;2;39;39;39m_[38;2;197;197;197;48;2;70;70;70m_[48;2;107;107;107my[38;2;80;80;80;48;2;184;184;184m~[38;2;143;143;143;48;2;221;221;221m~[38;2;209;209;209;48;2;240;240;240m"[38;2;246;246;246;48;2;251;251;251m~[38;2;254;254;254;48;2;252;252;252m`[38;2;251;251;251m`                                           [0m
[7m[38;2;252;252;252m [0m[38;2;0;0;0;48;2;252;252;252m                                                    [38;2;252;252;252;48;2;251;251;251m: [38;2;246;246;246;48;2;250;250;250m`[38;2;207;207;207;48;2;243;243;243m`[38;2;178;178;178;48;2;228;228;228m~[38;2;122;122;122;48;2;209;209;209m~[38;2;71;71;71;48;2;192;192;192m~[38;2;36;36;36;48;2;172;172;172m~[38;2;15;15;15;48;2;159;159;159m~[38;2;9;9;9;48;2;156;156;156m~[38;2;14;14;14;48;2;168;168;168m~[38;2;33;33;33;48;2;182;182;182m~[38;2;77;77;77;48;2;197;197;197m~[38;2;131;131;131;48;2;215;215;215m~[38;2;195;195;195;48;2;238;238;238m~[38;2;202;202;202;48;2;245;245;245m`[38;2;222;222;222;48;2;248;248;248m`[38;2;245;245;245;48;2;251;251;251m`[38;2;252;252;252m::[48;2;252;252;252m                                               [0m
[7m[38;2;252;252;252m [0m[38;2;0;0;0;48;2;252;252;252m                                                        [38;2;252;252;252;48;2;251;251;251m.[38;2;250;250;250m`[48;2;252;252;252m [38;2;253;253;253m~[48;2;251;251;251m~~[48;2;252;252;252m~`[38;2;250;250;250;48;2;251;251;251m~[38;2;249;249;249m~ [48;2;252;252;252m                                                    [0m
[7m[38;2;252;252;252m [0m[38;2;0;0;0;48;2;252;252;252m                                                                                                                       [0m
[7m[38;2;252;252;252m [0m[38;2;0;0;0;48;2;252;252;252m                                                                                                                       [0m
[7m[38;2;252;252;252m [0m[38;2;0;0;0;48;2;252;252;252m                                                                                                                       [0m
[7m[38;2;252;252;252m [0m[38;2;0;0;0;48;2;252;252;252m                                                                                                                       [0m
[7m[38;2;252;252;252m [0m[38;2;0;0;0;48;2;252;252;252m                                                                                                                       [0m
[7m[38;2;252;252;252m [0m[38;2;0;0;0;48;2;252;252;252m                                                                                                                       [0m
[7m[38;2;252;252;252m [0m[38;2;0;0;0;48;2;252;252;252m                                                                                                                       [0m
[7m[38;2;252;252;252m [0m[38;2;0;0;0;48;2;252;252;252m                                                                                                                       [0m
[7m[38;2;252;252;252m [0m[38;2;0;0;0;48;2;252;252;252m                                                                                                                       [0m
[7m[38;2;252;252;252m [0m[38;2;0;0;0;48;2;252;252;252m                                                                                                                       [0m
[?25h