[?25l[0m[7m[38;2;252;252;252m [0m[38;2;0;0;0;48;2;252;252;252m                                                 [38;2;252;252;252;48;2;251;251;251m:[38;2;253;253;253m'[38;2;238;238;238;48;2;247;247;247m`[38;2;179;179;179;48;2;233;233;233m~[38;2;112;112;112;48;2;209;209;209m~[38;2;64;64;64;48;2;181;181;181m~[38;2;216;216;216;48;2;128;128;128my[38;2;208;208;208;48;2;112;112;112my[38;2;203;203;203;48;2;104;104;104my[38;2;188;188;188;48;2;91;91;91my[38;2;170;170;170;48;2;78;78;78my[38;2;166;166;166;48;2;74;74;74my[38;2;168;168;168;48;2;75;75;75my[38;2;171;171;171;48;2;79;79;79my[38;2;166;166;166;48;2;75;75;75my[38;2;168;168;168;48;2;76;76;76my[38;2;171;171;171;48;2;79;79;79my[38;2;180;180;180;48;2;86;86;86my[38;2;186;186;186;48;2;88;88;88my[38;2;198;198;198;48;2;99;99;99my[38;2;207;207;207;48;2;111;111;111my[38;2;209;209;209;48;2;116;116;116my[38;2;213;213;213;48;2;122;122;122my[38;2;49;49;49;48;2;169;169;169m~[38;2;64;64;64;48;2;184;184;184m~[38;2;78;78;78;48;2;195;195;195m~[38;2;92;92;92;48;2;205;205;205m~[38;2;111;111;111;48;2;216;216;216m~[38;2;136;136;136;48;2;225;225;225m~[38;2;171;171;171;48;2;234;234;234m~[38;2;199;199;199;48;2;240;240;240m~[38;2;225;225;225;48;2;246;246;246m~[38;2;244;244;244;48;2;250;250;250m"[38;2;251;251;251;48;2;252;252;252m~                                    [0m
[7m[38;2;252;252;252m [0m[38;2;0;0;0;48;2;252;252;252m                                                      [38;2;253;253;253;48;2;251;251;251m` [48;2;252;252;252m `[38;2;245;245;245;48;2;251;251;251m`[38;2;234;234;234;48;2;250;250;250m`[38;2;233;233;233;48;2;249;249;249m`[38;2;234;234;234m`[38;2;236;236;236;48;2;250;250;250m`[38;2;233;233;233;48;2;249;249;249m`[38;2;234;234;234m`[38;2;235;235;235;48;2;250;250;250m`[38;2;240;240;240m`[38;2;244;244;244;48;2;251;251;251m`[38;2;252;252;252m:[48;2;252;252;252m  [38;2;253;253;253;48;2;251;251;251m`   `[48;2;252;252;252m`  [38;2;252;252;252;48;2;251;251;251m.:[48;2;252;252;252m                                      [0m
[7m[38;2;252;252;252m [0m[38;2;0;0;0;48;2;252;252;252m                                                                                                                       [0m
[7m[38;2;252;252;252m [0m[38;2;0;0;0;48;2;252;252;252m                                                                                                                       [0m
[7m[38;2;252;252;252m [0m[38;2;0;0;0;48;2;252;252;252m                                                                                                                       [0m
[7m[38;2;252;252;252m [0m[38;2;0;0;0;48;2;252;252;252m                                                                                                                       [0m
[7m[38;2;252;252;252m [0m[38;2;0;0;0;48;2;252;252;252m                                                                                                                       [0m
[7m[38;2;252;252;252m [0m[38;2;0;0;0;48;2;252;252;252m                                                                                                                       [0m
[7m[38;2;252;252;252m [0m[38;2;0;0;0;48;2;252;252;252m                                                                                                                       [0m
[7m[38;2;252;252;252m [0m[38;2;0;0;0;48;2;252;252;252m                                                                                                                       [0m
[7m[38;2;252;252;252m [0m[38;2;0;0;0;48;2;252;252;252m                                                                                                                       [0m
[7m[38;2;252;252;252m [0m[38;2;0;0;0;48;2;252;252;252m                                                                                                                       [0m
[7m[38;2;252;252;252m [0m[38;2;0;0;0;48;2;252;252;252m                                                                                                                       [0m
[7m[38;2;252;252;252m [0m[38;2;0;0;0;48;2;252;252;252m                                                                                                                       [0m
[7m[38;2;252;252;252m [0m[38;2;0;0;0;48;2;252;252;252m                                                          [38;2;252;252;252;48;2;251;251;251m: ..[48;2;252;252;252m                                                         [0m
[7m[38;2;252;252;252m [0m[38;2;0;0;0;48;2;252;252;252m                                                      [38;2;252;252;252;48;2;251;251;251m.`[38;2;254;254;254m.[38;2;221;221;221;48;2;249;249;249m_[38;2;186;186;186;48;2;241;241;241m_[38;2;149;149;149;48;2;228;228;228m_[38;2;145;145;145;48;2;227;227;227m_[38;2;173;173;173;48;2;237;237;237m_[38;2;211;211;211;48;2;248;248;248m_[38;2;238;238;238;48;2;251;251;251m_[38;2;250;250;250m,[38;2;252;252;252m:[48;2;252;252;252m                                                     [0m
[7m[38;2;252;252;252m [0m[38;2;0;0;0;48;2;252;252;252m                                                   [38;2;252;252;252;48;2;251;251;251m: `[38;2;250;250;250;48;2;244;244;244m`[38;2;110;110;110;48;2;217;217;217m_[38;2;69;69;69;48;2;163;163;163my[38;2;174;174;174;48;2;67;67;67m~[38;2;101;101;101;48;2;31;31;31m~[38;2;107;107;107;48;2;15;15;15m`[38;2;104;104;104;48;2;12;12;12m`[38;2;127;127;127;48;2;23;23;23m`[38;2;131;131;131;48;2;51;51;51m~[38;2;53;53;53;48;2;137;137;137my[38;2;87;87;87;48;2;199;199;199m_[38;2;202;202;202;48;2;240;240;240m_[38;2;251;251;251;48;2;250;250;250m`[48;2;251;251;251m [38;2;252;252;252m:[48;2;252;252;252m                                                  [0m
[7m[38;2;252;252;252m [0m[38;2;0;0;0;48;2;252;252;252m                                                  [38;2;252;252;252;48;2;251;251;251m:[38;2;250;250;250m,[38;2;253;253;253;48;2;249;249;249m:[38;2;174;174;174;48;2;223;223;223m_[38;2;58;58;58;48;2;128;128;128mg[38;2;67;67;67;48;2;17;17;17m~[38;2;0;0;0;48;2;1;1;1m.[38;2;1;1;1;48;2;0;0;0m`    [38;2;2;2;2m`[38;2;0;0;0;48;2;1;1;1m.[38;2;40;40;40;48;2;18;18;18m"[38;2;77;77;77;48;2;123;123;123mg[38;2;214;214;214;48;2;232;232;232m,[38;2;250;250;250;48;2;251;251;251m,[38;2;252;252;252m:[48;2;252;252;252m                                                  [0m
[7m[38;2;252;252;252m [0m[38;2;0;0;0;48;2;252;252;252m                                                  [38;2;252;252;252;48;2;251;251;251m:[38;2;251;251;251;48;2;250;250;250m.[38;2;254;254;254;48;2;237;237;237m:[38;2;92;92;92;48;2;124;124;124mg[38;2;36;36;36;48;2;17;17;17m~[38;2;1;1;1;48;2;0;0;0m.         [38;2;54;54;54;48;2;36;36;36m4[38;2;168;168;168;48;2;191;191;191mL[38;2;242;242;242;48;2;246;246;246mr[38;2;250;250;250;48;2;251;251;251m1[38;2;252;252;252m.[48;2;252;252;252m                                                 [0m
[7m[38;2;252;252;252m [0m[38;2;0;0;0;48;2;252;252;252m                                                   [48;2;251;251;251m [38;2;254;254;254;48;2;235;235;235m:[38;2;109;109;109;48;2;80;80;80mL[38;2;12;12;12;48;2;6;6;6mL[48;2;0;0;0m          [38;2;47;47;47;48;2;32;32;32m4[38;2;156;156;156;48;2;175;175;175mF[38;2;237;237;237;48;2;244;244;244mL[48;2;250;250;250m [48;2;251;251;251m [48;2;252;252;252m                                                 [0m
[7m[38;2;252;252;252m [0m[38;2;0;0;0;48;2;252;252;252m                                                  [38;2;252;252;252;48;2;251;251;251m:[38;2;251;251;251;48;2;250;250;250m~[38;2;254;254;254;48;2;237;237;237m:[38;2;173;173;173;48;2;111;111;111m_[38;2;46;46;46;48;2;19;19;19m,[38;2;1;1;1;48;2;0;0;0m=      _a[38;2;0;0;0;48;2;19;19;19m`[38;2;154;154;154;48;2;94;94;94my[38;2;209;209;209;48;2;229;229;229m"[38;2;251;251;251;48;2;250;250;250m`[38;2;252;252;252;48;2;251;251;251m::[48;2;252;252;252m                                                 [0m
[7m[38;2;252;252;252m [0m[38;2;0;0;0;48;2;252;252;252m                                                  [38;2;252;252;252;48;2;251;251;251m:[38;2;250;250;250m~[38;2;253;253;253;48;2;250;250;250m'[38;2;202;202;202;48;2;234;234;234m"[38;2;86;86;86;48;2;169;169;169m~[38;2;202;202;202;48;2;77;77;77m_[38;2;145;145;145;48;2;27;27;27m_[38;2;100;100;100;48;2;5;5;5m_[38;2;71;71;71;48;2;3;3;3m_[38;2;70;70;70;48;2;2;2;2m_[38;2;76;76;76;48;2;3;3;3m_[38;2;107;107;107;48;2;6;6;6m_[38;2;150;150;150;48;2;30;30;30m_[38;2;173;173;173;48;2;81;81;81my[38;2;94;94;94;48;2;188;188;188m~[38;2;211;211;211;48;2;240;240;240m~[38;2;248;248;248;48;2;251;251;251m~[38;2;252;252;252m:[48;2;252;252;252m                                                   [0m
[7m[38;2;252;252;252m [0m[38;2;0;0;0;48;2;252;252;252m                                                     [38;2;252;252;252;48;2;251;251;251m:.[38;2;226;226;226;48;2;248;248;248m`[38;2;197;197;197;48;2;242;242;242m`[38;2;165;165;165;48;2;224;224;224m~[38;2;120;120;120;48;2;210;210;210m~[38;2;116;116;116;48;2;209;209;209m~[38;2;124;124;124;48;2;213;213;213m~[38;2;169;169;169;48;2;229;229;229m~[38;2;200;200;200;48;2;244;244;244m`[38;2;235;235;235;48;2;249;249;249m`[38;2;250;250;250;48;2;251;251;251m' [48;2;252;252;252m                                    [38;2;253;253;253m^                [0m
[7m[38;2;252;252;252m [0m[38;2;0;0;0;48;2;252;252;252m                                                        [38;2;252;252;252;48;2;251;251;251m.[38;2;250;250;250m`~[38;2;249;249;249m~~[38;2;250;250;250m`[38;2;252;252;252m.[48;2;252;252;252m                                                        [0m
[7m[38;2;252;252;252m [0m[38;2;0;0;0;48;2;252;252;252m                                                                                                                       [0m
[7m[38;2;252;252;252m [0m[38;2;0;0;0;48;2;252;252;252m                                                                                                                       [0m
[7m[38;2;252;252;252m [0m[38;2;0;0;0;48;2;252;252;252m                                                                                                                       [0m
[7m[38;2;252;252;252m [0m[38;2;0;0;0;48;2;252;252;252m                                                                                                                       [0m
[7m[38;2;252;252;252m [0m[38;2;0;0;0;48;2;252;252;252m                                                                                                                       [0m
[7m[38;2;252;252;252m [0m[38;2;0;0;0;48;2;252;252;252m                                                                                                                       [0m
[7m[38;2;252;252;252m [0m[38;2;0;0;0;48;2;252;252;252m                                                                                                                       [0m
[7m[38;2;252;252;252m [0m[38;2;0;0;0;48;2;252;252;252m                                                                                                                       [0m
[7m[38;2;252;252;252m [0m[38;2;0;0;0;48;2;252;252;252m                                                                                                                       [0m
[7m[38;2;252;252;252m [0m[38;2;0;0;0;48;2;252;252;252m                                                                                                                       [0m
[7m[38;2;252;252;252m [0m[38;2;0;0;0;48;2;252;252;252m                                                                                                                       [0m
[7m[38;2;252;252;252m [0m[38;2;0;0;0;48;2;252;252;252m                       [38;2;252;252;252;48;2;251;251;251m:[48;2;252;252;252m                                                                                               [0m
[?25h