[?25l[0m[7m[38;2;0;0;0m [0m[38;2;0;0;0;48;2;0;0;0m                                                                                                                       [0m
[7m[38;2;0;0;0m [0m[38;2;0;0;0;48;2;0;0;0m                                                                                                                       [0m
[7m[38;2;0;0;0m [0m[38;2;0;0;0;48;2;0;0;0m                                                                                                                       [0m
[7m[38;2;0;0;0m [0m[38;2;0;0;0;48;2;0;0;0m                                                                                                                       [0m
[7m[38;2;0;0;0m [0m[38;2;0;0;0;48;2;0;0;0m                                                                                                                       [0m
[7m[38;2;0;0;0m [0m[38;2;0;0;0;48;2;0;0;0m                                                                                                                       [0m
[7m[38;2;0;0;0m [0m[38;2;0;0;0;48;2;0;0;0m                                                                                                                       [0m
[7m[38;2;0;0;0m [0m[38;2;0;0;0;48;2;0;0;0m                                                                                                                       [0m
[7m[38;2;0;0;0m [0m[38;2;0;0;0;48;2;0;0;0m                                                                                                                       [0m
[7m[38;2;0;0;0m [0m[38;2;0;0;0;48;2;0;0;0m                                                                                                                       [0m
[7m[38;2;0;0;0m [0m[38;2;0;0;0;48;2;0;0;0m                                        [38;2;1;1;1m_  _      __                                                                   [0m
[7m[38;2;0;0;0m [0m[38;2;0;0;0;48;2;0;0;0m                                      [38;2;49;49;49;48;2;6;6;6m_[38;2;151;151;151;48;2;30;30;30m_[38;2;198;198;198;48;2;67;67;67m_[38;2;178;178;178;48;2;78;78;78my[38;2;169;169;169;48;2;74;74;74my[38;2;197;197;197;48;2;64;64;64m_[38;2;158;158;158;48;2;68;68;68my[38;2;204;204;204;48;2;94;94;94my[38;2;222;222;222;48;2;110;110;110my[48;2;112;112;112my[38;2;199;199;199;48;2;93;93;93my[38;2;162;162;162;48;2;72;72;72my[38;2;203;203;203;48;2;71;71;71m_[38;2;190;190;190;48;2;57;57;57m_[38;2;146;146;146;48;2;25;25;25m_[38;2;34;34;34;48;2;6;6;6m,[48;2;0;0;0m                                                                 [0m
[7m[38;2;0;0;0m [0m[38;2;0;0;0;48;2;0;0;0m                                      [38;2;77;77;77;48;2;44;44;44m4[38;2;85;85;85;48;2;174;174;174m_[38;2;204;204;204;48;2;238;238;238m_[38;2;241;241;241;48;2;248;248;248m`[38;2;239;239;239;48;2;249;249;249m`[38;2;231;231;231;48;2;250;250;250m`[38;2;235;235;235m`[38;2;248;248;248m-[38;2;249;249;249maa[38;2;247;247;247m-[38;2;236;236;236;48;2;248;248;248m`[38;2;234;234;234m`[38;2;229;229;229;48;2;242;242;242m`[38;2;129;129;129;48;2;186;186;186m_[38;2;69;69;69;48;2;41;41;41mF[38;2;2;2;2;48;2;1;1;1mL[48;2;0;0;0m                                                                [0m
[7m[38;2;0;0;0m [0m[38;2;0;0;0;48;2;0;0;0m                                       [38;2;64;64;64;48;2;17;17;17m`[38;2;163;163;163;48;2;86;86;86m~[38;2;126;126;126;48;2;207;207;207m_[38;2;251;251;251;48;2;248;248;248m.[38;2;250;250;250;48;2;251;251;251mz[38;2;252;252;252m:[48;2;252;252;252m [48;2;251;251;251m.[38;2;251;251;251;48;2;250;250;250m_[48;2;251;251;251m  [38;2;253;253;253;48;2;241;241;241m'[38;2;124;124;124;48;2;178;178;178my[38;2;101;101;101;48;2;49;49;49m"[38;2;23;23;23;48;2;4;4;4m~[48;2;0;0;0m                                                                 [0m
[7m[38;2;0;0;0m [0m[38;2;0;0;0;48;2;0;0;0m                                        [38;2;13;13;13;48;2;3;3;3m`[38;2;106;106;106;48;2;61;61;61m`[38;2;131;131;131;48;2;188;188;188m_[38;2;254;254;254;48;2;248;248;248m:[38;2;250;250;250;48;2;251;251;251m*[38;2;252;252;252m:[48;2;252;252;252m [48;2;251;251;251m:_[38;2;253;253;253;48;2;242;242;242m'[38;2;81;81;81;48;2;171;171;171m_[38;2;78;78;78;48;2;36;36;36m~[38;2;0;0;0;48;2;2;2;2m:[48;2;0;0;0m                                                                  [0m
[7m[38;2;0;0;0m [0m[38;2;0;0;0;48;2;0;0;0m                                        [38;2;1;1;1m`[38;2;20;20;20;48;2;10;10;10m"[38;2;70;70;70;48;2;109;109;109mi[38;2;234;234;234;48;2;242;242;242mL[38;2;253;253;253;48;2;252;252;252mg[38;2;252;252;252;48;2;251;251;251m`:`[38;2;254;254;254;48;2;247;247;247m:[38;2;191;191;191;48;2;205;205;205md[38;2;67;67;67;48;2;41;41;41mF[48;2;0;0;0m                                                                    [0m
[7m[38;2;0;0;0m [0m[38;2;0;0;0;48;2;0;0;0m                                         [38;2;23;23;23;48;2;13;13;13my[38;2;84;84;84;48;2;116;116;116ml[38;2;252;252;252;48;2;242;242;242m:[38;2;253;253;253;48;2;251;251;251m^[38;2;252;252;252m.:[38;2;250;250;250m.[38;2;254;254;254;48;2;248;248;248m:[38;2;193;193;193;48;2;205;205;205m_[38;2;72;72;72;48;2;40;40;40mL[48;2;0;0;0m                                                                    [0m
[7m[38;2;0;0;0m [0m[38;2;0;0;0;48;2;0;0;0m                                        [48;2;3;3;3m:[38;2;107;107;107;48;2;57;57;57m_[38;2;133;133;133;48;2;187;187;187m~[38;2;254;254;254;48;2;248;248;248m:[38;2;252;252;252;48;2;250;250;250m_[48;2;251;251;251m::[38;2;250;250;250m`[38;2;254;254;254;48;2;249;249;249m'[48;2;216;216;216m.[38;2;103;103;103;48;2;59;59;59mL[38;2;15;15;15;48;2;4;4;4m,[38;2;1;1;1;48;2;0;0;0m.                                                                  [0m
[7m[38;2;0;0;0m [0m[38;2;0;0;0;48;2;0;0;0m                                       [38;2;1;1;1;48;2;4;4;4m`[38;2;88;88;88;48;2;59;59;59my[38;2;126;126;126;48;2;192;192;192m~[38;2;254;254;254;48;2;247;247;247m:[38;2;250;250;250;48;2;251;251;251m![48;2;252;252;252m   [38;2;252;252;252;48;2;251;251;251m.[38;2;251;251;251;48;2;250;250;250m_[38;2;254;254;254;48;2;243;243;243m:[38;2;136;136;136;48;2;176;176;176m~[38;2;63;63;63;48;2;31;31;31mL[38;2;2;2;2;48;2;0;0;0m`                                                                  [0m
[7m[38;2;0;0;0m [0m[38;2;0;0;0;48;2;0;0;0m                                       [38;2;2;2;2;48;2;8;8;8m:[38;2;79;79;79;48;2;97;97;97m$[38;2;209;209;209;48;2;218;218;218mM[38;2;230;230;230;48;2;250;250;250m_[38;2;231;231;231;48;2;251;251;251m__[38;2;238;238;238m_[38;2;249;249;249;48;2;252;252;252m_[38;2;236;236;236;48;2;251;251;251m_[38;2;229;229;229;48;2;250;250;250m_[38;2;228;228;228m_[38;2;216;216;216;48;2;235;235;235m_[38;2;49;49;49;48;2;130;130;130m`[38;2;39;39;39;48;2;20;20;20mr[48;2;0;0;0m                                                                  [0m
[7m[38;2;0;0;0m [0m[38;2;0;0;0;48;2;0;0;0m                                       [38;2;4;4;4;48;2;2;2;2m`[38;2;65;65;65;48;2;27;27;27m"[38;2;156;156;156;48;2;63;63;63m~[38;2;23;23;23;48;2;105;105;105my[38;2;26;26;26;48;2;106;106;106my[38;2;185;185;185;48;2;101;101;101m~[38;2;147;147;147;48;2;179;179;179mw[38;2;248;248;248;48;2;214;214;214m`[38;2;63;63;63;48;2;139;139;139my[38;2;23;23;23;48;2;102;102;102my[38;2;177;177;177;48;2;69;69;69m~[38;2;152;152;152;48;2;54;54;54m~[38;2;85;85;85;48;2;20;20;20m~[38;2;0;0;0;48;2;3;3;3m:[48;2;0;0;0m                                                                  [0m
[7m[38;2;0;0;0m [0m[38;2;0;0;0;48;2;0;0;0m                                           [48;2;1;1;1m:[38;2;46;46;46;48;2;34;34;34m4[38;2;134;134;134;48;2;116;116;116m4[38;2;113;113;113;48;2;184;184;184m_[38;2;99;99;99;48;2;70;70;70mM[38;2;0;0;0;48;2;10;10;10m:[48;2;0;0;0m                                                                      [0m
[7m[38;2;0;0;0m [0m[38;2;0;0;0;48;2;0;0;0m                                            [38;2;14;14;14;48;2;3;3;3m`[38;2;53;53;53;48;2;12;12;12m"[38;2;62;62;62;48;2;10;10;10m~[38;2;19;19;19;48;2;4;4;4m`[48;2;0;0;0m                                                                       [0m
[7m[38;2;0;0;0m [0m[38;2;0;0;0;48;2;0;0;0m                                                                                                                       [0m
[7m[38;2;0;0;0m [0m[38;2;0;0;0;48;2;0;0;0m                                                                                                                       [0m
[7m[38;2;0;0;0m [0m[38;2;0;0;0;48;2;0;0;0m                                                                                                                       [0m
[7m[38;2;0;0;0m [0m[38;2;0;0;0;48;2;0;0;0m                                                                                                                       [0m
[7m[38;2;0;0;0m [0m[38;2;0;0;0;48;2;0;0;0m                                                                                                                       [0m
[7m[38;2;0;0;0m [0m[38;2;0;0;0;48;2;0;0;0m                                                                                                                       [0m
[7m[38;2;0;0;0m [0m[38;2;0;0;0;48;2;0;0;0m                                                                                                                       [0m
[7m[38;2;0;0;0m [0m[38;2;0;0;0;48;2;0;0;0m                                                                                                                       [0m
[7m[38;2;0;0;0m [0m[38;2;0;0;0;48;2;0;0;0m                                                                                                                       [0m
[7m[38;2;0;0;0m [0m[38;2;0;0;0;48;2;0;0;0m                                                                                                                       [0m
[7m[38;2;0;0;0m [0m[38;2;0;0;0;48;2;0;0;0m                                                                                                                       [0m
[7m[38;2;0;0;0m [0m[38;2;0;0;0;48;2;0;0;0m                                                                                                                       [0m
[7m[38;2;0;0;0m [0m[38;2;0;0;0;48;2;0;0;0m                                                                                                                       [0m
[?25h