[?25l[0m[7m[38;2;252;252;252m [0m[38;2;0;0;0;48;2;252;252;252m                                                                                                                       [0m
[7m[38;2;252;252;252m [0m[38;2;0;0;0;48;2;252;252;252m                                                                                                                       [0m
[7m[38;2;252;252;252m [0m[38;2;0;0;0;48;2;252;252;252m                                                                                                                       [0m
[7m[38;2;252;252;252m [0m[38;2;0;0;0;48;2;252;252;252m                                                                                                                       [0m
[7m[38;2;252;252;252m [0m[38;2;0;0;0;48;2;252;252;252m                                                                                                                       [0m
[7m[38;2;252;252;252m [0m[38;2;0;0;0;48;2;252;252;252m                                                                                                                       [0m
[7m[38;2;252;252;252m [0m[38;2;0;0;0;48;2;252;252;252m                                                                                                                       [0m
[7m[38;2;252;252;252m [0m[38;2;0;0;0;48;2;252;252;252m                                                                                                                       [0m
[7m[38;2;252;252;252m [0m[38;2;0;0;0;48;2;252;252;252m                                                                                                                       [0m
[7m[38;2;252;252;252m [0m[38;2;0;0;0;48;2;252;252;252m                                                                                                                       [0m
[7m[38;2;252;252;252m [0m[38;2;0;0;0;48;2;252;252;252m                                                                                                                       [0m
[7m[38;2;252;252;252m [0m[38;2;0;0;0;48;2;252;252;252m                                                                                                                       [0m
[7m[38;2;252;252;252m [0m[38;2;0;0;0;48;2;252;252;252m                                                          [38;2;252;252;252;48;2;251;251;251m.......[48;2;252;252;252m                                                      [0m
[7m[38;2;252;252;252m [0m[38;2;0;0;0;48;2;252;252;252m                                                      [38;2;252;252;252;48;2;251;251;251m:`[38;2;228;228;228;48;2;250;250;250m_[38;2;207;207;207;48;2;247;247;247m_[38;2;184;184;184;48;2;240;240;240m_[38;2;169;169;169;48;2;235;235;235m_[38;2;158;158;158;48;2;230;230;230m_[38;2;159;159;159;48;2;231;231;231m_[38;2;169;169;169;48;2;234;234;234m_[38;2;178;178;178;48;2;237;237;237m_[38;2;191;191;191;48;2;242;242;242m_[38;2;207;207;207;48;2;247;247;247m_[38;2;227;227;227;48;2;250;250;250m_[38;2;238;238;238;48;2;251;251;251m_[38;2;249;249;249m_[38;2;252;252;252m: [48;2;252;252;252m                                                [0m
[7m[38;2;252;252;252m [0m[38;2;0;0;0;48;2;252;252;252m                                                  [38;2;252;252;252;48;2;251;251;251m: [38;2;253;253;253m.[38;2;252;252;252;48;2;242;242;242m`[38;2;101;101;101;48;2;216;216;216m_[38;2;39;39;39;48;2;165;165;165m_[38;2;41;41;41;48;2;120;120;120my[38;2;150;150;150;48;2;56;56;56m~[38;2;111;111;111;48;2;36;36;36m~[38;2;93;93;93;48;2;29;29;29m~[38;2;116;116;116;48;2;28;28;28m`[38;2;119;119;119;48;2;30;30;30m`[38;2;97;97;97;48;2;31;31;31m~[38;2;108;108;108;48;2;36;36;36m~[38;2;122;122;122;48;2;42;42;42m~[38;2;146;146;146;48;2;55;55;55m~[38;2;27;27;27;48;2;109;109;109my[38;2;46;46;46;48;2;133;133;133my[38;2;30;30;30;48;2;159;159;159m_[38;2;65;65;65;48;2;196;196;196m_[38;2;112;112;112;48;2;225;225;225m_[38;2;189;189;189;48;2;242;242;242m_[38;2;242;242;242;48;2;250;250;250m,[38;2;253;253;253;48;2;252;252;252m_[48;2;251;251;251m [38;2;252;252;252m:[48;2;252;252;252m                                           [0m
[7m[38;2;252;252;252m [0m[38;2;0;0;0;48;2;252;252;252m                                                 [38;2;252;252;252;48;2;251;251;251m: [38;2;253;253;253;48;2;246;246;246m:[38;2;149;149;149;48;2;210;210;210my[38;2;182;182;182;48;2;80;80;80m~[38;2;63;63;63;48;2;15;15;15m~[38;2;0;0;0;48;2;1;1;1m:[48;2;0;0;0m             [48;2;4;4;4m:[38;2;67;67;67;48;2;18;18;18m"[38;2;140;140;140;48;2;42;42;42m~[38;2;199;199;199;48;2;84;84;84m~[38;2;30;30;30;48;2;163;163;163m_[38;2;138;138;138;48;2;219;219;219m_[38;2;212;212;212;48;2;246;246;246m_[38;2;246;246;246;48;2;251;251;251m,[38;2;252;252;252m:[48;2;252;252;252m                                         [0m
[7m[38;2;252;252;252m [0m[38;2;0;0;0;48;2;252;252;252m                                                [38;2;252;252;252;48;2;251;251;251m:[38;2;251;251;251;48;2;250;250;250m~[38;2;254;254;254;48;2;244;244;244m:[38;2;137;137;137;48;2;187;187;187my[38;2;79;79;79;48;2;44;44;44m"[38;2;0;0;0;48;2;2;2;2m:[38;2;1;1;1;48;2;0;0;0m`                  [38;2;8;8;8;48;2;2;2;2m`[38;2;100;100;100;48;2;17;17;17m`[38;2;152;152;152;48;2;72;72;72m~[38;2;83;83;83;48;2;190;190;190m_[38;2;218;218;218;48;2;241;241;241m,[38;2;250;250;250;48;2;251;251;251m-[38;2;252;252;252m:[48;2;252;252;252m                                       [0m
[7m[38;2;252;252;252m [0m[38;2;0;0;0;48;2;252;252;252m                                              [38;2;253;253;253m_[48;2;251;251;251m [38;2;252;252;252m`[38;2;254;254;254m.[48;2;230;230;230m'[38;2;111;111;111;48;2;78;78;78mF[38;2;20;20;20;48;2;8;8;8m~[48;2;0;0;0m                     [38;2;1;1;1m`[38;2;0;0;0;48;2;1;1;1m`[48;2;29;29;29m:[38;2;129;129;129;48;2;161;161;161mg[38;2;230;230;230;48;2;239;239;239mr[38;2;251;251;251;48;2;250;250;250mL[48;2;251;251;251m [48;2;252;252;252m                                      [0m
[7m[38;2;252;252;252m [0m[38;2;0;0;0;48;2;252;252;252m                                             [38;2;252;252;252;48;2;249;249;249m`[38;2;197;197;197;48;2;235;235;235m_[38;2;183;183;183;48;2;230;230;230m_[38;2;191;191;191;48;2;236;236;236m_[38;2;194;194;194m_[38;2;104;104;104;48;2;173;173;173m_[38;2;52;52;52;48;2;32;32;32m~[48;2;0;0;0m                       [38;2;1;1;1m7[38;2;0;0;0;48;2;11;11;11m:[38;2;108;108;108;48;2;89;89;89m4[38;2;215;215;215;48;2;230;230;230mL[38;2;251;251;251;48;2;250;250;250m.[38;2;252;252;252;48;2;251;251;251m.[48;2;252;252;252m                                      [0m
[7m[38;2;252;252;252m [0m[38;2;0;0;0;48;2;252;252;252m                                            [38;2;252;252;252;48;2;251;251;251m`[38;2;251;251;251;48;2;243;243;243m:[38;2;176;176;176;48;2;198;198;198m_[38;2;150;150;150;48;2;177;177;177m_[38;2;152;152;152;48;2;180;180;180m_[38;2;149;149;149;48;2;174;174;174m_[38;2;90;90;90;48;2;70;70;70mF[38;2;0;0;0;48;2;9;9;9m:[48;2;0;0;0m                        [48;2;1;1;1m`[48;2;26;26;26m:[38;2;110;110;110;48;2;155;155;155my[38;2;228;228;228;48;2;238;238;238mr[38;2;251;251;251;48;2;250;250;250mL[48;2;251;251;251m [48;2;252;252;252m                                     [0m
[7m[38;2;252;252;252m [0m[38;2;0;0;0;48;2;252;252;252m                                           [38;2;252;252;252;48;2;251;251;251m: [48;2;242;242;242m:[38;2;139;139;139;48;2;185;185;185m7[38;2;234;234;234;48;2;122;122;122m_[38;2;235;235;235;48;2;124;124;124m_[38;2;193;193;193;48;2;128;128;128my[38;2;170;170;170;48;2;97;97;97my[38;2;53;53;53;48;2;24;24;24m,[48;2;0;0;0m                        [38;2;1;1;1m`[38;2;0;0;0;48;2;5;5;5m:[38;2;49;49;49;48;2;73;73;73m:[38;2;214;214;214;48;2;229;229;229mL[38;2;250;250;250;48;2;252;252;252m_                                      [0m
[7m[38;2;252;252;252m [0m[38;2;0;0;0;48;2;252;252;252m                                             [38;2;252;252;252;48;2;251;251;251m:[38;2;250;250;250m=[38;2;248;248;248m=[38;2;247;247;247;48;2;250;250;250m=[38;2;254;254;254;48;2;248;248;248m:[38;2;196;196;196;48;2;208;208;208m4[38;2;80;80;80;48;2;49;49;49mL[38;2;0;0;0;48;2;1;1;1m:[48;2;0;0;0m                       [48;2;1;1;1m.[48;2;29;29;29m`[38;2;184;184;184;48;2;134;134;134my[38;2;226;226;226;48;2;238;238;238m~[38;2;252;252;252;48;2;251;251;251m..[48;2;252;252;252m                                     [0m
[7m[38;2;252;252;252m [0m[38;2;0;0;0;48;2;252;252;252m                                                [38;2;252;252;252;48;2;251;251;251m.[38;2;254;254;254;48;2;250;250;250m'[38;2;249;249;249;48;2;227;227;227m:[38;2;128;128;128;48;2;81;81;81mL[38;2;27;27;27;48;2;10;10;10m,[48;2;0;0;0m                      [38;2;0;0;0;48;2;9;9;9m:[38;2;171;171;171;48;2;56;56;56m_[38;2;91;91;91;48;2;183;183;183m~[38;2;220;220;220;48;2;242;242;242m~[38;2;249;249;249;48;2;251;251;251m`[38;2;252;252;252m:[48;2;252;252;252m                                      [0m
[7m[38;2;252;252;252m [0m[38;2;0;0;0;48;2;252;252;252m                                                [38;2;252;252;252;48;2;251;251;251m:[38;2;248;248;248m`[38;2;254;254;254;48;2;248;248;248m'[38;2;177;177;177;48;2;219;219;219m~[38;2;186;186;186;48;2;90;90;90m_[38;2;84;84;84;48;2;15;15;15m_[38;2;0;0;0;48;2;2;2;2m`[38;2;1;1;1;48;2;0;0;0m_               [38;2;2;2;2m.[38;2;0;0;0;48;2;4;4;4m`[38;2;110;110;110;48;2;14;14;14m_[38;2;195;195;195;48;2;75;75;75m_[38;2;86;86;86;48;2;185;185;185m~[38;2;206;206;206;48;2;235;235;235m"[38;2;246;246;246;48;2;250;250;250m~[48;2;251;251;251m [38;2;252;252;252m:[48;2;252;252;252m                                       [0m
[7m[38;2;252;252;252m [0m[38;2;0;0;0;48;2;252;252;252m                                                  [38;2;252;252;252;48;2;251;251;251m.[48;2;250;250;250m.[38;2;215;215;215;48;2;242;242;242m`[38;2;141;141;141;48;2;209;209;209m~[38;2;31;31;31;48;2;146;146;146m~[38;2;205;205;205;48;2;57;57;57m_[38;2;122;122;122;48;2;24;24;24m_[38;2;36;36;36;48;2;7;7;7m,[38;2;1;1;1;48;2;0;0;0m.      --[38;2;0;0;0;48;2;1;1;1m`[38;2;57;57;57;48;2;10;10;10m_[38;2;136;136;136;48;2;26;26;26m_[38;2;201;201;201;48;2;51;51;51m_[38;2;181;181;181;48;2;91;91;91my[38;2;57;57;57;48;2;186;186;186m~[38;2;173;173;173;48;2;230;230;230m~[38;2;228;228;228;48;2;247;247;247m~[38;2;248;248;248;48;2;250;250;250m'[48;2;251;251;251m [38;2;252;252;252m:[48;2;252;252;252m                                         [0m
[7m[38;2;252;252;252m [0m[38;2;0;0;0;48;2;252;252;252m                                                    [38;2;252;252;252;48;2;251;251;251m:[38;2;249;249;249m`[38;2;253;253;253m`[38;2;242;242;242;48;2;248;248;248m`[38;2;176;176;176;48;2;232;232;232m~[38;2;109;109;109;48;2;207;207;207m~[38;2;52;52;52;48;2;164;164;164m~[38;2;197;197;197;48;2;92;92;92my[38;2;230;230;230;48;2;81;81;81m_[38;2;164;164;164;48;2;65;65;65my[38;2;169;169;169;48;2;68;68;68my[38;2;178;178;178;48;2;73;73;73my[38;2;197;197;197;48;2;90;90;90my[38;2;208;208;208;48;2;111;111;111my[38;2;58;58;58;48;2;175;175;175m~[38;2;88;88;88;48;2;203;203;203m~[38;2;124;124;124;48;2;222;222;222m~[38;2;179;179;179;48;2;236;236;236m~[38;2;234;234;234;48;2;248;248;248m~[38;2;250;250;250;48;2;251;251;251m=[38;2;252;252;252m`[38;2;250;250;250m`[38;2;252;252;252m:[48;2;252;252;252m                                            [0m
[7m[38;2;252;252;252m [0m[38;2;0;0;0;48;2;252;252;252m                                                       [38;2;252;252;252;48;2;251;251;251m:.[38;2;253;253;253m` [38;2;252;252;252m:[38;2;239;239;239;48;2;250;250;250m`[38;2;234;234;234;48;2;249;249;249m`[38;2;238;238;238;48;2;250;250;250m`[38;2;242;242;242;48;2;251;251;251m`[48;2;252;252;252m [48;2;251;251;251m [38;2;250;250;250m?[38;2;252;252;252m::.:[48;2;252;252;252m                                                [0m
[7m[38;2;252;252;252m [0m[38;2;0;0;0;48;2;252;252;252m                                                                                                                       [0m
[7m[38;2;252;252;252m [0m[38;2;0;0;0;48;2;252;252;252m                                                                                                                       [0m
[7m[38;2;252;252;252m [0m[38;2;0;0;0;48;2;252;252;252m                                                                                                                       [0m
[7m[38;2;252;252;252m [0m[38;2;0;0;0;48;2;252;252;252m                                                                                                                       [0m
[7m[38;2;252;252;252m [0m[38;2;0;0;0;48;2;252;252;252m                                                                                                                       [0m
[7m[38;2;252;252;252m [0m[38;2;0;0;0;48;2;252;252;252m                                                                                                                       [0m
[7m[38;2;252;252;252m [0m[38;2;0;0;0;48;2;252;252;252m                                                                                                                       [0m
[7m[38;2;252;252;252m [0m[38;2;0;0;0;48;2;252;252;252m                                                                                                                       [0m
[7m[38;2;252;252;252m [0m[38;2;0;0;0;48;2;252;252;252m                                                                                                                       [0m
[?25h