[?25l[0m[7m[38;2;0;0;0m [0m[38;2;0;0;0;48;2;0;0;0m [38;2;49;49;49;48;2;71;71;71mL[38;2;162;162;162;48;2;188;188;188mL[38;2;254;254;254;48;2;253;253;253m:[38;2;253;253;253;48;2;252;252;252m;[38;2;252;252;252;48;2;251;251;251m:[48;2;252;252;252m                    [48;2;251;251;251m|[48;2;250;250;250m [38;2;219;219;219;48;2;228;228;228m4[38;2;124;124;124;48;2;102;102;102mF[38;2;0;0;0;48;2;11;11;11m:[38;2;1;1;1;48;2;0;0;0m:                                                                                       [0m
[7m[38;2;0;0;0m [0m[38;2;1;1;1;48;2;0;0;0m,[38;2;43;43;43;48;2;31;31;31m4[38;2;132;132;132;48;2;163;163;163mL[38;2;241;241;241;48;2;246;246;246m_[38;2;253;253;253;48;2;252;252;252m"[48;2;251;251;251m [48;2;252;252;252m                    [38;2;252;252;252;48;2;251;251;251m::[38;2;210;210;210;48;2;220;220;220m4[38;2;67;67;67;48;2;57;57;57mL[38;2;0;0;0;48;2;3;3;3m:[38;2;1;1;1;48;2;0;0;0m`                                                                                       [0m
[7m[38;2;0;0;0m [0m[38;2;0;0;0;48;2;0;0;0m [38;2;15;15;15;48;2;9;9;9m"[38;2;103;103;103;48;2;134;134;134mL[38;2;209;209;209;48;2;228;228;228m,[38;2;253;253;253;48;2;252;252;252m|[48;2;251;251;251m [48;2;252;252;252m                   [38;2;252;252;252;48;2;251;251;251m::[38;2;251;251;251;48;2;249;249;249m:[38;2;196;196;196;48;2;206;206;206m4[38;2;50;50;50;48;2;32;32;32mL[48;2;0;0;0m                                                                                         [0m
[7m[38;2;0;0;0m [0m[38;2;0;0;0;48;2;0;0;0m [38;2;1;1;1m`[38;2;66;66;66;48;2;92;92;92mL[38;2;179;179;179;48;2;202;202;202mL[38;2;253;253;253;48;2;252;252;252ml[48;2;251;251;251m [48;2;252;252;252m                   [38;2;252;252;252;48;2;251;251;251m. [38;2;239;239;239;48;2;243;243;243m4[38;2;171;171;171;48;2;183;183;183m4[38;2;37;37;37;48;2;19;19;19mL[48;2;0;0;0m                                                                                         [0m
[7m[38;2;0;0;0m [0m[38;2;0;0;0;48;2;0;0;0m  [38;2;66;66;66;48;2;37;37;37m"[38;2;131;131;131;48;2;165;165;165mL[38;2;237;237;237;48;2;245;245;245m_[38;2;253;253;253;48;2;252;252;252ms[38;2;252;252;252;48;2;251;251;251m.[48;2;252;252;252m                  [48;2;251;251;251m [38;2;251;251;251;48;2;250;250;250m4[38;2;233;233;233;48;2;239;239;239m4[38;2;154;154;154;48;2;166;166;166m4[38;2;33;33;33;48;2;16;16;16mL[48;2;0;0;0m                                                                                         [0m
[7m[38;2;0;0;0m [0m[38;2;0;0;0;48;2;0;0;0m  [38;2;14;14;14;48;2;4;4;4m`[38;2;84;84;84;48;2;117;117;117mL[38;2;200;200;200;48;2;218;218;218mL[38;2;253;253;253;48;2;252;252;252mE[48;2;251;251;251m [48;2;252;252;252m                  [38;2;252;252;252;48;2;251;251;251m:[38;2;249;249;249;48;2;250;250;250m.[38;2;228;228;228;48;2;235;235;235m4[38;2;159;159;159;48;2;140;140;140mF[38;2;28;28;28;48;2;14;14;14mL[38;2;1;1;1;48;2;0;0;0mL                                                                                        [0m
[7m[38;2;0;0;0m [0m[38;2;0;0;0;48;2;0;0;0m   [38;2;38;38;38;48;2;63;63;63mL[38;2;151;151;151;48;2;181;181;181mL[38;2;248;248;248;48;2;251;251;251m,[38;2;253;253;253;48;2;252;252;252m,[38;2;252;252;252;48;2;251;251;251m:[48;2;252;252;252m                 [48;2;251;251;251m:[48;2;250;250;250m [38;2;224;224;224;48;2;232;232;232m4[38;2;144;144;144;48;2;127;127;127mF[38;2;25;25;25;48;2;13;13;13mL[48;2;1;1;1m [48;2;0;0;0m                                                                                        [0m
[7m[38;2;0;0;0m [0m[38;2;0;0;0;48;2;0;0;0m   [38;2;28;28;28;48;2;12;12;12m"[38;2;96;96;96;48;2;133;133;133mL[38;2;201;201;201;48;2;227;227;227m,[38;2;253;253;253;48;2;252;252;252m$[48;2;251;251;251m [48;2;252;252;252m                 [38;2;252;252;252;48;2;251;251;251m:[48;2;250;250;250m [38;2;218;218;218;48;2;228;228;228m4[38;2;118;118;118;48;2;105;105;105mL[38;2;0;0;0;48;2;11;11;11m:[48;2;1;1;1m [48;2;0;0;0m                                                                                        [0m
[7m[38;2;0;0;0m [0m[38;2;0;0;0;48;2;0;0;0m    [38;2;44;44;44;48;2;73;73;73mL[38;2;157;157;157;48;2;187;187;187mL[38;2;249;249;249;48;2;251;251;251m.[38;2;252;252;252m_:[48;2;252;252;252m                [48;2;251;251;251m:[48;2;250;250;250m [38;2;222;222;222;48;2;231;231;231m4[38;2;132;132;132;48;2;123;123;123m[[38;2;24;24;24;48;2;12;12;12mL[48;2;1;1;1m [48;2;0;0;0m                                                                                        [0m
[7m[38;2;0;0;0m [0m[38;2;0;0;0;48;2;0;0;0m    [38;2;31;31;31;48;2;13;13;13m"[38;2;94;94;94;48;2;132;132;132mL[38;2;198;198;198;48;2;226;226;226m,[48;2;252;252;252m [48;2;251;251;251m [48;2;252;252;252m                [38;2;252;252;252;48;2;251;251;251m:[48;2;250;250;250m [38;2;224;224;224;48;2;232;232;232m4[38;2;147;147;147;48;2;128;128;128mL[38;2;25;25;25;48;2;13;13;13mL[48;2;1;1;1m [48;2;0;0;0m                                                                                        [0m
[7m[38;2;0;0;0m [0m[38;2;0;0;0;48;2;0;0;0m     [38;2;75;75;75;48;2;55;55;55m4[38;2;144;144;144;48;2;178;178;178mL[38;2;237;237;237;48;2;248;248;248m_[38;2;253;253;253;48;2;252;252;252m_[38;2;252;252;252;48;2;251;251;251m:[48;2;252;252;252m               [48;2;251;251;251m|[48;2;250;250;250m [38;2;231;231;231;48;2;237;237;237m4[38;2;161;161;161;48;2;150;150;150m$[38;2;31;31;31;48;2;15;15;15mL[38;2;1;1;1;48;2;0;0;0m`                                                                                        [0m
[7m[38;2;0;0;0m [0m[38;2;0;0;0;48;2;0;0;0m     [38;2;21;21;21;48;2;6;6;6m"[38;2;69;69;69;48;2;108;108;108mL[38;2;171;171;171;48;2;208;208;208m,[38;2;253;253;253;48;2;252;252;252m:[48;2;251;251;251m [48;2;252;252;252m               [38;2;252;252;252;48;2;251;251;251ml[38;2;251;251;251;48;2;250;250;250m4[38;2;233;233;233;48;2;239;239;239m4[38;2;152;152;152;48;2;166;166;166m4[38;2;33;33;33;48;2;16;16;16mL[48;2;0;0;0m                                                                                         [0m
[7m[38;2;0;0;0m [0m[38;2;0;0;0;48;2;0;0;0m      [38;2;51;51;51;48;2;30;30;30m~[38;2;109;109;109;48;2;150;150;150mL[38;2;212;212;212;48;2;236;236;236m_[38;2;253;253;253;48;2;252;252;252ms[48;2;251;251;251m [48;2;252;252;252m              [38;2;252;252;252;48;2;251;251;251m. [38;2;250;250;250;48;2;244;244;244m.[38;2;176;176;176;48;2;189;189;189m4[38;2;42;42;42;48;2;20;20;20mL[48;2;0;0;0m                                                                                         [0m
[7m[38;2;0;0;0m [0m[38;2;0;0;0;48;2;0;0;0m      [38;2;2;2;2m`[38;2;100;100;100;48;2;61;61;61m"[38;2;145;145;145;48;2;180;180;180mL[38;2;235;235;235;48;2;248;248;248m_[38;2;253;253;253;48;2;252;252;252m,[48;2;251;251;251m [48;2;252;252;252m              [38;2;252;252;252;48;2;251;251;251m:[38;2;253;253;253m:[38;2;203;203;203;48;2;214;214;214m4[38;2;62;62;62;48;2;38;38;38mL[38;2;0;0;0;48;2;1;1;1m:[48;2;0;0;0m                                                                                        [0m
[7m[38;2;0;0;0m [0m[38;2;0;0;0;48;2;0;0;0m       [38;2;25;25;25;48;2;5;5;5m`[38;2;60;60;60;48;2;101;101;101mL[38;2;159;159;159;48;2;201;201;201m,[38;2;253;253;253;48;2;251;251;251m` [38;2;252;252;252m:[48;2;252;252;252m             [48;2;251;251;251m. [38;2;212;212;212;48;2;223;223;223m4[38;2;87;87;87;48;2;63;63;63mL[38;2;0;0;0;48;2;4;4;4m:[48;2;0;0;0m                                                                                        [0m
[7m[38;2;0;0;0m [0m[38;2;0;0;0;48;2;0;0;0m        [38;2;46;46;46;48;2;17;17;17m"[38;2;83;83;83;48;2;128;128;128mL[38;2;182;182;182;48;2;220;220;220m,[38;2;253;253;253;48;2;252;252;252m:[48;2;251;251;251m [48;2;252;252;252m             [38;2;252;252;252;48;2;251;251;251m|[48;2;250;250;250m [38;2;220;220;220;48;2;229;229;229m4[38;2;132;132;132;48;2;109;109;109mL[38;2;18;18;18;48;2;11;11;11mr[48;2;1;1;1m [48;2;0;0;0m                                                                                       [0m
[7m[38;2;0;0;0m [0m[38;2;0;0;0;48;2;0;0;0m        [38;2;1;1;1m`[38;2;66;66;66;48;2;33;33;33m"[38;2;105;105;105;48;2;148;148;148mL[38;2;206;206;206;48;2;234;234;234m_[38;2;253;253;253;48;2;252;252;252m:[48;2;251;251;251m [48;2;252;252;252m            [48;2;251;251;251m  [38;2;245;245;245;48;2;237;237;237m:[38;2;185;185;185;48;2;158;158;158mL[38;2;34;34;34;48;2;16;16;16mL[48;2;0;0;0m                                                                                        [0m
[7m[38;2;0;0;0m [0m[38;2;0;0;0;48;2;0;0;0m         [38;2;5;5;5;48;2;1;1;1m`[38;2;75;75;75;48;2;42;42;42m~[38;2;114;114;114;48;2;159;159;159mL[38;2;212;212;212;48;2;238;238;238m_[38;2;253;253;253;48;2;252;252;252m:[38;2;252;252;252;48;2;251;251;251m.[48;2;252;252;252m            [48;2;251;251;251m`[38;2;251;251;251;48;2;249;249;249m:[38;2;198;198;198;48;2;210;210;210m4[38;2;67;67;67;48;2;38;38;38mL[38;2;0;0;0;48;2;1;1;1m:[48;2;0;0;0m                                                                                       [0m
[7m[38;2;0;0;0m [0m[38;2;0;0;0;48;2;0;0;0m          [38;2;4;4;4m`[38;2;105;105;105;48;2;52;52;52m`[38;2;125;125;125;48;2;167;167;167mL[38;2;215;215;215;48;2;241;241;241m_[38;2;251;251;251;48;2;252;252;252m"[48;2;251;251;251m [48;2;252;252;252m           [48;2;251;251;251m [48;2;250;250;250m4[38;2;217;217;217;48;2;227;227;227m4[38;2;115;115;115;48;2;88;88;88mL[38;2;0;0;0;48;2;9;9;9m:[38;2;1;1;1;48;2;0;0;0m:                                                                                      [0m
[7m[38;2;0;0;0m [0m[38;2;0;0;0;48;2;0;0;0m           [38;2;6;6;6;48;2;1;1;1m`[38;2;108;108;108;48;2;57;57;57m`[38;2;133;133;133;48;2;173;173;173mL[38;2;224;224;224;48;2;244;244;244m_[38;2;253;253;253;48;2;252;252;252m.[48;2;251;251;251m [48;2;252;252;252m          [38;2;252;252;252;48;2;251;251;251ml[38;2;251;251;251;48;2;250;250;250my[38;2;245;245;245;48;2;237;237;237m:[38;2;183;183;183;48;2;154;154;154mL[38;2;34;34;34;48;2;16;16;16mL[38;2;1;1;1;48;2;0;0;0m`                                                                                      [0m
[7m[38;2;0;0;0m [0m[38;2;0;0;0;48;2;0;0;0m            [38;2;15;15;15;48;2;2;2;2m`[38;2;107;107;107;48;2;57;57;57m"[38;2;112;112;112;48;2;169;169;169m_[38;2;213;213;213;48;2;241;241;241m_[38;2;251;251;251;48;2;252;252;252m'[48;2;251;251;251m [48;2;252;252;252m         [38;2;252;252;252;48;2;251;251;251m::[38;2;251;251;251;48;2;249;249;249m:[38;2;203;203;203;48;2;213;213;213m4[38;2;76;76;76;48;2;43;43;43mL[38;2;0;0;0;48;2;2;2;2m:[38;2;1;1;1;48;2;0;0;0m,                                                                                     [0m
[7m[38;2;0;0;0m [0m[38;2;0;0;0;48;2;0;0;0m             [38;2;7;7;7;48;2;2;2;2m`[38;2;79;79;79;48;2;46;46;46m~[38;2;112;112;112;48;2;159;159;159mL[38;2;204;204;204;48;2;237;237;237m_[38;2;253;253;253;48;2;252;252;252m:[48;2;251;251;251m [48;2;252;252;252m         [48;2;251;251;251m [38;2;251;251;251;48;2;250;250;250m"[38;2;223;223;223;48;2;232;232;232m4[38;2;146;146;146;48;2;115;115;115mL[38;2;0;0;0;48;2;14;14;14m:[48;2;0;0;0m                                                                                      [0m
[7m[38;2;0;0;0m [0m[38;2;0;0;0;48;2;0;0;0m              [38;2;7;7;7;48;2;1;1;1m`[38;2;68;68;68;48;2;35;35;35m~[38;2;90;90;90;48;2;140;140;140mL[38;2;180;180;180;48;2;224;224;224m_[38;2;253;253;253;48;2;251;251;251m'[38;2;252;252;252m,[48;2;252;252;252m        [48;2;251;251;251m: [38;2;251;251;251;48;2;246;246;246m:[38;2;169;169;169;48;2;197;197;197m`[38;2;64;64;64;48;2;31;31;31mL[38;2;0;0;0;48;2;1;1;1m:[48;2;0;0;0m                                                                                     [0m
[7m[38;2;0;0;0m [0m[38;2;0;0;0;48;2;0;0;0m                [38;2;56;56;56;48;2;21;21;21m"[38;2;64;64;64;48;2;118;118;118mL[38;2;156;156;156;48;2;210;210;210m_[38;2;239;239;239;48;2;248;248;248m,[38;2;253;253;253;48;2;252;252;252m,[38;2;252;252;252;48;2;251;251;251m.[48;2;252;252;252m       [48;2;251;251;251m [48;2;250;250;250m`[38;2;242;242;242;48;2;229;229;229m:[38;2;159;159;159;48;2;109;109;109m_[38;2;0;0;0;48;2;13;13;13m:[38;2;1;1;1;48;2;0;0;0m.                                                                                    [0m
[7m[38;2;0;0;0m [0m[38;2;0;0;0;48;2;0;0;0m                [38;2;1;1;1m`[38;2;49;49;49;48;2;10;10;10m`[38;2;120;120;120;48;2;70;70;70m~[38;2;112;112;112;48;2;179;179;179m_[38;2;209;209;209;48;2;239;239;239m_[38;2;253;253;253;48;2;251;251;251m.[38;2;252;252;252m:[48;2;252;252;252m      [48;2;251;251;251m: [38;2;251;251;251;48;2;247;247;247m:[38;2;181;181;181;48;2;204;204;204m"[38;2;76;76;76;48;2;39;39;39mL[38;2;0;0;0;48;2;2;2;2m:[38;2;1;1;1;48;2;0;0;0m,                                                                                   [0m
[7m[38;2;0;0;0m [0m[38;2;0;0;0;48;2;0;0;0m                  [38;2;5;5;5;48;2;1;1;1m`[38;2;72;72;72;48;2;37;37;37m~[38;2;66;66;66;48;2;137;137;137m_[38;2;166;166;166;48;2;218;218;218m_[38;2;241;241;241;48;2;248;248;248m,[38;2;252;252;252;48;2;251;251;251m`[48;2;252;252;252m      [48;2;251;251;251m [38;2;251;251;251;48;2;250;250;250mu[38;2;246;246;246;48;2;235;235;235m:[38;2;175;175;175;48;2;137;137;137my[38;2;0;0;0;48;2;20;20;20m:[38;2;1;1;1;48;2;0;0;0m`                                                                                   [0m
[7m[38;2;0;0;0m [0m[38;2;0;0;0;48;2;0;0;0m                   [38;2;1;1;1m`[38;2;48;48;48;48;2;15;15;15m"[38;2;130;130;130;48;2;77;77;77m~[38;2;105;105;105;48;2;178;178;178m_[38;2;195;195;195;48;2;236;236;236m_[48;2;251;251;251m [48;2;252;252;252m     [38;2;252;252;252;48;2;251;251;251m: [38;2;251;251;251;48;2;250;250;250m'[38;2;241;241;241;48;2;223;223;223m:[38;2;141;141;141;48;2;82;82;82m_[38;2;0;0;0;48;2;9;9;9m:[38;2;1;1;1;48;2;0;0;0m+                                                                                  [0m
[7m[38;2;0;0;0m [0m[38;2;0;0;0;48;2;0;0;0m                     [38;2;8;8;8;48;2;1;1;1m`[38;2;62;62;62;48;2;27;27;27m~[38;2;68;68;68;48;2;119;119;119my[38;2;128;128;128;48;2;201;201;201m_[38;2;222;222;222;48;2;245;245;245m_[38;2;253;253;253;48;2;251;251;251m.[38;2;252;252;252m:[48;2;252;252;252m   [48;2;251;251;251m:[38;2;250;250;250m~[38;2;241;241;241;48;2;247;247;247m`[38;2;172;172;172;48;2;205;205;205m~[38;2;88;88;88;48;2;50;50;50mL[38;2;0;0;0;48;2;4;4;4m:[38;2;1;1;1;48;2;0;0;0m_                                                                                 [0m
[7m[38;2;0;0;0m [0m[38;2;0;0;0;48;2;0;0;0m                       [38;2;30;30;30;48;2;6;6;6m`[38;2;92;92;92;48;2;42;42;42m~[38;2;58;58;58;48;2;137;137;137m_[38;2;144;144;144;48;2;211;211;211m_[38;2;216;216;216;48;2;245;245;245m_[38;2;252;252;252;48;2;251;251;251m::[48;2;252;252;252m  [48;2;251;251;251m:[38;2;250;250;250mF[38;2;249;249;249;48;2;241;241;241m:[38;2;137;137;137;48;2;179;179;179m~[38;2;59;59;59;48;2;36;36;36m,[38;2;0;0;0;48;2;1;1;1m.[48;2;0;0;0m                                                                                 [0m
[7m[38;2;0;0;0m [0m[38;2;0;0;0;48;2;0;0;0m                         [38;2;41;41;41;48;2;9;9;9m`[38;2;99;99;99;48;2;45;45;45m~[38;2;41;41;41;48;2;131;131;131m_[38;2;126;126;126;48;2;205;205;205m_[38;2;209;209;209;48;2;241;241;241m_[38;2;251;251;251;48;2;250;250;250m:[38;2;252;252;252;48;2;251;251;251m:[48;2;252;252;252m [48;2;251;251;251m.[38;2;251;251;251;48;2;250;250;250m4[38;2;247;247;247;48;2;236;236;236m:[38;2;100;100;100;48;2;152;152;152m~[38;2;0;0;0;48;2;24;24;24m`[38;2;1;1;1;48;2;0;0;0m`                                                                                [0m
[7m[38;2;0;0;0m [0m[38;2;0;0;0;48;2;0;0;0m                           [38;2;36;36;36;48;2;7;7;7m`[38;2;89;89;89;48;2;35;35;35m~[38;2;63;63;63;48;2;118;118;118my[38;2;105;105;105;48;2;187;187;187m_[38;2;181;181;181;48;2;234;234;234m_[38;2;231;231;231;48;2;249;249;249m_[38;2;252;252;252;48;2;251;251;251m`F[38;2;251;251;251;48;2;250;250;250m'[38;2;221;221;221;48;2;232;232;232m"[38;2;170;170;170;48;2;115;115;115my[38;2;0;0;0;48;2;21;21;21m`[38;2;2;2;2;48;2;1;1;1m:[48;2;0;0;0m                                                                               [0m
[7m[38;2;0;0;0m [0m[38;2;0;0;0;48;2;0;0;0m                             [38;2;13;13;13;48;2;2;2;2m`[38;2;75;75;75;48;2;22;22;22m`[38;2;134;134;134;48;2;64;64;64m~[38;2;38;38;38;48;2;147;147;147m_[38;2;114;114;114;48;2;204;204;204m_[38;2;191;191;191;48;2;235;235;235m_[38;2;233;233;233;48;2;246;246;246m_[38;2;249;249;249;48;2;250;250;250m_[38;2;248;248;248;48;2;234;234;234m:[38;2;76;76;76;48;2;145;145;145m~[38;2;47;47;47;48;2;26;26;26m,[38;2;0;0;0;48;2;1;1;1m.[48;2;0;0;0m                                                                              [0m
[7m[38;2;0;0;0m [0m[38;2;0;0;0;48;2;0;0;0m                              [38;2;1;1;1m`[38;2;2;2;2;48;2;1;1;1m`[38;2;32;32;32;48;2;6;6;6m`[38;2;78;78;78;48;2;23;23;23m~[38;2;145;145;145;48;2;62;62;62m~[38;2;74;74;74;48;2;142;142;142my[38;2;90;90;90;48;2;187;187;187m_[38;2;138;138;138;48;2;219;219;219m_[38;2;176;176;176;48;2;223;223;223m_[38;2;125;125;125;48;2;173;173;173m~[38;2;69;69;69;48;2;38;38;38mW[38;2;0;0;0;48;2;3;3;3m:[48;2;0;0;0m                                                                             [0m
[7m[38;2;0;0;0m [0m[38;2;0;0;0;48;2;0;0;0m                                  [38;2;2;2;2m`[38;2;14;14;14;48;2;2;2;2m`[38;2;55;55;55;48;2;10;10;10m`[38;2;79;79;79;48;2;26;26;26m~[38;2;123;123;123;48;2;47;47;47m~[38;2;124;124;124m~[38;2;44;44;44;48;2;12;12;12m~[48;2;0;0;0m                                                                              [0m
[7m[38;2;0;0;0m [0m[38;2;0;0;0;48;2;0;0;0m                                                                                                                       [0m
[7m[38;2;0;0;0m [0m[38;2;0;0;0;48;2;0;0;0m                                                                                                                       [0m
[?25h