[?25l[0m[7m[38;2;0;0;0m [0m[38;2;0;0;0;48;2;0;0;0m                                                                                                                       [0m
[7m[38;2;0;0;0m [0m[38;2;0;0;0;48;2;0;0;0m                                                                                                                       [0m
[7m[38;2;0;0;0m [0m[38;2;0;0;0;48;2;0;0;0m                                                                                                                       [0m
[7m[38;2;0;0;0m [0m[38;2;0;0;0;48;2;0;0;0m                                                                                                                       [0m
[7m[38;2;0;0;0m [0m[38;2;0;0;0;48;2;0;0;0m                                                                                                                       [0m
[7m[38;2;0;0;0m [0m[38;2;0;0;0;48;2;0;0;0m                                                                                                                       [0m
[7m[38;2;0;0;0m [0m[38;2;0;0;0;48;2;0;0;0m                                                                                                                       [0m
[7m[38;2;0;0;0m [0m[38;2;0;0;0;48;2;0;0;0m                                                                                                                       [0m
[7m[38;2;0;0;0m [0m[38;2;0;0;0;48;2;0;0;0m                                                                                                                       [0m
[7m[38;2;0;0;0m [0m[38;2;0;0;0;48;2;0;0;0m                                                                                                                       [0m
[7m[38;2;0;0;0m [0m[38;2;0;0;0;48;2;0;0;0m                                                                                                                       [0m
[7m[38;2;0;0;0m [0m[38;2;0;0;0;48;2;0;0;0m                                                                                                                       [0m
[7m[38;2;0;0;0m [0m[38;2;0;0;0;48;2;0;0;0m                                                                                                                       [0m
[7m[38;2;0;0;0m [0m[38;2;0;0;0;48;2;0;0;0m                                                                                                                       [0m
[7m[38;2;0;0;0m [0m[38;2;0;0;0;48;2;0;0;0m                                                                                                                       [0m
[7m[38;2;0;0;0m [0m[38;2;0;0;0;48;2;0;0;0m                                                                                                                       [0m
[7m[38;2;0;0;0m [0m[38;2;0;0;0;48;2;0;0;0m                                                                                                                       [0m
[7m[38;2;0;0;0m [0m[38;2;0;0;0;48;2;0;0;0m                                                                                                                       [0m
[7m[38;2;0;0;0m [0m[38;2;2;2;2;48;2;0;0;0m.[38;2;20;20;20;48;2;8;8;8my[38;2;34;34;34;48;2;16;16;16my[38;2;44;44;44m_[48;2;17;17;17m_[38;2;43;43;43;48;2;16;16;16m__[38;2;38;38;38;48;2;12;12;12m_[38;2;37;37;37;48;2;10;10;10m_[38;2;111;111;111;48;2;50;50;50my[38;2;0;0;0;48;2;132;132;132m~[38;2;155;155;155;48;2;82;82;82my[38;2;0;0;0;48;2;5;5;5m:[48;2;0;0;0m [38;2;1;1;1m__                                                                                                       [0m
[38;2;139;139;139;48;2;58;58;58my[38;2;194;194;194;48;2;66;66;66m_[38;2;204;204;204;48;2;83;83;83m_[38;2;214;214;214;48;2;100;100;100m_[38;2;215;215;215;48;2;101;101;101m_[38;2;169;169;169;48;2;94;94;94myy[48;2;93;93;93my[48;2;91;91;91my[38;2;168;168;168;48;2;90;90;90my[38;2;129;129;129;48;2;172;172;172mF[38;2;228;228;228;48;2;233;233;233m![38;2;201;201;201;48;2;217;217;217m"[38;2;171;171;171;48;2;84;84;84my[38;2;198;198;198;48;2;69;69;69m_[38;2;185;185;185;48;2;59;59;59m_[38;2;179;179;179;48;2;54;54;54m_[38;2;189;189;189;48;2;62;62;62m_[38;2;150;150;150;48;2;63;63;63my[38;2;177;177;177;48;2;77;77;77my[38;2;187;187;187;48;2;87;87;87my[38;2;97;97;97;48;2;46;46;46my[38;2;0;0;0;48;2;4;4;4m:[38;2;1;1;1;48;2;0;0;0m,                                                                                                [0m
[38;2;86;86;86;48;2;198;198;198m_[38;2;87;87;87m_[38;2;96;96;96;48;2;204;204;204m_[38;2;104;104;104;48;2;209;209;209m_[38;2;98;98;98;48;2;205;205;205m_[38;2;92;92;92;48;2;201;201;201m_[48;2;200;200;200m__[38;2;95;95;95;48;2;202;202;202m_[38;2;99;99;99;48;2;206;206;206m_[38;2;147;147;147;48;2;220;220;220m_[38;2;224;224;224;48;2;242;242;242m_[38;2;246;246;246;48;2;233;233;233m'[38;2;90;90;90;48;2;201;201;201m_[38;2;72;72;72;48;2;187;187;187m_[38;2;73;73;73;48;2;186;186;186m_[38;2;74;74;74m_[48;2;187;187;187m_[38;2;77;77;77;48;2;191;191;191m_[38;2;100;100;100;48;2;211;211;211m_[38;2;114;114;114;48;2;208;208;208m_[38;2;54;54;54;48;2;110;110;110m_[38;2;0;0;0;48;2;8;8;8m:[38;2;2;2;2;48;2;1;1;1m'[48;2;0;0;0m                                                                                                [0m
[7m[38;2;0;0;0m [0m[38;2;0;0;0;48;2;0;0;0m [38;2;25;25;25;48;2;15;15;15m4[38;2;8;8;8;48;2;36;36;36m_[38;2;6;6;6;48;2;35;35;35m_[38;2;8;8;8;48;2;33;33;33m_[38;2;9;9;9;48;2;31;31;31m_[38;2;10;10;10;48;2;33;33;33m_[38;2;13;13;13;48;2;36;36;36m_[38;2;14;14;14;48;2;35;35;35m_[38;2;117;117;117;48;2;81;81;81m4[38;2;76;76;76;48;2;182;182;182m_[38;2;77;77;77;48;2;172;172;172m_[38;2;0;0;0;48;2;18;18;18m.[48;2;0;0;0m [38;2;1;1;1mr   [38;2;7;7;7;48;2;1;1;1m`[38;2;18;18;18;48;2;3;3;3m~[38;2;8;8;8;48;2;1;1;1m~[48;2;0;0;0m                                                                                                  [0m
[7m[38;2;0;0;0m [0m[38;2;0;0;0;48;2;0;0;0m [38;2;2;2;2m`[38;2;4;4;4m`[38;2;3;3;3m`[38;2;5;5;5m``[38;2;6;6;6m`[38;2;8;8;8;48;2;1;1;1m`[38;2;9;9;9m`[38;2;25;25;25;48;2;3;3;3m`[38;2;58;58;58;48;2;8;8;8m`[38;2;60;60;60m`[48;2;0;0;0m                                                                                                           [0m
[7m[38;2;0;0;0m [0m[38;2;0;0;0;48;2;0;0;0m                                                                                                                       [0m
[7m[38;2;0;0;0m [0m[38;2;0;0;0;48;2;0;0;0m                                                                                                                       [0m
[7m[38;2;0;0;0m [0m[38;2;0;0;0;48;2;0;0;0m                                                                                                                       [0m
[7m[38;2;0;0;0m [0m[38;2;0;0;0;48;2;0;0;0m                                                                                                                       [0m
[7m[38;2;0;0;0m [0m[38;2;0;0;0;48;2;0;0;0m                                                                                                                       [0m
[7m[38;2;0;0;0m [0m[38;2;0;0;0;48;2;0;0;0m                                                                                                                       [0m
[7m[38;2;0;0;0m [0m[38;2;0;0;0;48;2;0;0;0m                                                                                                                       [0m
[7m[38;2;0;0;0m [0m[38;2;0;0;0;48;2;0;0;0m                                                                                                                       [0m
[7m[38;2;0;0;0m [0m[38;2;0;0;0;48;2;0;0;0m                                                                                                                       [0m
[7m[38;2;0;0;0m [0m[38;2;0;0;0;48;2;0;0;0m                                                                                                                       [0m
[7m[38;2;0;0;0m [0m[38;2;0;0;0;48;2;0;0;0m                                                                                                                       [0m
[7m[38;2;0;0;0m [0m[38;2;0;0;0;48;2;0;0;0m                                                                                                                       [0m
[7m[38;2;0;0;0m [0m[38;2;0;0;0;48;2;0;0;0m                                                                                                                       [0m
[?25h