[?25l[0m[7m[38;2;252;252;252m [0m[38;2;0;0;0;48;2;252;252;252m                                                       [38;2;252;252;252;48;2;251;251;251m:[48;2;250;250;250m [38;2;254;254;254;48;2;244;244;244m:[38;2;180;180;180;48;2;173;173;173m$[38;2;67;67;67;48;2;38;38;38mL[48;2;0;0;0m                                                           [0m
[7m[38;2;252;252;252m [0m[38;2;0;0;0;48;2;252;252;252m                                                       [38;2;252;252;252;48;2;251;251;251m:[48;2;250;250;250m [38;2;254;254;254;48;2;244;244;244m:[38;2;182;182;182;48;2;174;174;174m$[38;2;68;68;68;48;2;39;39;39mL[48;2;0;0;0m                                                           [0m
[7m[38;2;252;252;252m [0m[38;2;0;0;0;48;2;252;252;252m                                                       [38;2;252;252;252;48;2;251;251;251m:[48;2;250;250;250m [38;2;254;254;254;48;2;245;245;245m:[38;2;182;182;182;48;2;175;175;175m$[38;2;69;69;69;48;2;39;39;39mL[48;2;0;0;0m                                                           [0m
[7m[38;2;252;252;252m [0m[38;2;0;0;0;48;2;252;252;252m                                                       [38;2;252;252;252;48;2;251;251;251m:[48;2;250;250;250m [38;2;254;254;254;48;2;245;245;245m:[38;2;183;183;183;48;2;176;176;176m$[38;2;69;69;69;48;2;39;39;39mL[48;2;0;0;0m                                                           [0m
[7m[38;2;252;252;252m [0m[38;2;0;0;0;48;2;252;252;252m                                                       [38;2;252;252;252;48;2;251;251;251m:[48;2;250;250;250m [38;2;254;254;254;48;2;245;245;245m:[38;2;183;183;183;48;2;176;176;176m$[38;2;69;69;69;48;2;39;39;39mL[48;2;0;0;0m                                                           [0m
[7m[38;2;252;252;252m [0m[38;2;0;0;0;48;2;252;252;252m                                                       [38;2;252;252;252;48;2;251;251;251m:[48;2;250;250;250m [38;2;254;254;254;48;2;245;245;245m:[38;2;183;183;183;48;2;176;176;176m$[38;2;69;69;69;48;2;39;39;39mL[48;2;0;0;0m                                                           [0m
[7m[38;2;252;252;252m [0m[38;2;0;0;0;48;2;252;252;252m                                                       [38;2;252;252;252;48;2;251;251;251m:[48;2;250;250;250m [38;2;254;254;254;48;2;245;245;245m:[38;2;183;183;183;48;2;176;176;176m$[38;2;69;69;69;48;2;39;39;39mL[48;2;0;0;0m                                                           [0m
[7m[38;2;252;252;252m [0m[38;2;0;0;0;48;2;252;252;252m                                                       [38;2;252;252;252;48;2;251;251;251m:[48;2;250;250;250m [38;2;254;254;254;48;2;245;245;245m:[38;2;183;183;183;48;2;176;176;176m$[38;2;69;69;69;48;2;39;39;39mL[48;2;0;0;0m                                                           [0m
[7m[38;2;252;252;252m [0m[38;2;0;0;0;48;2;252;252;252m                                                       [38;2;252;252;252;48;2;251;251;251m:[48;2;250;250;250m [38;2;254;254;254;48;2;245;245;245m:[38;2;183;183;183;48;2;176;176;176m$[38;2;69;69;69;48;2;39;39;39mL[48;2;0;0;0m                                                           [0m
[7m[38;2;252;252;252m [0m[38;2;0;0;0;48;2;252;252;252m                                                       [38;2;252;252;252;48;2;251;251;251m:[48;2;250;250;250m [38;2;254;254;254;48;2;245;245;245m:[38;2;183;183;183;48;2;176;176;176m$[38;2;69;69;69;48;2;39;39;39mL[48;2;0;0;0m                                                           [0m
[7m[38;2;252;252;252m [0m[38;2;0;0;0;48;2;252;252;252m                                                       [38;2;252;252;252;48;2;251;251;251m:[48;2;250;250;250m [38;2;254;254;254;48;2;245;245;245m:[38;2;183;183;183;48;2;176;176;176m$[38;2;69;69;69;48;2;39;39;39mL[48;2;0;0;0m                                                           [0m
[7m[38;2;252;252;252m [0m[38;2;0;0;0;48;2;252;252;252m                                                       [38;2;252;252;252;48;2;251;251;251m:[48;2;250;250;250m [38;2;254;254;254;48;2;245;245;245m:[38;2;183;183;183;48;2;176;176;176m$[38;2;69;69;69;48;2;39;39;39mL[48;2;0;0;0m                                                           [0m
[7m[38;2;252;252;252m [0m[38;2;0;0;0;48;2;252;252;252m                [48;2;251;251;251m  [48;2;252;252;252m [38;2;253;253;253m,[38;2;254;254;254;48;2;251;251;251m_[38;2;249;249;249m=[38;2;254;254;254m__[38;2;253;253;253;48;2;252;252;252m,[38;2;250;250;250;48;2;251;251;251m_,[48;2;252;252;252m                            [38;2;252;252;252;48;2;251;251;251m:[48;2;250;250;250m [38;2;254;254;254;48;2;245;245;245m:[38;2;183;183;183;48;2;176;176;176m$[38;2;69;69;69;48;2;39;39;39mL[48;2;0;0;0m                                                           [0m
[7m[38;2;252;252;252m [0m[38;2;0;0;0;48;2;252;252;252m            [38;2;252;252;252;48;2;251;251;251m: [38;2;245;245;245m_[38;2;220;220;220;48;2;249;249;249m_[38;2;177;177;177;48;2;238;238;238m_[38;2;109;109;109;48;2;212;212;212m_[38;2;46;46;46;48;2;187;187;187m_[38;2;7;7;7;48;2;160;160;160m_[38;2;52;52;52;48;2;156;156;156my[38;2;50;50;50;48;2;151;151;151my[38;2;54;54;54;48;2;156;156;156my[38;2;8;8;8;48;2;161;161;161m_[38;2;40;40;40;48;2;183;183;183m_[38;2;101;101;101;48;2;209;209;209m_[38;2;172;172;172;48;2;235;235;235m_[38;2;221;221;221;48;2;249;249;249m_[38;2;253;253;253;48;2;251;251;251m. [38;2;252;252;252m:[48;2;252;252;252m                        [48;2;251;251;251m:[48;2;250;250;250m [38;2;254;254;254;48;2;245;245;245m:[38;2;183;183;183;48;2;176;176;176m$[38;2;69;69;69;48;2;39;39;39mL[48;2;0;0;0m                                [38;2;1;1;1m. [38;2;10;10;10m_[38;2;36;36;36;48;2;2;2;2m_[38;2;45;45;45;48;2;3;3;3m_[38;2;40;40;40m_[38;2;20;20;20;48;2;1;1;1m_[38;2;3;3;3;48;2;0;0;0m,                   [0m
[7m[38;2;252;252;252m [0m[38;2;0;0;0;48;2;252;252;252m          [38;2;252;252;252;48;2;251;251;251m:`[38;2;251;251;251;48;2;247;247;247m`[38;2;169;169;169;48;2;229;229;229m_[38;2;49;49;49;48;2;172;172;172m_[38;2;179;179;179;48;2;67;67;67m~[38;2;89;89;89;48;2;23;23;23m~[38;2;75;75;75;48;2;7;7;7m`[38;2;27;27;27;48;2;2;2;2m`[38;2;3;3;3;48;2;0;0;0m`   `[38;2;22;22;22;48;2;2;2;2m`[38;2;70;70;70;48;2;7;7;7m`[38;2;82;82;82;48;2;26;26;26m~[38;2;167;167;167;48;2;71;71;71m~[38;2;45;45;45;48;2;166;166;166m_[38;2;146;146;146;48;2;228;228;228m_[38;2;251;251;251;48;2;249;249;249m:[48;2;251;251;251m [38;2;252;252;252m:[48;2;252;252;252m                      [48;2;251;251;251m:[48;2;250;250;250m [38;2;254;254;254;48;2;245;245;245m:[38;2;183;183;183;48;2;176;176;176m$[38;2;69;69;69;48;2;39;39;39mL[48;2;0;0;0m                             [38;2;0;0;0;48;2;1;1;1m:[38;2;77;77;77;48;2;18;18;18m_[38;2;196;196;196;48;2;52;52;52m_[38;2;239;239;239;48;2;99;99;99m_[38;2;22;22;22;48;2;163;163;163m~[38;2;40;40;40;48;2;189;189;189m~[38;2;65;65;65;48;2;203;203;203m~[38;2;76;76;76;48;2;206;206;206m~[38;2;72;72;72;48;2;205;205;205m~[38;2;54;54;54;48;2;194;194;194m~[38;2;29;29;29;48;2;168;168;168m~[38;2;186;186;186;48;2;94;94;94my[38;2;190;190;190;48;2;56;56;56m_[38;2;87;87;87;48;2;18;18;18m_[38;2;6;6;6;48;2;1;1;1m,[48;2;0;0;0m               [0m
[7m[38;2;252;252;252m [0m[38;2;0;0;0;48;2;252;252;252m         [48;2;251;251;251m [38;2;249;249;249m_[38;2;251;251;251;48;2;234;234;234m`[38;2;86;86;86;48;2;171;171;171m_[38;2;135;135;135;48;2;42;42;42m~[38;2;0;0;0;48;2;3;3;3m:[48;2;0;0;0m            [38;2;1;1;1m`[38;2;17;17;17;48;2;4;4;4m"[38;2;105;105;105;48;2;46;46;46m"[38;2;78;78;78;48;2;157;157;157m_[38;2;201;201;201;48;2;238;238;238m_[38;2;254;254;254;48;2;251;251;251m.[38;2;250;250;250m_[48;2;252;252;252m                     [38;2;252;252;252;48;2;251;251;251m:[48;2;250;250;250m [38;2;254;254;254;48;2;245;245;245m:[38;2;183;183;183;48;2;176;176;176m$[38;2;69;69;69;48;2;39;39;39mL[48;2;0;0;0m                          [38;2;1;1;1m.[38;2;0;0;0;48;2;7;7;7m`[38;2;155;155;155;48;2;50;50;50m_[38;2;71;71;71;48;2;166;166;166m~[38;2;155;155;155;48;2;225;225;225m~[38;2;222;222;222;48;2;246;246;246m~[38;2;247;247;247;48;2;249;249;249m'[38;2;252;252;252m_[38;2;250;250;250;48;2;251;251;251m=[38;2;252;252;252m: .[38;2;253;253;253;48;2;252;252;252m`[38;2;250;250;250;48;2;251;251;251m=[38;2;249;249;249mr[38;2;212;212;212;48;2;243;243;243m`[38;2;163;163;163;48;2;222;222;222m~[38;2;78;78;78;48;2;153;153;153m~[38;2;132;132;132;48;2;45;45;45m_[38;2;30;30;30;48;2;1;1;1m_[48;2;0;0;0m             [0m
[7m[38;2;252;252;252m [0m[38;2;0;0;0;48;2;252;252;252m        [48;2;251;251;251m [38;2;250;250;250mL[38;2;249;249;249;48;2;234;234;234m'[38;2;203;203;203;48;2;150;150;150m~[38;2;49;49;49;48;2;16;16;16m~[48;2;0;0;0m                [38;2;1;1;1m`[38;2;75;75;75;48;2;27;27;27m`[38;2;94;94;94;48;2;143;143;143mL[38;2;230;230;230;48;2;243;243;243m,[38;2;250;250;250;48;2;251;251;251m~,[48;2;252;252;252m                    [38;2;252;252;252;48;2;251;251;251m:[48;2;250;250;250m [38;2;254;254;254;48;2;245;245;245m:[38;2;183;183;183;48;2;176;176;176m$[38;2;69;69;69;48;2;39;39;39mL[48;2;0;0;0m                          [38;2;0;0;0;48;2;12;12;12m`[38;2;38;38;38;48;2;123;123;123m~[38;2;190;190;190;48;2;223;223;223m`[38;2;245;245;245;48;2;249;249;249m`[48;2;251;251;251m  [48;2;252;252;252m         [38;2;252;252;252;48;2;251;251;251m:_[38;2;240;240;240;48;2;250;250;250m`[38;2;161;161;161;48;2;207;207;207m"[38;2;137;137;137;48;2;87;87;87mL[38;2;22;22;22;48;2;4;4;4m_[48;2;0;0;0m            [0m
[7m[38;2;252;252;252m [0m[38;2;0;0;0;48;2;252;252;252m        [38;2;252;252;252;48;2;251;251;251m,[38;2;250;250;250mF[38;2;202;202;202;48;2;216;216;216m4[38;2;105;105;105;48;2;87;87;87m~[38;2;0;0;0;48;2;4;4;4m:[48;2;0;0;0m                 [38;2;1;1;1m`[38;2;74;74;74;48;2;86;86;86m$[38;2;202;202;202;48;2;214;214;214mL[38;2;254;254;254;48;2;251;251;251m:[48;2;250;250;250m [48;2;252;252;252m                    [38;2;252;252;252;48;2;251;251;251m:[48;2;250;250;250m [38;2;254;254;254;48;2;245;245;245m:[38;2;183;183;183;48;2;176;176;176m$[38;2;69;69;69;48;2;39;39;39mL[48;2;0;0;0m                         [38;2;0;0;0;48;2;3;3;3m:[38;2;9;9;9;48;2;58;58;58m`[38;2;206;206;206;48;2;217;217;217mL[38;2;246;246;246;48;2;251;251;251m~ [38;2;252;252;252m:[48;2;252;252;252m            [48;2;251;251;251m~[38;2;253;253;253m:[38;2;148;148;148;48;2;171;171;171m4[38;2;69;69;69;48;2;44;44;44mL[48;2;0;0;0m            [0m
[7m[38;2;252;252;252m [0m[38;2;0;0;0;48;2;252;252;252m        [38;2;252;252;252;48;2;251;251;251m' [38;2;237;237;237;48;2;222;222;222m.[38;2;142;142;142;48;2;112;112;112my[38;2;0;0;0;48;2;6;6;6m`[38;2;1;1;1;48;2;0;0;0m`                [38;2;30;30;30;48;2;9;9;9m_[38;2;66;66;66;48;2;116;116;116mF[38;2;209;209;209;48;2;231;231;231m~[38;2;254;254;254;48;2;251;251;251m' [48;2;252;252;252m                    [38;2;252;252;252;48;2;251;251;251m:[48;2;250;250;250m [38;2;254;254;254;48;2;245;245;245m:[38;2;183;183;183;48;2;176;176;176m$[38;2;69;69;69;48;2;39;39;39mL[48;2;0;0;0m                         [38;2;0;0;0;48;2;2;2;2m:[38;2;17;17;17;48;2;52;52;52m.[38;2;194;194;194;48;2;216;216;216mL[38;2;245;245;245;48;2;250;250;250m,[38;2;250;250;250;48;2;251;251;251mg[38;2;252;252;252m.[48;2;252;252;252m           [48;2;251;251;251m:[38;2;253;253;253m_[48;2;250;250;250m`[38;2;148;148;148;48;2;168;168;168m4[38;2;67;67;67;48;2;40;40;40mF[48;2;0;0;0m            [0m
[7m[38;2;252;252;252m [0m[38;2;0;0;0;48;2;252;252;252m        [38;2;252;252;252;48;2;251;251;251m::[38;2;241;241;241;48;2;249;249;249m`[38;2;184;184;184;48;2;211;211;211m"[38;2;170;170;170;48;2;79;79;79m_[38;2;23;23;23;48;2;7;7;7m,[48;2;0;0;0m              [38;2;1;1;1m_[38;2;54;54;54;48;2;9;9;9m_[38;2;48;48;48;48;2;106;106;106mF[38;2;152;152;152;48;2;212;212;212m~[38;2;254;254;254;48;2;250;250;250m'[38;2;252;252;252;48;2;251;251;251m_[48;2;252;252;252m                     [48;2;251;251;251m:[48;2;250;250;250m [38;2;254;254;254;48;2;245;245;245m:[38;2;183;183;183;48;2;176;176;176m$[38;2;69;69;69;48;2;39;39;39mL[48;2;0;0;0m                          [38;2;0;0;0;48;2;13;13;13m:[38;2;63;63;63;48;2;131;131;131my[38;2;181;181;181;48;2;224;224;224m_[38;2;242;242;242;48;2;248;248;248m,[48;2;250;250;250m [48;2;251;251;251m [48;2;252;252;252m        [38;2;252;252;252;48;2;251;251;251m: [38;2;253;253;253m_[38;2;228;228;228;48;2;249;249;249m_[38;2;128;128;128;48;2;193;193;193m_[38;2;140;140;140;48;2;69;69;69m~[38;2;11;11;11;48;2;2;2;2m~[48;2;0;0;0m            [0m
[7m[38;2;252;252;252m [0m[38;2;0;0;0;48;2;252;252;252m          [48;2;251;251;251m [38;2;244;244;244;48;2;250;250;250m`[38;2;202;202;202;48;2;232;232;232m"[38;2;74;74;74;48;2;168;168;168m~[38;2;183;183;183;48;2;56;56;56m_[38;2;58;58;58;48;2;12;12;12m_[48;2;0;0;0m   [38;2;1;1;1m,   _  [38;2;0;0;0;48;2;1;1;1m`[38;2;70;70;70;48;2;14;14;14m_[38;2;174;174;174;48;2;63;63;63m_[38;2;71;71;71;48;2;172;172;172m~[38;2;201;201;201;48;2;234;234;234m"[38;2;253;253;253;48;2;251;251;251m' [48;2;252;252;252m                      [38;2;252;252;252;48;2;251;251;251m:[48;2;250;250;250m [38;2;254;254;254;48;2;245;245;245m:[38;2;183;183;183;48;2;176;176;176m$[38;2;69;69;69;48;2;39;39;39mL[48;2;0;0;0m                           [38;2;0;0;0;48;2;7;7;7m:[38;2;122;122;122;48;2;53;53;53m~[38;2;49;49;49;48;2;161;161;161m_[38;2;129;129;129;48;2;226;226;226m_[38;2;212;212;212;48;2;246;246;246m_[38;2;246;246;246;48;2;250;250;250m,[38;2;250;250;250;48;2;251;251;251m=[48;2;252;252;252m [38;2;254;254;254m__[48;2;251;251;251m [38;2;250;250;250m* [38;2;229;229;229;48;2;248;248;248m_[38;2;169;169;169;48;2;241;241;241m_[38;2;93;93;93;48;2;202;202;202m_[38;2;55;55;55;48;2;128;128;128my[38;2;93;93;93;48;2;27;27;27m~[38;2;11;11;11;48;2;1;1;1m`[48;2;0;0;0m             [0m
[7m[38;2;252;252;252m [0m[38;2;0;0;0;48;2;252;252;252m           [38;2;252;252;252;48;2;251;251;251m::[38;2;249;249;249m`[38;2;209;209;209;48;2;242;242;242m`[38;2;135;135;135;48;2;216;216;216m~[38;2;67;67;67;48;2;168;168;168m~[38;2;180;180;180;48;2;86;86;86my[38;2;189;189;189;48;2;61;61;61m_[38;2;160;160;160;48;2;39;39;39m_[38;2;148;148;148;48;2;26;26;26m_[38;2;146;146;146;48;2;23;23;23m_[38;2;150;150;150;48;2;28;28;28m_[38;2;163;163;163;48;2;41;41;41m_[38;2;192;192;192;48;2;64;64;64m_[38;2;187;187;187;48;2;90;90;90my[38;2;63;63;63;48;2;173;173;173m~[38;2;133;133;133;48;2;218;218;218m~[38;2;205;205;205;48;2;243;243;243m~[38;2;254;254;254;48;2;252;252;252m`[38;2;253;253;253m~                        [38;2;252;252;252;48;2;251;251;251m:[48;2;250;250;250m [38;2;254;254;254;48;2;245;245;245m:[38;2;183;183;183;48;2;176;176;176m$[38;2;69;69;69;48;2;39;39;39mL[48;2;0;0;0m                             [38;2;0;0;0;48;2;1;1;1m:[38;2;67;67;67;48;2;19;19;19m`[38;2;165;165;165;48;2;48;48;48m~[38;2;214;214;214;48;2;87;87;87m~[38;2;0;0;0;48;2;150;150;150m_[38;2;4;4;4;48;2;176;176;176m_[38;2;11;11;11;48;2;186;186;186m_[38;2;13;13;13;48;2;188;188;188m_[38;2;5;5;5;48;2;180;180;180m_[38;2;0;0;0;48;2;158;158;158m_[38;2;226;226;226;48;2;98;98;98m~[38;2;195;195;195;48;2;62;62;62m~[38;2;119;119;119;48;2;29;29;29m~[38;2;34;34;34;48;2;7;7;7m~[48;2;0;0;0m                [0m
[7m[38;2;252;252;252m [0m[38;2;0;0;0;48;2;252;252;252m               [48;2;251;251;251m [38;2;252;252;252m:[38;2;240;240;240;48;2;250;250;250m`[38;2;220;220;220;48;2;247;247;247m`[38;2;207;207;207;48;2;246;246;246m`[38;2;202;202;202m`[38;2;201;201;201;48;2;245;245;245m`[38;2;202;202;202;48;2;246;246;246m`[38;2;208;208;208m`[38;2;221;221;221;48;2;248;248;248m`[38;2;241;241;241;48;2;250;250;250m`[38;2;252;252;252;48;2;251;251;251m::[48;2;252;252;252m                           [48;2;251;251;251m:[48;2;250;250;250m [38;2;254;254;254;48;2;245;245;245m:[38;2;183;183;183;48;2;176;176;176m$[38;2;69;69;69;48;2;39;39;39mL[48;2;0;0;0m                                  [38;2;2;2;2m`[38;2;6;6;6m`[38;2;8;8;8m`[38;2;3;3;3m`   [38;2;1;1;1m`                 [0m
[7m[38;2;252;252;252m [0m[38;2;0;0;0;48;2;252;252;252m                     [38;2;252;252;252;48;2;251;251;251m:[48;2;252;252;252m                                 [48;2;251;251;251m:[48;2;250;250;250m [38;2;254;254;254;48;2;245;245;245m:[38;2;183;183;183;48;2;176;176;176m$[38;2;69;69;69;48;2;39;39;39mL[48;2;0;0;0m                                                           [0m
[7m[38;2;252;252;252m [0m[38;2;0;0;0;48;2;252;252;252m                                                       [38;2;252;252;252;48;2;251;251;251m:[48;2;250;250;250m [38;2;254;254;254;48;2;245;245;245m:[38;2;183;183;183;48;2;176;176;176m$[38;2;69;69;69;48;2;39;39;39mL[48;2;0;0;0m                                                           [0m
[7m[38;2;252;252;252m [0m[38;2;0;0;0;48;2;252;252;252m                                                       [38;2;252;252;252;48;2;251;251;251m:[48;2;250;250;250m [38;2;254;254;254;48;2;245;245;245m:[38;2;183;183;183;48;2;176;176;176m$[38;2;69;69;69;48;2;39;39;39mL[48;2;0;0;0m                                                           [0m
[7m[38;2;252;252;252m [0m[38;2;0;0;0;48;2;252;252;252m                                                       [38;2;252;252;252;48;2;251;251;251m:[48;2;250;250;250m [38;2;254;254;254;48;2;245;245;245m:[38;2;183;183;183;48;2;176;176;176m$[38;2;69;69;69;48;2;39;39;39mL[48;2;0;0;0m                                                           [0m
[7m[38;2;252;252;252m [0m[38;2;0;0;0;48;2;252;252;252m                                                       [38;2;252;252;252;48;2;251;251;251m:[48;2;250;250;250m [38;2;254;254;254;48;2;245;245;245m:[38;2;183;183;183;48;2;176;176;176m$[38;2;69;69;69;48;2;39;39;39mL[48;2;0;0;0m                                                           [0m
[7m[38;2;252;252;252m [0m[38;2;0;0;0;48;2;252;252;252m                                                       [38;2;252;252;252;48;2;251;251;251m:[48;2;250;250;250m [38;2;254;254;254;48;2;245;245;245m:[38;2;183;183;183;48;2;176;176;176m$[38;2;69;69;69;48;2;39;39;39mL[48;2;0;0;0m                                                           [0m
[7m[38;2;252;252;252m [0m[38;2;0;0;0;48;2;252;252;252m                                                       [38;2;252;252;252;48;2;251;251;251m:[48;2;250;250;250m [38;2;254;254;254;48;2;245;245;245m:[38;2;183;183;183;48;2;176;176;176m$[38;2;69;69;69;48;2;39;39;39mL[48;2;0;0;0m                                                           [0m
[7m[38;2;252;252;252m [0m[38;2;0;0;0;48;2;252;252;252m                                                       [38;2;252;252;252;48;2;251;251;251m:[48;2;250;250;250m [38;2;254;254;254;48;2;245;245;245m:[38;2;183;183;183;48;2;176;176;176m$[38;2;69;69;69;48;2;39;39;39mL[48;2;0;0;0m                                                           [0m
[7m[38;2;252;252;252m [0m[38;2;0;0;0;48;2;252;252;252m                                                       [38;2;252;252;252;48;2;251;251;251m:[48;2;250;250;250m [38;2;254;254;254;48;2;245;245;245m:[38;2;183;183;183;48;2;176;176;176m$[38;2;69;69;69;48;2;39;39;39mL[48;2;0;0;0m                                                           [0m
[7m[38;2;252;252;252m [0m[38;2;0;0;0;48;2;252;252;252m                                                       [38;2;252;252;252;48;2;251;251;251m:[48;2;250;250;250m [38;2;254;254;254;48;2;245;245;245m:[38;2;183;183;183;48;2;176;176;176m$[38;2;69;69;69;48;2;39;39;39mL[48;2;0;0;0m                                                           [0m
[7m[38;2;252;252;252m [0m[38;2;0;0;0;48;2;252;252;252m                                                       [38;2;252;252;252;48;2;251;251;251m:[48;2;250;250;250m [38;2;254;254;254;48;2;245;245;245m:[38;2;183;183;183;48;2;176;176;176m$[38;2;69;69;69;48;2;39;39;39mL[48;2;0;0;0m                                                           [0m
[7m[38;2;252;252;252m [0m[38;2;0;0;0;48;2;252;252;252m                                                       [38;2;252;252;252;48;2;251;251;251m:[48;2;250;250;250m [38;2;254;254;254;48;2;245;245;245m:[38;2;183;183;183;48;2;176;176;176m$[38;2;69;69;69;48;2;39;39;39mL[48;2;0;0;0m                                                           [0m
[7m[38;2;252;252;252m [0m[38;2;0;0;0;48;2;252;252;252m                                                       [38;2;252;252;252;48;2;251;251;251m:[48;2;250;250;250m [38;2;254;254;254;48;2;245;245;245m:[38;2;183;183;183;48;2;176;176;176m$[38;2;69;69;69;48;2;39;39;39mL[48;2;0;0;0m                                                           [0m
[?25h