[?25l[0m[7m[38;2;252;252;252m [0m[38;2;0;0;0;48;2;252;252;252m                                                                                                                       [0m
[7m[38;2;252;252;252m [0m[38;2;0;0;0;48;2;252;252;252m                                                                                                                       [0m
[7m[38;2;252;252;252m [0m[38;2;0;0;0;48;2;252;252;252m                                                                                                                       [0m
[7m[38;2;252;252;252m [0m[38;2;0;0;0;48;2;252;252;252m                                                                                                                       [0m
[7m[38;2;252;252;252m [0m[38;2;0;0;0;48;2;252;252;252m                                                                                                                       [0m
[7m[38;2;252;252;252m [0m[38;2;0;0;0;48;2;252;252;252m                                                                                                                       [0m
[7m[38;2;252;252;252m [0m[38;2;0;0;0;48;2;252;252;252m                                                                                                                       [0m
[7m[38;2;252;252;252m [0m[38;2;0;0;0;48;2;252;252;252m                                                                                                                       [0m
[7m[38;2;252;252;252m [0m[38;2;0;0;0;48;2;252;252;252m                                                                                                                       [0m
[7m[38;2;252;252;252m [0m[38;2;0;0;0;48;2;252;252;252m                                                                                                                       [0m
[7m[38;2;252;252;252m [0m[38;2;0;0;0;48;2;252;252;252m                                                                                                                       [0m
[7m[38;2;252;252;252m [0m[38;2;0;0;0;48;2;252;252;252m                                                                                                                       [0m
[7m[38;2;252;252;252m [0m[38;2;0;0;0;48;2;252;252;252m                                                                                                                       [0m
[7m[38;2;252;252;252m [0m[38;2;0;0;0;48;2;252;252;252m                                                                                                                       [0m
[7m[38;2;252;252;252m [0m[38;2;0;0;0;48;2;252;252;252m                                                                                                                       [0m
[7m[38;2;252;252;252m [0m[38;2;0;0;0;48;2;252;252;252m                                                                                                                       [0m
[7m[38;2;252;252;252m [0m[38;2;0;0;0;48;2;252;252;252m                                                                                                                       [0m
[7m[38;2;252;252;252m [0m[38;2;0;0;0;48;2;252;252;252m                                                                                                                       [0m
[7m[38;2;252;252;252m [0m[38;2;0;0;0;48;2;252;252;252m                                                                                                                       [0m
[7m[38;2;252;252;252m [0m[38;2;0;0;0;48;2;252;252;252m                                                                                                                       [0m
[7m[38;2;252;252;252m [0m[38;2;0;0;0;48;2;252;252;252m                                                       [38;2;252;252;252;48;2;251;251;251m:[48;2;252;252;252m [38;2;250;250;250;48;2;251;251;251m*=*[38;2;253;253;253;48;2;252;252;252m.[38;2;243;243;243;48;2;251;251;251m_[38;2;250;250;250m,[38;2;253;253;253;48;2;252;252;252m_                                                       [0m
[7m[38;2;252;252;252m [0m[38;2;0;0;0;48;2;252;252;252m                                                     [38;2;252;252;252;48;2;251;251;251m:[38;2;250;250;250m.[38;2;254;254;254;48;2;245;245;245m:[38;2;106;106;106;48;2;212;212;212m_[38;2;61;61;61;48;2;155;155;155my[38;2;223;223;223;48;2;90;90;90m~[38;2;225;225;225;48;2;96;96;96m~[38;2;221;221;221;48;2;82;82;82m~[38;2;209;209;209;48;2;67;67;67m~[38;2;75;75;75;48;2;148;148;148mg[38;2;199;199;199;48;2;228;228;228mL[38;2;252;252;252;48;2;249;249;249m`[48;2;251;251;251m :[48;2;252;252;252m                                                    [0m
[7m[38;2;252;252;252m [0m[38;2;0;0;0;48;2;252;252;252m                                                    [38;2;252;252;252;48;2;251;251;251m:[48;2;250;250;250m [38;2;253;253;253;48;2;233;233;233m'[38;2;89;89;89;48;2;143;143;143my[38;2;71;71;71;48;2;30;30;30m"[38;2;7;7;7;48;2;3;3;3m'[38;2;1;1;1;48;2;0;0;0mFT[38;2;3;3;3;48;2;1;1;1mT[48;2;0;0;0m [38;2;70;70;70;48;2;49;49;49m4[38;2;197;197;197;48;2;208;208;208mL[38;2;246;246;246;48;2;249;249;249mL[38;2;247;247;247;48;2;251;251;251m_[38;2;245;245;245m_[38;2;244;244;244m_[38;2;250;250;250m,[38;2;252;252;252m.[48;2;252;252;252m                                [38;2;253;253;253m^                [0m
[7m[38;2;252;252;252m [0m[38;2;0;0;0;48;2;252;252;252m                                                   [38;2;252;252;252;48;2;251;251;251m:[38;2;251;251;251;48;2;250;250;250m~[38;2;254;254;254;48;2;242;242;242m:[38;2;133;133;133;48;2;175;175;175m=[38;2;60;60;60;48;2;37;37;37mL[38;2;0;0;0;48;2;2;2;2m`[48;2;0;0;0m    [48;2;14;14;14m:[38;2;55;55;55;48;2;94;94;94m~[38;2;161;161;161;48;2;191;191;191my[38;2;154;154;154;48;2;199;199;199my[38;2;230;230;230;48;2;170;170;170m~[38;2;226;226;226;48;2;168;168;168m~[38;2;179;179;179;48;2;202;202;202mg[38;2;225;225;225;48;2;236;236;236m_[38;2;251;251;251;48;2;250;250;250m:[48;2;252;252;252m                                                 [0m
[7m[38;2;252;252;252m [0m[38;2;0;0;0;48;2;252;252;252m                                                 [48;2;251;251;251m [38;2;252;252;252m`[38;2;251;251;251;48;2;241;241;241m`[38;2;106;106;106;48;2;203;203;203m_[38;2;49;49;49;48;2;143;143;143my[38;2;136;136;136;48;2;47;47;47m~[38;2;34;34;34;48;2;8;8;8m~[48;2;0;0;0m    [38;2;1;1;1m~[38;2;0;0;0;48;2;7;7;7m:[38;2;83;83;83;48;2;39;39;39m~[38;2;38;38;38;48;2;101;101;101m_[38;2;91;91;91;48;2;125;125;125m_[38;2;133;133;133;48;2;131;131;131m`[38;2;132;132;132;48;2;134;134;134m:[38;2;161;161;161;48;2;150;150;150m"[38;2;199;199;199;48;2;211;211;211mL[38;2;243;243;243;48;2;247;247;247mW[38;2;252;252;252;48;2;251;251;251m`:[48;2;252;252;252m                                               [0m
[7m[38;2;252;252;252m [0m[38;2;0;0;0;48;2;252;252;252m                                                [38;2;252;252;252;48;2;251;251;251m: [38;2;254;254;254;48;2;239;239;239m:[38;2;92;92;92;48;2;151;151;151my[38;2;54;54;54;48;2;23;23;23m~[38;2;1;1;1;48;2;0;0;0m=[38;2;2;2;2m`        [38;2;0;0;0;48;2;2;2;2m:[38;2;56;56;56;48;2;21;21;21m~[38;2;20;20;20;48;2;83;83;83m_[38;2;112;112;112;48;2;129;129;129m_[38;2;187;187;187;48;2;170;170;170my[38;2;218;218;218;48;2;233;233;233m"[38;2;246;246;246;48;2;250;250;250m~ [38;2;252;252;252;48;2;251;251;251m.[48;2;252;252;252m                                               [0m
[7m[38;2;252;252;252m [0m[38;2;0;0;0;48;2;252;252;252m                                                [38;2;252;252;252;48;2;251;251;251m:[38;2;250;250;250my[38;2;254;254;254;48;2;236;236;236m:[38;2;173;173;173;48;2;107;107;107m_[38;2;39;39;39;48;2;17;17;17m,[38;2;1;1;1;48;2;0;0;0mx           [38;2;0;0;0;48;2;9;9;9m:[38;2;92;92;92;48;2;69;69;69m"[38;2;148;148;148;48;2;168;168;168mL[38;2;214;214;214;48;2;227;227;227mL[38;2;245;245;245;48;2;248;248;248m,[48;2;250;250;250m [38;2;252;252;252;48;2;251;251;251m:[48;2;252;252;252m                                               [0m
[7m[38;2;252;252;252m [0m[38;2;0;0;0;48;2;252;252;252m                                                [38;2;252;252;252;48;2;251;251;251m: [38;2;253;253;253;48;2;249;249;249m'[38;2;201;201;201;48;2;233;233;233m"[38;2;80;80;80;48;2;163;163;163m~[38;2;151;151;151;48;2;53;53;53m_[38;2;39;39;39;48;2;11;11;11m,[38;2;6;6;6;48;2;1;1;1m,[48;2;0;0;0m        [38;2;0;0;0;48;2;7;7;7m:[38;2;91;91;91;48;2;38;38;38m_[38;2;74;74;74;48;2;116;116;116m~[38;2;198;198;198;48;2;166;166;166m_[38;2;210;210;210;48;2;228;228;228m~[38;2;249;249;249;48;2;247;247;247m`[48;2;250;250;250m [38;2;252;252;252;48;2;251;251;251m:[48;2;252;252;252m                                               [0m
[7m[38;2;252;252;252m [0m[38;2;0;0;0;48;2;252;252;252m                                                   [38;2;252;252;252;48;2;251;251;251m:[38;2;254;254;254m'[38;2;192;192;192;48;2;239;239;239m`[38;2;99;99;99;48;2;191;191;191m~[38;2;172;172;172;48;2;89;89;89my[38;2;177;177;177;48;2;40;40;40m_[38;2;93;93;93;48;2;15;15;15m_[38;2;80;80;80;48;2;11;11;11m_[38;2;89;89;89;48;2;12;12;12m_[38;2;106;106;106;48;2;15;15;15m_[38;2;127;127;127;48;2;23;23;23m_[38;2;151;151;151;48;2;43;43;43m_[38;2;143;143;143;48;2;73;73;73my[38;2;175;175;175;48;2;117;117;117my[38;2;118;118;118;48;2;176;176;176m~[38;2;163;163;163;48;2;211;211;211m~[38;2;212;212;212;48;2;238;238;238m~[38;2;245;245;245;48;2;250;250;250m~[38;2;250;250;250;48;2;251;251;251m~~[38;2;252;252;252m:[48;2;252;252;252m                                               [0m
[7m[38;2;252;252;252m [0m[38;2;0;0;0;48;2;252;252;252m                                                     [38;2;252;252;252;48;2;251;251;251m. [38;2;248;248;248;48;2;250;250;250m`[38;2;213;213;213;48;2;241;241;241m`[38;2;149;149;149;48;2;226;226;226m~[38;2;131;131;131;48;2;221;221;221m~[38;2;134;134;134;48;2;215;215;215m~[38;2;148;148;148;48;2;217;217;217m~[38;2;167;167;167;48;2;223;223;223m~[38;2;187;187;187;48;2;229;229;229m~[38;2;207;207;207;48;2;239;239;239m~[38;2;223;223;223;48;2;244;244;244m~[38;2;240;240;240;48;2;247;247;247m"[38;2;248;248;248;48;2;250;250;250m~[38;2;252;252;252;48;2;251;251;251m:[48;2;252;252;252m                                                   [0m
[7m[38;2;252;252;252m [0m[38;2;0;0;0;48;2;252;252;252m                                                        [38;2;252;252;252;48;2;251;251;251m: :..[48;2;252;252;252m                                                          [0m
[7m[38;2;252;252;252m [0m[38;2;0;0;0;48;2;252;252;252m                                                                                                                       [0m
[7m[38;2;252;252;252m [0m[38;2;0;0;0;48;2;252;252;252m                                                                                                                       [0m
[7m[38;2;252;252;252m [0m[38;2;0;0;0;48;2;252;252;252m                                                                                                                       [0m
[7m[38;2;252;252;252m [0m[38;2;0;0;0;48;2;252;252;252m                                                                                                                       [0m
[7m[38;2;252;252;252m [0m[38;2;0;0;0;48;2;252;252;252m                       [38;2;252;252;252;48;2;251;251;251m:[48;2;252;252;252m                                                                                               [0m
[?25h