[?25l[0m[7m[38;2;0;0;0m [0m[38;2;0;0;0;48;2;0;0;0m                                                                                                                       [0m
[7m[38;2;0;0;0m [0m[38;2;0;0;0;48;2;0;0;0m                                                                                                                       [0m
[7m[38;2;0;0;0m [0m[38;2;0;0;0;48;2;0;0;0m                                                                                                                       [0m
[7m[38;2;0;0;0m [0m[38;2;0;0;0;48;2;0;0;0m                                                                                                                       [0m
[7m[38;2;0;0;0m [0m[38;2;0;0;0;48;2;0;0;0m                                                                                                                       [0m
[7m[38;2;0;0;0m [0m[38;2;0;0;0;48;2;0;0;0m                                                                                                                       [0m
[7m[38;2;0;0;0m [0m[38;2;0;0;0;48;2;0;0;0m                                                                                                                       [0m
[7m[38;2;0;0;0m [0m[38;2;0;0;0;48;2;0;0;0m                                                                                                                       [0m
[7m[38;2;0;0;0m [0m[38;2;0;0;0;48;2;0;0;0m                                                                                                                       [0m
[7m[38;2;0;0;0m [0m[38;2;0;0;0;48;2;0;0;0m                                                                                                                       [0m
[7m[38;2;0;0;0m [0m[38;2;0;0;0;48;2;0;0;0m                                                                                                                       [0m
[7m[38;2;0;0;0m [0m[38;2;0;0;0;48;2;0;0;0m                                                                                                                       [0m
[7m[38;2;0;0;0m [0m[38;2;0;0;0;48;2;0;0;0m                                                                                                                       [0m
[7m[38;2;0;0;0m [0m[38;2;0;0;0;48;2;0;0;0m                                                                                                                       [0m
[7m[38;2;0;0;0m [0m[38;2;0;0;0;48;2;0;0;0m                                                                                                                       [0m
[7m[38;2;0;0;0m [0m[38;2;0;0;0;48;2;0;0;0m                                                                                                                       [0m
[7m[38;2;0;0;0m [0m[38;2;0;0;0;48;2;0;0;0m                                                                                                                       [0m
[7m[38;2;0;0;0m [0m[38;2;0;0;0;48;2;0;0;0m                                                                   [48;2;7;7;7m`[38;2;110;110;110;48;2;37;37;37m_[38;2;153;153;153;48;2;63;63;63my[38;2;165;165;165;48;2;70;70;70my[38;2;122;122;122;48;2;39;39;39m_[38;2;28;28;28;48;2;6;6;6m_[48;2;0;0;0m                                              [0m
[7m[38;2;0;0;0m [0m[38;2;0;0;0;48;2;0;0;0m                                             [38;2;1;1;1m=================== * [38;2;43;43;43;48;2;29;29;29m4[38;2;155;155;155;48;2;139;139;139m4[38;2;223;223;223;48;2;231;231;231mL[38;2;252;252;252;48;2;242;242;242m:[38;2;173;173;173;48;2;156;156;156m[[38;2;64;64;64;48;2;38;38;38mF[38;2;3;3;3;48;2;1;1;1m=[38;2;1;1;1;48;2;0;0;0m+===* [38;2;7;7;7;48;2;1;1;1m_[38;2;25;25;25;48;2;3;3;3m_[38;2;42;42;42;48;2;6;6;6m_[38;2;15;15;15;48;2;2;2;2m,[48;2;0;0;0m                                   [0m
[7m[38;2;0;0;0m [0m[38;2;0;0;0;48;2;0;0;0m                                      [48;2;4;4;4m`[38;2;63;63;63;48;2;29;29;29my[38;2;142;142;142;48;2;66;66;66my[38;2;192;192;192;48;2;88;88;88my[38;2;206;206;206;48;2;98;98;98my[38;2;212;212;212;48;2;106;106;106my[38;2;216;216;216;48;2;112;112;112my[38;2;217;217;217;48;2;116;116;116my[38;2;218;218;218;48;2;118;118;118my[48;2;121;121;121my[38;2;219;219;219;48;2;124;124;124my[48;2;125;125;125my[38;2;220;220;220;48;2;127;127;127my[38;2;221;221;221;48;2;129;129;129my[48;2;131;131;131my[38;2;222;222;222;48;2;134;134;134my[38;2;223;223;223;48;2;135;135;135myyy[48;2;136;136;136my[38;2;224;224;224;48;2;138;138;138my[38;2;225;225;225;48;2;141;141;141my[48;2;142;142;142myyy[38;2;226;226;226;48;2;144;144;144my[38;2;227;227;227;48;2;148;148;148my[38;2;228;228;228;48;2;150;150;150my[38;2;229;229;229;48;2;152;152;152my[38;2;94;94;94;48;2;191;191;191m~[38;2;163;163;163;48;2;221;221;221m~[38;2;233;233;233;48;2;247;247;247m~[38;2;254;254;254;48;2;250;250;250m:[38;2;179;179;179;48;2;224;224;224m~[38;2;107;107;107;48;2;194;194;194m~[38;2;227;227;227;48;2;146;146;146my[38;2;223;223;223;48;2;135;135;135my[38;2;220;220;220;48;2;128;128;128my[48;2;126;126;126myy[38;2;223;223;223;48;2;137;137;137my[38;2;83;83;83;48;2;185;185;185m~[38;2;110;110;110;48;2;204;204;204m~[38;2;132;132;132;48;2;218;218;218m~[38;2;146;146;146;48;2;224;224;224m~[38;2;170;170;170;48;2;123;123;123mL[38;2;56;56;56;48;2;30;30;30mL[48;2;0;0;0m                                  [0m
[7m[38;2;0;0;0m [0m[38;2;0;0;0;48;2;0;0;0m                                      [38;2;2;2;2m`[38;2;47;47;47;48;2;6;6;6m`[38;2;115;115;115;48;2;21;21;21m`[38;2;127;127;127;48;2;42;42;42m~[38;2;173;173;173;48;2;70;70;70m~[38;2;37;37;37;48;2;135;135;135my[38;2;68;68;68;48;2;166;166;166my[38;2;95;95;95;48;2;181;181;181my[38;2;62;62;62;48;2;184;184;184m_[38;2;76;76;76;48;2;194;194;194m_[38;2;88;88;88;48;2;203;203;203m_[38;2;92;92;92;48;2;207;207;207m_[38;2;95;95;95;48;2;210;210;210m_[38;2;100;100;100;48;2;214;214;214m_[38;2;106;106;106;48;2;219;219;219m_[38;2;107;107;107;48;2;220;220;220m_[38;2;108;108;108m_[38;2;107;107;107m_[38;2;100;100;100;48;2;214;214;214m_[38;2;91;91;91;48;2;207;207;207m_[48;2;206;206;206m_[38;2;90;90;90m__[48;2;205;205;205m_[38;2;89;89;89m_[38;2;90;90;90m_[48;2;206;206;206m_[48;2;205;205;205m_[48;2;206;206;206m_[38;2;109;109;109;48;2;217;217;217m_[38;2;176;176;176;48;2;234;234;234m_[38;2;239;239;239;48;2;249;249;249m,[38;2;254;254;254;48;2;251;251;251m:[38;2;162;162;162;48;2;235;235;235m_[38;2;102;102;102;48;2;213;213;213m_[38;2;79;79;79;48;2;197;197;197m_[38;2;68;68;68;48;2;188;188;188m___[38;2;67;67;67;48;2;187;187;187m_[38;2;73;73;73;48;2;192;192;192m_[38;2;92;92;92;48;2;207;207;207m_[38;2;116;116;116;48;2;225;225;225m_[38;2;139;139;139;48;2;234;234;234m_[38;2;153;153;153;48;2;235;235;235m_[38;2;81;81;81;48;2;146;146;146m_[38;2;60;60;60;48;2;32;32;32mF[48;2;0;0;0m                                  [0m
[7m[38;2;0;0;0m [0m[38;2;0;0;0;48;2;0;0;0m                                          [38;2;1;1;1m`  ===    [38;2;2;2;2m~~"[38;2;4;4;4m`           [38;2;44;44;44;48;2;31;31;31m4[38;2;160;160;160;48;2;147;147;147m4[38;2;222;222;222;48;2;235;235;235m_[38;2;253;253;253;48;2;241;241;241m:[38;2;157;157;157;48;2;128;128;128mL[38;2;46;46;46;48;2;27;27;27mL[38;2;3;3;3;48;2;1;1;1m=[38;2;1;1;1;48;2;0;0;0m==Y:= [38;2;25;25;25;48;2;6;6;6m`[38;2;61;61;61;48;2;15;15;15m~[38;2;87;87;87;48;2;22;22;22m~[38;2;45;45;45;48;2;9;9;9m~[38;2;3;3;3;48;2;0;0;0m~                                  [0m
[7m[38;2;0;0;0m [0m[38;2;0;0;0;48;2;0;0;0m                                                                   [48;2;6;6;6m:[38;2;91;91;91;48;2;33;33;33m~[38;2;167;167;167;48;2;67;67;67m~[38;2;24;24;24;48;2;106;106;106my[38;2;97;97;97;48;2;32;32;32m~[38;2;19;19;19;48;2;3;3;3m~[48;2;0;0;0m                                              [0m
[7m[38;2;0;0;0m [0m[38;2;0;0;0;48;2;0;0;0m                                                                     [38;2;1;1;1m"~                                                [0m
[7m[38;2;0;0;0m [0m[38;2;0;0;0;48;2;0;0;0m                                                                                                                       [0m
[7m[38;2;0;0;0m [0m[38;2;0;0;0;48;2;0;0;0m                                                                                                                       [0m
[7m[38;2;0;0;0m [0m[38;2;0;0;0;48;2;0;0;0m                                                                                                                       [0m
[7m[38;2;0;0;0m [0m[38;2;0;0;0;48;2;0;0;0m                                                                                                                       [0m
[7m[38;2;0;0;0m [0m[38;2;0;0;0;48;2;0;0;0m                                                                                                                       [0m
[7m[38;2;0;0;0m [0m[38;2;0;0;0;48;2;0;0;0m                                                                                                                       [0m
[7m[38;2;0;0;0m [0m[38;2;0;0;0;48;2;0;0;0m                                                                                                                       [0m
[7m[38;2;0;0;0m [0m[38;2;0;0;0;48;2;0;0;0m                                                                                                                       [0m
[7m[38;2;0;0;0m [0m[38;2;0;0;0;48;2;0;0;0m                                                                                                                       [0m
[7m[38;2;0;0;0m [0m[38;2;0;0;0;48;2;0;0;0m                                                                                                                       [0m
[7m[38;2;0;0;0m [0m[38;2;0;0;0;48;2;0;0;0m                                                                                                                       [0m
[7m[38;2;0;0;0m [0m[38;2;0;0;0;48;2;0;0;0m                                                                                                                       [0m
[?25h