[?25l[0m[7m[38;2;0;0;0m [0m[38;2;0;0;0;48;2;0;0;0m                                                      [48;2;7;7;7m:[38;2;93;93;93;48;2;75;75;75m4[38;2;199;199;199;48;2;213;213;213mF[38;2;253;253;253;48;2;249;249;249m`[48;2;251;251;251m [48;2;252;252;252m                                                            [0m
[7m[38;2;0;0;0m [0m[38;2;0;0;0;48;2;0;0;0m                                                      [38;2;20;20;20;48;2;13;13;13m4[38;2;113;113;113;48;2;95;95;95m4[38;2;220;220;220;48;2;229;229;229mL[38;2;251;251;251;48;2;252;252;252mL[48;2;251;251;251m [48;2;252;252;252m                                                            [0m
[7m[38;2;0;0;0m [0m[38;2;0;0;0;48;2;0;0;0m                                                      [38;2;28;28;28;48;2;20;20;20m4[38;2;128;128;128;48;2;113;113;113m4[38;2;230;230;230;48;2;237;237;237mL[38;2;253;253;253;48;2;251;251;251m`[38;2;252;252;252m:[48;2;252;252;252m                                                            [0m
[7m[38;2;0;0;0m [0m[38;2;0;0;0;48;2;0;0;0m                                                      [38;2;40;40;40;48;2;27;27;27m4[38;2;147;147;147;48;2;131;131;131m4[38;2;234;234;234;48;2;241;241;241mL[48;2;252;252;252m                                                              [0m
[7m[38;2;0;0;0m [0m[38;2;0;0;0;48;2;0;0;0m                                                      [38;2;41;41;41;48;2;28;28;28m4[38;2;148;148;148;48;2;135;135;135m4[38;2;236;236;236;48;2;242;242;242mL[48;2;251;251;251m [48;2;252;252;252m                                 [38;2;252;252;252;48;2;251;251;251m: [48;2;252;252;252m     [48;2;251;251;251m:  :[48;2;252;252;252m          [48;2;251;251;251m:::    [0m
[7m[38;2;0;0;0m [0m[38;2;0;0;0;48;2;0;0;0m                                                      [38;2;47;47;47;48;2;32;32;32m4[38;2;161;161;161;48;2;147;147;147m4[38;2;238;238;238;48;2;244;244;244mL[38;2;250;250;250;48;2;251;251;251m.[38;2;252;252;252m:[48;2;252;252;252m                            [48;2;251;251;251m ~~~   ~~~. ,           ~ `     [0m
[7m[38;2;0;0;0m [0m[38;2;0;0;0;48;2;0;0;0m                                                      [38;2;50;50;50;48;2;34;34;34m4[38;2;166;166;166;48;2;154;154;154m4[38;2;238;238;238;48;2;244;244;244mL[48;2;250;250;250m [38;2;252;252;252;48;2;251;251;251m:[48;2;252;252;252m                          [48;2;251;251;251m ~           "'                   [0m
[7m[38;2;0;0;0m [0m[38;2;0;0;0;48;2;0;0;0m                                                      [38;2;54;54;54;48;2;37;37;37m4[38;2;153;153;153;48;2;165;165;165ml[38;2;239;239;239;48;2;245;245;245mL[48;2;251;251;251m [48;2;252;252;252m                           [38;2;252;252;252;48;2;251;251;251m|                                 [0m
[7m[38;2;0;0;0m [0m[38;2;0;0;0;48;2;0;0;0m                                                      [38;2;57;57;57;48;2;39;39;39m4[38;2;178;178;178;48;2;166;166;166m4[38;2;240;240;240;48;2;246;246;246mL[48;2;251;251;251m [48;2;252;252;252m                           [38;2;252;252;252;48;2;251;251;251m|                                 [0m
[7m[38;2;0;0;0m [0m[38;2;0;0;0;48;2;0;0;0m                                                      [38;2;60;60;60;48;2;40;40;40m4[38;2;170;170;170;48;2;176;176;176m$[38;2;241;241;241;48;2;246;246;246mL[48;2;251;251;251m [48;2;252;252;252m                           [38;2;252;252;252;48;2;251;251;251m.                                 [0m
[7m[38;2;0;0;0m [0m[38;2;0;0;0;48;2;0;0;0m                                                      [38;2;57;57;57;48;2;39;39;39m4[38;2;163;163;163;48;2;172;172;172m$[38;2;240;240;240;48;2;246;246;246mL[48;2;251;251;251m [48;2;252;252;252m                                                             [0m
[7m[38;2;0;0;0m [0m[38;2;0;0;0;48;2;0;0;0m                                                      [38;2;56;56;56;48;2;38;38;38m4[38;2;161;161;161;48;2;169;169;169m$[38;2;240;240;240;48;2;245;245;245mL[48;2;251;251;251m [48;2;252;252;252m                                                             [0m
[7m[38;2;0;0;0m [0m[38;2;0;0;0;48;2;0;0;0m                                                      [38;2;56;56;56;48;2;38;38;38m4[38;2;162;162;162;48;2;170;170;170m$[38;2;240;240;240;48;2;245;245;245mL[48;2;251;251;251m [38;2;252;252;252m:[48;2;252;252;252m                                                            [0m
[7m[38;2;0;0;0m [0m[38;2;0;0;0;48;2;0;0;0m                                                      [38;2;57;57;57;48;2;39;39;39m4[38;2;165;165;165;48;2;172;172;172m$[38;2;240;240;240;48;2;245;245;245mL[48;2;250;250;250m [38;2;252;252;252;48;2;251;251;251m:[48;2;252;252;252m                                                            [0m
[7m[38;2;0;0;0m [0m[38;2;0;0;0;48;2;0;0;0m                                                      [38;2;54;54;54;48;2;37;37;37m4[38;2;158;158;158;48;2;168;168;168m$[38;2;239;239;239;48;2;245;245;245mL[48;2;250;250;250m [38;2;252;252;252;48;2;251;251;251m:[48;2;252;252;252m                                                          [38;2;253;253;253m,[38;2;250;250;250;48;2;251;251;251m_[0m
[7m[38;2;0;0;0m [0m[38;2;0;0;0;48;2;0;0;0m                                                      [38;2;50;50;50;48;2;34;34;34m4[38;2;149;149;149;48;2;161;161;161m$[38;2;238;238;238;48;2;244;244;244mL[38;2;250;250;250;48;2;251;251;251m.[38;2;252;252;252m:[48;2;252;252;252m                                                         [48;2;251;251;251m:[38;2;253;253;253;48;2;252;252;252m:[38;2;237;237;237;48;2;244;244;244m_[0m
[7m[38;2;0;0;0m [0m[38;2;0;0;0;48;2;0;0;0m                                                      [38;2;50;50;50;48;2;34;34;34m4[38;2;165;165;165;48;2;151;151;151m4[38;2;238;238;238;48;2;244;244;244mL[48;2;250;250;250m [38;2;252;252;252;48;2;251;251;251m:[48;2;252;252;252m                                                         [48;2;251;251;251m`[48;2;252;252;252m [38;2;224;224;224;48;2;229;229;229my[0m
[7m[38;2;0;0;0m [0m[38;2;0;0;0;48;2;0;0;0m                                                      [38;2;46;46;46;48;2;30;30;30m4[38;2;159;159;159;48;2;141;141;141m4[38;2;237;237;237;48;2;243;243;243mL[48;2;250;250;250m [38;2;252;252;252;48;2;251;251;251m:[48;2;252;252;252m                                                         [38;2;251;251;251;48;2;250;250;250mL[48;2;252;252;252m [38;2;211;211;211;48;2;219;219;219m4[0m
[7m[38;2;0;0;0m [0m[38;2;0;0;0;48;2;0;0;0m                                                      [38;2;37;37;37;48;2;25;25;25m4[38;2;143;143;143;48;2;127;127;127m4[38;2;235;235;235;48;2;243;243;243mL[48;2;251;251;251m [38;2;252;252;252m:[48;2;252;252;252m                                                         [38;2;251;251;251;48;2;250;250;250m|[48;2;252;252;252m [38;2;197;197;197;48;2;208;208;208m4[0m
[7m[38;2;0;0;0m [0m[38;2;0;0;0;48;2;0;0;0m                                                     [38;2;1;1;1m:[38;2;29;29;29;48;2;20;20;20m4[38;2;131;131;131;48;2;115;115;115m4[38;2;234;234;234;48;2;242;242;242mL[48;2;251;251;251m [48;2;252;252;252m                                                          [48;2;250;250;250m [48;2;251;251;251m [38;2;180;180;180;48;2;196;196;196m4[0m
[7m[38;2;0;0;0m [0m[38;2;0;0;0;48;2;0;0;0m                                                     [48;2;1;1;1m [38;2;27;27;27;48;2;18;18;18m4[38;2;128;128;128;48;2;110;110;110m4[38;2;233;233;233;48;2;241;241;241mL[48;2;251;251;251m [38;2;252;252;252m:[48;2;252;252;252m                                                         [38;2;251;251;251;48;2;250;250;250m|[48;2;252;252;252m [38;2;171;171;171;48;2;188;188;188m4[0m
[7m[38;2;0;0;0m [0m[38;2;0;0;0;48;2;0;0;0m                                                     [48;2;1;1;1m [38;2;24;24;24;48;2;16;16;16m4[38;2;121;121;121;48;2;104;104;104m4[38;2;227;227;227;48;2;236;236;236mL[48;2;249;249;249m [38;2;252;252;252;48;2;251;251;251m:[48;2;252;252;252m                                                         [38;2;251;251;251;48;2;250;250;250m|[48;2;252;252;252m [38;2;166;166;166;48;2;183;183;183m4[0m
[7m[38;2;0;0;0m [0m[38;2;0;0;0;48;2;0;0;0m                                                     [38;2;1;1;1m~[38;2;22;22;22;48;2;14;14;14m4[38;2;119;119;119;48;2;99;99;99m4[38;2;223;223;223;48;2;234;234;234mL[38;2;250;250;250;48;2;251;251;251mF [48;2;252;252;252m                                                         [38;2;251;251;251;48;2;250;250;250m|[48;2;252;252;252m [38;2;165;165;165;48;2;183;183;183m4[0m
[7m[38;2;0;0;0m [0m[38;2;0;0;0;48;2;0;0;0m                                                      [48;2;8;8;8m:[38;2;99;99;99;48;2;80;80;80m4[38;2;209;209;209;48;2;221;221;221mL[38;2;249;249;249;48;2;251;251;251mL [48;2;252;252;252m                                                         [38;2;251;251;251;48;2;250;250;250m|[48;2;252;252;252m [38;2;165;165;165;48;2;183;183;183m4[0m
[7m[38;2;0;0;0m [0m[38;2;0;0;0;48;2;0;0;0m                                                      [48;2;3;3;3m:[38;2;83;83;83;48;2;63;63;63m4[38;2;195;195;195;48;2;208;208;208mL[38;2;246;246;246;48;2;249;249;249mL[48;2;251;251;251m [38;2;252;252;252m:[48;2;252;252;252m                                                        [38;2;251;251;251;48;2;250;250;250m|[48;2;252;252;252m [38;2;165;165;165;48;2;183;183;183m4[0m
[7m[38;2;0;0;0m [0m[38;2;0;0;0;48;2;0;0;0m                                                      [48;2;1;1;1m:[38;2;75;75;75;48;2;53;53;53m4[38;2;186;186;186;48;2;201;201;201mL[38;2;245;245;245;48;2;248;248;248mL[48;2;250;250;250m [38;2;252;252;252;48;2;251;251;251m:[48;2;252;252;252m                                                        [38;2;251;251;251;48;2;250;250;250m|[48;2;252;252;252m [38;2;165;165;165;48;2;183;183;183m4[0m
[7m[38;2;0;0;0m [0m[38;2;0;0;0;48;2;0;0;0m                                                       [38;2;71;71;71;48;2;49;49;49m4[38;2;182;182;182;48;2;196;196;196mL[38;2;244;244;244;48;2;247;247;247mL[48;2;250;250;250m [38;2;252;252;252;48;2;251;251;251m:[48;2;252;252;252m                                                        [38;2;251;251;251;48;2;250;250;250m|[48;2;252;252;252m [38;2;165;165;165;48;2;183;183;183m4[0m
[7m[38;2;0;0;0m [0m[38;2;0;0;0;48;2;0;0;0m                                                       [38;2;71;71;71;48;2;49;49;49m4[38;2;182;182;182;48;2;196;196;196mL[38;2;244;244;244;48;2;247;247;247mL[48;2;250;250;250m [38;2;252;252;252;48;2;251;251;251m:[48;2;252;252;252m                                                        [38;2;251;251;251;48;2;250;250;250m|[48;2;252;252;252m [38;2;165;165;165;48;2;183;183;183m4[0m
[7m[38;2;0;0;0m [0m[38;2;0;0;0;48;2;0;0;0m                                                       [38;2;70;70;70;48;2;48;48;48m4[38;2;179;179;179;48;2;194;194;194mL[38;2;244;244;244;48;2;247;247;247mL[48;2;250;250;250m [38;2;252;252;252;48;2;251;251;251m:[48;2;252;252;252m                                                        [38;2;251;251;251;48;2;250;250;250m|[48;2;252;252;252m [38;2;166;166;166;48;2;183;183;183m4[0m
[7m[38;2;0;0;0m [0m[38;2;0;0;0;48;2;0;0;0m                                                       [38;2;55;55;55;48;2;37;37;37m4[38;2;176;176;176;48;2;164;164;164m4[38;2;239;239;239;48;2;245;245;245mL[48;2;250;250;250m [38;2;252;252;252;48;2;251;251;251m:[48;2;252;252;252m                                                        [38;2;251;251;251;48;2;250;250;250m|[48;2;252;252;252m [38;2;177;177;177;48;2;193;193;193m4[0m
[7m[38;2;0;0;0m [0m[38;2;0;0;0;48;2;0;0;0m                                                       [38;2;47;47;47;48;2;32;32;32m4[38;2;142;142;142;48;2;155;155;155m$[38;2;237;237;237;48;2;244;244;244mL[48;2;251;251;251m [38;2;252;252;252m:[48;2;252;252;252m                                                        [38;2;251;251;251;48;2;250;250;250m|[48;2;252;252;252m [38;2;194;194;194;48;2;207;207;207m4[0m
[7m[38;2;0;0;0m [0m[38;2;0;0;0;48;2;0;0;0m                                                       [38;2;35;35;35;48;2;23;23;23m4[38;2;116;116;116;48;2;135;135;135m$[38;2;235;235;235;48;2;242;242;242mL[48;2;251;251;251m [48;2;252;252;252m                                                         [38;2;251;251;251;48;2;250;250;250m.[38;2;253;253;253;48;2;252;252;252m4[38;2;209;209;209;48;2;218;218;218m4[0m
[7m[38;2;0;0;0m [0m[38;2;0;0;0;48;2;0;0;0m                                                       [38;2;26;26;26;48;2;18;18;18m4[38;2;127;127;127;48;2;110;110;110m4[38;2;233;233;233;48;2;241;241;241mL[48;2;251;251;251m [48;2;252;252;252m                                                         [48;2;251;251;251m [48;2;252;252;252m [38;2;220;220;220;48;2;229;229;229m4[0m
[7m[38;2;0;0;0m [0m[38;2;0;0;0;48;2;0;0;0m                                                       [38;2;25;25;25;48;2;15;15;15m4[38;2;125;125;125;48;2;103;103;103m4[38;2;229;229;229;48;2;239;239;239mL[38;2;251;251;251;48;2;252;252;252m/[38;2;252;252;252;48;2;251;251;251m:[48;2;252;252;252m                                                        [48;2;251;251;251m:[38;2;253;253;253;48;2;252;252;252m:[38;2;239;239;239;48;2;244;244;244m"[0m
[7m[38;2;0;0;0m [0m[38;2;0;0;0;48;2;0;0;0m                                                       [48;2;10;10;10m:[38;2;107;107;107;48;2;83;83;83m4[38;2;215;215;215;48;2;228;228;228mL[38;2;254;254;254;48;2;251;251;251m` [48;2;252;252;252m                                                         [38;2;253;253;253m`[38;2;249;249;249;48;2;251;251;251m`[0m
[7m[38;2;0;0;0m [0m[38;2;0;0;0;48;2;0;0;0m                                                       [48;2;2;2;2m:[38;2;80;80;80;48;2;57;57;57m4[38;2;189;189;189;48;2;204;204;204mL[38;2;245;245;245;48;2;249;249;249mL[48;2;251;251;251m [38;2;252;252;252m:[48;2;252;252;252m                                                          [0m
[?25h