[?25l[0m[7m[38;2;252;252;252m [0m[38;2;0;0;0;48;2;252;252;252m             [38;2;253;253;253m`[38;2;252;252;252;48;2;251;251;251m:[38;2;239;239;239;48;2;245;245;245m"[38;2;242;242;242;48;2;231;231;231my[38;2;241;241;241;48;2;221;221;221m_[38;2;232;232;232;48;2;214;214;214m_[38;2;228;228;228;48;2;213;213;213m_[38;2;232;232;232;48;2;220;220;220m_[38;2;233;233;233;48;2;238;238;238mF[38;2;248;248;248;48;2;250;250;250m~[38;2;252;252;252;48;2;251;251;251m.[48;2;252;252;252m                                                                                               [0m
[7m[38;2;252;252;252m [0m[38;2;0;0;0;48;2;252;252;252m               [38;2;252;252;252;48;2;251;251;251m:[38;2;249;249;249m`[38;2;247;247;247;48;2;250;250;250m~[38;2;240;240;240;48;2;248;248;248m~[38;2;235;235;235;48;2;246;246;246m~[38;2;238;238;238;48;2;247;247;247m~[38;2;246;246;246;48;2;250;250;250m~[48;2;251;251;251m [48;2;252;252;252m                                                                                                [0m
[7m[38;2;252;252;252m [0m[38;2;0;0;0;48;2;252;252;252m                                                                                                                       [0m
[7m[38;2;252;252;252m [0m[38;2;0;0;0;48;2;252;252;252m                                                                                                                       [0m
[7m[38;2;252;252;252m [0m[38;2;0;0;0;48;2;252;252;252m                                                                                                                       [0m
[7m[38;2;252;252;252m [0m[38;2;0;0;0;48;2;252;252;252m                                                                                                                       [0m
[7m[38;2;252;252;252m [0m[38;2;0;0;0;48;2;252;252;252m                                                                                                                       [0m
[7m[38;2;252;252;252m [0m[38;2;0;0;0;48;2;252;252;252m                                                                                                                       [0m
[38;2;250;250;250;48;2;251;251;251m_[48;2;252;252;252m                                                                                                                       [0m
[38;2;242;242;242;48;2;245;245;245mL[48;2;251;251;251m [48;2;252;252;252m                                                                                                                      [0m
[38;2;239;239;239;48;2;241;241;241m$[38;2;248;248;248;48;2;249;249;249m+[48;2;252;252;252m                                                                                                                      [0m
[38;2;215;215;215;48;2;229;229;229m_[38;2;239;239;239;48;2;246;246;246m_[48;2;251;251;251m [48;2;252;252;252m                                                                                                                     [0m
[38;2;200;200;200;48;2;204;204;204m@[38;2;224;224;224;48;2;232;232;232mL[38;2;247;247;247;48;2;250;250;250m_[48;2;252;252;252m                                                                                                                     [0m
[38;2;202;202;202;48;2;203;203;203m$[38;2;225;225;225;48;2;227;227;227ml[48;2;246;246;246m [48;2;252;252;252m                                                                                                                     [0m
[38;2;203;203;203;48;2;208;208;208mF[38;2;225;225;225;48;2;230;230;230mF[38;2;246;246;246;48;2;248;248;248mF[48;2;252;252;252m                                                                                                                     [0m
[38;2;213;213;213;48;2;218;218;218m~[38;2;232;232;232;48;2;235;235;235mF[48;2;248;248;248m [38;2;253;253;253;48;2;252;252;252m:                             [38;2;252;252;252;48;2;251;251;251m:[38;2;247;247;247m_[38;2;244;244;244m_[38;2;247;247;247m_[38;2;250;250;250;48;2;252;252;252m_[38;2;252;252;252;48;2;251;251;251m:[48;2;252;252;252m                                                                                 [0m
[38;2;219;219;219;48;2;220;220;220ml[38;2;233;233;233;48;2;235;235;235m$[48;2;247;247;247m [48;2;252;252;252m                             [38;2;253;253;253m,[38;2;252;252;252;48;2;246;246;246m'[38;2;201;201;201;48;2;226;226;226m_[38;2;206;206;206;48;2;221;221;221my[38;2;211;211;211;48;2;226;226;226my[38;2;212;212;212;48;2;233;233;233m_[38;2;228;228;228;48;2;243;243;243m_[38;2;241;241;241;48;2;248;248;248m_[38;2;249;249;249;48;2;251;251;251m,[38;2;252;252;252m:[48;2;252;252;252m                                                                              [0m
[38;2;242;242;242;48;2;227;227;227m_[38;2;235;235;235;48;2;240;240;240mF[38;2;247;247;247;48;2;249;249;249m~[48;2;252;252;252m                           [38;2;252;252;252;48;2;251;251;251m: [48;2;246;246;246m`[38;2;183;183;183;48;2;217;217;217m_[38;2;164;164;164;48;2;180;180;180mg[38;2;158;158;158;48;2;179;179;179m_[38;2;163;163;163;48;2;183;183;183m_[38;2;181;181;181;48;2;194;194;194my[38;2;195;195;195;48;2;209;209;209my[38;2;204;204;204;48;2;224;224;224m_[38;2;225;225;225;48;2;240;240;240m_[38;2;245;245;245;48;2;250;250;250m_[38;2;252;252;252;48;2;251;251;251m:[48;2;252;252;252m                                                                             [0m
[38;2;246;246;246;48;2;251;251;251m`[38;2;249;249;249m`[38;2;252;252;252m:[48;2;252;252;252m                          [48;2;251;251;251m:`[38;2;249;249;249;48;2;248;248;248m:[38;2;179;179;179;48;2;219;219;219m_[38;2;173;173;173;48;2;143;143;143m~[38;2;145;145;145;48;2;136;136;136m~[38;2;134;134;134;48;2;145;145;145m_[38;2;142;142;142;48;2;150;150;150my[38;2;164;164;164;48;2;152;152;152m~[38;2;174;174;174;48;2;160;160;160m~[38;2;193;193;193;48;2;178;178;178m~[38;2;215;215;215;48;2;197;197;197m~[38;2;207;207;207;48;2;226;226;226m_[38;2;232;232;232;48;2;244;244;244m_[38;2;244;244;244;48;2;250;250;250m_[38;2;252;252;252;48;2;251;251;251m:[48;2;252;252;252m                                                                           [0m
[7m[38;2;252;252;252m [0m[38;2;0;0;0;48;2;252;252;252m                           [38;2;252;252;252;48;2;251;251;251m:[48;2;252;252;252m [38;2;251;251;251;48;2;245;245;245m`[38;2;180;180;180;48;2;210;210;210my[38;2;163;163;163;48;2;129;129;129m~[38;2;111;111;111;48;2;113;113;113m'[38;2;122;122;122;48;2;115;115;115m~[38;2;119;119;119;48;2;124;124;124my[38;2;129;129;129;48;2;132;132;132m_[38;2;136;136;136;48;2;138;138;138m_[38;2;145;145;145;48;2;144;144;144m4[38;2;162;162;162;48;2;158;158;158m`[38;2;178;178;178;48;2;175;175;175m4[38;2;202;202;202;48;2;196;196;196m"[38;2;212;212;212;48;2;219;219;219mL[38;2;234;234;234;48;2;239;239;239mL[38;2;249;249;249;48;2;250;250;250m,[38;2;252;252;252;48;2;251;251;251m:[48;2;252;252;252m                                                                          [0m
[7m[38;2;252;252;252m [0m[38;2;0;0;0;48;2;252;252;252m                           [38;2;252;252;252;48;2;251;251;251m: [38;2;242;242;242;48;2;246;246;246m"[38;2;181;181;181;48;2;204;204;204m~[38;2;100;100;100;48;2;115;115;115m'[38;2;96;96;96;48;2;102;102;102my[38;2;107;107;107;48;2;104;104;104m~[38;2;115;115;115;48;2;112;112;112m"[38;2;119;119;119;48;2;123;123;123my[38;2;127;127;127;48;2;130;130;130mL[38;2;138;138;138;48;2;141;141;141mL[38;2;155;155;155;48;2;153;153;153m4[38;2;167;167;167;48;2;171;171;171mL[38;2;189;189;189;48;2;187;187;187m4[38;2;206;206;206;48;2;203;203;203m4[38;2;221;221;221;48;2;227;227;227mL[38;2;243;243;243;48;2;245;245;245mL[38;2;251;251;251;48;2;252;252;252m~                                                                          [0m
[7m[38;2;252;252;252m [0m[38;2;0;0;0;48;2;252;252;252m                            [38;2;252;252;252;48;2;251;251;251m: [38;2;247;247;247;48;2;238;238;238m:[38;2;202;202;202;48;2;165;165;165m_[38;2;92;92;92;48;2;101;101;101m'[38;2;107;107;107;48;2;104;104;104m.[38;2;106;106;106m~[38;2;112;112;112;48;2;114;114;114m$[48;2;125;125;125m [38;2;139;139;139;48;2;137;137;137m4[38;2;148;148;148;48;2;151;151;151mL[38;2;159;159;159;48;2;164;164;164mL[38;2;176;176;176;48;2;181;181;181mL[38;2;196;196;196;48;2;199;199;199m[[38;2;219;219;219;48;2;222;222;222ml[38;2;243;243;243;48;2;245;245;245mL[38;2;253;253;253;48;2;252;252;252m:                                                                          [0m
[7m[38;2;252;252;252m [0m[38;2;0;0;0;48;2;252;252;252m                             [38;2;252;252;252;48;2;251;251;251m:[38;2;249;249;249m`[38;2;215;215;215;48;2;227;227;227m"[38;2;156;156;156;48;2;136;136;136mw[38;2;103;103;103;48;2;106;106;106m:[38;2;110;110;110;48;2;107;107;107my[38;2;112;112;112;48;2;115;115;115m~[38;2;125;125;125;48;2;124;124;124m4[38;2;133;133;133;48;2;136;136;136mL[38;2;144;144;144;48;2;147;147;147mL[38;2;155;155;155;48;2;157;157;157m$[38;2;171;171;171;48;2;174;174;174m$[38;2;194;194;194;48;2;197;197;197mi[38;2;219;219;219;48;2;222;222;222ml[38;2;243;243;243;48;2;245;245;245mL[38;2;253;253;253;48;2;252;252;252m:                                                                          [0m
[7m[38;2;252;252;252m [0m[38;2;0;0;0;48;2;252;252;252m                             [38;2;252;252;252;48;2;251;251;251m: [38;2;251;251;251;48;2;246;246;246m:[38;2;183;183;183;48;2;206;206;206m~[38;2;153;153;153;48;2;130;130;130m_[38;2;130;130;130;48;2;120;120;120m_[38;2;129;129;129;48;2;121;121;121m_[38;2;133;133;133;48;2;127;127;127m_[38;2;140;140;140;48;2;135;135;135m_[38;2;143;143;143;48;2;145;145;145mF[38;2;152;152;152;48;2;154;154;154m$[38;2;167;167;167;48;2;170;170;170m$[38;2;196;196;196;48;2;192;192;192m4[38;2;216;216;216;48;2;220;220;220m[[38;2;243;243;243;48;2;244;244;244mL[38;2;253;253;253;48;2;252;252;252m:                                                                          [0m
[38;2;250;250;250;48;2;251;251;251m,[48;2;252;252;252m                               [48;2;251;251;251m [38;2;249;249;249;48;2;241;241;241m:[38;2;205;205;205;48;2;187;187;187my[38;2;158;158;158;48;2;144;144;144m_[38;2;154;154;154;48;2;143;143;143my[38;2;163;163;163;48;2;147;147;147m_[38;2;168;168;168;48;2;153;153;153m_[38;2;169;169;169;48;2;156;156;156m_[38;2;166;166;166;48;2;158;158;158m_[38;2;164;164;164;48;2;168;168;168mF[38;2;187;187;187;48;2;185;185;185m4[38;2;212;212;212;48;2;206;206;206m"[38;2;229;229;229;48;2;235;235;235mL[38;2;250;250;250;48;2;249;249;249m:[48;2;251;251;251m [48;2;252;252;252m                                                                         [0m
[38;2;243;243;243;48;2;247;247;247m_[38;2;246;246;246;48;2;249;249;249m_[38;2;249;249;249;48;2;251;251;251m_[38;2;252;252;252m:[48;2;252;252;252m                             [38;2;251;251;251;48;2;250;250;250m:[38;2;225;225;225;48;2;234;234;234m"[38;2;208;208;208;48;2;185;185;185m_[38;2;193;193;193;48;2;177;177;177m_[38;2;191;191;191;48;2;180;180;180my[38;2;195;195;195;48;2;185;185;185my[38;2;196;196;196my[38;2;194;194;194;48;2;182;182;182my[38;2;176;176;176;48;2;188;188;188m~[38;2;187;187;187;48;2;195;195;195m~[38;2;203;203;203;48;2;208;208;208mF[38;2;230;230;230;48;2;231;231;231m$[38;2;247;247;247;48;2;248;248;248mL[48;2;251;251;251m [48;2;252;252;252m                                                                         [0m
[38;2;234;234;234;48;2;238;238;238my[38;2;235;235;235;48;2;241;241;241m_[38;2;241;241;241;48;2;246;246;246m_[38;2;248;248;248;48;2;251;251;251m_[38;2;252;252;252m:[48;2;252;252;252m                             [38;2;251;251;251;48;2;248;248;248m:[38;2;219;219;219;48;2;228;228;228m~[48;2;206;206;206m_[48;2;208;208;208m_[38;2;218;218;218;48;2;210;210;210my[38;2;220;220;220m_[38;2;204;204;204;48;2;207;207;207m~[38;2;202;202;202;48;2;204;204;204m~[38;2;207;207;207;48;2;205;205;205m4[38;2;217;217;217;48;2;214;214;214m4[38;2;231;231;231;48;2;228;228;228m4[38;2;238;238;238;48;2;243;243;243m_[38;2;242;242;242;48;2;249;249;249m_[38;2;244;244;244;48;2;250;250;250m_[38;2;252;252;252;48;2;251;251;251m:[48;2;252;252;252m                                                                       [0m
[38;2;220;220;220;48;2;225;225;225my[38;2;222;222;222;48;2;227;227;227my[38;2;228;228;228;48;2;234;234;234m_[38;2;240;240;240;48;2;244;244;244m_[38;2;245;245;245;48;2;248;248;248my[38;2;248;248;248;48;2;249;249;249mw[38;2;252;252;252;48;2;251;251;251m.[48;2;252;252;252m                           [48;2;251;251;251m"[38;2;243;243;243;48;2;248;248;248m"[38;2;226;226;226;48;2;240;240;240m~[38;2;241;241;241;48;2;232;232;232my[38;2;245;245;245;48;2;233;233;233m_[38;2;233;233;233;48;2;226;226;226m_[38;2;209;209;209;48;2;208;208;208mL[38;2;200;200;200;48;2;199;199;199m^[48;2;197;197;197m~[38;2;209;209;209;48;2;205;205;205m~[38;2;210;210;210;48;2;218;218;218my[38;2;212;212;212;48;2;225;225;225m_[38;2;219;219;219;48;2;231;231;231m_[38;2;227;227;227;48;2;237;237;237m_[38;2;237;237;237;48;2;247;247;247m_[38;2;247;247;247;48;2;251;251;251m_[38;2;253;253;253;48;2;252;252;252m.[38;2;252;252;252;48;2;251;251;251m:[48;2;252;252;252m                                                                    [0m
[38;2;215;215;215;48;2;214;214;214m~[38;2;217;217;217;48;2;215;215;215m`[38;2;225;225;225;48;2;223;223;223m4[38;2;234;234;234;48;2;237;237;237mL[38;2;243;243;243;48;2;244;244;244mw[48;2;248;248;248m [48;2;251;251;251m [48;2;252;252;252m                             [38;2;252;252;252;48;2;251;251;251m:[38;2;249;249;249m`[38;2;248;248;248m"[38;2;238;238;238;48;2;241;241;241m4[38;2;226;226;226;48;2;218;218;218m_[38;2;207;207;207;48;2;204;204;204mr[38;2;191;191;191;48;2;195;195;195m_[38;2;197;197;197;48;2;192;192;192m~[38;2;201;201;201;48;2;195;195;195m~[38;2;206;206;206;48;2;200;200;200m~[38;2;213;213;213;48;2;206;206;206m~[38;2;221;221;221;48;2;211;211;211m~[38;2;209;209;209;48;2;220;220;220my[38;2;216;216;216;48;2;228;228;228my[38;2;224;224;224;48;2;235;235;235my[38;2;230;230;230;48;2;239;239;239my[38;2;228;228;228;48;2;241;241;241m_[38;2;237;237;237;48;2;246;246;246m_[38;2;249;249;249;48;2;251;251;251m,[48;2;252;252;252m                                                                 [0m
[38;2;212;212;212;48;2;210;210;210m~[38;2;211;211;211;48;2;213;213;213mL[38;2;222;222;222;48;2;220;220;220m4[38;2;236;236;236;48;2;235;235;235mu[38;2;243;243;243;48;2;248;248;248m~[38;2;251;251;251;48;2;252;252;252m~                                 [38;2;247;247;247;48;2;248;248;248m4[38;2;228;228;228;48;2;232;232;232m4[38;2;210;210;210;48;2;205;205;205mL[38;2;195;195;195;48;2;191;191;191m_[38;2;194;194;194m_[38;2;195;195;195;48;2;199;199;199m~[38;2;198;198;198;48;2;201;201;201m_[38;2;191;191;191;48;2;198;198;198m_[38;2;187;187;187;48;2;193;193;193my[38;2;182;182;182;48;2;189;189;189mg[38;2;187;187;187;48;2;195;195;195my[38;2;197;197;197;48;2;207;207;207m_[38;2;208;208;208;48;2;216;216;216m_[38;2;217;217;217;48;2;222;222;222m_[38;2;228;228;228;48;2;232;232;232mL[38;2;239;239;239;48;2;246;246;246m_[38;2;252;252;252;48;2;251;251;251m:[48;2;252;252;252m                                                                [0m
[7m[38;2;209;209;209m [0m[38;2;211;211;211;48;2;210;210;210m`[38;2;220;220;220;48;2;218;218;218m4[38;2;235;235;235;48;2;238;238;238mF[48;2;251;251;251m [48;2;252;252;252m                                  [38;2;252;252;252;48;2;250;250;250m:[38;2;238;238;238;48;2;240;240;240m4[38;2;222;222;222;48;2;217;217;217mL[38;2;203;203;203;48;2;200;200;200mL[38;2;198;198;198;48;2;196;196;196mw[38;2;190;190;190;48;2;194;194;194my[38;2;177;177;177;48;2;186;186;186my[38;2;173;173;173;48;2;181;181;181my[38;2;171;171;171;48;2;179;179;179m_[38;2;168;168;168;48;2;174;174;174m_[38;2;180;180;180;48;2;175;175;175m~[38;2;175;175;175;48;2;188;188;188m_[38;2;193;193;193;48;2;199;199;199m_[38;2;212;212;212;48;2;205;205;205m~[38;2;218;218;218;48;2;211;211;211m~[38;2;229;229;229;48;2;222;222;222m~[38;2;237;237;237;48;2;242;242;242mL[38;2;253;253;253;48;2;251;251;251m`[48;2;252;252;252m                                                               [0m
[38;2;209;209;209;48;2;209;209;209m [38;2;208;208;208m_[38;2;212;212;212;48;2;215;215;215mL[38;2;234;234;234;48;2;236;236;236m$[38;2;253;253;253;48;2;252;252;252m+[38;2;252;252;252;48;2;251;251;251m:[48;2;252;252;252m                                 [48;2;251;251;251m:[38;2;251;251;251;48;2;248;248;248m:[38;2;227;227;227;48;2;234;234;234m~[38;2;216;216;216;48;2;211;211;211my[38;2;204;204;204;48;2;201;201;201mL[38;2;184;184;184;48;2;188;188;188m4[38;2;174;174;174;48;2;170;170;170m_[38;2;168;168;168;48;2;165;165;165m_[48;2;167;167;167m [38;2;163;163;163;48;2;164;164;164m_[38;2;157;157;157;48;2;160;160;160mg[38;2;168;168;168;48;2;167;167;167m4[38;2;181;181;181;48;2;185;185;185mw[38;2;191;191;191;48;2;194;194;194mw[38;2;201;201;201;48;2;203;203;203m$[38;2;220;220;220;48;2;217;217;217m4[38;2;237;237;237;48;2;240;240;240mF[38;2;252;252;252;48;2;250;250;250m:[48;2;252;252;252m                                                               [0m
[7m[38;2;209;209;209m [0m[38;2;207;207;207;48;2;206;206;206m[[38;2;211;211;211;48;2;208;208;208m4[38;2;233;233;233;48;2;224;224;224m7[38;2;210;210;210;48;2;238;238;238m_[38;2;214;214;214;48;2;239;239;239m_[38;2;219;219;219;48;2;241;241;241m_[38;2;228;228;228;48;2;243;243;243m_[38;2;241;241;241;48;2;247;247;247m_[38;2;249;249;249;48;2;251;251;251m_[48;2;252;252;252m                              [38;2;252;252;252;48;2;251;251;251m.[38;2;243;243;243;48;2;245;245;245m4[38;2;229;229;229;48;2;224;224;224mL[38;2;206;206;206;48;2;204;204;204mF[38;2;193;193;193;48;2;192;192;192m$[38;2;177;177;177;48;2;181;181;181m"[38;2;178;178;178;48;2;174;174;174my[38;2;177;177;177;48;2;171;171;171m_[38;2;165;165;165;48;2;163;163;163mL[38;2;159;159;159;48;2;158;158;158mW[38;2;163;163;163;48;2;165;165;165m.[38;2;177;177;177;48;2;180;180;180mL[38;2;192;192;192;48;2;194;194;194mF[38;2;208;208;208;48;2;205;205;205m4[38;2;224;224;224;48;2;221;221;221m4[38;2;239;239;239;48;2;241;241;241mF[38;2;252;252;252;48;2;250;250;250m.[48;2;252;252;252m                                                               [0m
[38;2;209;209;209;48;2;208;208;208m;[38;2;203;203;203;48;2;205;205;205my[38;2;202;202;202;48;2;198;198;198m~[38;2;199;199;199;48;2;196;196;196m~[38;2;195;195;195;48;2;198;198;198my[38;2;198;198;198;48;2;204;204;204m_[38;2;204;204;204;48;2;210;210;210m_[38;2;223;223;223;48;2;218;218;218m"[38;2;224;224;224;48;2;231;231;231my[38;2;229;229;229;48;2;241;241;241m_[38;2;237;237;237;48;2;248;248;248m_[38;2;245;245;245;48;2;250;250;250m_[38;2;250;250;250;48;2;251;251;251m_[38;2;252;252;252m.[48;2;252;252;252m                           [38;2;253;253;253;48;2;250;250;250m.[38;2;233;233;233;48;2;238;238;238m~[38;2;225;225;225;48;2;217;217;217my[38;2;211;211;211;48;2;204;204;204my[38;2;206;206;206;48;2;194;194;194m_[38;2;200;200;200;48;2;189;189;189m_[38;2;195;195;195;48;2;185;185;185m_[38;2;186;186;186;48;2;174;174;174m_[38;2;177;177;177;48;2;167;167;167m_[38;2;167;167;167;48;2;174;174;174m~[38;2;181;181;181;48;2;184;184;184m~[38;2;194;194;194;48;2;193;193;193m"[38;2;205;205;205;48;2;202;202;202m"[38;2;219;219;219;48;2;217;217;217m4[38;2;234;234;234;48;2;238;238;238mL[38;2;248;248;248;48;2;249;249;249mL[38;2;252;252;252;48;2;251;251;251m:[48;2;252;252;252m                                                              [0m
[38;2;204;204;204;48;2;208;208;208m_[38;2;195;195;195;48;2;201;201;201m_[38;2;186;186;186;48;2;193;193;193m_[38;2;179;179;179;48;2;187;187;187m_[38;2;180;180;180;48;2;185;185;185my[48;2;188;188;188my[38;2;182;182;182;48;2;191;191;191my[38;2;186;186;186;48;2;197;197;197my[38;2;190;190;190;48;2;202;202;202my[38;2;195;195;195;48;2;209;209;209my[38;2;201;201;201;48;2;216;216;216my[38;2;207;207;207;48;2;223;223;223my[38;2;200;200;200;48;2;226;226;226m_[38;2;207;207;207;48;2;230;230;230m_[38;2;220;220;220;48;2;238;238;238m_[38;2;233;233;233;48;2;246;246;246m_[38;2;243;243;243;48;2;250;250;250m_[38;2;249;249;249;48;2;251;251;251m_[38;2;252;252;252m.[48;2;252;252;252m                      [38;2;250;250;250;48;2;251;251;251my[38;2;246;246;246;48;2;244;244;244mF[38;2;231;231;231;48;2;235;235;235m`[38;2;222;222;222;48;2;228;228;228m~[38;2;212;212;212;48;2;220;220;220m~[38;2;206;206;206;48;2;213;213;213m~[38;2;201;201;201;48;2;208;208;208m~[38;2;194;194;194;48;2;204;204;204m~[38;2;204;204;204;48;2;194;194;194my[38;2;206;206;206;48;2;191;191;191m_[38;2;203;203;203;48;2;192;192;192m_[38;2;202;202;202;48;2;194;194;194m_[38;2;205;205;205;48;2;200;200;200m_[38;2;211;211;211;48;2;214;214;214m$[38;2;229;229;229;48;2;233;233;233mL[38;2;247;247;247;48;2;249;249;249mM[38;2;252;252;252;48;2;251;251;251m:[48;2;252;252;252m                                                              [0m
[38;2;188;188;188;48;2;197;197;197m_[38;2;175;175;175;48;2;185;185;185m_[38;2;165;165;165;48;2;174;174;174my[38;2;175;175;175;48;2;162;162;162m~[38;2;153;153;153my[38;2;150;150;150;48;2;161;161;161my[38;2;148;148;148;48;2;160;160;160my[48;2;161;161;161my[38;2;150;150;150;48;2;162;162;162my[48;2;163;163;163my[38;2;180;180;180;48;2;160;160;160m~[38;2;185;185;185;48;2;162;162;162m~[38;2;153;153;153;48;2;172;172;172my[38;2;160;160;160;48;2;179;179;179my[38;2;175;175;175;48;2;193;193;193my[38;2;194;194;194;48;2;209;209;209my[38;2;212;212;212;48;2;225;225;225my[38;2;221;221;221;48;2;236;236;236m_[38;2;240;240;240;48;2;246;246;246m_[38;2;252;252;252;48;2;251;251;251m`[48;2;252;252;252m                [48;2;251;251;251m:[38;2;247;247;247;48;2;250;250;250m_[38;2;235;235;235;48;2;247;247;247m_[38;2;231;231;231;48;2;244;244;244m_[38;2;236;236;236my[38;2;231;231;231;48;2;241;241;241m_[38;2;228;228;228;48;2;236;236;236m_[48;2;233;233;233m_[38;2;233;233;233;48;2;229;229;229m~[38;2;227;227;227;48;2;226;226;226mF[38;2;220;220;220;48;2;222;222;222m~[38;2;214;214;214;48;2;221;221;221m~[38;2;216;216;216m~[38;2;215;215;215m~[38;2;212;212;212;48;2;222;222;222m~[38;2;226;226;226;48;2;217;217;217my[48;2;214;214;214m_[38;2;220;220;220;48;2;212;212;212m_[38;2;217;217;217;48;2;221;221;221m~[38;2;237;237;237;48;2;234;234;234m4[38;2;246;246;246;48;2;248;248;248mL[38;2;252;252;252;48;2;251;251;251m:[48;2;252;252;252m                                                              [0m
[?25h