[?25l[0m[7m[38;2;0;0;0m [0m[38;2;0;0;0;48;2;0;0;0m                                     [38;2;1;1;1m_[38;2;30;30;30;48;2;11;11;11m_[38;2;65;65;65;48;2;114;114;114mF[38;2;210;210;210;48;2;233;233;233m"[38;2;254;254;254;48;2;251;251;251m'[38;2;252;252;252my[48;2;252;252;252m                                           [38;2;250;250;250;48;2;251;251;251m_[38;2;249;249;249m`[38;2;205;205;205;48;2;239;239;239m_[38;2;96;96;96;48;2;133;133;133my[38;2;53;53;53;48;2;18;18;18m~[38;2;1;1;1;48;2;0;0;0m`                           [0m
[7m[38;2;0;0;0m [0m[38;2;0;0;0;48;2;0;0;0m                                     [38;2;1;1;1m~[38;2;63;63;63;48;2;49;49;49my[38;2;148;148;148;48;2;176;176;176mF[38;2;254;254;254;48;2;247;247;247m:[48;2;250;250;250m [38;2;252;252;252;48;2;251;251;251m:[48;2;252;252;252m                                          [48;2;251;251;251m.[38;2;250;250;250m~[38;2;253;253;253;48;2;245;245;245m`[38;2;122;122;122;48;2;157;157;157my[38;2;76;76;76;48;2;34;34;34m~[48;2;0;0;0m                             [0m
[7m[38;2;0;0;0m [0m[38;2;0;0;0;48;2;0;0;0m                                     [48;2;4;4;4m`[38;2;111;111;111;48;2;84;84;84m4[38;2;213;213;213;48;2;228;228;228m^[38;2;254;254;254;48;2;251;251;251m: [48;2;252;252;252m                                          [38;2;252;252;252;48;2;251;251;251m:[38;2;249;249;249;48;2;250;250;250m#[38;2;253;253;253;48;2;249;249;249m`[38;2;147;147;147;48;2;186;186;186my[38;2;101;101;101;48;2;56;56;56m~[38;2;1;1;1;48;2;0;0;0m`                             [0m
[7m[38;2;0;0;0m [0m[38;2;0;0;0;48;2;0;0;0m                                     [38;2;39;39;39;48;2;25;25;25my[38;2;101;101;101;48;2;140;140;140mF[38;2;254;254;254;48;2;246;246;246m:[38;2;252;252;252;48;2;251;251;251m~:[48;2;252;252;252m                                         [48;2;251;251;251m:[38;2;250;250;250my[38;2;253;253;253;48;2;250;250;250m:[38;2;187;187;187;48;2;217;217;217my[38;2;124;124;124;48;2;77;77;77mF[38;2;17;17;17;48;2;3;3;3m~[48;2;0;0;0m                              [0m
[7m[38;2;0;0;0m [0m[38;2;0;0;0;48;2;0;0;0m                                     [38;2;79;79;79;48;2;57;57;57m4[38;2;155;155;155;48;2;191;191;191m~[38;2;254;254;254;48;2;248;248;248m:[38;2;249;249;249;48;2;250;250;250mI[38;2;252;252;252;48;2;251;251;251m:[48;2;252;252;252m                                         [48;2;251;251;251m.y[38;2;253;253;253;48;2;243;243;243m`[38;2;109;109;109;48;2;138;138;138my[38;2;53;53;53;48;2;23;23;23m~[38;2;1;1;1;48;2;0;0;0m"                              [0m
[7m[38;2;0;0;0m [0m[38;2;0;0;0;48;2;0;0;0m                                    [48;2;7;7;7m'[38;2;77;77;77;48;2;101;101;101ml[38;2;216;216;216;48;2;234;234;234m~[38;2;254;254;254;48;2;251;251;251m' [48;2;252;252;252m                                         [38;2;252;252;252;48;2;251;251;251m:[48;2;250;250;250m [38;2;253;253;253;48;2;249;249;249m`[38;2;152;152;152;48;2;189;189;189my[38;2;93;93;93;48;2;53;53;53mF[38;2;1;1;1;48;2;0;0;0m`                               [0m
[7m[38;2;0;0;0m [0m[38;2;0;0;0;48;2;0;0;0m                                    [38;2;35;35;35;48;2;26;26;26my[38;2;101;101;101;48;2;138;138;138m[[38;2;243;243;243;48;2;247;247;247mL[38;2;249;249;249;48;2;251;251;251m_[38;2;252;252;252m:[48;2;252;252;252m                                        [48;2;251;251;251m:[38;2;250;250;250my[38;2;253;253;253m:[38;2;180;180;180;48;2;223;223;223m_[38;2;130;130;130;48;2;83;83;83mF[38;2;20;20;20;48;2;4;4;4m~[48;2;0;0;0m                                [0m
[7m[38;2;0;0;0m [0m[38;2;0;0;0;48;2;0;0;0m                                   [38;2;1;1;1m:[38;2;22;22;22;48;2;56;56;56m[[38;2;148;148;148;48;2;171;171;171mF[38;2;254;254;254;48;2;247;247;247m:[38;2;249;249;249;48;2;250;250;250m$[38;2;252;252;252;48;2;251;251;251m:[48;2;252;252;252m                                        [48;2;251;251;251m:[38;2;251;251;251;48;2;250;250;250my[38;2;253;253;253;48;2;246;246;246m`[38;2;119;119;119;48;2;145;145;145mq[38;2;57;57;57;48;2;28;28;28m~[48;2;0;0;0m                                 [0m
[7m[38;2;0;0;0m [0m[38;2;0;0;0;48;2;0;0;0m                                    [38;2;88;88;88;48;2;62;62;62m4[38;2;183;183;183;48;2;200;200;200mF[38;2;254;254;254;48;2;249;249;249m:[48;2;250;250;250m [38;2;252;252;252;48;2;251;251;251m:[48;2;252;252;252m                                       [48;2;251;251;251m:[38;2;250;250;250my[38;2;253;253;253m:[38;2;198;198;198;48;2;219;219;219my[38;2;118;118;118;48;2;73;73;73mF[38;2;6;6;6;48;2;1;1;1m~[48;2;0;0;0m                                 [0m
[7m[38;2;0;0;0m [0m[38;2;0;0;0;48;2;0;0;0m                                   [48;2;3;3;3m`[38;2;72;72;72;48;2;94;94;94ml[38;2;215;215;215;48;2;228;228;228m~[38;2;254;254;254;48;2;252;252;252m.[48;2;251;251;251m [48;2;252;252;252m                                        [38;2;252;252;252;48;2;251;251;251m:[48;2;250;250;250m [38;2;253;253;253;48;2;248;248;248m.[38;2;134;134;134;48;2;159;159;159my[38;2;63;63;63;48;2;36;36;36mF[48;2;0;0;0m                                  [0m
[7m[38;2;0;0;0m [0m[38;2;0;0;0;48;2;0;0;0m                                  [38;2;1;1;1m,[38;2;20;20;20;48;2;12;12;12my[38;2;93;93;93;48;2;117;117;117ml[38;2;252;252;252;48;2;243;243;243m:[38;2;253;253;253;48;2;252;252;252m"[38;2;252;252;252;48;2;251;251;251m.[48;2;252;252;252m                                        [38;2;250;250;250;48;2;251;251;251m_[38;2;253;253;253m:[38;2;217;217;217;48;2;236;236;236m_[38;2;136;136;136;48;2;96;96;96m[[38;2;20;20;20;48;2;6;6;6m~[48;2;0;0;0m                                  [0m
[7m[38;2;0;0;0m [0m[38;2;0;0;0;48;2;0;0;0m                                  [38;2;1;1;1m:[38;2;15;15;15;48;2;28;28;28ml[38;2;109;109;109;48;2;133;133;133ml[38;2;244;244;244;48;2;247;247;247mL[38;2;251;251;251;48;2;250;250;250m`[48;2;252;252;252m                                        [38;2;252;252;252;48;2;251;251;251m:[38;2;249;249;249;48;2;250;250;250mj[38;2;253;253;253;48;2;249;249;249m`[38;2;174;174;174;48;2;193;193;193my[38;2;93;93;93;48;2;57;57;57mF[48;2;0;0;0m                                   [0m
[7m[38;2;0;0;0m [0m[38;2;0;0;0;48;2;0;0;0m                                  [38;2;1;1;1m:[38;2;35;35;35;48;2;26;26;26m4[38;2;113;113;113;48;2;136;136;136ml[38;2;244;244;244;48;2;247;247;247mL[48;2;250;250;250m [38;2;252;252;252;48;2;251;251;251m:[48;2;252;252;252m                                       [48;2;251;251;251m:[38;2;249;249;249;48;2;250;250;250m~[38;2;253;253;253;48;2;247;247;247m`[38;2;131;131;131;48;2;153;153;153m4[38;2;56;56;56;48;2;34;34;34mF[38;2;1;1;1;48;2;0;0;0m:                                  [0m
[7m[38;2;0;0;0m [0m[38;2;0;0;0;48;2;0;0;0m                                  [38;2;1;1;1m:[38;2;17;17;17;48;2;44;44;44m[[38;2;134;134;134;48;2;152;152;152ml[38;2;254;254;254;48;2;247;247;247m:[38;2;249;249;249;48;2;250;250;250m$[38;2;252;252;252;48;2;251;251;251m:[48;2;252;252;252m                                        [48;2;251;251;251m_[38;2;253;253;253;48;2;246;246;246m`[38;2;142;142;142;48;2;118;118;118ml[38;2;28;28;28;48;2;16;16;16mF[38;2;1;1;1;48;2;0;0;0m`                                  [0m
[7m[38;2;0;0;0m [0m[38;2;0;0;0;48;2;0;0;0m                                  [38;2;1;1;1m:[38;2;34;34;34;48;2;48;48;48mi[38;2;145;145;145;48;2;161;161;161ml[38;2;254;254;254;48;2;247;247;247m:[38;2;249;249;249;48;2;250;250;250m$[38;2;252;252;252;48;2;251;251;251m:[48;2;252;252;252m                                       [48;2;251;251;251m [38;2;254;254;254;48;2;252;252;252m:[38;2;247;247;247;48;2;236;236;236m`[38;2;128;128;128;48;2;95;95;95ml[38;2;8;8;8;48;2;5;5;5m~[48;2;0;0;0m                                   [0m
[7m[38;2;0;0;0m [0m[38;2;0;0;0;48;2;0;0;0m                                  [38;2;1;1;1m:[38;2;34;34;34;48;2;49;49;49mi[38;2;146;146;146;48;2;161;161;161ml[38;2;254;254;254;48;2;247;247;247m:[38;2;249;249;249;48;2;250;250;250m$[38;2;252;252;252;48;2;251;251;251m:[48;2;252;252;252m                                       [38;2;251;251;251;48;2;250;250;250m~[38;2;253;253;253;48;2;251;251;251m`[38;2;216;216;216;48;2;224;224;224my[38;2;115;115;115;48;2;81;81;81ml[38;2;3;3;3;48;2;1;1;1m~[48;2;0;0;0m                                   [0m
[7m[38;2;0;0;0m [0m[38;2;0;0;0;48;2;0;0;0m                                  [38;2;1;1;1m:[38;2;30;30;30;48;2;44;44;44mi[38;2;136;136;136;48;2;155;155;155ml[38;2;254;254;254;48;2;247;247;247m:[38;2;249;249;249;48;2;250;250;250m$[38;2;252;252;252;48;2;251;251;251m:[48;2;252;252;252m                                      [48;2;251;251;251m:[48;2;250;250;250m [38;2;253;253;253m.[38;2;194;194;194;48;2;203;203;203my[38;2;98;98;98;48;2;67;67;67ml[48;2;0;0;0m                                    [0m
[7m[38;2;0;0;0m [0m[38;2;0;0;0;48;2;0;0;0m                                  [38;2;1;1;1m:[38;2;27;27;27;48;2;41;41;41mi[38;2;129;129;129;48;2;150;150;150mi[38;2;254;254;254;48;2;247;247;247m:[38;2;249;249;249;48;2;250;250;250m%[38;2;252;252;252;48;2;251;251;251m:[48;2;252;252;252m                                      [48;2;251;251;251m:[48;2;250;250;250m [38;2;253;253;253;48;2;248;248;248m`[38;2;167;167;167;48;2;182;182;182m4[38;2;80;80;80;48;2;55;55;55ml[48;2;0;0;0m                                    [0m
[7m[38;2;0;0;0m [0m[38;2;0;0;0;48;2;0;0;0m                                  [38;2;1;1;1m:[38;2;39;39;39;48;2;27;27;27m4[38;2;113;113;113;48;2;137;137;137mi[38;2;244;244;244;48;2;247;247;247mL[38;2;251;251;251;48;2;250;250;250m.[48;2;252;252;252m                                       [38;2;252;252;252;48;2;251;251;251m:[48;2;250;250;250m [38;2;253;253;253;48;2;247;247;247m`[38;2;173;173;173;48;2;162;162;162ml[38;2;68;68;68;48;2;46;46;46ml[38;2;1;1;1;48;2;0;0;0m:                                   [0m
[7m[38;2;0;0;0m [0m[38;2;0;0;0;48;2;0;0;0m                                   [38;2;16;16;16;48;2;24;24;24m$[38;2;102;102;102;48;2;127;127;127ml[38;2;244;244;244;48;2;247;247;247mL[48;2;251;251;251m [48;2;252;252;252m                                       [38;2;252;252;252;48;2;251;251;251m:[48;2;250;250;250m [38;2;253;253;253;48;2;247;247;247m`[38;2;156;156;156;48;2;143;143;143ml[38;2;53;53;53;48;2;32;32;32mF[38;2;1;1;1;48;2;0;0;0m:                                   [0m
[7m[38;2;0;0;0m [0m[38;2;0;0;0;48;2;0;0;0m                                   [38;2;6;6;6;48;2;14;14;14m:[38;2;89;89;89;48;2;117;117;117mi[38;2;254;254;254;48;2;243;243;243m`[38;2;253;253;253;48;2;252;252;252mg                                        [48;2;250;250;250m [48;2;246;246;246m`[38;2;148;148;148;48;2;129;129;129ml[38;2;37;37;37;48;2;26;26;26ml[38;2;1;1;1;48;2;0;0;0m:                                   [0m
[7m[38;2;0;0;0m [0m[38;2;0;0;0;48;2;0;0;0m                                   [38;2;1;1;1;48;2;3;3;3m:[38;2;69;69;69;48;2;95;95;95mi[38;2;220;220;220;48;2;230;230;230mL[38;2;254;254;254;48;2;252;252;252m:[48;2;251;251;251m [48;2;252;252;252m                                      [38;2;252;252;252;48;2;251;251;251m:[38;2;249;249;249;48;2;250;250;250m1[38;2;253;253;253;48;2;246;246;246m`[38;2;148;148;148;48;2;129;129;129ml[38;2;37;37;37;48;2;26;26;26ml[38;2;1;1;1;48;2;0;0;0m:                                   [0m
[7m[38;2;0;0;0m [0m[38;2;0;0;0;48;2;0;0;0m                                    [38;2;54;54;54;48;2;78;78;78mi[38;2;195;195;195;48;2;211;211;211mL[38;2;254;254;254;48;2;250;250;250m:[38;2;251;251;251m`[48;2;252;252;252m      [38;2;253;253;253m~                                [48;2;250;250;250m [48;2;246;246;246m`[38;2;148;148;148;48;2;129;129;129ml[38;2;37;37;37;48;2;26;26;26ml[38;2;1;1;1;48;2;0;0;0m:                                   [0m
[7m[38;2;0;0;0m [0m[38;2;0;0;0;48;2;0;0;0m                                   [38;2;1;1;1m_[38;2;74;74;74;48;2;51;51;51m4[38;2;154;154;154;48;2;180;180;180mL[38;2;254;254;254;48;2;248;248;248m:[48;2;250;250;250m [38;2;252;252;252;48;2;251;251;251m:[48;2;252;252;252m                                      [48;2;250;250;250m [38;2;253;253;253;48;2;246;246;246m`[38;2;148;148;148;48;2;129;129;129ml[38;2;37;37;37;48;2;26;26;26ml[38;2;1;1;1;48;2;0;0;0m:                                   [0m
[7m[38;2;0;0;0m [0m[38;2;0;0;0;48;2;0;0;0m                                   [38;2;1;1;1m:[38;2;51;51;51;48;2;33;33;33m4[38;2;118;118;118;48;2;151;151;151mL[38;2;254;254;254;48;2;246;246;246m:[48;2;250;250;250m [38;2;252;252;252;48;2;251;251;251m:[48;2;252;252;252m                                      [48;2;250;250;250m [38;2;253;253;253;48;2;246;246;246m`[38;2;148;148;148;48;2;129;129;129ml[38;2;37;37;37;48;2;26;26;26ml[38;2;1;1;1;48;2;0;0;0m:                                   [0m
[7m[38;2;0;0;0m [0m[38;2;0;0;0;48;2;0;0;0m                                   [38;2;1;1;1m~[38;2;5;5;5;48;2;14;14;14m:[38;2;85;85;85;48;2;115;115;115mi[38;2;254;254;254;48;2;241;241;241m'[38;2;251;251;251;48;2;252;252;252m~[48;2;251;251;251m [48;2;252;252;252m                                      [48;2;250;250;250m [38;2;253;253;253;48;2;246;246;246m`[38;2;147;147;147;48;2;128;128;128ml[38;2;36;36;36;48;2;25;25;25ml[38;2;1;1;1;48;2;0;0;0m:                                   [0m
[7m[38;2;0;0;0m [0m[38;2;0;0;0;48;2;0;0;0m                                    [38;2;3;3;3;48;2;1;1;1m`[38;2;101;101;101;48;2;72;72;72m4[38;2;198;198;198;48;2;215;215;215mL[38;2;254;254;254;48;2;250;250;250m:[38;2;250;250;250;48;2;251;251;251m.[38;2;252;252;252m:[48;2;252;252;252m                                    [48;2;251;251;251m:[48;2;250;250;250m [38;2;253;253;253;48;2;246;246;246m`[38;2;157;157;157;48;2;139;139;139mi[38;2;52;52;52;48;2;31;31;31mL[38;2;1;1;1;48;2;0;0;0m:                                   [0m
[7m[38;2;0;0;0m [0m[38;2;0;0;0;48;2;0;0;0m                                    [38;2;1;1;1m_[38;2;71;71;71;48;2;48;48;48m4[38;2;150;150;150;48;2;175;175;175mL[38;2;254;254;254;48;2;247;247;247m:[38;2;249;249;249;48;2;250;250;250m%[38;2;252;252;252;48;2;251;251;251m:[48;2;252;252;252m                                    [48;2;251;251;251m:[48;2;250;250;250m [38;2;253;253;253;48;2;247;247;247m`[38;2;167;167;167;48;2;155;155;155ml[38;2;62;62;62;48;2;42;42;42ml[38;2;1;1;1;48;2;0;0;0m:                                   [0m
[7m[38;2;0;0;0m [0m[38;2;0;0;0;48;2;0;0;0m                                    [38;2;1;1;1m~[38;2;41;41;41;48;2;24;24;24m`[38;2;95;95;95;48;2;133;133;133m[[38;2;254;254;254;48;2;245;245;245m'[38;2;252;252;252;48;2;251;251;251my:[48;2;252;252;252m                                    [48;2;251;251;251m:[48;2;250;250;250m [38;2;253;253;253;48;2;248;248;248m`[38;2;167;167;167;48;2;182;182;182m4[38;2;83;83;83;48;2;55;55;55mi[48;2;0;0;0m                                    [0m
[7m[38;2;0;0;0m [0m[38;2;0;0;0;48;2;0;0;0m                                     [38;2;6;6;6;48;2;3;3;3m`[38;2;106;106;106;48;2;77;77;77m4[38;2;193;193;193;48;2;220;220;220m_[38;2;254;254;254;48;2;251;251;251m: [48;2;252;252;252m                                    [38;2;252;252;252;48;2;251;251;251m:[48;2;250;250;250m [38;2;253;253;253m.[38;2;191;191;191;48;2;202;202;202m4[38;2;98;98;98;48;2;66;66;66ml[48;2;0;0;0m                                    [0m
[7m[38;2;0;0;0m [0m[38;2;0;0;0;48;2;0;0;0m                                      [38;2;64;64;64;48;2;43;43;43m4[38;2;138;138;138;48;2;167;167;167mL[38;2;254;254;254;48;2;247;247;247m:[48;2;250;250;250m [38;2;252;252;252;48;2;251;251;251m:[48;2;252;252;252m                                    [48;2;251;251;251m [38;2;254;254;254m:[38;2;233;233;233;48;2;225;225;225m:[38;2;119;119;119;48;2;84;84;84ml[38;2;5;5;5;48;2;2;2;2m,[48;2;0;0;0m                                   [0m
[7m[38;2;0;0;0m [0m[38;2;0;0;0;48;2;0;0;0m                                     [38;2;1;1;1m~[38;2;25;25;25;48;2;12;12;12m`[38;2;69;69;69;48;2;113;113;113m[[38;2;225;225;225;48;2;238;238;238m,[38;2;253;253;253;48;2;251;251;251m: [48;2;252;252;252m =                                  [38;2;252;252;252;48;2;251;251;251m:[38;2;253;253;253;48;2;252;252;252m^[48;2;244;244;244m:[38;2;93;93;93;48;2;125;125;125m4[38;2;36;36;36;48;2;15;15;15m,[38;2;1;1;1;48;2;0;0;0m,                                  [0m
[7m[38;2;0;0;0m [0m[38;2;0;0;0;48;2;0;0;0m                                      [38;2;1;1;1m.[38;2;82;82;82;48;2;56;56;56m4[38;2;166;166;166;48;2;193;193;193mL[38;2;254;254;254;48;2;248;248;248m:[48;2;250;250;250m [38;2;252;252;252;48;2;251;251;251m:[48;2;252;252;252m                                   [48;2;251;251;251m:[38;2;249;249;249;48;2;250;250;250mg[38;2;253;253;253;48;2;247;247;247m`[38;2;133;133;133;48;2;156;156;156m4[38;2;61;61;61;48;2;37;37;37mL[38;2;1;1;1;48;2;0;0;0m:                                  [0m
[7m[38;2;0;0;0m [0m[38;2;0;0;0;48;2;0;0;0m                                      [38;2;1;1;1m~[38;2;46;46;46;48;2;24;24;24m`[38;2;91;91;91;48;2;133;133;133mL[38;2;254;254;254;48;2;243;243;243m'[38;2;252;252;252;48;2;251;251;251my.[48;2;252;252;252m                                   [48;2;251;251;251m:[38;2;249;249;249;48;2;250;250;250m`[38;2;253;253;253;48;2;249;249;249m`[38;2;170;170;170;48;2;193;193;193m"[38;2;97;97;97;48;2;60;60;60mL[38;2;1;1;1;48;2;0;0;0m"                                  [0m
[7m[38;2;0;0;0m [0m[38;2;0;0;0;48;2;0;0;0m                                       [38;2;2;2;2;48;2;1;1;1m`[38;2;88;88;88;48;2;61;61;61m4[38;2;160;160;160;48;2;200;200;200m_[38;2;254;254;254;48;2;249;249;249m:[48;2;250;250;250m [38;2;252;252;252;48;2;251;251;251m:[48;2;252;252;252m                                   [48;2;251;251;251m_[38;2;253;253;253;48;2;252;252;252m.[38;2;219;219;219;48;2;230;230;230m"[38;2;125;125;125;48;2;88;88;88ml[38;2;12;12;12;48;2;3;3;3m,[48;2;0;0;0m                                  [0m
[7m[38;2;0;0;0m [0m[38;2;0;0;0;48;2;0;0;0m                                       [38;2;1;1;1m~[38;2;40;40;40;48;2;21;21;21m`[38;2;85;85;85;48;2;127;127;127mL[38;2;229;229;229;48;2;240;240;240m,[38;2;250;250;250;48;2;251;251;251m"[38;2;252;252;252m.[48;2;252;252;252m                                   [48;2;251;251;251m:[38;2;249;249;249mg[38;2;253;253;253;48;2;247;247;247m:[38;2;115;115;115;48;2;146;146;146m4[38;2;51;51;51;48;2;28;28;28mL[48;2;0;0;0m                                  [0m
[?25h