[?25l[0m[7m[38;2;252;252;252m [0m[38;2;0;0;0;48;2;252;252;252m                                                                 [38;2;252;252;252;48;2;251;251;251m:[38;2;249;249;249m_[38;2;252;252;252;48;2;249;249;249m:[38;2;178;178;178;48;2;231;231;231m_[38;2;77;77;77;48;2;135;135;135my[38;2;69;69;69;48;2;25;25;25m'[48;2;0;0;0m          [38;2;0;0;0;48;2;2;2;2m:[38;2;44;44;44;48;2;19;19;19m`[38;2;124;124;124;48;2;75;75;75m~[38;2;142;142;142;48;2;189;189;189m_[38;2;229;229;229;48;2;243;243;243m,[48;2;252;252;252m [38;2;252;252;252;48;2;251;251;251m:[48;2;252;252;252m                               [0m
[7m[38;2;252;252;252m [0m[38;2;0;0;0;48;2;252;252;252m                              [38;2;252;252;252;48;2;251;251;251m:[48;2;252;252;252m                              [48;2;251;251;251m:._[48;2;250;250;250m`[38;2;218;218;218;48;2;247;247;247m_[38;2;158;158;158;48;2;235;235;235m_[38;2;100;100;100;48;2;180;180;180my[38;2;142;142;142;48;2;55;55;55m~[38;2;38;38;38;48;2;8;8;8m~[48;2;0;0;0m        [38;2;1;1;1m.[38;2;8;8;8;48;2;1;1;1m_[38;2;18;18;18;48;2;2;2;2m_[38;2;49;49;49;48;2;7;7;7m_[38;2;70;70;70;48;2;13;13;13m_[38;2;93;93;93;48;2;36;36;36m_[38;2;134;134;134;48;2;163;163;163mF[38;2;229;229;229;48;2;239;239;239mF[38;2;252;252;252;48;2;251;251;251m, [48;2;252;252;252m                               [0m
[7m[38;2;252;252;252m [0m[38;2;0;0;0;48;2;252;252;252m                                                          [38;2;250;250;250;48;2;251;251;251m_[38;2;248;248;248m_[38;2;240;240;240;48;2;250;250;250m_[38;2;214;214;214;48;2;245;245;245m_[38;2;132;132;132;48;2;227;227;227m_[38;2;38;38;38;48;2;198;198;198m_[38;2;60;60;60;48;2;152;152;152my[38;2;186;186;186;48;2;64;64;64m~[38;2;73;73;73;48;2;23;23;23m"[38;2;10;10;10;48;2;3;3;3m`[38;2;3;3;3;48;2;1;1;1m~[38;2;2;2;2m~[48;2;0;0;0m    [38;2;0;0;0;48;2;1;1;1m:[38;2;59;59;59;48;2;3;3;3m_[38;2;102;102;102;48;2;18;18;18m_[38;2;144;144;144;48;2;40;40;40m_[38;2;198;198;198;48;2;75;75;75m_[38;2;201;201;201;48;2;114;114;114my[38;2;60;60;60;48;2;169;169;169m~[38;2;93;93;93;48;2;195;195;195m~[38;2;114;114;114;48;2;207;207;207m~[38;2;136;136;136;48;2;218;218;218m~[38;2;214;214;214;48;2;240;240;240m"[38;2;247;247;247;48;2;251;251;251m~[48;2;252;252;252m                                 [0m
[7m[38;2;252;252;252m [0m[38;2;0;0;0;48;2;252;252;252m                                                       [38;2;251;251;251m_[38;2;252;252;252;48;2;251;251;251m:[38;2;218;218;218;48;2;247;247;247m_[38;2;146;146;146;48;2;224;224;224m_[38;2;74;74;74;48;2;162;162;162my[38;2;184;184;184;48;2;68;68;68m~[38;2;149;149;149;48;2;35;35;35m~[38;2;92;92;92;48;2;15;15;15m~[38;2;27;27;27;48;2;3;3;3m~[38;2;1;1;1;48;2;0;0;0m~      .[38;2;0;0;0;48;2;10;10;10m`[38;2;171;171;171;48;2;49;49;49m_[38;2;25;25;25;48;2;154;154;154m~[38;2;119;119;119;48;2;206;206;206m~[38;2;180;180;180;48;2;234;234;234m~[38;2;191;191;191;48;2;243;243;243m`[38;2;221;221;221;48;2;248;248;248m`[38;2;247;247;247;48;2;251;251;251m`[48;2;252;252;252m                                       [0m
[7m[38;2;252;252;252m [0m[38;2;0;0;0;48;2;252;252;252m                                                     [38;2;252;252;252;48;2;251;251;251m: [38;2;254;254;254;48;2;250;250;250m:[38;2;214;214;214;48;2;229;229;229my[38;2;72;72;72;48;2;133;133;133my[38;2;73;73;73;48;2;28;28;28m"[38;2;7;7;7;48;2;4;4;4m`[38;2;3;3;3;48;2;1;1;1m~[48;2;0;0;0m        [38;2;0;0;0;48;2;2;2;2m:[38;2;86;86;86;48;2;21;21;21m_[38;2;164;164;164;48;2;72;72;72my[38;2;77;77;77;48;2;186;186;186m~[38;2;205;205;205;48;2;239;239;239m~[38;2;246;246;246;48;2;250;250;250m~[48;2;251;251;251m [38;2;252;252;252;48;2;253;253;253m__.[48;2;252;252;252m                                        [0m
[7m[38;2;252;252;252m [0m[38;2;0;0;0;48;2;252;252;252m                                                      [38;2;252;252;252;48;2;251;251;251m.[48;2;250;250;250m`[38;2;253;253;253;48;2;239;239;239m:[38;2;101;101;101;48;2;164;164;164m~[38;2;102;102;102;48;2;40;40;40m_[38;2;20;20;20;48;2;3;3;3m,[48;2;0;0;0m        [38;2;0;0;0;48;2;13;13;13m`[38;2;130;130;130;48;2;71;71;71my[38;2;144;144;144;48;2;208;208;208m~[38;2;227;227;227;48;2;245;245;245m~[38;2;249;249;249;48;2;251;251;251m~[38;2;253;253;253;48;2;252;252;252m`                                             [0m
[7m[38;2;252;252;252m [0m[38;2;0;0;0;48;2;252;252;252m                                                        [38;2;252;252;252;48;2;251;251;251m.[38;2;249;249;249;48;2;242;242;242m'[38;2;110;110;110;48;2;188;188;188m`[38;2;107;107;107;48;2;72;72;72mm[38;2;49;49;49;48;2;17;17;17m_[38;2;39;39;39;48;2;3;3;3m_[38;2;7;7;7;48;2;1;1;1m,[48;2;0;0;0m   [38;2;0;0;0;48;2;2;2;2m:[48;2;34;34;34m`[38;2;54;54;54;48;2;136;136;136m~[38;2;191;191;191;48;2;223;223;223m"[38;2;244;244;244;48;2;248;248;248m~[38;2;249;249;249;48;2;251;251;251m`[38;2;252;252;252m.[48;2;252;252;252m                                              [0m
[7m[38;2;252;252;252m [0m[38;2;0;0;0;48;2;252;252;252m                                                       [38;2;252;252;252;48;2;251;251;251m:[38;2;253;253;253;48;2;250;250;250m'[48;2;226;226;226m.[38;2;124;124;124;48;2;161;161;161m4[38;2;201;201;201;48;2;105;105;105m_[38;2;198;198;198;48;2;145;145;145my[38;2;109;109;109;48;2;195;195;195m~[38;2;59;59;59;48;2;173;173;173m~[38;2;190;190;190;48;2;101;101;101mg[38;2;209;209;209;48;2;75;75;75m_[38;2;180;180;180;48;2;40;40;40m_[48;2;54;54;54m_[38;2;177;177;177;48;2;135;135;135my[38;2;209;209;209;48;2;228;228;228m"[38;2;245;245;245;48;2;248;248;248m~[38;2;251;251;251;48;2;250;250;250m_[38;2;252;252;252;48;2;251;251;251m:[48;2;252;252;252m                                               [0m
[7m[38;2;252;252;252m [0m[38;2;0;0;0;48;2;252;252;252m                                                        [38;2;251;251;251m'-[38;2;243;243;243;48;2;250;250;250m`[38;2;232;232;232m`[38;2;241;241;241m`[38;2;250;250;250;48;2;251;251;251m'[38;2;252;252;252m:[38;2;249;249;249m`[38;2;240;240;240;48;2;249;249;249m`[38;2;216;216;216;48;2;245;245;245m`[38;2;215;215;215m`[38;2;234;234;234;48;2;249;249;249m`[38;2;252;252;252;48;2;251;251;251m:  [48;2;252;252;252m                                                [0m
[7m[38;2;252;252;252m [0m[38;2;0;0;0;48;2;252;252;252m                                                      [38;2;252;252;252;48;2;251;251;251m:[48;2;252;252;252m                                                                [0m
[7m[38;2;252;252;252m [0m[38;2;0;0;0;48;2;252;252;252m                                                                                                                       [0m
[7m[38;2;252;252;252m [0m[38;2;0;0;0;48;2;252;252;252m                                                                                                                       [0m
[7m[38;2;252;252;252m [0m[38;2;0;0;0;48;2;252;252;252m                                                                                                                       [0m
[7m[38;2;252;252;252m [0m[38;2;0;0;0;48;2;252;252;252m                                                                                                                       [0m
[7m[38;2;252;252;252m [0m[38;2;0;0;0;48;2;252;252;252m                                                                                                                       [0m
[7m[38;2;252;252;252m [0m[38;2;0;0;0;48;2;252;252;252m                                                                                                                       [0m
[7m[38;2;252;252;252m [0m[38;2;0;0;0;48;2;252;252;252m                                                                                                                       [0m
[7m[38;2;252;252;252m [0m[38;2;0;0;0;48;2;252;252;252m                                                                                                                       [0m
[7m[38;2;252;252;252m [0m[38;2;0;0;0;48;2;252;252;252m                                                                                                                       [0m
[7m[38;2;252;252;252m [0m[38;2;0;0;0;48;2;252;252;252m                                                                                                                       [0m
[7m[38;2;252;252;252m [0m[38;2;0;0;0;48;2;252;252;252m                                                                                                                       [0m
[7m[38;2;252;252;252m [0m[38;2;0;0;0;48;2;252;252;252m                                                                                                                       [0m
[7m[38;2;252;252;252m [0m[38;2;0;0;0;48;2;252;252;252m                                                                                                                       [0m
[7m[38;2;252;252;252m [0m[38;2;0;0;0;48;2;252;252;252m                                                                                                                       [0m
[7m[38;2;252;252;252m [0m[38;2;0;0;0;48;2;252;252;252m                                                                                                                       [0m
[7m[38;2;252;252;252m [0m[38;2;0;0;0;48;2;252;252;252m                                                                                                                       [0m
[7m[38;2;252;252;252m [0m[38;2;0;0;0;48;2;252;252;252m                                                                                                                       [0m
[7m[38;2;252;252;252m [0m[38;2;0;0;0;48;2;252;252;252m                                                                                                                       [0m
[7m[38;2;252;252;252m [0m[38;2;0;0;0;48;2;252;252;252m                                                                                                                       [0m
[7m[38;2;252;252;252m [0m[38;2;0;0;0;48;2;252;252;252m                                                                                                                       [0m
[7m[38;2;252;252;252m [0m[38;2;0;0;0;48;2;252;252;252m                                                                                                                       [0m
[7m[38;2;252;252;252m [0m[38;2;0;0;0;48;2;252;252;252m                                                                                                                       [0m
[7m[38;2;252;252;252m [0m[38;2;0;0;0;48;2;252;252;252m                                                                                                                       [0m
[7m[38;2;252;252;252m [0m[38;2;0;0;0;48;2;252;252;252m                                                                                                                       [0m
[7m[38;2;252;252;252m [0m[38;2;0;0;0;48;2;252;252;252m                                                                                                                       [0m
[7m[38;2;252;252;252m [0m[38;2;0;0;0;48;2;252;252;252m                                                                                                                       [0m
[?25h