[?25l[0m[7m[38;2;252;252;252m [0m[38;2;0;0;0;48;2;252;252;252m                                                                                                                       [0m
[7m[38;2;252;252;252m [0m[38;2;0;0;0;48;2;252;252;252m                                                                                                                       [0m
[7m[38;2;252;252;252m [0m[38;2;0;0;0;48;2;252;252;252m                                                                                                                       [0m
[7m[38;2;252;252;252m [0m[38;2;0;0;0;48;2;252;252;252m                                                                                                                       [0m
[7m[38;2;252;252;252m [0m[38;2;0;0;0;48;2;252;252;252m                                                                                                                       [0m
[7m[38;2;252;252;252m [0m[38;2;0;0;0;48;2;252;252;252m                                                                                                                       [0m
[7m[38;2;252;252;252m [0m[38;2;0;0;0;48;2;252;252;252m                                                                                                                       [0m
[7m[38;2;252;252;252m [0m[38;2;0;0;0;48;2;252;252;252m                                                                                                                       [0m
[7m[38;2;252;252;252m [0m[38;2;0;0;0;48;2;252;252;252m                                                                                                                       [0m
[7m[38;2;252;252;252m [0m[38;2;0;0;0;48;2;252;252;252m                                                                                                                       [0m
[7m[38;2;252;252;252m [0m[38;2;0;0;0;48;2;252;252;252m                                                                                                                       [0m
[7m[38;2;252;252;252m [0m[38;2;0;0;0;48;2;252;252;252m                                                                                                                       [0m
[7m[38;2;252;252;252m [0m[38;2;0;0;0;48;2;252;252;252m                                                                                                                       [0m
[7m[38;2;252;252;252m [0m[38;2;0;0;0;48;2;252;252;252m                                                                                                                       [0m
[7m[38;2;252;252;252m [0m[38;2;0;0;0;48;2;252;252;252m                                                                                                                       [0m
[7m[38;2;252;252;252m [0m[38;2;0;0;0;48;2;252;252;252m                                                                                                                       [0m
[7m[38;2;252;252;252m [0m[38;2;0;0;0;48;2;252;252;252m                                                           [38;2;252;252;252;48;2;251;251;251m:.[48;2;252;252;252m  [38;2;253;253;253m__[38;2;252;252;252;48;2;251;251;251m:.....[48;2;252;252;252m                                                [0m
[7m[38;2;252;252;252m [0m[38;2;0;0;0;48;2;252;252;252m                                                        [48;2;251;251;251m [38;2;254;254;254m.[38;2;224;224;224;48;2;250;250;250m_[38;2;192;192;192;48;2;242;242;242m_[38;2;147;147;147;48;2;227;227;227m_[38;2;125;125;125;48;2;219;219;219m_[38;2;115;115;115;48;2;215;215;215m_[38;2;116;116;116m_[38;2;132;132;132;48;2;219;219;219m_[38;2;165;165;165;48;2;232;232;232m_[38;2;201;201;201;48;2;245;245;245m_[38;2;208;208;208;48;2;249;249;249m_[38;2;197;197;197;48;2;246;246;246m_[38;2;191;191;191;48;2;243;243;243m_[38;2;195;195;195;48;2;245;245;245m_[38;2;214;214;214;48;2;249;249;249m_[38;2;232;232;232;48;2;251;251;251m_[38;2;247;247;247m_[38;2;252;252;252m:[48;2;252;252;252m                                            [0m
[7m[38;2;252;252;252m [0m[38;2;0;0;0;48;2;252;252;252m                                                    [38;2;252;252;252;48;2;251;251;251m:  [38;2;251;251;251;48;2;246;246;246m`[38;2;126;126;126;48;2;221;221;221m_[38;2;79;79;79;48;2;165;165;165my[38;2;177;177;177;48;2;71;71;71m~[38;2;116;116;116;48;2;36;36;36m~[38;2;110;110;110;48;2;22;22;22m`[38;2;93;93;93;48;2;15;15;15m`[38;2;85;85;85;48;2;13;13;13m`[38;2;86;86;86;48;2;14;14;14m`[38;2;101;101;101;48;2;22;22;22m`[38;2;95;95;95;48;2;30;30;30m~[38;2;117;117;117;48;2;37;37;37m~[38;2;110;110;110;48;2;30;30;30m~[38;2;149;149;149;48;2;26;26;26m`[38;2;143;143;143;48;2;24;24;24m`[38;2;148;148;148;48;2;31;31;31m`[38;2;138;138;138;48;2;51;51;51m~[38;2;40;40;40;48;2;121;121;121my[38;2;69;69;69;48;2;179;179;179m_[38;2;166;166;166;48;2;233;233;233m_[38;2;239;239;239;48;2;249;249;249m,[48;2;252;252;252m                                           [0m
[7m[38;2;252;252;252m [0m[38;2;0;0;0;48;2;252;252;252m                                                   [38;2;252;252;252;48;2;251;251;251m:[38;2;250;250;250m.[38;2;254;254;254;48;2;245;245;245m:[38;2;106;106;106;48;2;207;207;207m_[38;2;204;204;204;48;2;91;91;91m~[38;2;82;82;82;48;2;21;21;21m~[38;2;0;0;0;48;2;2;2;2m:[48;2;0;0;0m               [38;2;1;1;1;48;2;9;9;9m:[38;2;116;116;116;48;2;45;45;45m~[38;2;41;41;41;48;2;156;156;156m_[38;2;184;184;184;48;2;231;231;231m_[38;2;243;243;243;48;2;249;249;249m,[38;2;252;252;252;48;2;251;251;251m:[48;2;252;252;252m                                        [0m
[7m[38;2;252;252;252m [0m[38;2;0;0;0;48;2;252;252;252m                                                 [38;2;252;252;252;48;2;251;251;251m: [38;2;253;253;253;48;2;249;249;249m:[38;2;167;167;167;48;2;228;228;228m_[38;2;65;65;65;48;2;136;136;136my[38;2;68;68;68;48;2;26;26;26m"[38;2;0;0;0;48;2;2;2;2m:[48;2;0;0;0m                  [38;2;1;1;1m'[38;2;0;0;0;48;2;10;10;10m:[38;2;127;127;127;48;2;70;70;70m~[48;2;206;206;206m_[38;2;231;231;231;48;2;246;246;246m,[48;2;251;251;251m [38;2;252;252;252m:[48;2;252;252;252m                                      [0m
[7m[38;2;252;252;252m [0m[38;2;0;0;0;48;2;252;252;252m                                                [38;2;252;252;252;48;2;251;251;251m: [38;2;253;253;253;48;2;249;249;249m:[38;2;187;187;187;48;2;223;223;223m_[38;2;48;48;48;48;2;96;96;96mg[38;2;29;29;29;48;2;7;7;7m~[48;2;0;0;0m                     [38;2;1;1;1m`[38;2;0;0;0;48;2;3;3;3m`[38;2;82;82;82;48;2;43;43;43m"[38;2;107;107;107;48;2;183;183;183m_[38;2;226;226;226;48;2;242;242;242m,[38;2;252;252;252;48;2;251;251;251m`.[48;2;252;252;252m                                     [0m
[7m[38;2;252;252;252m [0m[38;2;0;0;0;48;2;252;252;252m                                                [38;2;252;252;252;48;2;251;251;251m:[38;2;250;250;250m~[38;2;254;254;254;48;2;234;234;234m'[38;2;81;81;81;48;2;128;128;128my[38;2;39;39;39;48;2;17;17;17m~[48;2;0;0;0m                       [38;2;1;1;1m`[38;2;0;0;0;48;2;2;2;2m:[38;2;8;8;8;48;2;48;48;48m:[38;2;150;150;150;48;2;195;195;195m_[38;2;234;234;234;48;2;245;245;245m,[38;2;250;250;250;48;2;251;251;251mj[38;2;252;252;252m:[48;2;252;252;252m                                    [0m
[7m[38;2;252;252;252m [0m[38;2;0;0;0;48;2;252;252;252m                                               [38;2;252;252;252;48;2;251;251;251m:[38;2;249;249;249m:[38;2;254;254;254;48;2;246;246;246m:[38;2;173;173;173;48;2;196;196;196my[38;2;64;64;64;48;2;38;38;38mF[48;2;0;0;0m                          [38;2;0;0;0;48;2;10;10;10m:[38;2;67;67;67;48;2;98;98;98ms[38;2;214;214;214;48;2;229;229;229mL[38;2;250;250;250;48;2;251;251;251m`[38;2;252;252;252m.[48;2;252;252;252m                                    [0m
[7m[38;2;252;252;252m [0m[38;2;0;0;0;48;2;252;252;252m                                               [48;2;251;251;251m [48;2;250;250;250m [38;2;254;254;254;48;2;239;239;239m:[38;2;162;162;162;48;2;139;139;139mF[38;2;45;45;45;48;2;24;24;24mL[48;2;0;0;0m                           [38;2;2;2;2;48;2;36;36;36m:[38;2;174;174;174;48;2;195;195;195mL[38;2;241;241;241;48;2;246;246;246mL[48;2;251;251;251m [38;2;252;252;252m:[48;2;252;252;252m                                   [0m
[7m[38;2;252;252;252m [0m[38;2;0;0;0;48;2;252;252;252m                                               [48;2;251;251;251m [48;2;250;250;250m [38;2;254;254;254;48;2;239;239;239m:[38;2;163;163;163;48;2;138;138;138mL[38;2;45;45;45;48;2;23;23;23mL[48;2;0;0;0m                           [38;2;0;0;0;48;2;35;35;35m`[38;2;173;173;173;48;2;194;194;194mF[38;2;240;240;240;48;2;246;246;246mF[38;2;252;252;252;48;2;251;251;251m_:[48;2;252;252;252m                                   [0m
[7m[38;2;252;252;252m [0m[38;2;0;0;0;48;2;252;252;252m                                               [38;2;252;252;252;48;2;251;251;251m: [38;2;254;254;254;48;2;249;249;249m'[38;2;186;186;186;48;2;215;215;215m"[38;2;103;103;103;48;2;56;56;56mL[38;2;0;0;0;48;2;4;4;4m`[48;2;0;0;0m                        [38;2;1;1;1m+[38;2;0;0;0;48;2;12;12;12m:[38;2;169;169;169;48;2;92;92;92m_[38;2;213;213;213;48;2;229;229;229m~[38;2;250;250;250;48;2;251;251;251m_[38;2;252;252;252m:[48;2;252;252;252m                                    [0m
[7m[38;2;252;252;252m [0m[38;2;0;0;0;48;2;252;252;252m                                                [38;2;252;252;252;48;2;251;251;251m:[38;2;250;250;250m^[38;2;254;254;254;48;2;244;244;244m'[38;2;136;136;136;48;2;191;191;191m~[38;2;143;143;143;48;2;59;59;59m_[38;2;33;33;33;48;2;9;9;9m,[38;2;4;4;4;48;2;0;0;0m,                   [38;2;1;1;1my [38;2;54;54;54;48;2;5;5;5m_[38;2;128;128;128;48;2;37;37;37m_[38;2;46;46;46;48;2;148;148;148m~[38;2;198;198;198;48;2;229;229;229m"[38;2;244;244;244;48;2;250;250;250m~[48;2;251;251;251m [38;2;252;252;252m:[48;2;252;252;252m                                    [0m
[7m[38;2;252;252;252m [0m[38;2;0;0;0;48;2;252;252;252m                                                 [38;2;252;252;252;48;2;251;251;251m: [38;2;253;253;253;48;2;250;250;250m'[38;2;188;188;188;48;2;238;238;238m`[38;2;86;86;86;48;2;185;185;185m~[38;2;218;218;218;48;2;87;87;87m_[38;2;195;195;195;48;2;41;41;41m_[38;2;144;144;144;48;2;21;21;21m_[38;2;81;81;81;48;2;11;11;11m_[38;2;36;36;36;48;2;4;4;4m_[38;2;0;0;0;48;2;1;1;1m`[48;2;0;0;0m   [38;2;2;2;2m_[38;2;6;6;6m_[38;2;3;3;3m_  [38;2;1;1;1m.[38;2;0;0;0;48;2;6;6;6m`[38;2;91;91;91;48;2;13;13;13m_[38;2;147;147;147;48;2;21;21;21m_[38;2;192;192;192;48;2;34;34;34m_[38;2;209;209;209;48;2;53;53;53m_[38;2;221;221;221;48;2;88;88;88m_[38;2;13;13;13;48;2;155;155;155m~[38;2;102;102;102;48;2;201;201;201m~[38;2;179;179;179;48;2;236;236;236m`[38;2;245;245;245;48;2;250;250;250m`[48;2;252;252;252m                                        [0m
[7m[38;2;252;252;252m [0m[38;2;0;0;0;48;2;252;252;252m                                                    [38;2;251;251;251m`[38;2;252;252;252;48;2;251;251;251m~[38;2;248;248;248;48;2;250;250;250m`[38;2;233;233;233;48;2;247;247;247m`[38;2;192;192;192;48;2;236;236;236m~[38;2;137;137;137;48;2;223;223;223m~[38;2;103;103;103;48;2;215;215;215m~[38;2;72;72;72;48;2;196;196;196m~[38;2;53;53;53;48;2;176;176;176m~[38;2;50;50;50;48;2;173;173;173m~[38;2;57;57;57;48;2;180;180;180m~[38;2;60;60;60;48;2;166;166;166m~[38;2;51;51;51;48;2;130;130;130m~[38;2;28;28;28;48;2;73;73;73m~[38;2;75;75;75;48;2;49;49;49mu[38;2;59;59;59;48;2;176;176;176m~[38;2;69;69;69;48;2;196;196;196m~[38;2;92;92;92;48;2;210;210;210m~[38;2;139;139;139;48;2;224;224;224m~[38;2;188;188;188;48;2;237;237;237m~[38;2;232;232;232;48;2;248;248;248m~[38;2;246;246;246;48;2;251;251;251m`[38;2;250;250;250m=[38;2;252;252;252mT :[48;2;252;252;252m                                         [0m
[7m[38;2;252;252;252m [0m[38;2;0;0;0;48;2;252;252;252m                                                        [38;2;252;252;252;48;2;251;251;251m. : [38;2;250;250;250mY[38;2;254;254;254m.[38;2;231;231;231;48;2;239;239;239my[38;2;199;199;199;48;2;187;187;187m"[38;2;173;173;173;48;2;164;164;164m:[38;2;102;102;102;48;2;90;90;90mF[38;2;113;113;113;48;2;95;95;95my[38;2;226;226;226;48;2;237;237;237mL[38;2;252;252;252;48;2;250;250;250m~[48;2;251;251;251m [38;2;250;250;250m``[38;2;252;252;252m:[48;2;252;252;252m                                              [0m
[7m[38;2;252;252;252m [0m[38;2;0;0;0;48;2;252;252;252m                                                            [38;2;251;251;251m`[38;2;254;254;254m'[38;2;234;234;234;48;2;246;246;246m"[38;2;195;195;195;48;2;232;232;232m~[38;2;176;176;176;48;2;214;214;214m~[38;2;212;212;212;48;2;140;140;140my[38;2;143;143;143;48;2;211;211;211m~[38;2;252;252;252;48;2;247;247;247m.[38;2;250;250;250;48;2;251;251;251m~[38;2;252;252;252m:[48;2;252;252;252m                                                 [0m
[7m[38;2;252;252;252m [0m[38;2;0;0;0;48;2;252;252;252m                                                                [38;2;253;253;253m`"~                                                    [0m
[7m[38;2;252;252;252m [0m[38;2;0;0;0;48;2;252;252;252m                                                                                                                       [0m
[7m[38;2;252;252;252m [0m[38;2;0;0;0;48;2;252;252;252m                                                                                                                       [0m
[7m[38;2;252;252;252m [0m[38;2;0;0;0;48;2;252;252;252m                                                                                                                       [0m
[?25h