[?25l[0m[7m[38;2;252;252;252m [0m[38;2;0;0;0;48;2;252;252;252m                                       [38;2;252;252;252;48;2;251;251;251m:[38;2;250;250;250m_[38;2;252;252;252;48;2;250;250;250m`[38;2;196;196;196;48;2;238;238;238m_[38;2;58;58;58;48;2;214;214;214m_[38;2;15;15;15;48;2;195;195;195m_[38;2;0;0;0;48;2;169;169;169m_[38;2;60;60;60;48;2;153;153;153my[38;2;229;229;229;48;2;92;92;92m~[38;2;191;191;191;48;2;61;61;61m~[38;2;119;119;119;48;2;34;34;34m~[38;2;51;51;51;48;2;15;15;15m"[38;2;0;0;0;48;2;1;1;1m:[48;2;0;0;0m         [38;2;43;43;43;48;2;14;14;14m"[38;2;161;161;161;48;2;67;67;67m~[38;2;48;48;48;48;2;179;179;179m_[38;2;208;208;208;48;2;238;238;238m_[38;2;252;252;252;48;2;250;250;250m`[48;2;251;251;251m:[48;2;252;252;252m                                                    [0m
[7m[38;2;252;252;252m [0m[38;2;0;0;0;48;2;252;252;252m                                       [38;2;252;252;252;48;2;251;251;251m:[38;2;250;250;250m^[38;2;252;252;252;48;2;247;247;247m:[38;2;193;193;193;48;2;204;204;204m?[38;2;80;80;80;48;2;48;48;48mL[38;2;8;8;8;48;2;3;3;3m`[38;2;0;0;0;48;2;1;1;1m`[38;2;1;1;1;48;2;0;0;0mTT [38;2;2;2;2m`            [48;2;1;1;1m^[38;2;0;0;0;48;2;27;27;27m:[38;2;115;115;115;48;2;141;141;141m$[38;2;230;230;230;48;2;240;240;240mL[48;2;250;250;250m [48;2;251;251;251m [48;2;252;252;252m                                                   [0m
[7m[38;2;252;252;252m [0m[38;2;0;0;0;48;2;252;252;252m                                       [48;2;251;251;251m [38;2;249;249;249;48;2;250;250;250m>[38;2;251;251;251;48;2;240;240;240m'[38;2;135;135;135;48;2;171;171;171m=[38;2;46;46;46;48;2;32;32;32m~[38;2;0;0;0;48;2;1;1;1m`[48;2;0;0;0m                 [48;2;2;2;2m:[48;2;46;46;46m'[38;2;111;111;111;48;2;176;176;176m~[38;2;251;251;251;48;2;243;243;243m.[48;2;250;250;250mL[38;2;252;252;252;48;2;251;251;251m.[48;2;252;252;252m                                                   [0m
[7m[38;2;252;252;252m [0m[38;2;0;0;0;48;2;252;252;252m                                        [38;2;252;252;252;48;2;251;251;251m:[38;2;251;251;251;48;2;250;250;250m'[38;2;214;214;214;48;2;235;235;235m`[38;2;80;80;80;48;2;152;152;152m~[38;2;144;144;144;48;2;36;36;36m_[38;2;63;63;63;48;2;9;9;9m_[38;2;0;0;0;48;2;1;1;1m:[48;2;0;0;0m              [38;2;1;1;1m_[38;2;0;0;0;48;2;7;7;7m:[38;2;121;121;121;48;2;76;76;76m_[38;2;217;217;217;48;2;231;231;231mW[38;2;251;251;251;48;2;252;252;252mW[38;2;252;252;252;48;2;251;251;251m:[48;2;252;252;252m                                                    [0m
[7m[38;2;252;252;252m [0m[38;2;0;0;0;48;2;252;252;252m                                         [38;2;252;252;252;48;2;251;251;251m: [38;2;243;243;243;48;2;248;248;248m`[38;2;185;185;185;48;2;231;231;231m"[38;2;114;114;114;48;2;195;195;195m~[38;2;102;102;102;48;2;53;53;53mL[38;2;18;18;18;48;2;6;6;6m,[38;2;1;1;1;48;2;0;0;0m_           [38;2;0;0;0;48;2;6;6;6m`[38;2;111;111;111;48;2;29;29;29m_[38;2;170;170;170;48;2;94;94;94my[38;2;153;153;153;48;2;221;221;221m~[38;2;251;251;251;48;2;248;248;248m:[48;2;251;251;251m [38;2;252;252;252m:[48;2;252;252;252m                                                    [0m
[7m[38;2;252;252;252m [0m[38;2;0;0;0;48;2;252;252;252m                                           [38;2;252;252;252;48;2;251;251;251m:[38;2;248;248;248m`[38;2;253;253;253;48;2;246;246;246m:[38;2;162;162;162;48;2;198;198;198m~[38;2;80;80;80;48;2;40;40;40mL[38;2;0;0;0;48;2;1;1;1m:[48;2;0;0;0m          [48;2;31;31;31m'[38;2;62;62;62;48;2;146;146;146m~[38;2;189;189;189;48;2;234;234;234m~[38;2;228;228;228;48;2;246;246;246m`[38;2;252;252;252;48;2;250;250;250m`[48;2;251;251;251m.[48;2;252;252;252m                                                      [0m
[7m[38;2;252;252;252m [0m[38;2;0;0;0;48;2;252;252;252m                                            [38;2;252;252;252;48;2;251;251;251m:[38;2;251;251;251;48;2;250;250;250m~[38;2;252;252;252;48;2;235;235;235m:[38;2;151;151;151;48;2;114;114;114mL[38;2;31;31;31;48;2;18;18;18mr[38;2;1;1;1;48;2;0;0;0m:        [38;2;0;0;0;48;2;29;29;29m:[38;2;74;74;74;48;2;143;143;143m~[38;2;227;227;227;48;2;240;240;240m~[38;2;250;250;250;48;2;251;251;251ma[38;2;252;252;252m.[48;2;252;252;252m                                                        [0m
[7m[38;2;252;252;252m [0m[38;2;0;0;0;48;2;252;252;252m                                          [38;2;252;252;252;48;2;251;251;251m:[38;2;250;250;250maa[48;2;250;250;250m [38;2;254;254;254;48;2;247;247;247m.[38;2;175;175;175;48;2;199;199;199m"[38;2;72;72;72;48;2;37;37;37mL[38;2;1;1;1;48;2;0;0;0m`      :[38;2;0;0;0;48;2;26;26;26m'[38;2;65;65;65;48;2;135;135;135m~[38;2;216;216;216;48;2;238;238;238m~[38;2;252;252;252;48;2;250;250;250m`[48;2;251;251;251m.[48;2;252;252;252m                                                         [0m
[7m[38;2;252;252;252m [0m[38;2;0;0;0;48;2;252;252;252m                                        [38;2;253;253;253;48;2;251;251;251m.[38;2;251;251;251;48;2;244;244;244m`[38;2;81;81;81;48;2;221;221;221m_[38;2;6;6;6;48;2;177;177;177m_[38;2;64;64;64;48;2;158;158;158my[38;2;59;59;59;48;2;155;155;155my[38;2;68;68;68;48;2;160;160;160my[38;2;1;1;1;48;2;161;161;161m_[38;2;82;82;82;48;2;58;58;58mF[38;2;0;0;0;48;2;7;7;7m:[48;2;0;0;0m     [38;2;1;1;1m=[38;2;0;0;0;48;2;25;25;25m:[38;2;57;57;57;48;2;132;132;132m~[38;2;215;215;215;48;2;234;234;234m"[38;2;253;253;253;48;2;250;250;250m`[38;2;252;252;252;48;2;251;251;251m.[48;2;252;252;252m                                                          [0m
[7m[38;2;252;252;252m [0m[38;2;0;0;0;48;2;252;252;252m                                      [38;2;252;252;252;48;2;251;251;251m:_[38;2;249;249;249;48;2;233;233;233m`[38;2;186;186;186;48;2;107;107;107m~[38;2;67;67;67;48;2;19;19;19m~[38;2;0;0;0;48;2;2;2;2m.[48;2;0;0;0m    [38;2;4;4;4m`      [38;2;0;0;0;48;2;37;37;37m'[38;2;80;80;80;48;2;160;160;160m~[38;2;215;215;215;48;2;240;240;240m~[38;2;252;252;252;48;2;250;250;250m`[38;2;250;250;250;48;2;251;251;251m`[38;2;252;252;252m:[48;2;252;252;252m                                                          [0m
[7m[38;2;252;252;252m [0m[38;2;0;0;0;48;2;252;252;252m                                      [38;2;252;252;252;48;2;251;251;251m:[38;2;250;250;250m_[38;2;222;222;222;48;2;230;230;230m4[38;2;112;112;112;48;2;75;75;75mL[38;2;0;0;0;48;2;8;8;8m:[38;2;1;1;1;48;2;0;0;0m_         _[38;2;0;0;0;48;2;7;7;7m:[38;2;101;101;101;48;2;80;80;80mJ[38;2;221;221;221;48;2;233;233;233m~[38;2;253;253;253;48;2;251;251;251m`[38;2;252;252;252m.[48;2;252;252;252m                                                            [0m
[7m[38;2;252;252;252m [0m[38;2;0;0;0;48;2;252;252;252m                                      [38;2;252;252;252;48;2;251;251;251m: [38;2;250;250;250;48;2;245;245;245m:[38;2;160;160;160;48;2;203;203;203m~[38;2;124;124;124;48;2;58;58;58m_[38;2;0;0;0;48;2;6;6;6m:[48;2;0;0;0m         [38;2;1;1;1m:[38;2;29;29;29;48;2;17;17;17m4[38;2;134;134;134;48;2;109;109;109m4[38;2;234;234;234;48;2;242;242;242mL[38;2;253;253;253;48;2;251;251;251m_[38;2;252;252;252m:[48;2;252;252;252m                                                            [0m
[7m[38;2;252;252;252m [0m[38;2;0;0;0;48;2;252;252;252m                                       [38;2;252;252;252;48;2;251;251;251m.[38;2;249;249;249m~[38;2;252;252;252;48;2;245;245;245m:[38;2;160;160;160;48;2;197;197;197m~[38;2;76;76;76;48;2;38;38;38mL[38;2;0;0;0;48;2;1;1;1m:[48;2;0;0;0m        [38;2;1;1;1my[38;2;0;0;0;48;2;20;20;20m:[38;2;77;77;77;48;2;125;125;125mF[38;2;234;234;234;48;2;242;242;242mL[38;2;250;250;250;48;2;252;252;252m_                                                             [0m
[7m[38;2;252;252;252m [0m[38;2;0;0;0;48;2;252;252;252m                                        [38;2;252;252;252;48;2;251;251;251m:[38;2;250;250;250m:[48;2;237;237;237m:[38;2;179;179;179;48;2;134;134;134mL[38;2;51;51;51;48;2;28;28;28m,[38;2;0;0;0;48;2;1;1;1m.[48;2;0;0;0m      [48;2;6;6;6m`[38;2;132;132;132;48;2;42;42;42m_[38;2;65;65;65;48;2;162;162;162m~[38;2;198;198;198;48;2;238;238;238m~[38;2;252;252;252;48;2;250;250;250m`[38;2;250;250;250;48;2;251;251;251m`[38;2;252;252;252m:[48;2;252;252;252m                                                            [0m
[7m[38;2;252;252;252m [0m[38;2;0;0;0;48;2;252;252;252m                                         [38;2;252;252;252;48;2;251;251;251m:[38;2;250;250;250m`[38;2;228;228;228;48;2;243;243;243m`[38;2;101;101;101;48;2;196;196;196m~[38;2;238;238;238;48;2;93;93;93m_[38;2;189;189;189;48;2;46;46;46m_[38;2;48;48;48;48;2;13;13;13m,[48;2;0;0;0m   [38;2;26;26;26;48;2;14;14;14mu[38;2;125;125;125;48;2;89;89;89my[38;2;167;167;167;48;2;223;223;223m~[38;2;246;246;246;48;2;248;248;248m`[38;2;250;250;250;48;2;251;251;251m~[38;2;252;252;252m:[48;2;252;252;252m                                                              [0m
[7m[38;2;252;252;252m [0m[38;2;0;0;0;48;2;252;252;252m                                          [38;2;252;252;252;48;2;251;251;251m: [38;2;253;253;253;48;2;248;248;248m`[38;2;175;175;175;48;2;229;229;229m_[38;2;69;69;69;48;2;145;145;145my[38;2;51;51;51;48;2;21;21;21m~[48;2;0;0;0m  [38;2;1;1;1m`[38;2;21;21;21;48;2;6;6;6m"[38;2;100;100;100;48;2;45;45;45m~[38;2;111;111;111;48;2;163;163;163mw[38;2;239;239;239;48;2;244;244;244mr[38;2;252;252;252;48;2;250;250;250m`[48;2;251;251;251m:[48;2;252;252;252m                                                              [0m
[7m[38;2;252;252;252m [0m[38;2;0;0;0;48;2;252;252;252m                                         [38;2;252;252;252;48;2;251;251;251m:[38;2;251;251;251;48;2;250;250;250m~[38;2;241;241;241;48;2;246;246;246mu[38;2;216;216;216;48;2;185;185;185mF[38;2;99;99;99;48;2;49;49;49m~[38;2;1;1;1;48;2;5;5;5m:[48;2;0;0;0m    _[38;2;0;0;0;48;2;29;29;29m:[38;2;156;156;156;48;2;125;125;125m4[38;2;237;237;237;48;2;243;243;243mL[48;2;251;251;251m [38;2;252;252;252m:[48;2;252;252;252m                                                              [0m
[7m[38;2;252;252;252m [0m[38;2;0;0;0;48;2;252;252;252m                                         [38;2;252;252;252;48;2;251;251;251m:[38;2;250;250;250m`[38;2;251;251;251;48;2;248;248;248m'[38;2;187;187;187;48;2;218;218;218m"[38;2;150;150;150;48;2;86;86;86my[38;2;90;90;90;48;2;16;16;16m_[38;2;0;0;0;48;2;1;1;1m:[48;2;0;0;0m   [38;2;9;9;9;48;2;1;1;1m_[38;2;62;62;62;48;2;37;37;37m_[38;2;102;102;102;48;2;162;162;162m~[38;2;252;252;252;48;2;244;244;244m`[48;2;250;250;250m [48;2;251;251;251m:[48;2;252;252;252m                                                              [0m
[7m[38;2;252;252;252m [0m[38;2;0;0;0;48;2;252;252;252m                                           [38;2;252;252;252;48;2;251;251;251m:[38;2;250;250;250m`[38;2;221;221;221;48;2;243;243;243m`[38;2;138;138;138;48;2;211;211;211m~[38;2;26;26;26;48;2;149;149;149m~[38;2;106;106;106;48;2;41;41;41m_[38;2;0;0;0;48;2;5;5;5m:[38;2;23;23;23;48;2;13;13;13mu[38;2;118;118;118;48;2;74;74;74my[38;2;66;66;66;48;2;195;195;195m~[38;2;178;178;178;48;2;226;226;226m~[38;2;253;253;253;48;2;249;249;249m:[38;2;250;250;250;48;2;251;251;251m~[38;2;252;252;252m:[48;2;252;252;252m                                                              [0m
[7m[38;2;252;252;252m [0m[38;2;0;0;0;48;2;252;252;252m                                             [38;2;252;252;252;48;2;251;251;251m:[38;2;247;247;247;48;2;250;250;250m`[38;2;252;252;252;48;2;234;234;234m:[38;2;132;132;132;48;2;104;104;104m_[38;2;0;0;0;48;2;16;16;16m:[38;2;32;32;32;48;2;21;21;21m4[38;2;85;85;85;48;2;125;125;125mi[38;2;247;247;247;48;2;238;238;238m:[38;2;249;249;249;48;2;251;251;251m=[38;2;252;252;252m:[48;2;252;252;252m                                                                [0m
[7m[38;2;252;252;252m [0m[38;2;0;0;0;48;2;252;252;252m                                             [38;2;252;252;252;48;2;251;251;251m:[38;2;250;250;250m"[38;2;253;253;253;48;2;248;248;248m'[38;2;178;178;178;48;2;215;215;215m~[38;2;114;114;114;48;2;66;66;66mL[38;2;0;0;0;48;2;54;54;54m.[38;2;115;115;115;48;2;172;172;172m~[38;2;223;223;223;48;2;240;240;240m~[38;2;253;253;253;48;2;250;250;250m`[38;2;252;252;252;48;2;251;251;251m:[48;2;252;252;252m                                                                [0m
[7m[38;2;252;252;252m [0m[38;2;0;0;0;48;2;252;252;252m                                              [38;2;252;252;252;48;2;251;251;251m:[38;2;250;250;250m~[38;2;253;253;253;48;2;247;247;247m'[38;2;164;164;164;48;2;214;214;214m~[38;2;81;81;81;48;2;141;141;141m~[38;2;131;131;131;48;2;176;176;176mw[38;2;254;254;254;48;2;242;242;242m`[38;2;253;253;253;48;2;251;251;251m_[48;2;252;252;252m                                                                 [0m
[7m[38;2;252;252;252m [0m[38;2;0;0;0;48;2;252;252;252m                                                [38;2;252;252;252;48;2;251;251;251m..[38;2;231;231;231;48;2;247;247;247m`[38;2;210;210;210;48;2;241;241;241m~[38;2;240;240;240;48;2;249;249;249m~[38;2;253;253;253;48;2;252;252;252mP                                                                 [0m
[7m[38;2;252;252;252m [0m[38;2;0;0;0;48;2;252;252;252m                                                   [38;2;252;252;252;48;2;251;251;251m:[48;2;252;252;252m                                                                   [0m
[7m[38;2;252;252;252m [0m[38;2;0;0;0;48;2;252;252;252m                                                                                                                       [0m
[7m[38;2;252;252;252m [0m[38;2;0;0;0;48;2;252;252;252m                                                                                                                       [0m
[7m[38;2;252;252;252m [0m[38;2;0;0;0;48;2;252;252;252m                                                                                                                       [0m
[7m[38;2;252;252;252m [0m[38;2;0;0;0;48;2;252;252;252m                                                                                                                       [0m
[7m[38;2;252;252;252m [0m[38;2;0;0;0;48;2;252;252;252m                                                                                                                       [0m
[7m[38;2;252;252;252m [0m[38;2;0;0;0;48;2;252;252;252m                                                                                                                       [0m
[7m[38;2;252;252;252m [0m[38;2;0;0;0;48;2;252;252;252m                                                                                                                       [0m
[7m[38;2;252;252;252m [0m[38;2;0;0;0;48;2;252;252;252m                                                                                                                       [0m
[7m[38;2;252;252;252m [0m[38;2;0;0;0;48;2;252;252;252m                                                                                                                       [0m
[7m[38;2;252;252;252m [0m[38;2;0;0;0;48;2;252;252;252m                                                                                                                       [0m
[7m[38;2;252;252;252m [0m[38;2;0;0;0;48;2;252;252;252m                                                                                                                       [0m
[7m[38;2;252;252;252m [0m[38;2;0;0;0;48;2;252;252;252m                                                                                                                       [0m
[?25h