[?25l[0m[7m[38;2;252;252;252m [0m[38;2;0;0;0;48;2;252;252;252m                                                                                                                       [0m
[7m[38;2;252;252;252m [0m[38;2;0;0;0;48;2;252;252;252m                                                                                                                       [0m
[7m[38;2;252;252;252m [0m[38;2;0;0;0;48;2;252;252;252m                                           [38;2;252;252;252;48;2;251;251;251m: [38;2;250;250;250m_[38;2;252;252;252m:[38;2;247;247;247m_[38;2;244;244;244m_[38;2;241;241;241m_[38;2;240;240;240m________[38;2;241;241;241;48;2;250;250;250m_[38;2;242;242;242m_[38;2;244;244;244m_[38;2;247;247;247;48;2;251;251;251m_[38;2;250;250;250;48;2;252;252;252m_[38;2;253;253;253m,[38;2;250;250;250;48;2;251;251;251m__ [48;2;252;252;252m                                                    [0m
[7m[38;2;252;252;252m [0m[38;2;0;0;0;48;2;252;252;252m                                        [38;2;252;252;252;48;2;251;251;251m.`[48;2;248;248;248m`[38;2;172;172;172;48;2;241;241;241m_[38;2;121;121;121;48;2;216;216;216m_[38;2;108;108;108;48;2;193;193;193my[38;2;61;61;61;48;2;168;168;168my[38;2;38;38;38;48;2;139;139;139my[38;2;29;29;29;48;2;116;116;116my[38;2;184;184;184;48;2;68;68;68m~[38;2;172;172;172;48;2;53;53;53m~[38;2;168;168;168;48;2;48;48;48m~[38;2;169;169;169m~~~~~[48;2;50;50;50m~[38;2;176;176;176;48;2;60;60;60m~[38;2;186;186;186;48;2;72;72;72m~[38;2;30;30;30;48;2;119;119;119my[38;2;37;37;37;48;2;137;137;137my[38;2;50;50;50;48;2;155;155;155my[38;2;77;77;77;48;2;177;177;177my[38;2;64;64;64;48;2;186;186;186m_[38;2;107;107;107;48;2;209;209;209m_[38;2;148;148;148;48;2;232;232;232m_[38;2;173;173;173;48;2;243;243;243m_[38;2;200;200;200;48;2;246;246;246m_[38;2;240;240;240;48;2;249;249;249m,[38;2;250;250;250;48;2;251;251;251m+[38;2;252;252;252m. .[48;2;252;252;252m                                             [0m
[7m[38;2;252;252;252m [0m[38;2;0;0;0;48;2;252;252;252m                                      [38;2;252;252;252;48;2;251;251;251m:`[38;2;251;251;251;48;2;243;243;243m`[38;2;85;85;85;48;2;199;199;199m_[38;2;210;210;210;48;2;85;85;85m~[38;2;94;94;94;48;2;27;27;27m~[38;2;54;54;54;48;2;7;7;7m`[38;2;18;18;18;48;2;2;2;2m`[38;2;2;2;2;48;2;0;0;0m` [38;2;1;1;1m"~~~~~~~~~`~`  [38;2;4;4;4m`[38;2;20;20;20;48;2;2;2;2m`[38;2;47;47;47;48;2;4;4;4m`[38;2;71;71;71;48;2;10;10;10m`[38;2;80;80;80;48;2;25;25;25m~[38;2;143;143;143;48;2;48;48;48m~[38;2;212;212;212;48;2;79;79;79m~[38;2;0;0;0;48;2;149;149;149m_[38;2;20;20;20;48;2;198;198;198m_[38;2;118;118;118;48;2;225;225;225m_[38;2;223;223;223;48;2;245;245;245m,[38;2;247;247;247;48;2;251;251;251m__[38;2;249;249;249m_[38;2;245;245;245m_[38;2;237;237;237m_[38;2;220;220;220;48;2;248;248;248m_[38;2;239;239;239;48;2;250;250;250m_[38;2;251;251;251;48;2;252;252;252m;[48;2;251;251;251m [38;2;252;252;252m:[48;2;252;252;252m                                   [0m
[7m[38;2;252;252;252m [0m[38;2;0;0;0;48;2;252;252;252m                                     [38;2;252;252;252;48;2;251;251;251m: [38;2;244;244;244;48;2;247;247;247mu[38;2;187;187;187;48;2;203;203;203my[38;2;66;66;66;48;2;40;40;40mF[38;2;0;0;0;48;2;1;1;1m:[38;2;2;2;2;48;2;0;0;0m`                       [38;2;1;1;1m``  [38;2;0;0;0;48;2;3;3;3m:[38;2;77;77;77;48;2;15;15;15m~[38;2;155;155;155;48;2;46;46;46m~[38;2;58;58;58;48;2;149;149;149my[38;2;82;82;82;48;2;189;189;189m_[38;2;73;73;73;48;2;167;167;167my[38;2;193;193;193;48;2;90;90;90m~[38;2;169;169;169;48;2;73;73;73m~[38;2;155;155;155;48;2;65;65;65m~[38;2;173;173;173;48;2;73;73;73m~[38;2;86;86;86;48;2;170;170;170my[38;2;186;186;186;48;2;234;234;234m_[38;2;243;243;243;48;2;250;250;250m,[38;2;252;252;252;48;2;251;251;251m::[48;2;252;252;252m                                 [0m
[7m[38;2;252;252;252m [0m[38;2;0;0;0;48;2;252;252;252m                                     [38;2;252;252;252;48;2;251;251;251m: [38;2;241;241;241;48;2;245;245;245m4[38;2;177;177;177;48;2;189;189;189m4[38;2;56;56;56;48;2;28;28;28mL[48;2;0;0;0m                               [38;2;1;1;1m`[38;2;2;2;2;48;2;1;1;1m`[38;2;44;44;44;48;2;11;11;11m`[38;2;9;9;9;48;2;73;73;73m`[38;2;107;107;107;48;2;201;201;201m~[38;2;172;172;172;48;2;231;231;231m~[38;2;177;177;177;48;2;229;229;229m~[38;2;97;97;97;48;2;148;148;148m~[38;2;42;42;42;48;2;65;65;65m7[38;2;133;133;133;48;2;145;145;145m$[38;2;225;225;225;48;2;236;236;236mL[48;2;250;250;250m [48;2;251;251;251m [48;2;252;252;252m                                 [0m
[7m[38;2;252;252;252m [0m[38;2;0;0;0;48;2;252;252;252m                                     [38;2;252;252;252;48;2;251;251;251m:.[48;2;250;250;250m:[38;2;208;208;208;48;2;217;217;217m4[38;2;88;88;88;48;2;51;51;51mL[38;2;0;0;0;48;2;3;3;3m:[38;2;1;1;1;48;2;0;0;0m_                               [38;2;0;0;0;48;2;8;8;8m:[38;2;107;107;107;48;2;81;81;81m_[38;2;218;218;218;48;2;232;232;232mL[38;2;254;254;254;48;2;250;250;250m.[38;2;172;172;172;48;2;229;229;229m_[38;2;76;76;76;48;2;122;122;122my[38;2;116;116;116;48;2;69;69;69m_[38;2;163;163;163;48;2;206;206;206m~[38;2;238;238;238;48;2;248;248;248m~[38;2;250;250;250;48;2;251;251;251m" [48;2;252;252;252m                                 [0m
[7m[38;2;252;252;252m [0m[38;2;0;0;0;48;2;252;252;252m                                      [38;2;252;252;252;48;2;251;251;251m: [38;2;250;250;250;48;2;238;238;238m:[38;2;185;185;185;48;2;140;140;140my[38;2;10;10;10;48;2;30;30;30m:[38;2;0;0;0;48;2;1;1;1m.[48;2;0;0;0m                              [48;2;1;1;1m:[38;2;51;51;51;48;2;33;33;33mu[38;2;123;123;123;48;2;163;163;163m~[38;2;71;71;71;48;2;210;210;210m_[38;2;7;7;7;48;2;156;156;156m_[38;2;130;130;130;48;2;68;68;68m~[38;2;206;206;206;48;2;95;95;95m_[38;2;146;146;146;48;2;213;213;213m~[38;2;234;234;234;48;2;248;248;248m~[38;2;250;250;250;48;2;251;251;251m"[38;2;252;252;252m.[48;2;252;252;252m                                  [0m
[7m[38;2;252;252;252m [0m[38;2;0;0;0;48;2;252;252;252m                                       [38;2;252;252;252;48;2;251;251;251m:.[38;2;226;226;226;48;2;239;239;239m`[38;2;108;108;108;48;2;174;174;174m~[38;2;144;144;144;48;2;52;52;52m_[38;2;28;28;28;48;2;8;8;8m,[48;2;0;0;0m                             [38;2;0;0;0;48;2;2;2;2m:[38;2;42;42;42;48;2;27;27;27m`[38;2;27;27;27;48;2;80;80;80mm[38;2;194;194;194;48;2;83;83;83m_[38;2;211;211;211;48;2;125;125;125my[38;2;143;143;143;48;2;216;216;216m~[38;2;223;223;223;48;2;245;245;245m~[38;2;249;249;249;48;2;251;251;251m~[38;2;252;252;252m.:[48;2;252;252;252m                                   [0m
[7m[38;2;252;252;252m [0m[38;2;0;0;0;48;2;252;252;252m                                        [38;2;252;252;252;48;2;251;251;251m: [38;2;244;244;244;48;2;248;248;248m`[38;2;188;188;188;48;2;228;228;228m~[38;2;72;72;72;48;2;164;164;164m~[38;2;169;169;169;48;2;61;61;61m_[38;2;42;42;42;48;2;13;13;13m,[48;2;0;0;0m                        [38;2;0;0;0;48;2;1;1;1m:[48;2;25;25;25m`[38;2;204;204;204;48;2;74;74;74m_[38;2;34;34;34;48;2;157;157;157m~[38;2;87;87;87;48;2;203;203;203m~[38;2;171;171;171;48;2;231;231;231m~[38;2;234;234;234;48;2;248;248;248m~[38;2;249;249;249;48;2;251;251;251m` [38;2;252;252;252m:[48;2;252;252;252m                                      [0m
[7m[38;2;252;252;252m [0m[38;2;0;0;0;48;2;252;252;252m                                            [38;2;252;252;252;48;2;250;250;250m:[38;2;197;197;197;48;2;238;238;238m`[38;2;129;129;129;48;2;193;193;193m~[38;2;117;117;117;48;2;61;61;61m_[38;2;18;18;18;48;2;7;7;7m,[48;2;0;0;0m                  [38;2;0;0;0;48;2;3;3;3m`[38;2;79;79;79;48;2;9;9;9m_[38;2;141;141;141;48;2;30;30;30m_[38;2;197;197;197;48;2;75;75;75m_[38;2;60;60;60;48;2;164;164;164m~[38;2;151;151;151;48;2;220;220;220m~[38;2;223;223;223;48;2;246;246;246m~[38;2;249;249;249;48;2;252;252;252m~[38;2;253;253;253m`[48;2;251;251;251m [38;2;252;252;252m:[48;2;252;252;252m                                         [0m
[7m[38;2;252;252;252m [0m[38;2;0;0;0;48;2;252;252;252m                                            [38;2;252;252;252;48;2;251;251;251m: [48;2;243;243;243m:[38;2;147;147;147;48;2;178;178;178m~[38;2;62;62;62;48;2;31;31;31mL[48;2;0;0;0m                [38;2;0;0;0;48;2;4;4;4m:[38;2;97;97;97;48;2;37;37;37m_[38;2;39;39;39;48;2;150;150;150m~[38;2;114;114;114;48;2;210;210;210m~[38;2;186;186;186;48;2;235;235;235m~[38;2;235;235;235;48;2;249;249;249m~[38;2;249;249;249;48;2;251;251;251m`[48;2;252;252;252m                                               [0m
[7m[38;2;252;252;252m [0m[38;2;0;0;0;48;2;252;252;252m                                            [38;2;252;252;252;48;2;251;251;251m: [38;2;253;253;253;48;2;240;240;240m'[38;2;106;106;106;48;2;166;166;166my[38;2;52;52;52;48;2;27;27;27m~[48;2;0;0;0m               [38;2;0;0;0;48;2;8;8;8m:[38;2;104;104;104;48;2;61;61;61my[38;2;140;140;140;48;2;203;203;203m~[38;2;252;252;252;48;2;246;246;246m.[48;2;251;251;251m` :[48;2;252;252;252m                                                [0m
[7m[38;2;252;252;252m [0m[38;2;0;0;0;48;2;252;252;252m                                            [38;2;252;252;252;48;2;251;251;251m:[38;2;251;251;251;48;2;252;252;252my[48;2;235;235;235m:[38;2;183;183;183;48;2;108;108;108m_[38;2;62;62;62;48;2;24;24;24m,[38;2;0;0;0;48;2;2;2;2m`[48;2;0;0;0m             [38;2;1;1;1m_[38;2;35;35;35;48;2;22;22;22m4[38;2;147;147;147;48;2;131;131;131m4[38;2;231;231;231;48;2;240;240;240mL[38;2;249;249;249;48;2;250;250;250m.[48;2;251;251;251m [48;2;252;252;252m                                                  [0m
[7m[38;2;252;252;252m [0m[38;2;0;0;0;48;2;252;252;252m                                            [38;2;252;252;252;48;2;251;251;251m:.[38;2;253;253;253;48;2;250;250;250m'[38;2;206;206;206;48;2;240;240;240m`[38;2;145;145;145;48;2;213;213;213m~[38;2;85;85;85;48;2;177;177;177m~[38;2;192;192;192;48;2;108;108;108my[38;2;162;162;162;48;2;78;78;78my[38;2;189;189;189;48;2;62;62;62m_[38;2;168;168;168;48;2;46;46;46m_[38;2;150;150;150;48;2;32;32;32m_[38;2;132;132;132;48;2;21;21;21m_[38;2;118;118;118;48;2;16;16;16m_[38;2;108;108;108;48;2;12;12;12m_[38;2;107;107;107;48;2;11;11;11m_[48;2;10;10;10m_[38;2;108;108;108;48;2;11;11;11m_[38;2;107;107;107;48;2;12;12;12m_[38;2;115;115;115;48;2;17;17;17m_[38;2;146;146;146;48;2;31;31;31m_[38;2;182;182;182;48;2;72;72;72m_[38;2;124;124;124;48;2;182;182;182m~[38;2;248;248;248;48;2;243;243;243m`[38;2;249;249;249;48;2;250;250;250m"[38;2;252;252;252;48;2;251;251;251m.[48;2;252;252;252m                                                  [0m
[7m[38;2;252;252;252m [0m[38;2;0;0;0;48;2;252;252;252m                                                [38;2;252;252;252;48;2;251;251;251m:[38;2;250;250;250;48;2;252;252;252m`[38;2;242;242;242;48;2;251;251;251m`[38;2;233;233;233;48;2;250;250;250m`[38;2;224;224;224;48;2;249;249;249m`[38;2;207;207;207;48;2;244;244;244m`[38;2;208;208;208;48;2;240;240;240m~[38;2;188;188;188;48;2;234;234;234m~[38;2;170;170;170;48;2;228;228;228m~[38;2;156;156;156;48;2;225;225;225m~[38;2;154;154;154;48;2;224;224;224m~[38;2;155;155;155;48;2;225;225;225m~[38;2;156;156;156m~[38;2;155;155;155m~[38;2;163;163;163;48;2;228;228;228m~[38;2;199;199;199;48;2;238;238;238m~[38;2;215;215;215;48;2;246;246;246m`[38;2;244;244;244;48;2;251;251;251m`[48;2;252;252;252m                                                     [0m
[7m[38;2;252;252;252m [0m[38;2;0;0;0;48;2;252;252;252m                                                     [38;2;252;252;252;48;2;251;251;251m:..........:[48;2;252;252;252m                                                      [0m
[7m[38;2;252;252;252m [0m[38;2;0;0;0;48;2;252;252;252m                                                                                                                       [0m
[7m[38;2;252;252;252m [0m[38;2;0;0;0;48;2;252;252;252m                                                                                                                       [0m
[7m[38;2;252;252;252m [0m[38;2;0;0;0;48;2;252;252;252m                                                                                                                       [0m
[7m[38;2;252;252;252m [0m[38;2;0;0;0;48;2;252;252;252m                                                                                                                       [0m
[7m[38;2;252;252;252m [0m[38;2;0;0;0;48;2;252;252;252m                                                                                                                       [0m
[7m[38;2;252;252;252m [0m[38;2;0;0;0;48;2;252;252;252m                                                                                                                       [0m
[7m[38;2;252;252;252m [0m[38;2;0;0;0;48;2;252;252;252m                                                                                                                       [0m
[7m[38;2;252;252;252m [0m[38;2;0;0;0;48;2;252;252;252m                                                                                                                       [0m
[7m[38;2;252;252;252m [0m[38;2;0;0;0;48;2;252;252;252m                                                                                                                       [0m
[7m[38;2;252;252;252m [0m[38;2;0;0;0;48;2;252;252;252m                                                                                                                       [0m
[7m[38;2;252;252;252m [0m[38;2;0;0;0;48;2;252;252;252m                                                                                                                       [0m
[7m[38;2;252;252;252m [0m[38;2;0;0;0;48;2;252;252;252m                                                                                                                       [0m
[7m[38;2;252;252;252m [0m[38;2;0;0;0;48;2;252;252;252m                                                                                                                       [0m
[7m[38;2;252;252;252m [0m[38;2;0;0;0;48;2;252;252;252m                                                                                                                       [0m
[7m[38;2;252;252;252m [0m[38;2;0;0;0;48;2;252;252;252m                                                                                                                       [0m
[7m[38;2;252;252;252m [0m[38;2;0;0;0;48;2;252;252;252m                                                                                                                       [0m
[7m[38;2;252;252;252m [0m[38;2;0;0;0;48;2;252;252;252m                                                                                                                       [0m
[7m[38;2;252;252;252m [0m[38;2;0;0;0;48;2;252;252;252m                                                                                                                       [0m
[?25h