[?25l[0m[7m[38;2;252;252;252m [0m[38;2;0;0;0;48;2;252;252;252m                                                                                                                       [0m
[7m[38;2;252;252;252m [0m[38;2;0;0;0;48;2;252;252;252m                                                                                                                       [0m
[7m[38;2;252;252;252m [0m[38;2;0;0;0;48;2;252;252;252m                                                                                                                       [0m
[7m[38;2;252;252;252m [0m[38;2;0;0;0;48;2;252;252;252m                                                                                                                       [0m
[7m[38;2;252;252;252m [0m[38;2;0;0;0;48;2;252;252;252m                                                                                                                       [0m
[7m[38;2;252;252;252m [0m[38;2;0;0;0;48;2;252;252;252m                             [38;2;252;252;252;48;2;251;251;251m:.[48;2;252;252;252m  [48;2;251;251;251m:   .[48;2;252;252;252m                                                                                 [0m
[7m[38;2;252;252;252m [0m[38;2;0;0;0;48;2;252;252;252m                            [38;2;252;252;252;48;2;251;251;251m:[48;2;246;246;246m`[38;2;182;182;182;48;2;240;240;240m_[38;2;252;252;252;48;2;248;248;248m`[38;2;244;244;244;48;2;250;250;250m_[38;2;224;224;224;48;2;247;247;247m_[38;2;185;185;185;48;2;239;239;239m_[38;2;157;157;157;48;2;234;234;234m_[38;2;158;158;158;48;2;235;235;235m_[38;2;200;200;200;48;2;242;242;242m_[38;2;252;252;252;48;2;251;251;251m`[38;2;253;253;253m. [48;2;252;252;252m                                                                              [0m
[7m[38;2;252;252;252m [0m[38;2;0;0;0;48;2;252;252;252m                          [48;2;251;251;251m [38;2;251;251;251;48;2;250;250;250m_[38;2;248;248;248;48;2;233;233;233m`[38;2;109;109;109;48;2;156;156;156my[38;2;142;142;142;48;2;61;61;61m~[38;2;33;33;33;48;2;118;118;118my[38;2;183;183;183;48;2;59;59;59m~[38;2;162;162;162;48;2;35;35;35m~[38;2;133;133;133;48;2;24;24;24m~[38;2;111;111;111;48;2;20;20;20m~~[38;2;141;141;141;48;2;31;31;31m~[38;2;186;186;186;48;2;69;69;69m~[38;2;57;57;57;48;2;167;167;167m_[38;2;175;175;175;48;2;234;234;234m_[38;2;251;251;251;48;2;249;249;249m:[48;2;251;251;251m [38;2;252;252;252m.[48;2;252;252;252m                                                                           [0m
[7m[38;2;252;252;252m [0m[38;2;0;0;0;48;2;252;252;252m                          [38;2;252;252;252;48;2;251;251;251m:[48;2;249;249;249m`[38;2;195;195;195;48;2;208;208;208m_[38;2;16;16;16;48;2;52;52;52m.[38;2;0;0;0;48;2;2;2;2m:[38;2;2;2;2;48;2;0;0;0m~[38;2;1;1;1m"     [38;2;2;2;2m~[38;2;35;35;35;48;2;6;6;6m`[38;2;106;106;106;48;2;44;44;44m~[38;2;59;59;59;48;2;156;156;156m_[38;2;190;190;190;48;2;236;236;236m_[48;2;251;251;251m [38;2;250;250;250m_[38;2;252;252;252m:[48;2;252;252;252m                                                                         [0m
[7m[38;2;252;252;252m [0m[38;2;0;0;0;48;2;252;252;252m                         [38;2;252;252;252;48;2;251;251;251m: [38;2;245;245;245;48;2;244;244;244m`[38;2;172;172;172;48;2;193;193;193m4[38;2;112;112;112;48;2;37;37;37m_[38;2;23;23;23;48;2;6;6;6m,[48;2;0;0;0m         [38;2;2;2;2m`[38;2;57;57;57;48;2;23;23;23m`[38;2;72;72;72;48;2;126;126;126mL[38;2;183;183;183;48;2;229;229;229m_[38;2;254;254;254;48;2;250;250;250m.[38;2;250;250;250;48;2;251;251;251m_[38;2;252;252;252m:[48;2;252;252;252m                                                                        [0m
[7m[38;2;252;252;252m [0m[38;2;0;0;0;48;2;252;252;252m                          [38;2;252;252;252;48;2;251;251;251m:[38;2;250;250;250m~[38;2;232;232;232;48;2;245;245;245m`[38;2;160;160;160;48;2;219;219;219m~[38;2;74;74;74;48;2;155;155;155m~[38;2;49;49;49;48;2;23;23;23mr[48;2;0;0;0m         [38;2;2;2;2;48;2;1;1;1m`[38;2;51;51;51;48;2;37;37;37m4[38;2;162;162;162;48;2;148;148;148m4[38;2;242;242;242;48;2;246;246;246mL[38;2;249;249;249;48;2;250;250;250m:[38;2;252;252;252;48;2;251;251;251m:[48;2;252;252;252m                                                                        [0m
[7m[38;2;252;252;252m [0m[38;2;0;0;0;48;2;252;252;252m                           [38;2;252;252;252;48;2;251;251;251m:.[38;2;244;244;244;48;2;249;249;249m`[38;2;195;195;195;48;2;228;228;228m"[38;2;192;192;192;48;2;120;120;120my[38;2;106;106;106;48;2;26;26;26m_[38;2;0;0;0;48;2;4;4;4m`[38;2;9;9;9;48;2;0;0;0m_    [38;2;0;0;0;48;2;1;1;1m`[38;2;31;31;31;48;2;2;2;2m_[38;2;65;65;65;48;2;10;10;10m_[38;2;165;165;165;48;2;74;74;74m_[38;2;145;145;145;48;2;201;201;201m~[38;2;254;254;254;48;2;249;249;249m:[38;2;252;252;252;48;2;251;251;251m_:[48;2;252;252;252m                                                                        [0m
[7m[38;2;252;252;252m [0m[38;2;0;0;0;48;2;252;252;252m                             [38;2;252;252;252;48;2;251;251;251m.[38;2;250;250;250;48;2;246;246;246m`[38;2;140;140;140;48;2;227;227;227m_[38;2;66;66;66;48;2;166;166;166m_[38;2;47;47;47;48;2;30;30;30mL[38;2;19;19;19;48;2;6;6;6m~[48;2;0;0;0m  [38;2;0;0;0;48;2;1;1;1m`[38;2;85;85;85;48;2;33;33;33m_[38;2;183;183;183;48;2;101;101;101my[38;2;65;65;65;48;2;189;189;189m~[38;2;97;97;97;48;2;208;208;208m~[38;2;203;203;203;48;2;237;237;237m"[38;2;253;253;253;48;2;250;250;250m'[38;2;252;252;252;48;2;251;251;251m:[48;2;252;252;252m                                                                          [0m
[7m[38;2;252;252;252m [0m[38;2;0;0;0;48;2;252;252;252m                           [38;2;252;252;252;48;2;251;251;251m: [38;2;246;246;246;48;2;250;250;250m_[38;2;213;213;213;48;2;229;229;229m_[38;2;157;157;157;48;2;122;122;122mL[38;2;1;1;1;48;2;18;18;18m:[48;2;0;0;0m    [38;2;2;2;2m`[38;2;59;59;59;48;2;27;27;27m~[38;2;85;85;85;48;2;140;140;140mL[38;2;207;207;207;48;2;238;238;238m_[38;2;254;254;254;48;2;251;251;251m. [48;2;252;252;252m                                                                            [0m
[7m[38;2;252;252;252m [0m[38;2;0;0;0;48;2;252;252;252m                          [48;2;251;251;251m [38;2;251;251;251;48;2;250;250;250m~[48;2;242;242;242m`[38;2;91;91;91;48;2;199;199;199m_[38;2;179;179;179;48;2;75;75;75m~[38;2;92;92;92;48;2;16;16;16m`[38;2;0;0;0;48;2;1;1;1m:[48;2;0;0;0m     [38;2;1;1;1m~[38;2;67;67;67;48;2;24;24;24m`[38;2;79;79;79;48;2;132;132;132mL[38;2;197;197;197;48;2;238;238;238m_[38;2;254;254;254;48;2;251;251;251m.[38;2;252;252;252m`[48;2;252;252;252m                                                                           [0m
[7m[38;2;252;252;252m [0m[38;2;0;0;0;48;2;252;252;252m                        [38;2;252;252;252;48;2;251;251;251m:.[38;2;251;251;251;48;2;250;250;250m`[38;2;250;250;250;48;2;234;234;234m`[38;2;101;101;101;48;2;173;173;173my[38;2;3;3;3;48;2;30;30;30m:[38;2;0;0;0;48;2;1;1;1m`[38;2;1;1;1;48;2;0;0;0m`       :[38;2;32;32;32;48;2;70;70;70mF[38;2;173;173;173;48;2;192;192;192mF[38;2;254;254;254;48;2;247;247;247m'[48;2;250;250;250m [38;2;252;252;252;48;2;251;251;251m:[48;2;252;252;252m                                                                          [0m
[7m[38;2;252;252;252m [0m[38;2;0;0;0;48;2;252;252;252m                        [48;2;251;251;251m [38;2;251;251;251;48;2;250;250;250m`[38;2;228;228;228;48;2;237;237;237m4[38;2;135;135;135;48;2;161;161;161m4[38;2;0;0;0;48;2;22;22;22m:[48;2;1;1;1m`[48;2;0;0;0m         [38;2;1;1;1m_[38;2;50;50;50;48;2;23;23;23m`[38;2;103;103;103;48;2;130;130;130m$[38;2;226;226;226;48;2;234;234;234mr[38;2;250;250;250;48;2;251;251;251m_ [48;2;252;252;252m                                                                          [0m
[7m[38;2;252;252;252m [0m[38;2;0;0;0;48;2;252;252;252m                        [38;2;252;252;252;48;2;251;251;251m::[38;2;243;243;243;48;2;249;249;249m`[38;2;195;195;195;48;2;231;231;231m"[38;2;90;90;90;48;2;181;181;181m~[38;2;179;179;179;48;2;87;87;87my[38;2;0;0;0;48;2;18;18;18m`[48;2;0;0;0m        [38;2;1;1;1m`[38;2;20;20;20;48;2;7;7;7m"[38;2;96;96;96;48;2;73;73;73m4[38;2;147;147;147;48;2;207;207;207m_[38;2;254;254;254;48;2;249;249;249m:[38;2;249;249;249;48;2;251;251;251m,[38;2;252;252;252m:[48;2;252;252;252m                                                                         [0m
[7m[38;2;252;252;252m [0m[38;2;0;0;0;48;2;252;252;252m                           [38;2;252;252;252;48;2;251;251;251m:[38;2;253;253;253;48;2;252;252;252m:[38;2;209;209;209;48;2;219;219;219m4[38;2;61;61;61;48;2;40;40;40mL[38;2;0;0;0;48;2;1;1;1m:[48;2;0;0;0m     [48;2;2;2;2m`[38;2;14;14;14;48;2;7;7;7ma[38;2;0;0;0;48;2;1;1;1m`[38;2;1;1;1;48;2;0;0;0m`[38;2;28;28;28;48;2;8;8;8m`[38;2;54;54;54;48;2;95;95;95mi[38;2;179;179;179;48;2;224;224;224m_[38;2;253;253;253;48;2;250;250;250m:[38;2;250;250;250;48;2;251;251;251m_[38;2;252;252;252m:[48;2;252;252;252m                                                                        [0m
[7m[38;2;252;252;252m [0m[38;2;0;0;0;48;2;252;252;252m                          [48;2;251;251;251m [38;2;252;252;252;48;2;250;250;250m`[38;2;205;205;205;48;2;236;236;236m_[38;2;92;92;92;48;2;163;163;163my[38;2;0;0;0;48;2;20;20;20m:[48;2;0;0;0m      [38;2;2;2;2m`[38;2;9;9;9;48;2;1;1;1m~[38;2;1;1;1;48;2;0;0;0m` [38;2;2;2;2;48;2;6;6;6m`[38;2;117;117;117;48;2;71;71;71m_[38;2;177;177;177;48;2;208;208;208mF[38;2;254;254;254;48;2;249;249;249m:[48;2;250;250;250m [38;2;252;252;252;48;2;251;251;251m:[48;2;252;252;252m                                                                        [0m
[7m[38;2;252;252;252m [0m[38;2;0;0;0;48;2;252;252;252m                         [48;2;251;251;251m [38;2;250;250;250m.[38;2;243;243;243;48;2;231;231;231m`[38;2;171;171;171;48;2;133;133;133m~[38;2;0;0;0;48;2;20;20;20m:[38;2;1;1;1;48;2;0;0;0m.         [48;2;2;2;2m:[38;2;83;83;83;48;2;55;55;55my[38;2;130;130;130;48;2;191;191;191m~[38;2;254;254;254;48;2;248;248;248m:[38;2;249;249;249;48;2;251;251;251mT[38;2;252;252;252m:[48;2;252;252;252m                                                                         [0m
[7m[38;2;252;252;252m [0m[38;2;0;0;0;48;2;252;252;252m                        [38;2;252;252;252;48;2;251;251;251m.[38;2;250;250;250m_[48;2;244;244;244m`[38;2;134;134;134;48;2;195;195;195m_[38;2;96;96;96;48;2;42;42;42m~[38;2;0;0;0;48;2;3;3;3m`[48;2;0;0;0m         [38;2;1;1;1m.[38;2;55;55;55;48;2;35;35;35my[38;2;124;124;124;48;2;158;158;158mF[38;2;254;254;254;48;2;246;246;246m:[38;2;249;249;249;48;2;251;251;251ms[38;2;252;252;252m:[48;2;252;252;252m                                                                          [0m
[7m[38;2;252;252;252m [0m[38;2;0;0;0;48;2;252;252;252m                        [48;2;251;251;251m [38;2;251;251;251;48;2;250;250;250m_[38;2;235;235;235;48;2;223;223;223m:[38;2;118;118;118;48;2;101;101;101mF[38;2;18;18;18;48;2;9;9;9mL[38;2;1;1;1;48;2;0;0;0m.         `[38;2;17;17;17;48;2;42;42;42mF[38;2;122;122;122;48;2;146;146;146ml[38;2;239;239;239;48;2;244;244;244mL[38;2;250;250;250;48;2;252;252;252m_[38;2;252;252;252;48;2;251;251;251m:[48;2;252;252;252m                                                                          [0m
[7m[38;2;252;252;252m [0m[38;2;0;0;0;48;2;252;252;252m                       [48;2;251;251;251m [38;2;252;252;252m`[38;2;251;251;251;48;2;234;234;234m`[38;2;112;112;112;48;2;162;162;162my[38;2;0;0;0;48;2;21;21;21m:[38;2;1;1;1;48;2;0;0;0m.          `[38;2;27;27;27;48;2;10;10;10m"[38;2;48;48;48;48;2;102;102;102mL[38;2;175;175;175;48;2;222;222;222m_[38;2;254;254;254;48;2;250;250;250m:[38;2;249;249;249;48;2;251;251;251m_[38;2;252;252;252m:[48;2;252;252;252m                                                                         [0m
[7m[38;2;252;252;252m [0m[38;2;0;0;0;48;2;252;252;252m                      [48;2;251;251;251m  [38;2;252;252;252;48;2;245;245;245m`[38;2;172;172;172;48;2;198;198;198my[38;2;71;71;71;48;2;36;36;36m`[38;2;0;0;0;48;2;1;1;1m:[38;2;1;1;1;48;2;0;0;0m`           ^[38;2;48;48;48;48;2;20;20;20m`[38;2;81;81;81;48;2;127;127;127mL[38;2;229;229;229;48;2;240;240;240m,[38;2;250;250;250;48;2;251;251;251m~ [48;2;252;252;252m                                                                         [0m
[7m[38;2;252;252;252m [0m[38;2;0;0;0;48;2;252;252;252m                      [38;2;252;252;252;48;2;251;251;251m'[38;2;249;249;249;48;2;250;250;250mF[38;2;236;236;236;48;2;224;224;224m`[38;2;146;146;146;48;2;103;103;103m~[38;2;0;0;0;48;2;10;10;10m:[48;2;0;0;0m              [38;2;1;1;1m:[38;2;69;69;69;48;2;48;48;48mJ[38;2;143;143;143;48;2;178;178;178mL[38;2;254;254;254;48;2;247;247;247m:[48;2;250;250;250m [38;2;252;252;252;48;2;251;251;251m:[48;2;252;252;252m                                                                        [0m
[7m[38;2;252;252;252m [0m[38;2;0;0;0;48;2;252;252;252m                     [38;2;252;252;252;48;2;251;251;251m:4[48;2;247;247;247m'[38;2;186;186;186;48;2;201;201;201my[38;2;12;12;12;48;2;36;36;36m:[48;2;0;0;0m               [38;2;1;1;1m`[38;2;18;18;18;48;2;7;7;7m`[38;2;57;57;57;48;2;97;97;97mi[38;2;199;199;199;48;2;230;230;230m_[38;2;253;253;253;48;2;251;251;251m:[38;2;250;250;250m_[38;2;252;252;252m:[48;2;252;252;252m                                                                       [0m
[7m[38;2;252;252;252m [0m[38;2;0;0;0;48;2;252;252;252m                     [38;2;252;252;252;48;2;251;251;251m|[38;2;251;251;251;48;2;250;250;250m4[38;2;225;225;225;48;2;231;231;231mu[38;2;171;171;171;48;2;129;129;129m~[38;2;0;0;0;48;2;14;14;14m:[48;2;0;0;0m                 [38;2;58;58;58;48;2;38;38;38m4[38;2;130;130;130;48;2;162;162;162mL[38;2;254;254;254;48;2;246;246;246m:[48;2;250;250;250m [38;2;252;252;252;48;2;251;251;251m:[48;2;252;252;252m                                                                       [0m
[7m[38;2;252;252;252m [0m[38;2;0;0;0;48;2;252;252;252m                     [38;2;252;252;252;48;2;251;251;251m.[38;2;250;250;250m'[38;2;229;229;229;48;2;215;215;215m:[38;2;94;94;94;48;2;63;63;63m~[38;2;0;0;0;48;2;4;4;4m:[38;2;1;1;1;48;2;0;0;0m^               `[38;2;20;20;20;48;2;11;11;11m"[38;2;70;70;70;48;2;110;110;110mi[38;2;235;235;235;48;2;243;243;243mL[38;2;253;253;253;48;2;252;252;252my[48;2;251;251;251m [48;2;252;252;252m                                                                       [0m
[7m[38;2;252;252;252m [0m[38;2;0;0;0;48;2;252;252;252m                    [48;2;251;251;251m [38;2;250;250;250mL[38;2;249;249;249;48;2;240;240;240m'[38;2;197;197;197;48;2;168;168;168mF[38;2;0;0;0;48;2;21;21;21m:[48;2;0;0;0m                  [48;2;1;1;1m:[38;2;45;45;45;48;2;82;82;82mi[38;2;208;208;208;48;2;223;223;223mL[38;2;254;254;254;48;2;251;251;251m: [48;2;252;252;252m                                                                       [0m
[7m[38;2;252;252;252m [0m[38;2;0;0;0;48;2;252;252;252m                    [38;2;252;252;252;48;2;251;251;251m|[38;2;251;251;251;48;2;250;250;250mJ[38;2;216;216;216;48;2;226;226;226m4[38;2;143;143;143;48;2;104;104;104m~[38;2;0;0;0;48;2;10;10;10m:[38;2;1;1;1;48;2;0;0;0m.                  [38;2;35;35;35;48;2;67;67;67ml[38;2;183;183;183;48;2;199;199;199mL[38;2;246;246;246;48;2;249;249;249mL[48;2;250;250;250m [38;2;252;252;252;48;2;251;251;251m:[48;2;252;252;252m                                                                      [0m
[7m[38;2;252;252;252m [0m[38;2;0;0;0;48;2;252;252;252m                   [38;2;252;252;252;48;2;251;251;251m::[38;2;251;251;251;48;2;250;250;250m:[38;2;200;200;200;48;2;210;210;210m_[38;2;20;20;20;48;2;47;47;47m.[38;2;0;0;0;48;2;1;1;1m:[48;2;0;0;0m                   [38;2;26;26;26;48;2;55;55;55ml[38;2;153;153;153;48;2;176;176;176mL[38;2;243;243;243;48;2;247;247;247mL[38;2;249;249;249;48;2;250;250;250m:[38;2;252;252;252;48;2;251;251;251m:[48;2;252;252;252m                                                                      [0m
[7m[38;2;252;252;252m [0m[38;2;0;0;0;48;2;252;252;252m                   [48;2;251;251;251m [38;2;252;252;252m`[38;2;236;236;236;48;2;240;240;240mu[38;2;191;191;191;48;2;164;164;164mF[38;2;0;0;0;48;2;19;19;19m:[48;2;0;0;0m                   [38;2;1;1;1m:[38;2;45;45;45;48;2;30;30;30m4[38;2;116;116;116;48;2;144;144;144mi[38;2;240;240;240;48;2;245;245;245mL[38;2;249;249;249;48;2;250;250;250m:[38;2;252;252;252;48;2;251;251;251m:[48;2;252;252;252m                                                                      [0m
[7m[38;2;252;252;252m [0m[38;2;0;0;0;48;2;252;252;252m                   [38;2;252;252;252;48;2;251;251;251m|[38;2;251;251;251;48;2;250;250;250m4[38;2;220;220;220;48;2;228;228;228m4[38;2;142;142;142;48;2;118;118;118mF[38;2;0;0;0;48;2;12;12;12m:[48;2;0;0;0m                   [38;2;1;1;1m~[38;2;2;2;2;48;2;14;14;14m:[38;2;72;72;72;48;2;112;112;112mi[38;2;236;236;236;48;2;243;243;243mL[38;2;253;253;253;48;2;251;251;251my[38;2;252;252;252m:[48;2;252;252;252m                                                                      [0m
[7m[38;2;252;252;252m [0m[38;2;0;0;0;48;2;252;252;252m                   [48;2;251;251;251m  [38;2;208;208;208;48;2;220;220;220m4[38;2;96;96;96;48;2;74;74;74m~[38;2;0;0;0;48;2;5;5;5m:[38;2;1;1;1;48;2;0;0;0m:                   [38;2;0;0;0;48;2;1;1;1m:[38;2;41;41;41;48;2;80;80;80mi[38;2;203;203;203;48;2;220;220;220mL[38;2;254;254;254;48;2;250;250;250m:[38;2;252;252;252;48;2;251;251;251m":[48;2;252;252;252m                                                                     [0m
[7m[38;2;252;252;252m [0m[38;2;0;0;0;48;2;252;252;252m                   [38;2;252;252;252;48;2;251;251;251m::[38;2;200;200;200;48;2;212;212;212m4[38;2;46;46;46;48;2;39;39;39mL[38;2;0;0;0;48;2;1;1;1m:[48;2;0;0;0m                     [38;2;61;61;61;48;2;42;42;42m4[38;2;142;142;142;48;2;170;170;170mL[38;2;254;254;254;48;2;246;246;246m:[38;2;249;249;249;48;2;250;250;250m:[38;2;252;252;252;48;2;251;251;251m:[48;2;252;252;252m                                                                     [0m
[?25h