[?25l[0m[7m[38;2;252;252;252m [0m[38;2;0;0;0;48;2;252;252;252m                                                                                                                       [0m
[7m[38;2;252;252;252m [0m[38;2;0;0;0;48;2;252;252;252m                                                                                                                       [0m
[7m[38;2;252;252;252m [0m[38;2;0;0;0;48;2;252;252;252m                                                                                                                       [0m
[7m[38;2;252;252;252m [0m[38;2;0;0;0;48;2;252;252;252m                                                                                                                       [0m
[7m[38;2;252;252;252m [0m[38;2;0;0;0;48;2;252;252;252m                                                                                                                       [0m
[7m[38;2;252;252;252m [0m[38;2;0;0;0;48;2;252;252;252m                                                                                                                       [0m
[7m[38;2;252;252;252m [0m[38;2;0;0;0;48;2;252;252;252m                                                                                                                       [0m
[7m[38;2;252;252;252m [0m[38;2;0;0;0;48;2;252;252;252m                                                            [38;2;253;253;253;48;2;251;251;251m.[38;2;237;237;237;48;2;250;250;250m_[38;2;223;223;223;48;2;249;249;249m_[38;2;217;217;217m_[38;2;234;234;234;48;2;250;250;250m_[38;2;252;252;252;48;2;251;251;251m:[38;2;251;251;251;48;2;252;252;252m_                                                    [0m
[7m[38;2;252;252;252m [0m[38;2;0;0;0;48;2;252;252;252m                                                         [38;2;252;252;252;48;2;251;251;251m:[38;2;250;250;250m_[38;2;253;253;253;48;2;249;249;249m:[38;2;163;163;163;48;2;225;225;225m_[38;2;74;74;74;48;2;149;149;149my[38;2;190;190;190;48;2;124;124;124m~[38;2;165;165;165;48;2;180;180;180mF[38;2;220;220;220;48;2;231;231;231mF[38;2;251;251;251;48;2;249;249;249m`[48;2;251;251;251m [38;2;252;252;252m:[48;2;252;252;252m                                                   [0m
[7m[38;2;252;252;252m [0m[38;2;0;0;0;48;2;252;252;252m                                                         [38;2;252;252;252;48;2;251;251;251m.[38;2;249;249;249;48;2;250;250;250ml[38;2;254;254;254;48;2;241;241;241m:[38;2;164;164;164;48;2;141;141;141mL[38;2;34;34;34;48;2;65;65;65m1[38;2;130;130;130;48;2;116;116;116m4[38;2;179;179;179;48;2;192;192;192mF[38;2;240;240;240;48;2;244;244;244mF[38;2;236;236;236;48;2;250;250;250m_[38;2;220;220;220;48;2;248;248;248m_[38;2;203;203;203;48;2;247;247;247m_[38;2;193;193;193m_[38;2;188;188;188m_[48;2;246;246;246m_[38;2;187;187;187;48;2;247;247;247m_[38;2;188;188;188m_[38;2;197;197;197m_[38;2;213;213;213;48;2;248;248;248m_[38;2;240;240;240;48;2;251;251;251m_[38;2;250;250;250m,[38;2;252;252;252m.[48;2;252;252;252m                                         [0m
[7m[38;2;252;252;252m [0m[38;2;0;0;0;48;2;252;252;252m                                                  [38;2;252;252;252;48;2;251;251;251m: [48;2;252;252;252m [38;2;254;254;254m__[38;2;253;253;253m,[38;2;252;252;252;48;2;249;249;249m`[38;2;201;201;201;48;2;243;243;243m_[38;2;139;139;139;48;2;233;233;233m_[38;2;74;74;74;48;2;221;221;221m_[38;2;30;30;30;48;2;154;154;154m_[38;2;65;65;65;48;2;38;38;38mF[38;2;99;99;99;48;2;46;46;46m~[38;2;38;38;38;48;2;116;116;116my[38;2;233;233;233;48;2;94;94;94m~[38;2;214;214;214;48;2;77;77;77m~[38;2;181;181;181;48;2;61;61;61m~[38;2;138;138;138;48;2;44;44;44m~[38;2;100;100;100;48;2;30;30;30m~[38;2;127;127;127;48;2;25;25;25m`[48;2;24;24;24m`[38;2;126;126;126;48;2;23;23;23m`[38;2;127;127;127;48;2;25;25;25m`[38;2;113;113;113;48;2;37;37;37m~[38;2;159;159;159;48;2;56;56;56m~[38;2;217;217;217;48;2;93;93;93m~[38;2;26;26;26;48;2;183;183;183m_[38;2;109;109;109;48;2;225;225;225m_[38;2;230;230;230;48;2;247;247;247m,[38;2;253;253;253;48;2;252;252;252m_[38;2;251;251;251m_                                      [0m
[7m[38;2;252;252;252m [0m[38;2;0;0;0;48;2;252;252;252m                                                 [38;2;252;252;252;48;2;251;251;251m`[38;2;211;211;211;48;2;247;247;247m_[38;2;159;159;159;48;2;231;231;231m_[38;2;92;92;92;48;2;201;201;201m_[38;2;89;89;89;48;2;173;173;173my[38;2;57;57;57;48;2;147;147;147my[38;2;35;35;35;48;2;126;126;126my[38;2;187;187;187;48;2;63;63;63m~[38;2;152;152;152;48;2;37;37;37m~[38;2;103;103;103;48;2;22;22;22m~[38;2;43;43;43;48;2;10;10;10m"[38;2;7;7;7;48;2;1;1;1m~[48;2;0;0;0m      [38;2;1;1;1m``    ``'[38;2;0;0;0;48;2;4;4;4m`[38;2;76;76;76;48;2;24;24;24m"[38;2;180;180;180;48;2;83;83;83m~[38;2;120;120;120;48;2;203;203;203m_[38;2;226;226;226;48;2;244;244;244m,[48;2;251;251;251m [38;2;252;252;252m:[48;2;252;252;252m                                    [0m
[7m[38;2;252;252;252m [0m[38;2;0;0;0;48;2;252;252;252m                                             [38;2;252;252;252;48;2;251;251;251m: [48;2;250;250;250m`[38;2;200;200;200;48;2;238;238;238m_[38;2;63;63;63;48;2;180;180;180m_[38;2;165;165;165;48;2;70;70;70m~[38;2;79;79;79;48;2;22;22;22m~[38;2;57;57;57;48;2;7;7;7m`[38;2;19;19;19;48;2;2;2;2m`[38;2;5;5;5;48;2;0;0;0m`                      [38;2;2;2;2m"[38;2;0;0;0;48;2;2;2;2m`[38;2;81;81;81;48;2;33;33;33m`[38;2;77;77;77;48;2;166;166;166m_[38;2;222;222;222;48;2;239;239;239m,[38;2;250;250;250;48;2;251;251;251m4[38;2;252;252;252m:[48;2;252;252;252m                                   [0m
[7m[38;2;252;252;252m [0m[38;2;0;0;0;48;2;252;252;252m                                            [38;2;252;252;252;48;2;251;251;251m:`[38;2;254;254;254;48;2;250;250;250m.[38;2;205;205;205;48;2;230;230;230m_[38;2;61;61;61;48;2;120;120;120my[38;2;43;43;43;48;2;14;14;14m~[48;2;0;0;0m                            [38;2;1;1;1m`[38;2;0;0;0;48;2;1;1;1m:[38;2;2;2;2;48;2;39;39;39m:[38;2;158;158;158;48;2;190;190;190mL[38;2;232;232;232;48;2;244;244;244m,[38;2;250;250;250;48;2;251;251;251my [48;2;252;252;252m                                  [0m
[7m[38;2;252;252;252m [0m[38;2;0;0;0;48;2;252;252;252m                                            [38;2;252;252;252;48;2;251;251;251m.[48;2;250;250;250m [38;2;253;253;253;48;2;240;240;240m'[38;2;142;142;142;48;2;165;165;165my[38;2;49;49;49;48;2;27;27;27mL[38;2;1;1;1;48;2;0;0;0m.                             .[38;2;0;0;0;48;2;13;13;13m:[38;2;91;91;91;48;2;112;112;112ms[38;2;218;218;218;48;2;232;232;232mL[38;2;252;252;252;48;2;251;251;251m, [48;2;252;252;252m                                  [0m
[7m[38;2;252;252;252m [0m[38;2;0;0;0;48;2;252;252;252m                                            [48;2;251;251;251m [38;2;248;248;248;48;2;250;250;250m:[38;2;252;252;252;48;2;236;236;236m:[38;2;152;152;152;48;2;130;130;130mL[38;2;39;39;39;48;2;20;20;20mL[38;2;1;1;1;48;2;0;0;0m:                              [38;2;0;0;0;48;2;3;3;3m:[38;2;37;37;37;48;2;61;61;61m:[38;2;208;208;208;48;2;224;224;224mL[38;2;252;252;252;48;2;251;251;251m:[48;2;252;252;252m                                   [0m
[7m[38;2;252;252;252m [0m[38;2;0;0;0;48;2;252;252;252m                                            [38;2;252;252;252;48;2;251;251;251m:[38;2;251;251;251;48;2;250;250;250my[38;2;253;253;253;48;2;243;243;243m:[38;2;167;167;167;48;2;181;181;181m4[38;2;61;61;61;48;2;31;31;31mL[38;2;1;1;1;48;2;0;0;0m`                               [38;2;13;13;13;48;2;42;42;42m:[38;2;194;194;194;48;2;211;211;211mF[38;2;247;247;247;48;2;249;249;249mF[38;2;252;252;252;48;2;251;251;251mL[48;2;252;252;252m                                  [0m
[7m[38;2;252;252;252m [0m[38;2;0;0;0;48;2;252;252;252m                                             [38;2;252;252;252;48;2;251;251;251m:[48;2;250;250;250m'[48;2;229;229;229m:[38;2;149;149;149;48;2;96;96;96m_[38;2;0;0;0;48;2;14;14;14m:[38;2;1;1;1;48;2;0;0;0m+                             [38;2;0;0;0;48;2;2;2;2m:[38;2;23;23;23;48;2;59;59;59m`[38;2;210;210;210;48;2;225;225;225mF[38;2;253;253;253;48;2;252;252;252m.                                   [0m
[7m[38;2;252;252;252m [0m[38;2;0;0;0;48;2;252;252;252m                                             [38;2;252;252;252;48;2;251;251;251m:[38;2;250;250;250m"[38;2;253;253;253;48;2;248;248;248m'[38;2;183;183;183;48;2;217;217;217m~[38;2;152;152;152;48;2;74;74;74m_[38;2;28;28;28;48;2;9;9;9m,[48;2;0;0;0m                            [38;2;1;1;1ma[38;2;0;0;0;48;2;13;13;13m:[38;2;76;76;76;48;2;112;112;112mF[38;2;220;220;220;48;2;232;232;232mF[38;2;252;252;252;48;2;251;251;251m~ [48;2;252;252;252m                                  [0m
[7m[38;2;252;252;252m [0m[38;2;0;0;0;48;2;252;252;252m                                              [38;2;252;252;252;48;2;251;251;251m:[38;2;250;250;250m`[38;2;253;253;253;48;2;249;249;249m'[38;2;188;188;188;48;2;225;225;225m"[38;2;149;149;149;48;2;93;93;93my[38;2;43;43;43;48;2;18;18;18m,[48;2;0;0;0m                           [38;2;0;0;0;48;2;3;3;3m:[38;2;97;97;97;48;2;49;49;49m_[38;2;159;159;159;48;2;202;202;202m~[38;2;237;237;237;48;2;247;247;247m~[38;2;250;250;250;48;2;251;251;251m"[38;2;252;252;252m.[48;2;252;252;252m                                  [0m
[7m[38;2;252;252;252m [0m[38;2;0;0;0;48;2;252;252;252m                                                [38;2;252;252;252;48;2;251;251;251m.[38;2;251;251;251;48;2;250;250;250m'[38;2;218;218;218;48;2;239;239;239m`[38;2;86;86;86;48;2;167;167;167m~[38;2;126;126;126;48;2;46;46;46m_[38;2;26;26;26;48;2;6;6;6m,[48;2;0;0;0m                       [38;2;1;1;1m_[38;2;0;0;0;48;2;5;5;5m:[38;2;123;123;123;48;2;49;49;49m_[38;2;119;119;119;48;2;189;189;189m~[38;2;229;229;229;48;2;244;244;244m~[38;2;252;252;252;48;2;251;251;251mL:[48;2;252;252;252m                                   [0m
[7m[38;2;252;252;252m [0m[38;2;0;0;0;48;2;252;252;252m                                                 [38;2;252;252;252;48;2;251;251;251m: [38;2;254;254;254;48;2;249;249;249m'[38;2;170;170;170;48;2;225;225;225m"[38;2;60;60;60;48;2;144;144;144m~[38;2;134;134;134;48;2;34;34;34m_[38;2;28;28;28;48;2;5;5;5m,[38;2;1;1;1;48;2;0;0;0m,                 .[38;2;0;0;0;48;2;4;4;4m`[38;2;107;107;107;48;2;9;9;9m_[38;2;169;169;169;48;2;53;53;53m_[38;2;206;206;206;48;2;117;117;117my[38;2;162;162;162;48;2;226;226;226m~[38;2;237;237;237;48;2;249;249;249m~[38;2;250;250;250;48;2;251;251;251m~ [48;2;252;252;252m                                    [0m
[7m[38;2;252;252;252m [0m[38;2;0;0;0;48;2;252;252;252m                                                   [38;2;252;252;252;48;2;251;251;251m:.[38;2;244;244;244;48;2;248;248;248m`[38;2;192;192;192;48;2;230;230;230m"[38;2;60;60;60;48;2;168;168;168m~[38;2;204;204;204;48;2;64;64;64m_[38;2;90;90;90;48;2;20;20;20m_[38;2;16;16;16;48;2;3;3;3m,[38;2;1;1;1;48;2;0;0;0m-     [38;2;0;0;0;48;2;2;2;2m`[38;2;65;65;65;48;2;11;11;11m_[38;2;112;112;112;48;2;21;21;21m_[38;2;76;76;76;48;2;15;15;15m_[38;2;69;69;69;48;2;13;13;13m_[38;2;83;83;83;48;2;16;16;16m_[38;2;125;125;125;48;2;25;25;25m_[38;2;168;168;168;48;2;35;35;35m_[38;2;217;217;217;48;2;62;62;62m_[38;2;3;3;3;48;2;133;133;133m~[38;2;57;57;57;48;2;189;189;189m~[38;2;164;164;164;48;2;227;227;227m~[38;2;207;207;207;48;2;243;243;243m`[38;2;248;248;248;48;2;251;251;251m`[38;2;253;253;253;48;2;252;252;252m`                                       [0m
[7m[38;2;252;252;252m [0m[38;2;0;0;0;48;2;252;252;252m                                                     [38;2;252;252;252;48;2;251;251;251m:[38;2;249;249;249m`[38;2;250;250;250m=[38;2;237;237;237;48;2;247;247;247m`[38;2;160;160;160;48;2;227;227;227m~[38;2;93;93;93;48;2;190;190;190m~[38;2;207;207;207;48;2;109;109;109my[38;2;175;175;175;48;2;75;75;75my[38;2;207;207;207;48;2;69;69;69m_[38;2;152;152;152;48;2;60;60;60my[38;2;166;166;166;48;2;67;67;67my[38;2;200;200;200;48;2;96;96;96my[38;2;65;65;65;48;2;175;175;175m~[38;2;130;130;130;48;2;219;219;219m~[38;2;165;165;165;48;2;232;232;232m~[38;2;148;148;148;48;2;229;229;229m~[38;2;142;142;142;48;2;228;228;228m~[38;2;149;149;149;48;2;229;229;229m~[38;2;175;175;175;48;2;235;235;235m~[38;2;206;206;206;48;2;242;242;242m~[38;2;245;245;245;48;2;250;250;250m~[38;2;250;250;250;48;2;252;252;252m=[38;2;252;252;252;48;2;251;251;251m:[38;2;250;250;250m`[38;2;252;252;252m:[48;2;252;252;252m                                         [0m
[7m[38;2;252;252;252m [0m[38;2;0;0;0;48;2;252;252;252m                                                         [38;2;252;252;252;48;2;251;251;251m.[38;2;250;250;250m?[38;2;252;252;252m.[38;2;239;239;239;48;2;250;250;250m`[38;2;227;227;227;48;2;248;248;248m`[38;2;228;228;228m`[38;2;234;234;234;48;2;249;249;249m`[38;2;252;252;252;48;2;251;251;251m: .[38;2;250;250;250m`[38;2;252;252;252m.....[48;2;252;252;252m                                              [0m
[7m[38;2;252;252;252m [0m[38;2;0;0;0;48;2;252;252;252m                                                                                                                       [0m
[7m[38;2;252;252;252m [0m[38;2;0;0;0;48;2;252;252;252m                                                                                                                       [0m
[7m[38;2;252;252;252m [0m[38;2;0;0;0;48;2;252;252;252m                                                                                                                       [0m
[7m[38;2;252;252;252m [0m[38;2;0;0;0;48;2;252;252;252m                                                                                                                       [0m
[7m[38;2;252;252;252m [0m[38;2;0;0;0;48;2;252;252;252m                                                                                                                       [0m
[7m[38;2;252;252;252m [0m[38;2;0;0;0;48;2;252;252;252m                                                                                                                       [0m
[7m[38;2;252;252;252m [0m[38;2;0;0;0;48;2;252;252;252m                                                                                                                       [0m
[7m[38;2;252;252;252m [0m[38;2;0;0;0;48;2;252;252;252m                                                                                                                       [0m
[7m[38;2;252;252;252m [0m[38;2;0;0;0;48;2;252;252;252m                                                                                                                       [0m
[7m[38;2;252;252;252m [0m[38;2;0;0;0;48;2;252;252;252m                                                                                                                       [0m
[7m[38;2;252;252;252m [0m[38;2;0;0;0;48;2;252;252;252m                                                                                                                       [0m
[?25h