[?25l[0m[7m[38;2;252;252;252m [0m[38;2;0;0;0;48;2;252;252;252m                                                          [38;2;252;252;252;48;2;251;251;251m:[38;2;249;249;249;48;2;250;250;250m.[38;2;254;254;254;48;2;240;240;240m:[38;2;156;156;156;48;2;119;119;119mL[38;2;56;56;56;48;2;23;23;23m,[48;2;0;0;0m           [38;2;22;22;22m_[38;2;40;40;40;48;2;1;1;1m_[38;2;44;44;44m_[38;2;37;37;37m_[38;2;8;8;8m,[48;2;0;0;0m               [38;2;0;0;0;48;2;13;13;13m`[38;2;150;150;150;48;2;93;93;93m_[38;2;193;193;193;48;2;140;140;140m_[38;2;176;176;176m_[38;2;150;150;150;48;2;132;132;132m__[38;2;204;204;204;48;2;182;182;182my[38;2;230;230;230;48;2;241;241;241m~[48;2;252;252;252m [38;2;252;252;252;48;2;251;251;251m:[48;2;252;252;252m               [0m
[7m[38;2;252;252;252m [0m[38;2;0;0;0;48;2;252;252;252m                              [38;2;252;252;252;48;2;251;251;251m:[48;2;252;252;252m                           [48;2;251;251;251m:[38;2;250;250;250m^[38;2;254;254;254;48;2;249;249;249m'[38;2;187;187;187;48;2;221;221;221m"[38;2;171;171;171;48;2;87;87;87m_[38;2;85;85;85;48;2;19;19;19m_[38;2;69;69;69;48;2;13;13;13m_[38;2;45;45;45;48;2;6;6;6m_[38;2;10;10;10;48;2;1;1;1m,[48;2;0;0;0m [38;2;0;0;0;48;2;6;6;6m`[38;2;80;80;80;48;2;17;17;17m_[38;2;129;129;129;48;2;31;31;31m_[38;2;185;185;185;48;2;59;59;59m_[38;2;179;179;179;48;2;90;90;90my[38;2;21;21;21;48;2;159;159;159m~[38;2;55;55;55;48;2;184;184;184m~[38;2;81;81;81;48;2;194;194;194m~[38;2;89;89;89;48;2;196;196;196m~[38;2;78;78;78;48;2;191;191;191m~[38;2;39;39;39;48;2;173;173;173m~[38;2;4;4;4;48;2;132;132;132m~[38;2;200;200;200;48;2;62;62;62m_[38;2;143;143;143;48;2;28;28;28m_[38;2;77;77;77;48;2;11;11;11m_[38;2;48;48;48;48;2;6;6;6m_[38;2;45;45;45;48;2;5;5;5m_[38;2;41;41;41m_[38;2;27;27;27;48;2;3;3;3m_[38;2;14;14;14;48;2;1;1;1m_[38;2;11;11;11m_[38;2;8;8;8m_[38;2;4;4;4;48;2;0;0;0m_[48;2;1;1;1m [38;2;0;0;0;48;2;2;2;2m~[48;2;3;3;3m`[38;2;106;106;106;48;2;56;56;56m_[38;2;173;173;173;48;2;197;197;197mF[38;2;221;221;221;48;2;243;243;243m~[38;2;213;213;213;48;2;240;240;240m~[38;2;179;179;179;48;2;226;226;226m~[38;2;174;174;174;48;2;224;224;224m~[38;2;230;230;230;48;2;243;243;243m^[38;2;252;252;252;48;2;251;251;251m:[48;2;252;252;252m                 [0m
[7m[38;2;252;252;252m [0m[38;2;0;0;0;48;2;252;252;252m                                                           [38;2;252;252;252;48;2;251;251;251m: [38;2;253;253;253;48;2;249;249;249m'[38;2;203;203;203;48;2;234;234;234m"[38;2;134;134;134;48;2;209;209;209m~[38;2;111;111;111;48;2;201;201;201m~[38;2;91;91;91;48;2;188;188;188m~[38;2;189;189;189;48;2;109;109;109my[48;2;79;79;79m_[38;2;176;176;176;48;2;109;109;109my[38;2;116;116;116;48;2;199;199;199m~[38;2;168;168;168;48;2;228;228;228m~[38;2;219;219;219;48;2;244;244;244m~[38;2;248;248;248;48;2;251;251;251m~[38;2;252;252;252m~[48;2;252;252;252m [38;2;250;250;250;48;2;251;251;251m~[38;2;249;249;249m~[38;2;248;248;248m~[38;2;253;253;253;48;2;252;252;252m`[38;2;252;252;252;48;2;251;251;251m'[38;2;234;234;234;48;2;247;247;247m`[38;2;191;191;191;48;2;236;236;236m~[38;2;135;135;135;48;2;223;223;223m~[38;2;106;106;106;48;2;212;212;212m~[38;2;99;99;99;48;2;205;205;205m~[38;2;92;92;92;48;2;196;196;196m~[38;2;72;72;72;48;2;176;176;176m~[38;2;185;185;185;48;2;115;115;115my[38;2;176;176;176;48;2;91;91;91m_[38;2;139;139;139;48;2;66;66;66m_[38;2;104;104;104;48;2;41;41;41m_[38;2;71;71;71;48;2;22;22;22m_[38;2;76;76;76;48;2;16;16;16m_[38;2;172;172;172;48;2;66;66;66m_[38;2;132;132;132;48;2;198;198;198m~[38;2;226;226;226;48;2;244;244;244m~[38;2;252;252;252;48;2;251;251;251m\[38;2;250;250;250m"[48;2;252;252;252m [38;2;253;253;253m"'                  [0m
[7m[38;2;252;252;252m [0m[38;2;0;0;0;48;2;252;252;252m                                                             [38;2;252;252;252;48;2;251;251;251m:[38;2;249;249;249m"[38;2;250;250;250m~ [38;2;253;253;253m`[38;2;241;241;241;48;2;250;250;250m`[38;2;212;212;212;48;2;247;247;247m`[38;2;228;228;228;48;2;248;248;248m`[38;2;252;252;252;48;2;251;251;251m:[38;2;253;253;253;48;2;252;252;252m`          [38;2;252;252;252;48;2;251;251;251m.[48;2;252;252;252m [38;2;253;253;253m`  `[38;2;234;234;234;48;2;249;249;249m`[38;2;214;214;214;48;2;241;241;241m~[38;2;183;183;183;48;2;229;229;229m~[38;2;148;148;148;48;2;209;209;209m~[38;2;109;109;109;48;2;188;188;188m~[38;2;134;134;134;48;2;211;211;211m~[38;2;207;207;207;48;2;241;241;241m~[38;2;242;242;242;48;2;247;247;247m`[38;2;249;249;249;48;2;250;250;250mF[38;2;252;252;252;48;2;251;251;251m.[48;2;252;252;252m                      [0m
[7m[38;2;252;252;252m [0m[38;2;0;0;0;48;2;252;252;252m                                                                                        [38;2;252;252;252;48;2;251;251;251m:  [48;2;252;252;252m [38;2;253;253;253mT[48;2;253;253;253m [48;2;252;252;252m:                        [0m
[7m[38;2;252;252;252m [0m[38;2;0;0;0;48;2;252;252;252m                                                                                                                       [0m
[7m[38;2;252;252;252m [0m[38;2;0;0;0;48;2;252;252;252m                                                                                                                       [0m
[7m[38;2;252;252;252m [0m[38;2;0;0;0;48;2;252;252;252m                                                                                                                       [0m
[7m[38;2;252;252;252m [0m[38;2;0;0;0;48;2;252;252;252m                                                                                                                       [0m
[7m[38;2;252;252;252m [0m[38;2;0;0;0;48;2;252;252;252m                                                      [38;2;252;252;252;48;2;251;251;251m:[48;2;252;252;252m                                                                [0m
[7m[38;2;252;252;252m [0m[38;2;0;0;0;48;2;252;252;252m                                                                                                                       [0m
[7m[38;2;252;252;252m [0m[38;2;0;0;0;48;2;252;252;252m                                                                                                                       [0m
[7m[38;2;252;252;252m [0m[38;2;0;0;0;48;2;252;252;252m                                                                                                                       [0m
[7m[38;2;252;252;252m [0m[38;2;0;0;0;48;2;252;252;252m                                                                                                                       [0m
[7m[38;2;252;252;252m [0m[38;2;0;0;0;48;2;252;252;252m                                                                                                                       [0m
[7m[38;2;252;252;252m [0m[38;2;0;0;0;48;2;252;252;252m                                                                                                                       [0m
[7m[38;2;252;252;252m [0m[38;2;0;0;0;48;2;252;252;252m                                                                                                                       [0m
[7m[38;2;252;252;252m [0m[38;2;0;0;0;48;2;252;252;252m                                                                                                                       [0m
[7m[38;2;252;252;252m [0m[38;2;0;0;0;48;2;252;252;252m                                                                                                                       [0m
[7m[38;2;252;252;252m [0m[38;2;0;0;0;48;2;252;252;252m                                                                                                                       [0m
[7m[38;2;252;252;252m [0m[38;2;0;0;0;48;2;252;252;252m                                                                                                                       [0m
[7m[38;2;252;252;252m [0m[38;2;0;0;0;48;2;252;252;252m                                                                                                                       [0m
[7m[38;2;252;252;252m [0m[38;2;0;0;0;48;2;252;252;252m                                                                                                                       [0m
[7m[38;2;252;252;252m [0m[38;2;0;0;0;48;2;252;252;252m                                                                                                                       [0m
[7m[38;2;252;252;252m [0m[38;2;0;0;0;48;2;252;252;252m                                                                                                                       [0m
[7m[38;2;252;252;252m [0m[38;2;0;0;0;48;2;252;252;252m                                                                                                                       [0m
[7m[38;2;252;252;252m [0m[38;2;0;0;0;48;2;252;252;252m                                                                                                                       [0m
[7m[38;2;252;252;252m [0m[38;2;0;0;0;48;2;252;252;252m                                                                                                                       [0m
[7m[38;2;252;252;252m [0m[38;2;0;0;0;48;2;252;252;252m                                                                                                                       [0m
[7m[38;2;252;252;252m [0m[38;2;0;0;0;48;2;252;252;252m                                                                                                                       [0m
[7m[38;2;252;252;252m [0m[38;2;0;0;0;48;2;252;252;252m                                                                                                                       [0m
[7m[38;2;252;252;252m [0m[38;2;0;0;0;48;2;252;252;252m                                                                                                                       [0m
[7m[38;2;252;252;252m [0m[38;2;0;0;0;48;2;252;252;252m                                                                                                                       [0m
[7m[38;2;252;252;252m [0m[38;2;0;0;0;48;2;252;252;252m                                                                                                                       [0m
[7m[38;2;252;252;252m [0m[38;2;0;0;0;48;2;252;252;252m                                                                                                                       [0m
[7m[38;2;252;252;252m [0m[38;2;0;0;0;48;2;252;252;252m                                                                                                                       [0m
[?25h