[?25l[0m[7m[38;2;0;0;0m [0m[38;2;0;0;0;48;2;0;0;0m                                                                                                                       [0m
[7m[38;2;0;0;0m [0m[38;2;0;0;0;48;2;0;0;0m                                                                                                                       [0m
[7m[38;2;0;0;0m [0m[38;2;0;0;0;48;2;0;0;0m                                                                                                                       [0m
[7m[38;2;0;0;0m [0m[38;2;0;0;0;48;2;0;0;0m                                                                                                                       [0m
[7m[38;2;0;0;0m [0m[38;2;0;0;0;48;2;0;0;0m                                                                                                                       [0m
[7m[38;2;0;0;0m [0m[38;2;0;0;0;48;2;0;0;0m                                                                                                                       [0m
[7m[38;2;0;0;0m [0m[38;2;0;0;0;48;2;0;0;0m                                                                                                                       [0m
[7m[38;2;0;0;0m [0m[38;2;0;0;0;48;2;0;0;0m                                                       [38;2;1;1;1m__                                                              [0m
[7m[38;2;0;0;0m [0m[38;2;0;0;0;48;2;0;0;0m                                                  [48;2;1;1;1m:[38;2;32;32;32;48;2;9;9;9m_[38;2;80;80;80;48;2;19;19;19m_[38;2;45;45;45;48;2;10;10;10m_[38;2;108;108;108;48;2;28;28;28m_[38;2;132;132;132;48;2;36;36;36m_[38;2;121;121;121;48;2;32;32;32m_[38;2;60;60;60;48;2;13;13;13m_[38;2;13;13;13;48;2;3;3;3m,[38;2;16;16;16;48;2;0;0;0m_[38;2;10;10;10;48;2;1;1;1m_[48;2;0;0;0m                                                          [0m
[7m[38;2;0;0;0m [0m[38;2;0;0;0;48;2;0;0;0m                                                 [48;2;7;7;7m:[38;2;83;83;83;48;2;58;58;58mq[38;2;89;89;89;48;2;170;170;170m~[38;2;143;143;143;48;2;212;212;212m~[38;2;139;139;139;48;2;215;215;215m~[38;2;190;190;190;48;2;238;238;238m~[38;2;183;183;183;48;2;239;239;239m`[38;2;178;178;178;48;2;238;238;238m`[38;2;177;177;177;48;2;232;232;232m~[38;2;135;135;135;48;2;212;212;212m~[38;2;136;136;136;48;2;198;198;198m~[38;2;110;110;110;48;2;81;81;81mr[38;2;2;2;2;48;2;12;12;12m`[48;2;0;0;0m                                                         [0m
[7m[38;2;0;0;0m [0m[38;2;0;0;0;48;2;0;0;0m                                                 [38;2;1;1;1m`[38;2;53;53;53;48;2;33;33;33mJ[38;2;33;33;33;48;2;152;152;152m_[38;2;128;128;128;48;2;228;228;228m_[38;2;251;251;251;48;2;248;248;248m:[48;2;251;251;251m [48;2;252;252;252m [38;2;252;252;252;48;2;251;251;251m. [38;2;253;253;253;48;2;243;243;243m:[38;2;115;115;115;48;2;183;183;183my[38;2;116;116;116;48;2;52;52;52m~[38;2;21;21;21;48;2;6;6;6m~[48;2;0;0;0m                                                         [0m
[7m[38;2;0;0;0m [0m[38;2;0;0;0;48;2;0;0;0m                                                   [48;2;5;5;5m'[38;2;44;44;44;48;2;85;85;85m$[38;2;192;192;192;48;2;211;211;211mL[38;2;246;246;246;48;2;249;249;249mL[38;2;252;252;252;48;2;251;251;251m`:[38;2;250;250;250mg[38;2;254;254;254;48;2;239;239;239m:[38;2;138;138;138;48;2;105;105;105mL[38;2;31;31;31;48;2;16;16;16mL[38;2;2;2;2;48;2;1;1;1mi[48;2;0;0;0m                                                         [0m
[7m[38;2;0;0;0m [0m[38;2;0;0;0;48;2;0;0;0m                                                 [38;2;1;1;1m_[38;2;0;0;0;48;2;4;4;4m:[38;2;103;103;103;48;2;38;38;38m_[38;2;53;53;53;48;2;154;154;154m~[38;2;198;198;198;48;2;234;234;234m~[38;2;253;253;253;48;2;250;250;250m`[38;2;250;250;250;48;2;251;251;251m`[38;2;252;252;252m:[38;2;250;250;250m"[38;2;254;254;254;48;2;248;248;248m'[38;2;150;150;150;48;2;219;219;219m~[38;2;57;57;57;48;2;170;170;170m~[38;2;162;162;162;48;2;63;63;63m_[38;2;57;57;57;48;2;11;11;11m,[48;2;0;0;0m                                                        [0m
[7m[38;2;0;0;0m [0m[38;2;0;0;0;48;2;0;0;0m                                                 [38;2;1;1;1m`[38;2;67;67;67;48;2;42;42;42m4[38;2;150;150;150;48;2;183;183;183m~[38;2;253;253;253;48;2;246;246;246m`[38;2;251;251;251;48;2;250;250;250m~[38;2;252;252;252;48;2;251;251;251m:[48;2;252;252;252m   [38;2;254;254;254m.[38;2;230;230;230;48;2;246;246;246m_[38;2;186;186;186;48;2;238;238;238m_[38;2;192;192;192;48;2;231;231;231m`[38;2;76;76;76;48;2;144;144;144m~[38;2;89;89;89;48;2;28;28;28m,[48;2;0;0;0m                                                       [0m
[7m[38;2;0;0;0m [0m[38;2;0;0;0;48;2;0;0;0m                                                  [38;2;66;66;66;48;2;48;48;48m4[38;2;168;168;168;48;2;194;194;194mF[38;2;253;253;253;48;2;247;247;247m:[38;2;250;250;250;48;2;251;251;251mT[38;2;252;252;252m:[48;2;252;252;252m   [38;2;254;254;254;48;2;251;251;251m:[38;2;219;219;219;48;2;231;231;231m"[38;2;154;154;154;48;2;202;202;202mT[38;2;203;203;203;48;2;229;229;229m_[38;2;67;67;67;48;2;167;167;167m_[38;2;79;79;79;48;2;36;36;36m~[38;2;0;0;0;48;2;1;1;1m.[48;2;0;0;0m                                                      [0m
[7m[38;2;0;0;0m [0m[38;2;0;0;0;48;2;0;0;0m                                               [38;2;1;1;1m,[38;2;0;0;0;48;2;11;11;11m'[38;2;105;105;105;48;2;61;61;61my[38;2;101;101;101;48;2;187;187;187m~[38;2;228;228;228;48;2;244;244;244m~[38;2;253;253;253;48;2;251;251;251m`[48;2;252;252;252m    [38;2;252;252;252;48;2;251;251;251m:~[38;2;253;253;253;48;2;247;247;247m:[38;2;184;184;184;48;2;216;216;216my[38;2;50;50;50;48;2;110;110;110ma[38;2;49;49;49;48;2;11;11;11m~[48;2;0;0;0m                                                        [0m
[7m[38;2;0;0;0m [0m[38;2;0;0;0;48;2;0;0;0m                                                [38;2;5;5;5;48;2;2;2;2m`[38;2;44;44;44;48;2;82;82;82m$[38;2;199;199;199;48;2;214;214;214mL[38;2;248;248;248;48;2;250;250;250mr[48;2;251;251;251m [38;2;252;252;252m:[48;2;252;252;252m   [48;2;251;251;251m:[38;2;251;251;251;48;2;250;250;250m~[38;2;254;254;254;48;2;246;246;246m:[38;2;111;111;111;48;2;191;191;191m_[38;2;86;86;86;48;2;45;45;45mF[38;2;3;3;3;48;2;2;2;2m'[48;2;0;0;0m                                                        [0m
[7m[38;2;0;0;0m [0m[38;2;0;0;0;48;2;0;0;0m                                               [38;2;1;1;1m+[38;2;0;0;0;48;2;11;11;11m'[38;2;79;79;79;48;2;104;104;104m$[38;2;221;221;221;48;2;237;237;237m~[38;2;254;254;254;48;2;251;251;251m` [48;2;252;252;252m    [38;2;252;252;252;48;2;251;251;251m:_[38;2;254;254;254;48;2;245;245;245m:[38;2;124;124;124;48;2;181;181;181m~[38;2;130;130;130;48;2;50;50;50m_[38;2;29;29;29;48;2;5;5;5m,[48;2;0;0;0m                                                        [0m
[7m[38;2;0;0;0m [0m[38;2;0;0;0;48;2;0;0;0m                                               [38;2;1;1;1m`[38;2;0;0;0;48;2;13;13;13m:[38;2;71;71;71;48;2;110;110;110mF[38;2;231;231;231;48;2;240;240;240mL[38;2;253;253;253;48;2;252;252;252m|[38;2;251;251;251m+     [38;2;252;252;252;48;2;251;251;251m:[38;2;249;249;249;48;2;250;250;250m^[38;2;253;253;253;48;2;248;248;248m'[38;2;176;176;176;48;2;220;220;220m~[38;2;48;48;48;48;2;122;122;122m~[38;2;70;70;70;48;2;22;22;22m,[48;2;0;0;0m                                                       [0m
[7m[38;2;0;0;0m [0m[38;2;0;0;0;48;2;0;0;0m                                               [38;2;1;1;1m"[38;2;36;36;36;48;2;20;20;20m4[38;2;81;81;81;48;2;126;126;126mL[38;2;253;253;253;48;2;232;232;232m`[48;2;251;251;251m: [48;2;252;252;252m      [38;2;252;252;252;48;2;251;251;251m:_[48;2;248;248;248m'[38;2;196;196;196;48;2;216;216;216m~[38;2;180;180;180;48;2;88;88;88m_[38;2;56;56;56;48;2;13;13;13m_[38;2;4;4;4;48;2;0;0;0m,                                                     [0m
[7m[38;2;0;0;0m [0m[38;2;0;0;0;48;2;0;0;0m                                               [38;2;1;1;1m:[38;2;65;65;65;48;2;36;36;36m_[38;2;94;94;94;48;2;160;160;160m~[38;2;254;254;254;48;2;244;244;244m:[38;2;250;250;250;48;2;251;251;251m*[38;2;252;252;252m:[48;2;252;252;252m        [48;2;251;251;251m `[38;2;216;216;216;48;2;242;242;242m`[38;2;97;97;97;48;2;186;186;186m~[38;2;162;162;162;48;2;63;63;63m_[38;2;60;60;60;48;2;10;10;10m,[48;2;0;0;0m                                                    [0m
[7m[38;2;0;0;0m [0m[38;2;0;0;0;48;2;0;0;0m                                               [38;2;63;63;63;48;2;31;31;31m_[38;2;81;81;81;48;2;150;150;150m~[38;2;225;225;225;48;2;242;242;242m~[38;2;253;253;253;48;2;250;250;250m`[38;2;252;252;252;48;2;251;251;251m:[48;2;252;252;252m          [48;2;251;251;251m:[38;2;249;249;249m"[38;2;253;253;253;48;2;249;249;249m`[38;2;197;197;197;48;2;232;232;232m"[38;2;89;89;89;48;2;137;137;137m~[38;2;54;54;54;48;2;25;25;25mL[48;2;0;0;0m                                                   [0m
[7m[38;2;0;0;0m [0m[38;2;0;0;0;48;2;0;0;0m                                              [38;2;37;37;37;48;2;20;20;20m_[38;2;85;85;85;48;2;128;128;128mF[38;2;225;225;225;48;2;240;240;240m~[38;2;253;253;253;48;2;250;250;250m`[38;2;252;252;252;48;2;251;251;251m:[48;2;252;252;252m          [48;2;251;251;251m`[38;2;238;238;238;48;2;250;250;250m_[38;2;198;198;198;48;2;244;244;244m_[38;2;137;137;137;48;2;231;231;231m_[38;2;87;87;87;48;2;195;195;195m_[38;2;146;146;146;48;2;98;98;98m~[38;2;38;38;38;48;2;21;21;21m~[48;2;0;0;0m                                                   [0m
[7m[38;2;0;0;0m [0m[38;2;0;0;0;48;2;0;0;0m                                             [38;2;1;1;1m`[38;2;34;34;34;48;2;12;12;12m"[38;2;139;139;139;48;2;85;85;85m~[38;2;144;144;144;48;2;215;215;215m_[38;2;220;220;220;48;2;245;245;245m_[38;2;254;254;254;48;2;251;251;251m.[38;2;248;248;248m_[38;2;241;241;241m_[38;2;245;245;245m_[38;2;252;252;252m`[38;2;250;250;250m_[38;2;246;246;246m_[38;2;239;239;239m_[38;2;252;252;252m`[48;2;247;247;247m:[38;2;128;128;128;48;2;219;219;219m_[38;2;24;24;24;48;2;155;155;155m_[38;2;208;208;208;48;2;69;69;69m~[38;2;157;157;157;48;2;40;40;40m~[38;2;51;51;51;48;2;15;15;15m"[38;2;3;3;3;48;2;1;1;1m'[38;2;1;1;1;48;2;0;0;0m:                                                    [0m
[7m[38;2;0;0;0m [0m[38;2;0;0;0;48;2;0;0;0m                                               [38;2;23;23;23;48;2;7;7;7m`[38;2;45;45;45;48;2;84;84;84mF[38;2;179;179;179;48;2;206;206;206mF[38;2;254;254;254;48;2;240;240;240m:[38;2;148;148;148;48;2;198;198;198my[38;2;47;47;47;48;2;139;139;139my[38;2;44;44;44;48;2;142;142;142my[38;2;82;82;82;48;2;175;175;175my[38;2;101;101;101;48;2;183;183;183my[38;2;65;65;65;48;2;156;156;156my[38;2;127;127;127;48;2;164;164;164ms[38;2;235;235;235;48;2;241;241;241mL[38;2;216;216;216;48;2;226;226;226m4[38;2;103;103;103;48;2;72;72;72mL[38;2;18;18;18;48;2;4;4;4m~[48;2;0;0;0m                                                         [0m
[7m[38;2;0;0;0m [0m[38;2;0;0;0;48;2;0;0;0m                                              [38;2;1;1;1m.[38;2;32;32;32;48;2;4;4;4m_[38;2;110;110;110;48;2;82;82;82mj[38;2;221;221;221;48;2;231;231;231m~[38;2;254;254;254;48;2;232;232;232m'[38;2;113;113;113;48;2;84;84;84mF[38;2;21;21;21;48;2;9;9;9m~[38;2;2;2;2;48;2;1;1;1m=[38;2;3;3;3m=[38;2;5;5;5;48;2;2;2;2m=[38;2;0;0;0;48;2;23;23;23m:[38;2;104;104;104;48;2;128;128;128m$[38;2;233;233;233;48;2;241;241;241mL[38;2;250;250;250;48;2;231;231;231m'[38;2;104;104;104;48;2;73;73;73mF[38;2;2;2;2;48;2;5;5;5m:[48;2;0;0;0m                                                         [0m
[7m[38;2;0;0;0m [0m[38;2;0;0;0;48;2;0;0;0m                                              [38;2;45;45;45;48;2;26;26;26mu[38;2;61;61;61;48;2;127;127;127m~[38;2;166;166;166;48;2;210;210;210m~[38;2;211;211;211;48;2;244;244;244m_[38;2;198;198;198;48;2;225;225;225m_[38;2;105;105;105;48;2;70;70;70mL[38;2;44;44;44;48;2;11;11;11m_[38;2;47;47;47;48;2;8;8;8m_[38;2;45;45;45m_[38;2;44;44;44m_[38;2;56;56;56;48;2;26;26;26m_[38;2;160;160;160;48;2;120;120;120m_[38;2;233;233;233;48;2;239;239;239mL[38;2;214;214;214;48;2;224;224;224m4[38;2;109;109;109;48;2;67;67;67mL[38;2;36;36;36;48;2;7;7;7m_[38;2;35;35;35;48;2;3;3;3m_[38;2;28;28;28m_[38;2;20;20;20;48;2;2;2;2m_[38;2;15;15;15;48;2;1;1;1m_[38;2;5;5;5;48;2;0;0;0m_                                                    [0m
[7m[38;2;0;0;0m [0m[38;2;0;0;0;48;2;0;0;0m                                              [38;2;3;3;3;48;2;1;1;1m`[38;2;48;48;48;48;2;16;16;16m"[38;2;124;124;124;48;2;44;44;44m~[38;2;169;169;169;48;2;61;61;61m~[38;2;162;162;162m~[38;2;77;77;77;48;2;46;46;46m"[38;2;5;5;5m_[38;2;11;11;11;48;2;49;49;49m_[38;2;13;13;13;48;2;50;50;50m_[38;2;14;14;14;48;2;51;51;51m_[38;2;66;66;66m"[38;2;158;158;158;48;2;87;87;87m~[38;2;7;7;7;48;2;160;160;160m_[38;2;9;9;9;48;2;147;147;147m_[38;2;111;111;111;48;2;61;61;61m~[38;2;8;8;8;48;2;48;48;48m_[38;2;6;6;6;48;2;45;45;45m_[38;2;3;3;3;48;2;41;41;41m_[38;2;0;0;0;48;2;35;35;35m_[48;2;25;25;25m_[38;2;2;2;2;48;2;7;7;7m.[48;2;0;0;0m                                                    [0m
[7m[38;2;0;0;0m [0m[38;2;0;0;0;48;2;0;0;0m                                                 [38;2;1;1;1m`[38;2;3;3;3m`[38;2;2;2;2m`[38;2;3;3;3m`[38;2;7;7;7;48;2;1;1;1m`[38;2;9;9;9m``[38;2;10;10;10m`[38;2;8;8;8m`[38;2;3;3;3;48;2;0;0;0m"[38;2;6;6;6m`[38;2;7;7;7;48;2;1;1;1m`[38;2;5;5;5;48;2;0;0;0m`[38;2;3;3;3m"[38;2;2;2;2m`                                                       [0m
[7m[38;2;0;0;0m [0m[38;2;0;0;0;48;2;0;0;0m                                                                                                                       [0m
[7m[38;2;0;0;0m [0m[38;2;0;0;0;48;2;0;0;0m                                                                                                                       [0m
[7m[38;2;0;0;0m [0m[38;2;0;0;0;48;2;0;0;0m                                                                                                                       [0m
[7m[38;2;0;0;0m [0m[38;2;0;0;0;48;2;0;0;0m                                                                                                                       [0m
[7m[38;2;0;0;0m [0m[38;2;0;0;0;48;2;0;0;0m                                                                                                                       [0m
[7m[38;2;0;0;0m [0m[38;2;0;0;0;48;2;0;0;0m                                                                                                                       [0m
[7m[38;2;0;0;0m [0m[38;2;0;0;0;48;2;0;0;0m                                                                                                                       [0m
[?25h