[?25l[0m[7m[38;2;252;252;252m [0m[38;2;0;0;0;48;2;252;252;252m                                                                                                                       [0m
[7m[38;2;252;252;252m [0m[38;2;0;0;0;48;2;252;252;252m                                                                                                                       [0m
[7m[38;2;252;252;252m [0m[38;2;0;0;0;48;2;252;252;252m                                                                                                                       [0m
[7m[38;2;252;252;252m [0m[38;2;0;0;0;48;2;252;252;252m                                                                                                                       [0m
[7m[38;2;252;252;252m [0m[38;2;0;0;0;48;2;252;252;252m                                                                                                                       [0m
[7m[38;2;252;252;252m [0m[38;2;0;0;0;48;2;252;252;252m                                                                                                                       [0m
[7m[38;2;252;252;252m [0m[38;2;0;0;0;48;2;252;252;252m                                                                                                                       [0m
[7m[38;2;252;252;252m [0m[38;2;0;0;0;48;2;252;252;252m                                                                                                                       [0m
[7m[38;2;252;252;252m [0m[38;2;0;0;0;48;2;252;252;252m                                                                                                                       [0m
[7m[38;2;252;252;252m [0m[38;2;0;0;0;48;2;252;252;252m                                                                                                                       [0m
[7m[38;2;252;252;252m [0m[38;2;0;0;0;48;2;252;252;252m                                                           [38;2;252;252;252;48;2;251;251;251m.[38;2;250;250;250m_[38;2;252;252;252m.[38;2;253;253;253;48;2;252;252;252m_[38;2;254;254;254m_ [38;2;252;252;252;48;2;251;251;251m..[48;2;252;252;252m                                                    [0m
[7m[38;2;252;252;252m [0m[38;2;0;0;0;48;2;252;252;252m                                                         [38;2;252;252;252;48;2;251;251;251m:[38;2;218;218;218;48;2;248;248;248m_[38;2;185;185;185;48;2;242;242;242m_[38;2;149;149;149;48;2;228;228;228m_[38;2;120;120;120;48;2;215;215;215m_[38;2;101;101;101;48;2;204;204;204m_[38;2;94;94;94;48;2;200;200;200m_[38;2;115;115;115;48;2;212;212;212m_[38;2;154;154;154;48;2;229;229;229m_[38;2;191;191;191;48;2;242;242;242m_[38;2;224;224;224;48;2;249;249;249m_[38;2;247;247;247;48;2;251;251;251m,[38;2;252;252;252m:[48;2;252;252;252m                                                 [0m
[7m[38;2;252;252;252m [0m[38;2;0;0;0;48;2;252;252;252m                                                [38;2;254;254;254m_[38;2;253;253;253m_    _[48;2;249;249;249m:[38;2;122;122;122;48;2;227;227;227m_[38;2;34;34;34;48;2;166;166;166m_[38;2;181;181;181;48;2;73;73;73m~[38;2;107;107;107;48;2;32;32;32m~[38;2;101;101;101;48;2;16;16;16m`[38;2;81;81;81;48;2;9;9;9m`[38;2;66;66;66;48;2;7;7;7m`[38;2;61;61;61m`[38;2;77;77;77;48;2;12;12;12m`[38;2;109;109;109;48;2;24;24;24m`[38;2;121;121;121;48;2;43;43;43m~[38;2;35;35;35;48;2;111;111;111my[38;2;32;32;32;48;2;161;161;161m_[38;2;104;104;104;48;2;213;213;213m_[38;2;215;215;215;48;2;243;243;243m_[38;2;249;249;249;48;2;251;251;251m,[38;2;252;252;252m:[48;2;252;252;252m                                              [0m
[7m[38;2;252;252;252m [0m[38;2;0;0;0;48;2;252;252;252m                                               [38;2;253;253;253;48;2;248;248;248m'[38;2;204;204;204;48;2;229;229;229my[38;2;190;190;190;48;2;223;223;223my[38;2;194;194;194;48;2;233;233;233m_[38;2;223;223;223;48;2;246;246;246m_[38;2;238;238;238;48;2;250;250;250m_[38;2;254;254;254;48;2;249;249;249m.[38;2;172;172;172;48;2;226;226;226m_[38;2;60;60;60;48;2;140;140;140my[38;2;86;86;86;48;2;31;31;31m"[38;2;15;15;15;48;2;2;2;2m~[48;2;0;0;0m          [38;2;0;0;0;48;2;2;2;2m:[38;2;70;70;70;48;2;22;22;22m"[38;2;166;166;166;48;2;71;71;71m~[38;2;52;52;52;48;2;165;165;165m_[38;2;165;165;165;48;2;228;228;228m_[38;2;237;237;237;48;2;248;248;248m,[38;2;250;250;250;48;2;251;251;251m,[38;2;252;252;252m.[48;2;252;252;252m                                           [0m
[7m[38;2;252;252;252m [0m[38;2;0;0;0;48;2;252;252;252m                                            [38;2;252;252;252;48;2;251;251;251m: [48;2;244;244;244m:[38;2;165;165;165;48;2;203;203;203ma[38;2;82;82;82;48;2;144;144;144my[38;2;63;63;63;48;2;157;157;157m_[38;2;97;97;97;48;2;175;175;175m_[38;2;157;157;157;48;2;187;187;187m_[38;2;146;146;146;48;2;195;195;195m_[38;2;71;71;71;48;2;178;178;178m_[38;2;133;133;133;48;2;60;60;60m~[38;2;29;29;29;48;2;7;7;7m~[38;2;1;1;1;48;2;0;0;0m"             `[38;2;21;21;21;48;2;6;6;6m`[38;2;91;91;91;48;2;40;40;40m~[38;2;36;36;36;48;2;150;150;150m_[38;2;156;156;156;48;2;229;229;229m_[38;2;238;238;238;48;2;249;249;249m,[38;2;250;250;250;48;2;251;251;251m_[38;2;252;252;252m:[48;2;252;252;252m                                         [0m
[7m[38;2;252;252;252m [0m[38;2;0;0;0;48;2;252;252;252m                                            [38;2;252;252;252;48;2;251;251;251m:.[48;2;250;250;250m'[38;2;207;207;207;48;2;241;241;241m"[38;2;165;165;165;48;2;229;229;229m~[38;2;116;116;116;48;2;199;199;199m~[38;2;205;205;205;48;2;130;130;130my[38;2;120;120;120;48;2;89;89;89m~[38;2;113;113;113;48;2;39;39;39m~[38;2;41;41;41;48;2;8;8;8m~[48;2;0;0;0m                   [38;2;0;0;0;48;2;6;6;6m`[38;2;111;111;111;48;2;48;48;48m~[38;2;72;72;72;48;2;177;177;177m_[38;2;212;212;212;48;2;239;239;239m,[38;2;248;248;248;48;2;250;250;250m,[38;2;252;252;252;48;2;251;251;251m:[48;2;252;252;252m                                        [0m
[7m[38;2;252;252;252m [0m[38;2;0;0;0;48;2;252;252;252m                                               [48;2;251;251;251m [38;2;253;253;253;48;2;248;248;248m:[38;2;177;177;177;48;2;221;221;221m_[38;2;99;99;99;48;2;157;157;157my[38;2;100;100;100;48;2;48;48;48m~[38;2;0;0;0;48;2;6;6;6m:[48;2;0;0;0m                      [38;2;42;42;42;48;2;18;18;18m`[38;2;67;67;67;48;2;124;124;124my[38;2;203;203;203;48;2;229;229;229m_[38;2;246;246;246;48;2;250;250;250m,[38;2;252;252;252;48;2;251;251;251m::[48;2;252;252;252m                                      [0m
[7m[38;2;252;252;252m [0m[38;2;0;0;0;48;2;252;252;252m                                             [38;2;252;252;252;48;2;251;251;251m: [38;2;253;253;253;48;2;249;249;249m:[38;2;204;204;204;48;2;220;220;220my[38;2;56;56;56;48;2;113;113;113my[38;2;54;54;54;48;2;17;17;17m~[38;2;0;0;0;48;2;1;1;1m:[48;2;0;0;0m                       [38;2;1;1;1m:[38;2;0;0;0;48;2;23;23;23m:[38;2;120;120;120;48;2;146;146;146ms[38;2;226;226;226;48;2;238;238;238mL[38;2;251;251;251;48;2;250;250;250mF[48;2;251;251;251m [48;2;252;252;252m                                      [0m
[7m[38;2;252;252;252m [0m[38;2;0;0;0;48;2;252;252;252m                                             [38;2;252;252;252;48;2;251;251;251m:[38;2;250;250;250m:[38;2;253;253;253;48;2;245;245;245m:[38;2;179;179;179;48;2;191;191;191m4[38;2;63;63;63;48;2;33;33;33mL[48;2;0;0;0m                         [38;2;0;0;0;48;2;3;3;3m:[38;2;89;89;89;48;2;37;37;37m_[38;2;109;109;109;48;2;171;171;171m~[38;2;229;229;229;48;2;241;241;241m~[38;2;252;252;252;48;2;251;251;251m_.[48;2;252;252;252m                                      [0m
[7m[38;2;252;252;252m [0m[38;2;0;0;0;48;2;252;252;252m                                             [38;2;252;252;252;48;2;251;251;251m:[38;2;250;250;250m`[38;2;253;253;253;48;2;250;250;250m'[38;2;247;247;247;48;2;219;219;219m:[38;2;101;101;101;48;2;61;61;61mL[38;2;0;0;0;48;2;5;5;5m:[38;2;1;1;1;48;2;0;0;0m_                     _[38;2;0;0;0;48;2;5;5;5m:[38;2;87;87;87;48;2;57;57;57my[38;2;145;145;145;48;2;210;210;210m~[38;2;235;235;235;48;2;248;248;248m~[48;2;252;252;252m                                         [0m
[7m[38;2;252;252;252m [0m[38;2;0;0;0;48;2;252;252;252m                                              [38;2;252;252;252;48;2;251;251;251m: [38;2;253;253;253;48;2;244;244;244m'[38;2;133;133;133;48;2;192;192;192m~[38;2;138;138;138;48;2;57;57;57m_[38;2;26;26;26;48;2;7;7;7m,[38;2;1;1;1;48;2;0;0;0m_                    [38;2;0;0;0;48;2;1;1;1m.[48;2;32;32;32m`[38;2;192;192;192;48;2;144;144;144my[38;2;229;229;229;48;2;240;240;240m~[38;2;250;250;250;48;2;251;251;251m7[38;2;252;252;252m.[48;2;252;252;252m                                        [0m
[7m[38;2;252;252;252m [0m[38;2;0;0;0;48;2;252;252;252m                                               [38;2;252;252;252;48;2;251;251;251m:[38;2;250;250;250m`[38;2;253;253;253;48;2;249;249;249m'[38;2;179;179;179;48;2;227;227;227m"[38;2;196;196;196;48;2;115;115;115my[38;2;149;149;149;48;2;38;38;38m_[38;2;58;58;58;48;2;6;6;6m_[38;2;0;0;0;48;2;1;1;1m:[38;2;1;1;1;48;2;0;0;0m,               [38;2;0;0;0;48;2;2;2;2m:[38;2;90;90;90;48;2;11;11;11m_[38;2;176;176;176;48;2;67;67;67m_[38;2;100;100;100;48;2;186;186;186m~[38;2;228;228;228;48;2;243;243;243m~[48;2;251;251;251m [38;2;252;252;252m:[48;2;252;252;252m                                         [0m
[7m[38;2;252;252;252m [0m[38;2;0;0;0;48;2;252;252;252m                                                 [38;2;252;252;252;48;2;251;251;251m: [38;2;245;245;245;48;2;250;250;250m`[38;2;198;198;198;48;2;240;240;240m`[38;2;104;104;104;48;2;199;199;199m~[38;2;17;17;17;48;2;145;145;145m~[38;2;220;220;220;48;2;67;67;67m_[38;2;168;168;168;48;2;36;36;36m_[38;2;103;103;103;48;2;20;20;20m_[38;2;34;34;34;48;2;6;6;6m_[38;2;1;1;1;48;2;0;0;0m. aaaaaaa[38;2;0;0;0;48;2;1;1;1m`[48;2;17;17;17m`[38;2;180;180;180;48;2;53;53;53m_[38;2;20;20;20;48;2;160;160;160m~[38;2;136;136;136;48;2;215;215;215m~[38;2;219;219;219;48;2;243;243;243m~[38;2;248;248;248;48;2;251;251;251m`[48;2;252;252;252m                                            [0m
[7m[38;2;252;252;252m [0m[38;2;0;0;0;48;2;252;252;252m                                                    [48;2;251;251;251m [38;2;249;249;249m~[38;2;252;252;252m~[38;2;253;253;253;48;2;250;250;250m'[38;2;207;207;207;48;2;240;240;240m"[38;2;165;165;165;48;2;231;231;231m~[38;2;126;126;126;48;2;219;219;219m~[38;2;100;100;100;48;2;202;202;202m~[38;2;81;81;81;48;2;186;186;186m~[38;2;221;221;221;48;2;138;138;138my[38;2;212;212;212;48;2;118;118;118my[38;2;210;210;210;48;2;112;112;112my[38;2;211;211;211;48;2;115;115;115my[38;2;212;212;212;48;2;117;117;117my[38;2;215;215;215;48;2;125;125;125my[38;2;64;64;64;48;2;173;173;173m~[38;2;86;86;86;48;2;193;193;193m~[38;2;132;132;132;48;2;224;224;224m~[38;2;212;212;212;48;2;244;244;244m~[38;2;247;247;247;48;2;250;250;250m~[38;2;249;249;249;48;2;251;251;251m`[48;2;252;252;252m                                              [0m
[7m[38;2;252;252;252m [0m[38;2;0;0;0;48;2;252;252;252m                                                        [38;2;252;252;252;48;2;251;251;251m.:[38;2;253;253;253m` [38;2;250;250;250m?[38;2;249;249;249mF[38;2;250;250;250m^TTTT[38;2;249;249;249m? [38;2;252;252;252m::[48;2;252;252;252m                                                [0m
[7m[38;2;252;252;252m [0m[38;2;0;0;0;48;2;252;252;252m                                                                                                                       [0m
[7m[38;2;252;252;252m [0m[38;2;0;0;0;48;2;252;252;252m                                                                                                                       [0m
[7m[38;2;252;252;252m [0m[38;2;0;0;0;48;2;252;252;252m                                                                                                                       [0m
[7m[38;2;252;252;252m [0m[38;2;0;0;0;48;2;252;252;252m                                                                                                                       [0m
[7m[38;2;252;252;252m [0m[38;2;0;0;0;48;2;252;252;252m                                                                                                                       [0m
[7m[38;2;252;252;252m [0m[38;2;0;0;0;48;2;252;252;252m                                                                                                                       [0m
[7m[38;2;252;252;252m [0m[38;2;0;0;0;48;2;252;252;252m                                                                                                                       [0m
[7m[38;2;252;252;252m [0m[38;2;0;0;0;48;2;252;252;252m                                                                                                                       [0m
[7m[38;2;252;252;252m [0m[38;2;0;0;0;48;2;252;252;252m                                                                                                                       [0m
[7m[38;2;252;252;252m [0m[38;2;0;0;0;48;2;252;252;252m                                                                                                                       [0m
[7m[38;2;252;252;252m [0m[38;2;0;0;0;48;2;252;252;252m                                                                                                                       [0m
[?25h