[?25l[0m[7m[38;2;0;0;0m [0m[38;2;0;0;0;48;2;0;0;0m                                                                                                                       [0m
[7m[38;2;0;0;0m [0m[38;2;0;0;0;48;2;0;0;0m                                                                                                                       [0m
[7m[38;2;0;0;0m [0m[38;2;0;0;0;48;2;0;0;0m                                                                                                                       [0m
[7m[38;2;0;0;0m [0m[38;2;0;0;0;48;2;0;0;0m                                                                                                                       [0m
[7m[38;2;0;0;0m [0m[38;2;0;0;0;48;2;0;0;0m                                                                                                                       [0m
[7m[38;2;0;0;0m [0m[38;2;0;0;0;48;2;0;0;0m                                                                                                                       [0m
[7m[38;2;0;0;0m [0m[38;2;0;0;0;48;2;0;0;0m                                                                                                                       [0m
[7m[38;2;0;0;0m [0m[38;2;0;0;0;48;2;0;0;0m                                                                                                                       [0m
[7m[38;2;0;0;0m [0m[38;2;0;0;0;48;2;0;0;0m                                                                                                                       [0m
[7m[38;2;0;0;0m [0m[38;2;0;0;0;48;2;0;0;0m                                                                                                                       [0m
[7m[38;2;0;0;0m [0m[38;2;0;0;0;48;2;0;0;0m                                                              [38;2;1;1;1m_                                                        [0m
[7m[38;2;0;0;0m [0m[38;2;0;0;0;48;2;0;0;0m                                                           [48;2;2;2;2m:[38;2;81;81;81;48;2;9;9;9m_[38;2;158;158;158;48;2;25;25;25m_[38;2;192;192;192;48;2;58;58;58m_[48;2;88;88;88my[38;2;218;218;218;48;2;118;118;118my[38;2;200;200;200;48;2;81;81;81m_[38;2;87;87;87;48;2;22;22;22m_[38;2;15;15;15;48;2;2;2;2m,[48;2;0;0;0m                                                   [0m
[7m[38;2;0;0;0m [0m[38;2;0;0;0;48;2;0;0;0m                                                        [48;2;6;6;6m:[38;2;108;108;108;48;2;28;28;28m_[38;2;234;234;234;48;2;79;79;79m_[38;2;39;39;39;48;2;166;166;166m~[38;2;117;117;117;48;2;215;215;215m~[38;2;212;212;212;48;2;240;240;240m"[38;2;229;229;229;48;2;248;248;248m`[38;2;244;244;244;48;2;250;250;250m`[38;2;253;253;253;48;2;251;251;251m`[38;2;232;232;232;48;2;246;246;246m`[38;2;132;132;132;48;2;199;199;199m~[38;2;134;134;134;48;2;84;84;84my[38;2;70;70;70;48;2;23;23;23m,[38;2;5;5;5;48;2;1;1;1m,[38;2;1;1;1;48;2;0;0;0my                                                [0m
[7m[38;2;0;0;0m [0m[38;2;0;0;0;48;2;0;0;0m                                                      [48;2;2;2;2m:[38;2;93;93;93;48;2;37;37;37m_[38;2;68;68;68;48;2;160;160;160m~[38;2;158;158;158;48;2;230;230;230m`[38;2;251;251;251;48;2;249;249;249m:[38;2;252;252;252;48;2;251;251;251m_[38;2;249;249;249m` [48;2;252;252;252m   [48;2;251;251;251m [38;2;253;253;253;48;2;249;249;249m:[38;2;189;189;189;48;2;217;217;217m~[38;2;151;151;151;48;2;110;110;110mL[38;2;57;57;57;48;2;27;27;27m_[38;2;2;2;2;48;2;1;1;1m`[48;2;0;0;0m                                                [0m
[7m[38;2;0;0;0m [0m[38;2;0;0;0;48;2;0;0;0m                                                     [48;2;1;1;1m:[38;2;65;65;65;48;2;44;44;44mu[38;2;112;112;112;48;2;184;184;184m~[38;2;252;252;252;48;2;245;245;245m:[38;2;251;251;251;48;2;250;250;250mw[48;2;251;251;251m [48;2;252;252;252m       [48;2;251;251;251m [38;2;252;252;252;48;2;249;249;249m:[38;2;190;190;190;48;2;216;216;216m~[38;2;144;144;144;48;2;102;102;102mL[38;2;63;63;63;48;2;22;22;22m,[38;2;1;1;1;48;2;0;0;0m.                                               [0m
[7m[38;2;0;0;0m [0m[38;2;0;0;0;48;2;0;0;0m                                                    [38;2;1;1;1m:[38;2;36;36;36;48;2;23;23;23mu[38;2;96;96;96;48;2;134;134;134mF[38;2;250;250;250;48;2;240;240;240m:[38;2;251;251;251;48;2;252;252;252m_[38;2;253;253;253m:[48;2;253;253;253m [48;2;252;252;252m       [38;2;252;252;252;48;2;251;251;251m:_[38;2;254;254;254;48;2;248;248;248m:[38;2;179;179;179;48;2;202;202;202m~[38;2;115;115;115;48;2;77;77;77mL[38;2;24;24;24;48;2;10;10;10m_[48;2;0;0;0m                                               [0m
[7m[38;2;0;0;0m [0m[38;2;0;0;0;48;2;0;0;0m                                                    [38;2;1;1;1m`[38;2;63;63;63;48;2;44;44;44m4[38;2;165;165;165;48;2;188;188;188mF[38;2;252;252;252;48;2;246;246;246m`[38;2;250;250;250;48;2;251;251;251m:[38;2;252;252;252m`[38;2;253;253;253;48;2;252;252;252m`        _[38;2;252;252;252;48;2;251;251;251m,[38;2;253;253;253;48;2;246;246;246m:[38;2;146;146;146;48;2;182;182;182m~[38;2;88;88;88;48;2;51;51;51mL[38;2;4;4;4;48;2;1;1;1m.[48;2;0;0;0m                                              [0m
[7m[38;2;0;0;0m [0m[38;2;0;0;0;48;2;0;0;0m                                                   [38;2;1;1;1m,[38;2;0;0;0;48;2;6;6;6m:[38;2;100;100;100;48;2;77;77;77m4[38;2;213;213;213;48;2;231;231;231m~[38;2;253;253;253;48;2;251;251;251m: [48;2;252;252;252m       [48;2;251;251;251m [38;2;252;252;252m`[38;2;231;231;231;48;2;249;249;249m_[38;2;192;192;192;48;2;240;240;240m_[38;2;134;134;134;48;2;216;216;216m_[38;2;84;84;84;48;2;183;183;183m_[38;2;51;51;51;48;2;146;146;146m_[38;2;85;85;85;48;2;55;55;55mF[38;2;2;2;2;48;2;8;8;8m.[48;2;0;0;0m                                              [0m
[7m[38;2;0;0;0m [0m[38;2;0;0;0;48;2;0;0;0m                                                   [38;2;1;1;1m:[38;2;0;0;0;48;2;24;24;24m:[38;2;91;91;91;48;2;129;129;129mF[38;2;235;235;235;48;2;243;243;243mL[38;2;252;252;252;48;2;251;251;251m^:[48;2;252;252;252m   [48;2;251;251;251m:[38;2;250;250;250m_+[38;2;246;246;246;48;2;247;247;247m.[38;2;144;144;144;48;2;229;229;229m_[38;2;65;65;65;48;2;183;183;183m_[38;2;53;53;53;48;2;133;133;133my[38;2;139;139;139;48;2;54;54;54m~[38;2;81;81;81;48;2;24;24;24m~[38;2;61;61;61;48;2;11;11;11m`[38;2;34;34;34;48;2;4;4;4m`[38;2;7;7;7;48;2;1;1;1m`[48;2;0;0;0m                                               [0m
[7m[38;2;0;0;0m [0m[38;2;0;0;0;48;2;0;0;0m                                                    [38;2;67;67;67;48;2;48;48;48m4[38;2;156;156;156;48;2;188;188;188m~[38;2;253;253;253;48;2;246;246;246m`[38;2;252;252;252;48;2;251;251;251m_:[48;2;252;252;252m [48;2;251;251;251m:[38;2;250;250;250m_[38;2;252;252;252;48;2;248;248;248m:[38;2;164;164;164;48;2;228;228;228m_[38;2;84;84;84;48;2;178;178;178my[38;2;200;200;200;48;2;72;72;72m~[38;2;101;101;101;48;2;25;25;25m~[38;2;21;21;21;48;2;4;4;4m~[48;2;0;0;0m [38;2;2;2;2m`                                                   [0m
[7m[38;2;0;0;0m [0m[38;2;0;0;0;48;2;0;0;0m                                                   [48;2;13;13;13m:[38;2;110;110;110;48;2;90;90;90my[38;2;208;208;208;48;2;224;224;224m~[38;2;253;253;253;48;2;251;251;251m'[48;2;252;252;252mL[38;2;252;252;252;48;2;251;251;251m:[38;2;249;249;249m_[38;2;253;253;253;48;2;250;250;250m.[38;2;174;174;174;48;2;235;235;235m_[38;2;83;83;83;48;2;159;159;159my[38;2;112;112;112;48;2;37;37;37m~[38;2;22;22;22;48;2;5;5;5m'[38;2;1;1;1;48;2;0;0;0mT`                                                      [0m
[7m[38;2;0;0;0m [0m[38;2;0;0;0;48;2;0;0;0m                                                  [48;2;1;1;1m:[38;2;46;46;46;48;2;34;34;34my[38;2;122;122;122;48;2;149;149;149mF[38;2;237;237;237;48;2;244;244;244mL[48;2;251;251;251m [38;2;253;253;253;48;2;252;252;252mF[38;2;252;252;252;48;2;250;250;250m`[38;2;254;254;254;48;2;243;243;243m:[38;2;95;95;95;48;2;192;192;192m_[38;2;138;138;138;48;2;61;61;61m~[38;2;33;33;33;48;2;6;6;6m~[48;2;0;0;0m                                                          [0m
[7m[38;2;0;0;0m [0m[38;2;0;0;0;48;2;0;0;0m                                                  [48;2;7;7;7m:[38;2;47;47;47;48;2;72;72;72mF[38;2;156;156;156;48;2;174;174;174mF[38;2;239;239;239;48;2;244;244;244mL[38;2;251;251;251;48;2;250;250;250m`[38;2;252;252;252;48;2;248;248;248m:[38;2;147;147;147;48;2;225;225;225m_[38;2;61;61;61;48;2;132;132;132my[38;2;65;65;65;48;2;25;25;25m"[38;2;3;3;3;48;2;1;1;1m'[48;2;0;0;0m                                                           [0m
[7m[38;2;0;0;0m [0m[38;2;0;0;0;48;2;0;0;0m                                                  [48;2;6;6;6m:[38;2;71;71;71;48;2;47;47;47m"[38;2;65;65;65;48;2;137;137;137m_[38;2;175;175;175;48;2;221;221;221m_[38;2;113;113;113;48;2;212;212;212m_[38;2;58;58;58;48;2;143;143;143my[38;2;87;87;87;48;2;34;34;34m"[38;2;15;15;15;48;2;3;3;3m~[38;2;1;1;1;48;2;0;0;0m`                                                            [0m
[7m[38;2;0;0;0m [0m[38;2;0;0;0;48;2;0;0;0m                                                   [38;2;3;3;3m`[38;2;39;39;39;48;2;9;9;9m`[38;2;106;106;106;48;2;22;22;22m~[38;2;70;70;70;48;2;11;11;11m~[38;2;0;0;0;48;2;3;3;3m:[48;2;0;0;0m                                                               [0m
[7m[38;2;0;0;0m [0m[38;2;0;0;0;48;2;0;0;0m                                                                                                                       [0m
[7m[38;2;0;0;0m [0m[38;2;0;0;0;48;2;0;0;0m                                                                                                                       [0m
[7m[38;2;0;0;0m [0m[38;2;0;0;0;48;2;0;0;0m                                                                                                                       [0m
[7m[38;2;0;0;0m [0m[38;2;0;0;0;48;2;0;0;0m                                                                                                                       [0m
[7m[38;2;0;0;0m [0m[38;2;0;0;0;48;2;0;0;0m                                                                                                                       [0m
[7m[38;2;0;0;0m [0m[38;2;0;0;0;48;2;0;0;0m                                                                                                                       [0m
[7m[38;2;0;0;0m [0m[38;2;0;0;0;48;2;0;0;0m                                                                                                                       [0m
[7m[38;2;0;0;0m [0m[38;2;0;0;0;48;2;0;0;0m                                                                                                                       [0m
[7m[38;2;0;0;0m [0m[38;2;0;0;0;48;2;0;0;0m                                                                                                                       [0m
[7m[38;2;0;0;0m [0m[38;2;0;0;0;48;2;0;0;0m                                                                                                                       [0m
[7m[38;2;0;0;0m [0m[38;2;0;0;0;48;2;0;0;0m                                                                                                                       [0m
[?25h