[?25l[0m[7m[38;2;252;252;252m [0m[38;2;0;0;0;48;2;252;252;252m                                                                                                                       [0m
[7m[38;2;252;252;252m [0m[38;2;0;0;0;48;2;252;252;252m                              [38;2;252;252;252;48;2;251;251;251m:[48;2;252;252;252m                                                                                        [0m
[7m[38;2;252;252;252m [0m[38;2;0;0;0;48;2;252;252;252m                                                                                                                       [0m
[7m[38;2;252;252;252m [0m[38;2;0;0;0;48;2;252;252;252m                                                                                                                       [0m
[7m[38;2;252;252;252m [0m[38;2;0;0;0;48;2;252;252;252m                                                                                                                       [0m
[7m[38;2;252;252;252m [0m[38;2;0;0;0;48;2;252;252;252m                                                                                                                       [0m
[7m[38;2;252;252;252m [0m[38;2;0;0;0;48;2;252;252;252m                                                                                                                       [0m
[7m[38;2;252;252;252m [0m[38;2;0;0;0;48;2;252;252;252m                                                                                                                       [0m
[7m[38;2;252;252;252m [0m[38;2;0;0;0;48;2;252;252;252m                           [38;2;252;252;252;48;2;251;251;251m:[38;2;253;253;253;48;2;252;252;252m_,[48;2;251;251;251m [38;2;250;250;250m,[48;2;252;252;252m                                                                                       [0m
[7m[38;2;252;252;252m [0m[38;2;0;0;0;48;2;252;252;252m                     [38;2;252;252;252;48;2;251;251;251m:.[48;2;250;250;250m`[38;2;214;214;214;48;2;248;248;248m_[38;2;190;190;190;48;2;247;247;247m_[38;2;184;184;184;48;2;245;245;245m_[38;2;181;181;181;48;2;243;243;243m_[38;2;166;166;166;48;2;227;227;227m_[38;2;101;101;101;48;2;188;188;188m_[38;2;94;94;94;48;2;204;204;204m_[38;2;182;182;182;48;2;238;238;238m_[38;2;252;252;252;48;2;249;249;249m`[48;2;251;251;251m .[48;2;252;252;252m                                                                                    [0m
[7m[38;2;252;252;252m [0m[38;2;0;0;0;48;2;252;252;252m                   [38;2;252;252;252;48;2;251;251;251m: [38;2;251;251;251;48;2;246;246;246m`[38;2;159;159;159;48;2;228;228;228m_[38;2;38;38;38;48;2;174;174;174m_[38;2;169;169;169;48;2;61;61;61m~[38;2;93;93;93;48;2;26;26;26m~[38;2;122;122;122;48;2;19;19;19m`[38;2;120;120;120;48;2;18;18;18m`[38;2;113;113;113;48;2;21;21;21m`[38;2;70;70;70m~[38;2;61;61;61;48;2;11;11;11m`[38;2;110;110;110;48;2;49;49;49m~[38;2;58;58;58;48;2;164;164;164m_[38;2;174;174;174;48;2;237;237;237m_[38;2;253;253;253;48;2;251;251;251m.[38;2;250;250;250m,[48;2;252;252;252m                                                                                   [0m
[7m[38;2;252;252;252m [0m[38;2;0;0;0;48;2;252;252;252m                   [38;2;252;252;252;48;2;251;251;251m.[38;2;250;250;250m^[38;2;213;213;213;48;2;226;226;226m4[38;2;136;136;136;48;2;105;105;105m~[38;2;0;0;0;48;2;13;13;13m:[48;2;1;1;1m.[38;2;2;2;2;48;2;0;0;0m`     [38;2;1;1;1m`[38;2;55;55;55;48;2;12;12;12m`[38;2;46;46;46;48;2;106;106;106mL[38;2;184;184;184;48;2;217;217;217mw[38;2;254;254;254;48;2;250;250;250m:[48;2;251;251;251m [48;2;252;252;252m                                                                                  [0m
[7m[38;2;252;252;252m [0m[38;2;0;0;0;48;2;252;252;252m                   [38;2;252;252;252;48;2;251;251;251m: [38;2;224;224;224;48;2;234;234;234m4[38;2;180;180;180;48;2;143;143;143m_[38;2;1;1;1;48;2;17;17;17m:[48;2;0;0;0m        [38;2;22;22;22;48;2;14;14;14mu[38;2;79;79;79;48;2;118;118;118mF[38;2;196;196;196;48;2;233;233;233m~[38;2;254;254;254;48;2;251;251;251m' [48;2;252;252;252m                                                                                  [0m
[7m[38;2;252;252;252m [0m[38;2;0;0;0;48;2;252;252;252m                   [38;2;252;252;252;48;2;251;251;251m::[38;2;246;246;246;48;2;250;250;250m`[38;2;201;201;201;48;2;222;222;222m"[38;2;147;147;147;48;2;101;101;101my[38;2;0;0;0;48;2;10;10;10m:[48;2;0;0;0m       [38;2;19;19;19;48;2;11;11;11m_[38;2;93;93;93;48;2;111;111;111m$[38;2;219;219;219;48;2;229;229;229mr[38;2;254;254;254;48;2;251;251;251m' [48;2;252;252;252m                                                                                  [0m
[7m[38;2;252;252;252m [0m[38;2;0;0;0;48;2;252;252;252m                    [38;2;252;252;252;48;2;251;251;251m`[38;2;248;248;248;48;2;250;250;250m_[38;2;227;227;227;48;2;232;232;232mu[38;2;165;165;165;48;2;134;134;134mF[38;2;0;0;0;48;2;14;14;14m:[38;2;1;1;1;48;2;0;0;0m,      [38;2;31;31;31;48;2;17;17;17m4[38;2;48;48;48;48;2;118;118;118m_[38;2;142;142;142;48;2;231;231;231m_[38;2;228;228;228;48;2;247;247;247m_[38;2;246;246;246;48;2;250;250;250m*[38;2;250;250;250;48;2;251;251;251m_[38;2;252;252;252m.[48;2;252;252;252m                                                                                [0m
[7m[38;2;252;252;252m [0m[38;2;0;0;0;48;2;252;252;252m                  [38;2;252;252;252;48;2;251;251;251m::[38;2;251;251;251;48;2;250;250;250m:[38;2;190;190;190;48;2;226;226;226m_[38;2;58;58;58;48;2;145;145;145my[38;2;83;83;83;48;2;24;24;24m~[38;2;0;0;0;48;2;1;1;1m:[38;2;1;1;1;48;2;0;0;0m`       [38;2;26;26;26;48;2;6;6;6m`[38;2;94;94;94;48;2;28;28;28m"[38;2;180;180;180;48;2;65;65;65m~[38;2;75;75;75;48;2;159;159;159my[38;2;140;140;140;48;2;214;214;214m_[38;2;252;252;252;48;2;249;249;249m'[48;2;251;251;251m.[48;2;252;252;252m                                                                               [0m
[7m[38;2;252;252;252m [0m[38;2;0;0;0;48;2;252;252;252m                  [38;2;252;252;252;48;2;251;251;251m|[38;2;251;251;251;48;2;250;250;250m4[38;2;220;220;220;48;2;230;230;230m4[38;2;165;165;165;48;2;124;124;124m~[38;2;0;0;0;48;2;12;12;12m:[38;2;1;1;1;48;2;0;0;0m:          `[38;2;69;69;69;48;2;20;20;20m_[38;2;192;192;192;48;2;97;97;97m_[38;2;136;136;136;48;2;215;215;215m~[38;2;253;253;253;48;2;250;250;250m'[48;2;251;251;251m [48;2;252;252;252m                                                                               [0m
[7m[38;2;252;252;252m [0m[38;2;0;0;0;48;2;252;252;252m                  [48;2;251;251;251m  [38;2;232;232;232;48;2;219;219;219m:[38;2;113;113;113;48;2;89;89;89mF[38;2;0;0;0;48;2;7;7;7m:[38;2;1;1;1;48;2;0;0;0m:          [48;2;9;9;9m.[38;2;127;127;127;48;2;89;89;89m4[38;2;200;200;200;48;2;227;227;227m_[38;2;253;253;253;48;2;250;250;250m`[48;2;251;251;251m [48;2;252;252;252m                                                                                [0m
[7m[38;2;252;252;252m [0m[38;2;0;0;0;48;2;252;252;252m                [48;2;251;251;251m [38;2;250;250;250m,[38;2;252;252;252;48;2;246;246;246m`[38;2;155;155;155;48;2;226;226;226m_[38;2;51;51;51;48;2;151;151;151m_[38;2;45;45;45;48;2;20;20;20m`[48;2;0;0;0m          [38;2;2;2;2m.[38;2;11;11;11;48;2;1;1;1m_[38;2;2;2;2m+[38;2;58;58;58;48;2;40;40;40m_[38;2;122;122;122;48;2;160;160;160mF[38;2;254;254;254;48;2;247;247;247m:[38;2;250;250;250;48;2;251;251;251m`[48;2;252;252;252m                                                                                [0m
[7m[38;2;252;252;252m [0m[38;2;0;0;0;48;2;252;252;252m              [38;2;252;252;252;48;2;251;251;251m:[38;2;244;244;244m_[38;2;206;206;206;48;2;243;243;243m_[38;2;120;120;120;48;2;206;206;206m_[38;2;42;42;42;48;2;136;136;136my[38;2;117;117;117;48;2;30;30;30m~[38;2;0;0;0;48;2;2;2;2m:[48;2;0;0;0m           [38;2;59;59;59;48;2;41;41;41ma[38;2;77;77;77;48;2;145;145;145m~[38;2;104;104;104;48;2;198;198;198m~[38;2;129;129;129;48;2;214;214;214m~[38;2;207;207;207;48;2;242;242;242m~[38;2;253;253;253;48;2;251;251;251m` [48;2;252;252;252m                                                                                [0m
[7m[38;2;252;252;252m [0m[38;2;0;0;0;48;2;252;252;252m            [38;2;252;252;252;48;2;251;251;251m::[38;2;251;251;251;48;2;250;250;250m.[38;2;200;200;200;48;2;213;213;213mu[38;2;159;159;159;48;2;76;76;76m~[38;2;67;67;67;48;2;12;12;12m~[38;2;0;0;0;48;2;2;2;2m`[38;2;4;4;4;48;2;0;0;0m_[38;2;37;37;37;48;2;6;6;6m_[38;2;93;93;93;48;2;30;30;30m_[38;2;76;76;76;48;2;37;37;37my[38;2;0;0;0;48;2;3;3;3m:[38;2;1;1;1;48;2;0;0;0m,      `[38;2;56;56;56;48;2;43;43;43mJ[38;2;124;124;124;48;2;159;159;159m+[38;2;254;254;254;48;2;245;245;245m'[38;2;252;252;252;48;2;251;251;251ma:[48;2;252;252;252m                                                                                  [0m
[7m[38;2;252;252;252m [0m[38;2;0;0;0;48;2;252;252;252m             [48;2;251;251;251m [38;2;251;251;251;48;2;250;250;250m~[38;2;233;233;233;48;2;220;220;220m:[38;2;86;86;86;48;2;116;116;116m~[38;2;0;0;0;48;2;8;8;8m`[38;2;59;59;59;48;2;5;5;5m_[38;2;124;124;124;48;2;17;17;17m_[38;2;68;68;68;48;2;126;126;126mF[38;2;199;199;199;48;2;164;164;164mg[38;2;41;41;41;48;2;76;76;76my[38;2;0;0;0;48;2;4;4;4m:[38;2;1;1;1;48;2;0;0;0mF       [38;2;73;73;73;48;2;49;49;49m4[38;2;150;150;150;48;2;176;176;176mL[38;2;254;254;254;48;2;248;248;248m:[48;2;250;250;250m [38;2;252;252;252;48;2;251;251;251m:[48;2;252;252;252m                                                                                  [0m
[7m[38;2;252;252;252m [0m[38;2;0;0;0;48;2;252;252;252m             [38;2;252;252;252;48;2;251;251;251m. [38;2;235;235;235;48;2;245;245;245m"[38;2;164;164;164;48;2;213;213;213m~[38;2;18;18;18;48;2;152;152;152m~[38;2;84;84;84;48;2;174;174;174m~[38;2;187;187;187;48;2;234;234;234m~[38;2;214;214;214;48;2;236;236;236m`[38;2;150;150;150;48;2;180;180;180m_[38;2;2;2;2;48;2;21;21;21m:[48;2;0;0;0m        [38;2;1;1;1m:[38;2;29;29;29;48;2;40;40;40mi[38;2;130;130;130;48;2;150;150;150mi[38;2;254;254;254;48;2;247;247;247m:[48;2;250;250;250m [38;2;252;252;252;48;2;251;251;251m:[48;2;252;252;252m                                                                                  [0m
[7m[38;2;252;252;252m [0m[38;2;0;0;0;48;2;252;252;252m               [38;2;252;252;252;48;2;251;251;251m: [38;2;253;253;253m~[38;2;251;251;251;48;2;250;250;250m_[38;2;249;249;249;48;2;251;251;251mF[38;2;214;214;214;48;2;224;224;224m4[38;2;140;140;140;48;2;98;98;98m~[38;2;0;0;0;48;2;8;8;8m:[48;2;0;0;0m         [38;2;33;33;33;48;2;22;22;22m4[38;2;106;106;106;48;2;133;133;133mi[38;2;254;254;254;48;2;247;247;247m:[38;2;250;250;250;48;2;251;251;251m"[38;2;252;252;252m:[48;2;252;252;252m                                                                                  [0m
[7m[38;2;252;252;252m [0m[38;2;0;0;0;48;2;252;252;252m                 [38;2;252;252;252;48;2;251;251;251m:[38;2;250;250;250m,[38;2;252;252;252;48;2;246;246;246m'[38;2;165;165;165;48;2;197;197;197m_[38;2;5;5;5;48;2;34;34;34m.[48;2;0;0;0m          [38;2;25;25;25;48;2;15;15;15m4[38;2;98;98;98;48;2;124;124;124mi[38;2;254;254;254;48;2;245;245;245m`[38;2;253;253;253;48;2;252;252;252m,                                                                                   [0m
[7m[38;2;252;252;252m [0m[38;2;0;0;0;48;2;252;252;252m                 [48;2;251;251;251m [38;2;249;249;249;48;2;250;250;250mF[38;2;218;218;218;48;2;224;224;224mu[38;2;152;152;152;48;2;107;107;107m~[38;2;0;0;0;48;2;9;9;9m:[48;2;0;0;0m          [38;2;2;2;2;48;2;5;5;5m:[38;2;76;76;76;48;2;100;100;100mi[38;2;222;222;222;48;2;230;230;230m,[38;2;254;254;254;48;2;252;252;252m:[48;2;251;251;251m [48;2;252;252;252m                                                                                  [0m
[7m[38;2;252;252;252m [0m[38;2;0;0;0;48;2;252;252;252m                [38;2;252;252;252;48;2;251;251;251m:[48;2;252;252;252m [38;2;251;251;251;48;2;246;246;246m'[38;2;180;180;180;48;2;196;196;196my[38;2;59;59;59;48;2;29;29;29m~[48;2;0;0;0m           [38;2;2;2;2m`[38;2;61;61;61;48;2;82;82;82mi[38;2;201;201;201;48;2;214;214;214mL[48;2;251;251;251m [38;2;251;251;251;48;2;250;250;250m`[48;2;252;252;252m                                                                                  [0m
[7m[38;2;252;252;252m [0m[38;2;0;0;0;48;2;252;252;252m                [48;2;251;251;251m  [38;2;218;218;218;48;2;225;225;225mu[38;2;162;162;162;48;2;109;109;109m~[38;2;0;0;0;48;2;9;9;9m:[48;2;0;0;0m            [38;2;47;47;47;48;2;65;65;65mi[38;2;168;168;168;48;2;188;188;188mL[38;2;254;254;254;48;2;249;249;249m:[48;2;250;250;250m [38;2;252;252;252;48;2;251;251;251m:[48;2;252;252;252m                                                                                 [0m
[7m[38;2;252;252;252m [0m[38;2;0;0;0;48;2;252;252;252m               [38;2;252;252;252;48;2;251;251;251m:[38;2;251;251;251;48;2;252;252;252mL[38;2;252;252;252;48;2;247;247;247m`[38;2;185;185;185;48;2;199;199;199my[38;2;60;60;60;48;2;31;31;31m~[48;2;0;0;0m [38;2;1;1;1m`          :[38;2;56;56;56;48;2;38;38;38m4[38;2;127;127;127;48;2;158;158;158mL[38;2;254;254;254;48;2;248;248;248m.[48;2;250;250;250m [38;2;252;252;252;48;2;251;251;251m:[48;2;252;252;252m                                                                                 [0m
[7m[38;2;252;252;252m [0m[38;2;0;0;0;48;2;252;252;252m               [48;2;251;251;251m [38;2;251;251;251;48;2;250;250;250m4[38;2;222;222;222;48;2;229;229;229mu[38;2;105;105;105;48;2;138;138;138my[38;2;0;0;0;48;2;10;10;10m:[48;2;0;0;0m            [38;2;1;1;1m"[38;2;30;30;30;48;2;17;17;17m`[38;2;82;82;82;48;2;127;127;127m[[38;2;254;254;254;48;2;245;245;245m'[38;2;251;251;251;48;2;252;252;252m~[38;2;252;252;252;48;2;251;251;251m.[48;2;252;252;252m                                                                                 [0m
[7m[38;2;252;252;252m [0m[38;2;0;0;0;48;2;252;252;252m              [38;2;252;252;252;48;2;251;251;251m::[38;2;246;246;246m_[38;2;192;192;192;48;2;207;207;207m_[38;2;80;80;80;48;2;45;45;45m~[38;2;0;0;0;48;2;1;1;1m:[38;2;1;1;1;48;2;0;0;0m`            [38;2;4;4;4;48;2;1;1;1m`[38;2;108;108;108;48;2;77;77;77m4[38;2;198;198;198;48;2;221;221;221m_[38;2;254;254;254;48;2;251;251;251m:[38;2;249;249;249m_[38;2;252;252;252m:[48;2;252;252;252m                                                                                [0m
[7m[38;2;252;252;252m [0m[38;2;0;0;0;48;2;252;252;252m              [48;2;251;251;251m  [38;2;245;245;245;48;2;231;231;231m'[38;2;98;98;98;48;2;149;149;149m_[38;2;0;0;0;48;2;11;11;11m:[38;2;1;1;1;48;2;0;0;0m,   [38;2;77;77;77;48;2;30;30;30my[38;2;218;218;218;48;2;87;87;87m_[38;2;253;253;253;48;2;101;101;101m_[38;2;254;254;254m__[38;2;225;225;225;48;2;85;85;85m_[38;2;0;0;0;48;2;25;25;25m`[48;2;1;1;1m:[48;2;0;0;0m  [38;2;1;1;1m;[38;2;63;63;63;48;2;42;42;42m4[38;2;132;132;132;48;2;166;166;166mL[38;2;254;254;254;48;2;247;247;247m:[48;2;249;249;249m [38;2;252;252;252;48;2;251;251;251m:[48;2;252;252;252m                                                                                [0m
[7m[38;2;252;252;252m [0m[38;2;0;0;0;48;2;252;252;252m              [48;2;251;251;251m  [38;2;233;233;233;48;2;220;220;220m:[38;2;205;205;205;48;2;98;98;98m_[38;2;177;177;177;48;2;29;29;29m_[38;2;149;149;149;48;2;19;19;19m_[38;2;113;113;113;48;2;14;14;14m_[38;2;0;0;0;48;2;4;4;4m`[38;2;24;24;24;48;2;13;13;13mu[38;2;90;90;90;48;2;132;132;132mF[38;2;225;225;225;48;2;241;241;241m~[38;2;254;254;254;48;2;252;252;252m` [38;2;253;253;253m`[38;2;217;217;217;48;2;227;227;227m4[38;2;110;110;110;48;2;93;93;93mL[38;2;0;0;0;48;2;9;9;9m:[38;2;23;23;23;48;2;2;2;2m_[38;2;88;88;88;48;2;11;11;11m_[38;2;150;150;150;48;2;21;21;21m_[38;2;191;191;191;48;2;63;63;63m_[38;2;116;116;116;48;2;178;178;178m~[38;2;254;254;254;48;2;248;248;248m'[38;2;251;251;251;48;2;250;250;250m_[38;2;252;252;252;48;2;251;251;251m:[48;2;252;252;252m                                                                                [0m
[7m[38;2;252;252;252m [0m[38;2;0;0;0;48;2;252;252;252m                [38;2;249;249;249;48;2;251;251;251m`[38;2;238;238;238;48;2;249;249;249m`[38;2;217;217;217;48;2;237;237;237m`[38;2;116;116;116;48;2;191;191;191m_[38;2;3;3;3;48;2;97;97;97m_[48;2;12;12;12m:[48;2;6;6;6m:[38;2;69;69;69;48;2;113;113;113mF[38;2;210;210;210;48;2;226;226;226mr[38;2;254;254;254;48;2;252;252;252m`[48;2;251;251;251m [38;2;251;251;251;48;2;247;247;247m`[38;2;149;149;149;48;2;211;211;211m_[38;2;133;133;133;48;2;66;66;66m~[38;2;0;0;0;48;2;7;7;7m`[38;2;71;71;71;48;2;46;46;46m4[38;2;118;118;118;48;2;164;164;164m~[38;2;193;193;193;48;2;236;236;236m~[38;2;225;225;225;48;2;245;245;245m`[38;2;248;248;248;48;2;251;251;251m` [48;2;252;252;252m                                                                                  [0m
[7m[38;2;252;252;252m [0m[38;2;0;0;0;48;2;252;252;252m                 [38;2;251;251;251m`[38;2;239;239;239;48;2;219;219;219m.[38;2;208;208;208;48;2;105;105;105m_[38;2;199;199;199;48;2;61;61;61m_[38;2;206;206;206;48;2;71;71;71m_[38;2;48;48;48;48;2;150;150;150m~[38;2;155;155;155;48;2;219;219;219m~[38;2;241;241;241;48;2;248;248;248m`[48;2;250;250;250m [48;2;251;251;251m [38;2;247;247;247;48;2;232;232;232m.[38;2;110;110;110;48;2;152;152;152m?[38;2;206;206;206;48;2;75;75;75m_[38;2;211;211;211;48;2;78;78;78m_[38;2;54;54;54;48;2;153;153;153m~[38;2;177;177;177;48;2;224;224;224m~[38;2;253;253;253;48;2;250;250;250m'[38;2;249;249;249;48;2;251;251;251m~[38;2;252;252;252m:[48;2;252;252;252m                                                                                   [0m
[7m[38;2;252;252;252m [0m[38;2;0;0;0;48;2;252;252;252m                  [38;2;249;249;249;48;2;251;251;251m`[38;2;239;239;239;48;2;249;249;249m`[38;2;237;237;237m`[38;2;238;238;238m`[38;2;245;245;245;48;2;250;250;250m`[48;2;251;251;251m  [38;2;252;252;252m.[48;2;252;252;252m [48;2;251;251;251m:[38;2;243;243;243;48;2;250;250;250m`[38;2;238;238;238;48;2;249;249;249m`[38;2;240;240;240;48;2;250;250;250m`[38;2;246;246;246;48;2;251;251;251m`[48;2;252;252;252m                                                                                       [0m
[?25h