[?25l[0m[7m[38;2;0;0;0m [0m[38;2;0;0;0;48;2;0;0;0m                                                                                                                       [0m
[7m[38;2;0;0;0m [0m[38;2;0;0;0;48;2;0;0;0m                                                                                                                       [0m
[7m[38;2;0;0;0m [0m[38;2;0;0;0;48;2;0;0;0m                                                                                                                       [0m
[7m[38;2;0;0;0m [0m[38;2;0;0;0;48;2;0;0;0m                                                                                                                       [0m
[7m[38;2;0;0;0m [0m[38;2;0;0;0;48;2;0;0;0m                                                                                                                       [0m
[7m[38;2;0;0;0m [0m[38;2;0;0;0;48;2;0;0;0m                                                                                                                       [0m
[7m[38;2;0;0;0m [0m[38;2;0;0;0;48;2;0;0;0m                                                                                                                       [0m
[7m[38;2;0;0;0m [0m[38;2;0;0;0;48;2;0;0;0m                                                       [38;2;1;1;1m_                                                               [0m
[7m[38;2;0;0;0m [0m[38;2;0;0;0;48;2;0;0;0m                                                    [38;2;1;1;1m_[38;2;0;0;0;48;2;2;2;2m:[38;2;59;59;59;48;2;13;13;13m_[38;2;125;125;125;48;2;33;33;33m_[38;2;110;110;110;48;2;28;28;28m_[38;2;55;55;55;48;2;12;12;12m_[38;2;0;0;0;48;2;3;3;3m`[38;2;34;34;34;48;2;2;2;2m_[38;2;26;26;26m_[48;2;0;0;0m [38;2;1;1;1m_                                                        [0m
[7m[38;2;0;0;0m [0m[38;2;0;0;0;48;2;0;0;0m                                                [38;2;50;50;50;48;2;7;7;7m_[38;2;166;166;166;48;2;40;40;40m_[38;2;176;176;176;48;2;77;77;77my[38;2;185;185;185;48;2;83;83;83my[38;2;190;190;190;48;2;53;53;53m_[38;2;201;201;201;48;2;101;101;101m_[38;2;157;157;157;48;2;220;220;220m~[38;2;198;198;198;48;2;239;239;239m~[38;2;192;192;192;48;2;237;237;237m"[38;2;155;155;155;48;2;214;214;214m~[38;2;80;80;80;48;2;181;181;181m~[38;2;154;154;154;48;2;222;222;222m~[38;2;143;143;143;48;2;210;210;210m~[38;2;208;208;208;48;2;98;98;98m_[38;2;190;190;190;48;2;45;45;45m_[38;2;187;187;187;48;2;42;42;42m_[38;2;138;138;138;48;2;21;21;21m_[38;2;47;47;47;48;2;6;6;6m,[38;2;1;1;1;48;2;0;0;0m.                                                    [0m
[7m[38;2;0;0;0m [0m[38;2;0;0;0;48;2;0;0;0m                                              [38;2;1;1;1m+[38;2;36;36;36;48;2;17;17;17m4[38;2;146;146;146;48;2;103;103;103m4[38;2;208;208;208;48;2;228;228;228m~[38;2;242;242;242;48;2;247;247;247m`[38;2;245;245;245;48;2;250;250;250m`[38;2;228;228;228;48;2;249;249;249m``[38;2;253;253;253;48;2;252;252;252m`[38;2;251;251;251m`  [38;2;253;253;253m^[48;2;251;251;251m [38;2;252;252;252m:[38;2;236;236;236;48;2;250;250;250m`[38;2;231;231;231m`[48;2;247;247;247m`[38;2;191;191;191;48;2;226;226;226m~[38;2;129;129;129;48;2;90;90;90mL[38;2;26;26;26;48;2;12;12;12mL[38;2;1;1;1;48;2;0;0;0m*                                                   [0m
[7m[38;2;0;0;0m [0m[38;2;0;0;0;48;2;0;0;0m                                            [38;2;1;1;1m,[38;2;0;0;0;48;2;3;3;3m`[38;2;91;91;91;48;2;57;57;57my[38;2;96;96;96;48;2;188;188;188m~[38;2;146;146;146;48;2;218;218;218m~[38;2;225;225;225;48;2;244;244;244m~[38;2;254;254;254;48;2;251;251;251m` [38;2;252;252;252m:[48;2;252;252;252m         [48;2;251;251;251m [38;2;253;253;253m:[38;2;248;248;248;48;2;229;229;229m`[38;2;57;57;57;48;2;103;103;103m4[38;2;37;37;37;48;2;9;9;9m,[48;2;0;0;0m                                                    [0m
[7m[38;2;0;0;0m [0m[38;2;0;0;0;48;2;0;0;0m                                            [38;2;1;1;1m~[38;2;20;20;20;48;2;10;10;10m4[38;2;122;122;122;48;2;85;85;85m4[38;2;135;135;135;48;2;227;227;227m_[38;2;253;253;253;48;2;250;250;250m:[38;2;252;252;252;48;2;251;251;251m`[48;2;252;252;252m            [48;2;251;251;251m:[48;2;250;250;250m.[48;2;237;237;237m'[38;2;78;78;78;48;2;154;154;154m_[38;2;58;58;58;48;2;29;29;29mF[48;2;0;0;0m                                                    [0m
[7m[38;2;0;0;0m [0m[38;2;0;0;0;48;2;0;0;0m                                             [38;2;1;1;1m:[38;2;44;44;44;48;2;30;30;30my[38;2;111;111;111;48;2;150;150;150mF[38;2;254;254;254;48;2;244;244;244m:[38;2;252;252;252;48;2;251;251;251m~:[48;2;252;252;252m           [48;2;251;251;251m [38;2;254;254;254;48;2;250;250;250m'[48;2;230;230;230m.[38;2;132;132;132;48;2;87;87;87mL[38;2;35;35;35;48;2;11;11;11m,[38;2;1;1;1;48;2;0;0;0m_                                                   [0m
[7m[38;2;0;0;0m [0m[38;2;0;0;0;48;2;0;0;0m                                              [38;2;9;9;9;48;2;34;34;34m.[38;2;126;126;126;48;2;149;149;149m$[38;2;240;240;240;48;2;245;245;245mL[38;2;250;250;250;48;2;251;251;251m_[38;2;252;252;252m:[48;2;252;252;252m           [48;2;251;251;251m:[38;2;253;253;253;48;2;250;250;250m.[38;2;219;219;219;48;2;240;240;240m_[38;2;172;172;172;48;2;146;146;146m=[38;2;63;63;63;48;2;34;34;34mL[38;2;1;1;1;48;2;0;0;0m`                                                   [0m
[7m[38;2;0;0;0m [0m[38;2;0;0;0;48;2;0;0;0m                                             [38;2;1;1;1mF[38;2;50;50;50;48;2;40;40;40my[38;2;132;132;132;48;2;164;164;164mF[38;2;241;241;241;48;2;246;246;246mL[48;2;250;250;250m [38;2;252;252;252;48;2;251;251;251m:[48;2;252;252;252m           [48;2;251;251;251m [38;2;254;254;254m'[48;2;230;230;230m.[38;2;72;72;72;48;2;113;113;113m4[38;2;43;43;43;48;2;16;16;16m,[38;2;1;1;1;48;2;0;0;0m.                                                   [0m
[7m[38;2;0;0;0m [0m[38;2;0;0;0;48;2;0;0;0m                                              [38;2;69;69;69;48;2;44;44;44m4[38;2;101;101;101;48;2;173;173;173m_[38;2;168;168;168;48;2;236;236;236m_[38;2;207;207;207;48;2;244;244;244m_[38;2;253;253;253;48;2;251;251;251m.[48;2;252;252;252m           [48;2;251;251;251m.[38;2;222;222;222;48;2;246;246;246m_[38;2;150;150;150;48;2;234;234;234m_[38;2;105;105;105;48;2;173;173;173m_[38;2;71;71;71;48;2;42;42;42mF[38;2;0;0;0;48;2;1;1;1m`[48;2;0;0;0m                                                   [0m
[7m[38;2;0;0;0m [0m[38;2;0;0;0;48;2;0;0;0m                                              [48;2;4;4;4m:[38;2;64;64;64;48;2;17;17;17m~[38;2;120;120;120;48;2;38;38;38m~[38;2;168;168;168;48;2;90;90;90m~[38;2;174;174;174;48;2;211;211;211my[38;2;253;253;253;48;2;249;249;249m`[38;2;246;246;246;48;2;251;251;251m_[38;2;252;252;252m:[48;2;252;252;252m   [38;2;253;253;253m,[38;2;252;252;252;48;2;250;250;250m`[38;2;234;234;234;48;2;246;246;246my[38;2;246;246;246;48;2;250;250;250m_[38;2;252;252;252;48;2;247;247;247m`[38;2;179;179;179;48;2;218;218;218my[38;2;189;189;189;48;2;94;94;94m~[38;2;107;107;107;48;2;28;28;28m~[38;2;68;68;68;48;2;15;15;15m~[38;2;18;18;18;48;2;2;2;2m~[48;2;0;0;0m                                                    [0m
[7m[38;2;0;0;0m [0m[38;2;0;0;0;48;2;0;0;0m                                                [38;2;1;1;1mT[38;2;40;40;40;48;2;25;25;25m"[38;2;63;63;63;48;2;129;129;129m_[38;2;200;200;200;48;2;219;219;219my[38;2;159;159;159;48;2;214;214;214m*[38;2;251;251;251;48;2;240;240;240m`[38;2;253;253;253;48;2;252;252;252m`   [38;2;246;246;246;48;2;247;247;247m4[38;2;239;239;239;48;2;231;231;231m_[38;2;223;223;223;48;2;235;235;235m*[38;2;252;252;252;48;2;232;232;232m'[38;2;121;121;121;48;2;155;155;155my[38;2;54;54;54;48;2;30;30;30mF[38;2;1;1;1;48;2;0;0;0m_                                                      [0m
[7m[38;2;0;0;0m [0m[38;2;0;0;0;48;2;0;0;0m                                                [48;2;6;6;6m`[38;2;121;121;121;48;2;46;46;46m_[38;2;78;78;78;48;2;172;172;172m~[38;2;208;208;208;48;2;240;240;240m~[38;2;245;245;245;48;2;250;250;250m~[38;2;250;250;250;48;2;251;251;251m`[38;2;252;252;252m.[48;2;252;252;252m   [48;2;251;251;251m:[38;2;245;245;245m~[38;2;250;250;250m~[38;2;254;254;254;48;2;249;249;249m'[38;2;124;124;124;48;2;221;221;221m`[38;2;53;53;53;48;2;137;137;137m~[38;2;122;122;122;48;2;29;29;29m_[38;2;26;26;26;48;2;3;3;3m,[48;2;0;0;0m                                                     [0m
[7m[38;2;0;0;0m [0m[38;2;0;0;0;48;2;0;0;0m                                                [38;2;68;68;68;48;2;43;43;43m4[38;2;149;149;149;48;2;179;179;179m~[38;2;254;254;254;48;2;246;246;246m:[38;2;249;249;249;48;2;250;250;250mT[38;2;252;252;252;48;2;251;251;251m.[48;2;252;252;252m        [48;2;251;251;251m..[38;2;237;237;237;48;2;246;246;246m`[38;2;176;176;176;48;2;222;222;222m~[38;2;50;50;50;48;2;148;148;148m~[38;2;116;116;116;48;2;40;40;40m_[38;2;31;31;31;48;2;5;5;5m,[48;2;0;0;0m                                                   [0m
[7m[38;2;0;0;0m [0m[38;2;0;0;0;48;2;0;0;0m                                                [38;2;35;35;35;48;2;17;17;17m"[38;2;64;64;64;48;2;115;115;115mL[38;2;192;192;192;48;2;232;232;232m_[38;2;254;254;254;48;2;250;250;250m.[48;2;251;251;251m [38;2;252;252;252m:[48;2;252;252;252m         [48;2;251;251;251m:[38;2;249;249;249m`[38;2;253;253;253;48;2;249;249;249m`[38;2;138;138;138;48;2;221;221;221m`[38;2;154;154;154;48;2;99;99;99my[38;2;79;79;79;48;2;21;21;21m,[38;2;2;2;2;48;2;0;0;0m,[38;2;1;1;1m,                                                [0m
[7m[38;2;0;0;0m [0m[38;2;0;0;0;48;2;0;0;0m                                                [38;2;1;1;1m^[38;2;35;35;35;48;2;13;13;13m"[38;2;142;142;142;48;2;81;81;81m~[38;2;146;146;146;48;2;205;205;205m_[38;2;252;252;252;48;2;247;247;247m:[48;2;251;251;251m [48;2;252;252;252m          [48;2;251;251;251m:[38;2;250;250;250m`[38;2;254;254;254;48;2;250;250;250m`[38;2;214;214;214;48;2;235;235;235m`[38;2;148;148;148;48;2;100;100;100mL[38;2;52;52;52;48;2;17;17;17m,[38;2;1;1;1;48;2;0;0;0m_                                                [0m
[7m[38;2;0;0;0m [0m[38;2;0;0;0;48;2;0;0;0m                                                [38;2;1;1;1m_[38;2;46;46;46;48;2;18;18;18m_[38;2;61;61;61;48;2;121;121;121mF[38;2;141;141;141;48;2;222;222;222m`[38;2;253;253;253;48;2;249;249;249m`[38;2;251;251;251;48;2;252;252;252m`           [38;2;252;252;252;48;2;251;251;251m:[48;2;250;250;250m [38;2;254;254;254;48;2;246;246;246m:[38;2;160;160;160;48;2;174;174;174m4[38;2;73;73;73;48;2;42;42;42mL[38;2;1;1;1;48;2;0;0;0m"                                                [0m
[7m[38;2;0;0;0m [0m[38;2;0;0;0;48;2;0;0;0m                                                [48;2;4;4;4m:[38;2;60;60;60;48;2;88;88;88m$[38;2;201;201;201;48;2;224;224;224m`[38;2;254;254;254;48;2;250;250;250m`[38;2;249;249;249;48;2;251;251;251m_[38;2;252;252;252m.[48;2;252;252;252m           [48;2;251;251;251m:[48;2;250;250;250m [48;2;249;249;249m.[38;2;196;196;196;48;2;206;206;206m~[38;2;43;43;43;48;2;88;88;88m4[38;2;30;30;30;48;2;5;5;5m_[48;2;0;0;0m [38;2;1;1;1m_                                              [0m
[7m[38;2;0;0;0m [0m[38;2;0;0;0;48;2;0;0;0m                                                [38;2;1;1;1m`[38;2;64;64;64;48;2;25;25;25m"[38;2;205;205;205;48;2;96;96;96m~[38;2;31;31;31;48;2;191;191;191m_[38;2;131;131;131;48;2;224;224;224m_[38;2;218;218;218;48;2;247;247;247m_[38;2;237;237;237;48;2;251;251;251m_[38;2;254;254;254;48;2;252;252;252m.           [38;2;251;251;251m~[38;2;254;254;254;48;2;251;251;251m`[38;2;172;172;172;48;2;230;230;230m"[38;2;77;77;77;48;2;167;167;167m~[38;2;171;171;171;48;2;63;63;63m_[38;2;132;132;132;48;2;25;25;25m_[38;2;144;144;144;48;2;33;33;33m_[38;2;72;72;72;48;2;18;18;18m_[38;2;13;13;13;48;2;3;3;3m,[48;2;0;0;0m                                           [0m
[7m[38;2;0;0;0m [0m[38;2;0;0;0;48;2;0;0;0m                                                 [48;2;2;2;2m:[38;2;65;65;65;48;2;11;11;11m_[38;2;136;136;136;48;2;29;29;29m_[38;2;163;163;163;48;2;54;54;54m_[38;2;35;35;35;48;2;119;119;119m=[38;2;108;108;108;48;2;166;166;166m*[38;2;218;218;218;48;2;231;231;231mL[38;2;253;253;253;48;2;251;251;251m`[48;2;252;252;252m          :[38;2;243;243;243m_[38;2;249;249;249m_[38;2;254;254;254m`[38;2;206;206;206;48;2;247;247;247m`[38;2;190;190;190;48;2;243;243;243m`[38;2;197;197;197;48;2;238;238;238m`[38;2;180;180;180;48;2;132;132;132mL[38;2;101;101;101;48;2;39;39;39m,[38;2;63;63;63;48;2;10;10;10m_[38;2;45;45;45;48;2;6;6;6m_[38;2;10;10;10;48;2;1;1;1m,[48;2;0;0;0m                                        [0m
[7m[38;2;0;0;0m [0m[38;2;0;0;0;48;2;0;0;0m                                                [38;2;70;70;70;48;2;33;33;33m_[38;2;43;43;43;48;2;147;147;147m~[38;2;119;119;119;48;2;219;219;219m~[38;2;178;178;178;48;2;234;234;234m~[38;2;204;204;204;48;2;241;241;241m~[38;2;236;236;236;48;2;249;249;249m~[38;2;252;252;252;48;2;251;251;251m`[38;2;253;253;253;48;2;252;252;252m'[38;2;252;252;252;48;2;251;251;251m:[48;2;252;252;252m        [48;2;251;251;251m:[38;2;249;249;249;48;2;250;250;250ma[38;2;254;254;254;48;2;245;245;245m`[38;2;148;148;148;48;2;189;189;189mg[38;2;127;127;127;48;2;179;179;179ms[38;2;231;231;231;48;2;240;240;240mr[38;2;242;242;242;48;2;251;251;251m_[38;2;246;246;246m_[38;2;254;254;254m`[38;2;226;226;226;48;2;244;244;244m`[38;2;151;151;151;48;2;226;226;226m~[38;2;122;122;122;48;2;221;221;221m~[38;2;111;111;111;48;2;214;214;214m~[38;2;137;137;137;48;2;88;88;88mL[38;2;42;42;42;48;2;12;12;12m_[38;2;1;1;1;48;2;0;0;0m_                                      [0m
[7m[38;2;0;0;0m [0m[38;2;0;0;0;48;2;0;0;0m                                              [48;2;1;1;1m`[38;2;63;63;63;48;2;27;27;27m_[38;2;96;96;96;48;2;144;144;144mF[38;2;254;254;254;48;2;242;242;242m:[38;2;252;252;252;48;2;251;251;251m`[38;2;249;249;249m` [38;2;252;252;252m:[48;2;252;252;252m          [48;2;251;251;251m:[38;2;250;250;250ma[38;2;254;254;254;48;2;248;248;248m:[38;2;185;185;185;48;2;204;204;204m4[38;2;54;54;54;48;2;91;91;91ma[38;2;23;23;23;48;2;84;84;84my[38;2;29;29;29;48;2;113;113;113my[38;2;39;39;39;48;2;120;120;120my[38;2;121;121;121;48;2;174;174;174my[38;2;251;251;251;48;2;239;239;239m`[48;2;251;251;251m [48;2;252;252;252m [38;2;250;250;250;48;2;251;251;251m`[38;2;253;253;253m`[38;2;187;187;187;48;2;230;230;230m`[38;2;130;130;130;48;2;94;94;94m[[38;2;16;16;16;48;2;8;8;8mr[48;2;0;0;0m                                      [0m
[7m[38;2;0;0;0m [0m[38;2;0;0;0;48;2;0;0;0m                                              [38;2;67;67;67;48;2;38;38;38my[38;2;85;85;85;48;2;170;170;170m~[38;2;220;220;220;48;2;242;242;242m~[38;2;254;254;254;48;2;252;252;252m`[48;2;253;253;253m [48;2;252;252;252m              [38;2;252;252;252;48;2;251;251;251m:[38;2;250;250;250m_[38;2;253;253;253;48;2;238;238;238m:[38;2;152;152;152;48;2;106;106;106mL[38;2;56;56;56;48;2;18;18;18m,[38;2;3;3;3;48;2;2;2;2m`[38;2;0;0;0;48;2;4;4;4m:[38;2;81;81;81;48;2;52;52;52m"[38;2;40;40;40;48;2;191;191;191m_[38;2;133;133;133;48;2;228;228;228m_[38;2;211;211;211;48;2;244;244;244m_[38;2;205;205;205;48;2;243;243;243m_[38;2;241;241;241;48;2;248;248;248m,[38;2;227;227;227;48;2;242;242;242m`[38;2;111;111;111;48;2;173;173;173m~[38;2;138;138;138;48;2;52;52;52m,[38;2;14;14;14;48;2;3;3;3m,[48;2;0;0;0m                                     [0m
[7m[38;2;0;0;0m [0m[38;2;0;0;0;48;2;0;0;0m                                             [48;2;2;2;2m:[38;2;45;45;45;48;2;85;85;85ml[38;2;219;219;219;48;2;227;227;227mL[38;2;254;254;254;48;2;251;251;251m:[38;2;252;252;252m`[48;2;252;252;252m               [48;2;251;251;251m:[48;2;250;250;250m [38;2;254;254;254;48;2;247;247;247m:[38;2;155;155;155;48;2;185;185;185m`[38;2;83;83;83;48;2;48;48;48mL[38;2;2;2;2;48;2;1;1;1m"[48;2;0;0;0m [38;2;6;6;6;48;2;2;2;2m`[38;2;21;21;21;48;2;6;6;6m`[38;2;86;86;86;48;2;17;17;17m~[38;2;142;142;142;48;2;63;63;63m~[38;2;151;151;151;48;2;185;185;185mF[38;2;247;247;247;48;2;241;241;241m.[38;2;248;248;248;48;2;250;250;250m4[38;2;253;253;253;48;2;245;245;245m:[38;2;144;144;144;48;2;123;123;123ml[38;2;38;38;38;48;2;20;20;20mF[38;2;1;1;1;48;2;0;0;0m4                                    [0m
[7m[38;2;0;0;0m [0m[38;2;0;0;0;48;2;0;0;0m                                             [38;2;1;1;1m*[38;2;4;4;4;48;2;41;41;41m.[38;2;90;90;90;48;2;162;162;162m_[38;2;254;254;254;48;2;244;244;244m`[38;2;252;252;252;48;2;251;251;251m, [48;2;252;252;252m               [48;2;251;251;251m [38;2;254;254;254m:[38;2;217;217;217;48;2;223;223;223m4[38;2;110;110;110;48;2;70;70;70mL[38;2;2;2;2;48;2;3;3;3m:[48;2;0;0;0m   [38;2;0;0;0;48;2;20;20;20m:[38;2;145;145;145;48;2;121;121;121m4[38;2;225;225;225;48;2;234;234;234mL[38;2;202;202;202;48;2;242;242;242m_[38;2;98;98;98;48;2;223;223;223m_[38;2;18;18;18;48;2;163;163;163m_[38;2;110;110;110;48;2;44;44;44m~[38;2;6;6;6;48;2;1;1;1m~[48;2;0;0;0m                                     [0m
[7m[38;2;0;0;0m [0m[38;2;0;0;0;48;2;0;0;0m                                             [38;2;1;1;1m_[38;2;29;29;29;48;2;14;14;14m_[38;2;71;71;71;48;2;117;117;117mF[38;2;250;250;250;48;2;237;237;237m:[38;2;229;229;229;48;2;247;247;247m_[38;2;253;253;253;48;2;251;251;251m.[48;2;252;252;252m               [38;2;252;252;252;48;2;251;251;251m:[38;2;250;250;250m_[38;2;253;253;253;48;2;241;241;241m:[38;2;142;142;142;48;2;102;102;102mL[38;2;39;39;39;48;2;16;16;16m,[48;2;0;0;0m  [38;2;1;1;1m`[38;2;0;0;0;48;2;3;3;3m:[38;2;79;79;79;48;2;25;25;25m~[38;2;158;158;158;48;2;39;39;39m~[38;2;145;145;145;48;2;27;27;27m~[38;2;66;66;66;48;2;14;14;14m"[38;2;12;12;12;48;2;1;1;1m~[48;2;0;0;0m                                       [0m
[7m[38;2;0;0;0m [0m[38;2;0;0;0;48;2;0;0;0m                                             [38;2;1;1;1m`[38;2;73;73;73;48;2;54;54;54my[38;2;145;145;145;48;2;189;189;189m~[38;2;235;235;235;48;2;225;225;225mT[38;2;214;214;214;48;2;222;222;222m$[38;2;247;247;247;48;2;250;250;250mL[48;2;251;251;251m [48;2;252;252;252m              [38;2;252;252;252;48;2;251;251;251m:[38;2;249;249;249;48;2;250;250;250m`[38;2;254;254;254;48;2;245;245;245m:[38;2;181;181;181;48;2;151;151;151mL[38;2;64;64;64;48;2;36;36;36mL[38;2;1;1;1;48;2;0;0;0m.                                               [0m
[7m[38;2;0;0;0m [0m[38;2;0;0;0;48;2;0;0;0m                                             [38;2;57;57;57;48;2;26;26;26m_[38;2;95;95;95;48;2;142;142;142mF[38;2;252;252;252;48;2;234;234;234m:[38;2;200;200;200;48;2;212;212;212mi[38;2;225;225;225;48;2;238;238;238m~[38;2;254;254;254;48;2;251;251;251m`[48;2;252;252;252m               [38;2;252;252;252;48;2;251;251;251m:[38;2;249;249;249;48;2;250;250;250m`[38;2;254;254;254;48;2;246;246;246m:[38;2;181;181;181;48;2;174;174;174m$[38;2;67;67;67;48;2;48;48;48ml[48;2;0;0;0m                                                [0m
[7m[38;2;0;0;0m [0m[38;2;0;0;0;48;2;0;0;0m                                           [38;2;1;1;1m:[38;2;65;65;65;48;2;26;26;26m_[38;2;64;64;64;48;2;135;135;135m~[38;2;210;210;210;48;2;232;232;232m"[38;2;238;238;238;48;2;229;229;229mF[38;2;205;205;205;48;2;214;214;214m$[38;2;246;246;246;48;2;249;249;249mL[48;2;251;251;251m [38;2;252;252;252m:[48;2;252;252;252m              [48;2;251;251;251m:[38;2;249;249;249;48;2;250;250;250m*[38;2;254;254;254;48;2;245;245;245m`[38;2;130;130;130;48;2;161;161;161my[38;2;61;61;61;48;2;34;34;34mF[48;2;0;0;0m                                                [0m
[?25h