[?25l[0m[7m[38;2;252;252;252m [0m[38;2;0;0;0;48;2;252;252;252m                                                                                                                       [0m
[7m[38;2;252;252;252m [0m[38;2;0;0;0;48;2;252;252;252m                                                                                                                       [0m
[7m[38;2;252;252;252m [0m[38;2;0;0;0;48;2;252;252;252m                                                                                                                       [0m
[7m[38;2;252;252;252m [0m[38;2;0;0;0;48;2;252;252;252m                                                                                                                       [0m
[7m[38;2;252;252;252m [0m[38;2;0;0;0;48;2;252;252;252m                                                                                                                       [0m
[7m[38;2;252;252;252m [0m[38;2;0;0;0;48;2;252;252;252m                                                                                                                       [0m
[7m[38;2;252;252;252m [0m[38;2;0;0;0;48;2;252;252;252m                                                   [38;2;251;251;251m_ [38;2;253;253;253;48;2;251;251;251m.[38;2;232;232;232;48;2;249;249;249m_[38;2;217;217;217;48;2;246;246;246m_[38;2;204;204;204;48;2;243;243;243m_[38;2;197;197;197;48;2;242;242;242m_[38;2;206;206;206;48;2;244;244;244m_[38;2;221;221;221;48;2;246;246;246m_[38;2;218;218;218m__[38;2;225;225;225;48;2;248;248;248m_[38;2;234;234;234;48;2;249;249;249m_[38;2;241;241;241;48;2;251;251;251m_[38;2;249;249;249;48;2;252;252;252m_[38;2;253;253;253m.[38;2;252;252;252;48;2;251;251;251m:[48;2;252;252;252m                                                   [0m
[7m[38;2;252;252;252m [0m[38;2;0;0;0;48;2;252;252;252m                                                 [38;2;253;253;253m_[38;2;252;252;252;48;2;250;250;250m:[38;2;197;197;197;48;2;243;243;243m_[38;2;122;122;122;48;2;211;211;211m_[38;2;95;95;95;48;2;173;173;173my[38;2;52;52;52;48;2;131;131;131my[38;2;37;37;37;48;2;110;110;110my[38;2;164;164;164;48;2;72;72;72m~[38;2;156;156;156;48;2;66;66;66m~[38;2;163;163;163;48;2;70;70;70m~[38;2;175;175;175;48;2;74;74;74m~[38;2;170;170;170;48;2;68;68;68m~[38;2;168;168;168;48;2;64;64;64m~[38;2;175;175;175;48;2;70;70;70m~[38;2;186;186;186;48;2;81;81;81m~[38;2;43;43;43;48;2;124;124;124my[38;2;67;67;67;48;2;149;149;149my[38;2;73;73;73;48;2;181;181;181m_[38;2;139;139;139;48;2;221;221;221m_[38;2;200;200;200;48;2;244;244;244m_[38;2;244;244;244;48;2;250;250;250m,[38;2;252;252;252;48;2;251;251;251m:[48;2;252;252;252m                                                [0m
[7m[38;2;252;252;252m [0m[38;2;0;0;0;48;2;252;252;252m                                               [38;2;252;252;252;48;2;251;251;251m:[48;2;250;250;250m:[38;2;191;191;191;48;2;235;235;235m_[38;2;54;54;54;48;2;175;175;175m_[38;2;155;155;155;48;2;66;66;66m~[38;2;66;66;66;48;2;18;18;18m~[38;2;23;23;23;48;2;3;3;3m`[38;2;4;4;4;48;2;0;0;0m`[38;2;2;2;2m`[38;2;1;1;1m` ``   `[38;2;2;2;2m`[38;2;6;6;6;48;2;1;1;1m`[38;2;38;38;38;48;2;5;5;5m`[38;2;69;69;69;48;2;21;21;21m"[38;2;147;147;147;48;2;65;65;65m~[38;2;46;46;46;48;2;171;171;171m_[38;2;188;188;188;48;2;234;234;234m_[38;2;244;244;244;48;2;249;249;249m,[38;2;252;252;252;48;2;251;251;251m:[48;2;252;252;252m                                              [0m
[7m[38;2;252;252;252m [0m[38;2;0;0;0;48;2;252;252;252m                                              [38;2;252;252;252;48;2;251;251;251m`[48;2;245;245;245m'[38;2;131;131;131;48;2;199;199;199m_[38;2;159;159;159;48;2;78;78;78m~[38;2;45;45;45;48;2;12;12;12m~[48;2;0;0;0m                  [38;2;1;1;1;48;2;12;12;12m:[38;2;138;138;138;48;2;64;64;64m~[38;2;110;110;110;48;2;193;193;193m_[38;2;227;227;227;48;2;244;244;244m,[38;2;250;250;250;48;2;251;251;251m,[38;2;252;252;252m:[48;2;252;252;252m                                            [0m
[7m[38;2;252;252;252m [0m[38;2;0;0;0;48;2;252;252;252m                                            [38;2;252;252;252;48;2;251;251;251m: [38;2;253;253;253;48;2;244;244;244m'[38;2;118;118;118;48;2;189;189;189m_[38;2;95;95;95;48;2;54;54;54m"[38;2;17;17;17;48;2;3;3;3m~[48;2;0;0;0m                   [38;2;1;1;1m`[38;2;0;0;0;48;2;2;2;2m`[38;2;66;66;66;48;2;34;34;34m"[38;2;115;115;115;48;2;167;167;167my[38;2;252;252;252;48;2;240;240;240m`[48;2;251;251;251m`:[48;2;252;252;252m                                           [0m
[7m[38;2;252;252;252m [0m[38;2;0;0;0;48;2;252;252;252m                                            [38;2;252;252;252;48;2;251;251;251m`[38;2;254;254;254;48;2;252;252;252m.[38;2;245;245;245;48;2;228;228;228m`[38;2;106;106;106;48;2;75;75;75mF[38;2;19;19;19;48;2;7;7;7m~[48;2;0;0;0m                     [38;2;1;1;1m"[38;2;0;0;0;48;2;3;3;3m:[38;2;15;15;15;48;2;61;61;61m:[38;2;206;206;206;48;2;223;223;223mL[38;2;250;250;250;48;2;251;251;251m,[38;2;252;252;252mr[48;2;252;252;252m                                           [0m
[7m[38;2;252;252;252m [0m[38;2;0;0;0;48;2;252;252;252m                                            [48;2;251;251;251m [38;2;253;253;253;48;2;249;249;249m:[38;2;205;205;205;48;2;214;214;214m4[38;2;76;76;76;48;2;43;43;43mL[38;2;0;0;0;48;2;1;1;1m:[48;2;0;0;0m                       [38;2;62;62;62;48;2;42;42;42m4[38;2;198;198;198;48;2;215;215;215mL[38;2;248;248;248;48;2;250;250;250mL[38;2;252;252;252;48;2;251;251;251mL[48;2;252;252;252m                                           [0m
[7m[38;2;252;252;252m [0m[38;2;0;0;0;48;2;252;252;252m                                            [38;2;252;252;252;48;2;251;251;251m:[38;2;254;254;254m'[38;2;246;246;246;48;2;225;225;225m:[38;2;103;103;103;48;2;64;64;64mL[38;2;0;0;0;48;2;5;5;5m:[38;2;1;1;1;48;2;0;0;0m,                    _[38;2;0;0;0;48;2;5;5;5m:[38;2;84;84;84;48;2;60;60;60my[38;2;206;206;206;48;2;223;223;223mF[38;2;248;248;248;48;2;250;250;250m~[38;2;252;252;252;48;2;251;251;251m:[48;2;252;252;252m                                           [0m
[7m[38;2;252;252;252m [0m[38;2;0;0;0;48;2;252;252;252m                                            [38;2;252;252;252;48;2;251;251;251m:[38;2;250;250;250mT[38;2;252;252;252;48;2;243;243;243m:[38;2;130;130;130;48;2;180;180;180m~[38;2;54;54;54;48;2;36;36;36mr[38;2;0;0;0;48;2;1;1;1m:[48;2;0;0;0m                    [48;2;1;1;1m:[48;2;37;37;37m`[38;2;112;112;112;48;2;173;173;173m~[38;2;249;249;249;48;2;241;241;241m.[38;2;252;252;252;48;2;251;251;251m_.[48;2;252;252;252m                                           [0m
[7m[38;2;252;252;252m [0m[38;2;0;0;0;48;2;252;252;252m                                             [38;2;252;252;252;48;2;251;251;251m._[38;2;253;253;253;48;2;240;240;240m:[38;2;105;105;105;48;2;165;165;165m~[38;2;94;94;94;48;2;34;34;34m_[38;2;0;0;0;48;2;2;2;2m:[48;2;0;0;0m                  [48;2;3;3;3m.[38;2;91;91;91;48;2;31;31;31m_[38;2;82;82;82;48;2;156;156;156m~[38;2;225;225;225;48;2;240;240;240m~[38;2;252;252;252;48;2;251;251;251m_:[48;2;252;252;252m                                            [0m
[7m[38;2;252;252;252m [0m[38;2;0;0;0;48;2;252;252;252m                                              [38;2;252;252;252;48;2;251;251;251m:[38;2;250;250;250m~[38;2;253;253;253;48;2;244;244;244m:[38;2;133;133;133;48;2;198;198;198m~[38;2;177;177;177;48;2;68;68;68m_[38;2;37;37;37;48;2;11;11;11m,[38;2;1;1;1;48;2;0;0;0m+_            _[38;2;0;0;0;48;2;1;1;1m`[38;2;2;2;2;48;2;21;21;21m`[38;2;208;208;208;48;2;82;82;82m_[38;2;119;119;119;48;2;206;206;206m~[38;2;230;230;230;48;2;246;246;246m~[38;2;249;249;249;48;2;251;251;251m~[38;2;252;252;252m:[48;2;252;252;252m                                             [0m
[7m[38;2;252;252;252m [0m[38;2;0;0;0;48;2;252;252;252m                                                 [38;2;252;252;252;48;2;249;249;249m'[38;2;202;202;202;48;2;236;236;236m`[38;2;113;113;113;48;2;190;190;190m~[38;2;167;167;167;48;2;84;84;84my[38;2;146;146;146;48;2;28;28;28m_[38;2;90;90;90;48;2;7;7;7m_[38;2;67;67;67;48;2;4;4;4m_[38;2;58;58;58;48;2;3;3;3m_[38;2;35;35;35;48;2;1;1;1m_[38;2;5;5;5;48;2;0;0;0m,[38;2;1;1;1mL. _.[38;2;0;0;0;48;2;3;3;3m:[38;2;86;86;86;48;2;8;8;8m_[38;2;161;161;161;48;2;38;38;38m_[38;2;196;196;196;48;2;103;103;103my[38;2;140;140;140;48;2;218;218;218m~[38;2;227;227;227;48;2;246;246;246m~[38;2;250;250;250;48;2;251;251;251m~[38;2;252;252;252m::[48;2;252;252;252m                                              [0m
[7m[38;2;252;252;252m [0m[38;2;0;0;0;48;2;252;252;252m                                                  [48;2;251;251;251m [38;2;252;252;252;48;2;250;250;250m.[38;2;233;233;233;48;2;248;248;248m`[38;2;190;190;190;48;2;237;237;237m`[38;2;141;141;141;48;2;218;218;218m~[38;2;105;105;105;48;2;209;209;209m~[38;2;91;91;91;48;2;205;205;205m~[38;2;61;61;61;48;2;194;194;194m~[38;2;19;19;19;48;2;177;177;177m~[38;2;1;1;1;48;2;147;147;147m~[38;2;237;237;237;48;2;93;93;93m_[38;2;236;236;236;48;2;85;85;85m_[48;2;92;92;92m_[38;2;1;1;1;48;2;145;145;145m~[38;2;31;31;31;48;2;183;183;183m~[38;2;124;124;124;48;2;217;217;217m~[38;2;220;220;220;48;2;245;245;245m~[38;2;244;244;244;48;2;251;251;251m`[38;2;250;250;250;48;2;252;252;252m~                                                  [0m
[7m[38;2;252;252;252m [0m[38;2;0;0;0;48;2;252;252;252m                                                     [38;2;252;252;252;48;2;251;251;251m.[38;2;249;249;249m~~[38;2;250;250;250m`~[38;2;253;253;253;48;2;252;252;252m'[38;2;249;249;249;48;2;251;251;251m=====[38;2;254;254;254;48;2;252;252;252m`[48;2;251;251;251m [38;2;252;252;252m:[48;2;252;252;252m                                                    [0m
[7m[38;2;252;252;252m [0m[38;2;0;0;0;48;2;252;252;252m                                                                                                                       [0m
[7m[38;2;252;252;252m [0m[38;2;0;0;0;48;2;252;252;252m                                                                                                                       [0m
[7m[38;2;252;252;252m [0m[38;2;0;0;0;48;2;252;252;252m                                                                                                                       [0m
[7m[38;2;252;252;252m [0m[38;2;0;0;0;48;2;252;252;252m                                                                                                                       [0m
[7m[38;2;252;252;252m [0m[38;2;0;0;0;48;2;252;252;252m                                                                                                                       [0m
[7m[38;2;252;252;252m [0m[38;2;0;0;0;48;2;252;252;252m                                                                                                                       [0m
[7m[38;2;252;252;252m [0m[38;2;0;0;0;48;2;252;252;252m                                                                                                                       [0m
[7m[38;2;252;252;252m [0m[38;2;0;0;0;48;2;252;252;252m                                                                                                                       [0m
[7m[38;2;252;252;252m [0m[38;2;0;0;0;48;2;252;252;252m                                                                                                                       [0m
[7m[38;2;252;252;252m [0m[38;2;0;0;0;48;2;252;252;252m                                                                                                                       [0m
[7m[38;2;252;252;252m [0m[38;2;0;0;0;48;2;252;252;252m                                                                                                                       [0m
[7m[38;2;252;252;252m [0m[38;2;0;0;0;48;2;252;252;252m                                                                                                                       [0m
[7m[38;2;252;252;252m [0m[38;2;0;0;0;48;2;252;252;252m                                                                                                                       [0m
[7m[38;2;252;252;252m [0m[38;2;0;0;0;48;2;252;252;252m                                                                                                                       [0m
[7m[38;2;252;252;252m [0m[38;2;0;0;0;48;2;252;252;252m                                                                                                                       [0m
[7m[38;2;252;252;252m [0m[38;2;0;0;0;48;2;252;252;252m                                                                                                                       [0m
[?25h