[?25l[0m[7m[38;2;252;252;252m [0m[38;2;0;0;0;48;2;252;252;252m                                                                                                                       [0m
[7m[38;2;252;252;252m [0m[38;2;0;0;0;48;2;252;252;252m                                                                                                                       [0m
[7m[38;2;252;252;252m [0m[38;2;0;0;0;48;2;252;252;252m                                                                                                                       [0m
[7m[38;2;252;252;252m [0m[38;2;0;0;0;48;2;252;252;252m                                                                                                                       [0m
[7m[38;2;252;252;252m [0m[38;2;0;0;0;48;2;252;252;252m                                                                                                                       [0m
[7m[38;2;252;252;252m [0m[38;2;0;0;0;48;2;252;252;252m                                                                                                                       [0m
[7m[38;2;252;252;252m [0m[38;2;0;0;0;48;2;252;252;252m                                                                                                                       [0m
[7m[38;2;252;252;252m [0m[38;2;0;0;0;48;2;252;252;252m                                                                                                                       [0m
[7m[38;2;252;252;252m [0m[38;2;0;0;0;48;2;252;252;252m                                                                                                                       [0m
[7m[38;2;252;252;252m [0m[38;2;0;0;0;48;2;252;252;252m                                                                                                                       [0m
[7m[38;2;252;252;252m [0m[38;2;0;0;0;48;2;252;252;252m                                                                                                                       [0m
[7m[38;2;252;252;252m [0m[38;2;0;0;0;48;2;252;252;252m                                                                                                                       [0m
[7m[38;2;252;252;252m [0m[38;2;0;0;0;48;2;252;252;252m                                                                                                                       [0m
[7m[38;2;252;252;252m [0m[38;2;0;0;0;48;2;252;252;252m                                                                                                                       [0m
[7m[38;2;252;252;252m [0m[38;2;0;0;0;48;2;252;252;252m                                                                                                                       [0m
[7m[38;2;252;252;252m [0m[38;2;0;0;0;48;2;252;252;252m                                                        [38;2;252;252;252;48;2;251;251;251m: [38;2;250;250;250mw   [48;2;252;252;252m                                                         [0m
[7m[38;2;252;252;252m [0m[38;2;0;0;0;48;2;252;252;252m                                                    [38;2;252;252;252;48;2;251;251;251m:[38;2;250;250;250m_[38;2;252;252;252;48;2;250;250;250m`[38;2;213;213;213;48;2;246;246;246m_[38;2;127;127;127;48;2;234;234;234m_[38;2;84;84;84;48;2;212;212;212m_[38;2;65;65;65;48;2;194;194;194m_[48;2;193;193;193m_[38;2;78;78;78;48;2;207;207;207m_[38;2;109;109;109;48;2;230;230;230m_[38;2;161;161;161;48;2;239;239;239m_[38;2;252;252;252;48;2;249;249;249m`[38;2;253;253;253;48;2;252;252;252m_[38;2;250;250;250;48;2;251;251;251m_[38;2;253;253;253;48;2;252;252;252m.                                                    [0m
[7m[38;2;252;252;252m [0m[38;2;0;0;0;48;2;252;252;252m                                                  [38;2;252;252;252;48;2;251;251;251m: [38;2;254;254;254;48;2;249;249;249m.[38;2;187;187;187;48;2;235;235;235m_[38;2;88;88;88;48;2;180;180;180my[38;2;175;175;175;48;2;61;61;61m~[38;2;69;69;69;48;2;20;20;20m"[38;2;5;5;5;48;2;2;2;2m'[48;2;0;0;0m   [38;2;38;38;38;48;2;10;10;10m"[38;2;108;108;108;48;2;30;30;30m~[38;2;196;196;196;48;2;74;74;74m~[38;2;41;41;41;48;2;173;173;173m_[38;2;178;178;178;48;2;233;233;233m_[38;2;252;252;252;48;2;249;249;249m`[48;2;251;251;251m :[48;2;252;252;252m                                                  [0m
[7m[38;2;252;252;252m [0m[38;2;0;0;0;48;2;252;252;252m                                                 [38;2;252;252;252;48;2;251;251;251m:`[38;2;251;251;251;48;2;239;239;239m`[38;2;121;121;121;48;2;189;189;189my[38;2;129;129;129;48;2;56;56;56m~[38;2;30;30;30;48;2;6;6;6m~[38;2;2;2;2;48;2;0;0;0m'[38;2;1;1;1m`      [38;2;3;3;3;48;2;1;1;1m^[38;2;1;1;1;48;2;8;8;8m:[38;2;107;107;107;48;2;53;53;53m~[38;2;82;82;82;48;2;179;179;179m_[38;2;225;225;225;48;2;241;241;241m,[38;2;250;250;250;48;2;251;251;251m-[38;2;252;252;252m:[48;2;252;252;252m                                                 [0m
[7m[38;2;252;252;252m [0m[38;2;0;0;0;48;2;252;252;252m                                                [38;2;252;252;252;48;2;251;251;251m`[38;2;254;254;254;48;2;250;250;250m.[48;2;233;233;233m'[38;2;72;72;72;48;2;142;142;142my[38;2;55;55;55;48;2;20;20;20m~[38;2;0;0;0;48;2;1;1;1m`[48;2;0;0;0m           [48;2;1;1;1m`[38;2;51;51;51;48;2;27;27;27m"[38;2;102;102;102;48;2;156;156;156my[38;2;230;230;230;48;2;240;240;240m,[38;2;252;252;252;48;2;251;251;251m,:[48;2;252;252;252m                                                [0m
[7m[38;2;252;252;252m [0m[38;2;0;0;0;48;2;252;252;252m                                               [38;2;252;252;252;48;2;251;251;251m:[38;2;249;249;249;48;2;250;250;250m|[38;2;254;254;254;48;2;242;242;242m:[38;2;200;200;200;48;2;160;160;160m~[38;2;52;52;52;48;2;30;30;30mL[38;2;2;2;2;48;2;0;0;0m.             [38;2;0;0;0;48;2;3;3;3m:[38;2;77;77;77;48;2;62;62;62m4[38;2;214;214;214;48;2;225;225;225mF[38;2;250;250;250;48;2;251;251;251mL[38;2;252;252;252m:[48;2;252;252;252m                                                [0m
[7m[38;2;252;252;252m [0m[38;2;0;0;0;48;2;252;252;252m                                               [38;2;252;252;252;48;2;251;251;251m:[38;2;250;250;250mF[38;2;254;254;254;48;2;245;245;245m'[38;2;158;158;158;48;2;194;194;194m~[38;2;109;109;109;48;2;48;48;48m_[38;2;18;18;18;48;2;3;3;3m,[38;2;1;1;1;48;2;0;0;0m,           [38;2;2;2;2;48;2;1;1;1m.[38;2;0;0;0;48;2;22;22;22m:[38;2;188;188;188;48;2;115;115;115m_[38;2;243;243;243;48;2;237;237;237m`[38;2;250;250;250;48;2;251;251;251ma[38;2;252;252;252m:[48;2;252;252;252m                                                [0m
[7m[38;2;252;252;252m [0m[38;2;0;0;0;48;2;252;252;252m                                                [38;2;252;252;252;48;2;251;251;251m: [38;2;253;253;253;48;2;246;246;246m'[38;2;158;158;158;48;2;213;213;213m~[38;2;183;183;183;48;2;105;105;105my[38;2;131;131;131;48;2;37;37;37m_[38;2;29;29;29;48;2;6;6;6m,[48;2;0;0;0m [38;2;1;1;1m.     . [38;2;0;0;0;48;2;6;6;6m:[38;2;120;120;120;48;2;40;40;40m_[38;2;56;56;56;48;2;159;159;159m~[38;2;214;214;214;48;2;239;239;239m~[38;2;252;252;252;48;2;251;251;251m:[38;2;251;251;251;48;2;252;252;252m`                                [38;2;253;253;253m^                [0m
[7m[38;2;252;252;252m [0m[38;2;0;0;0;48;2;252;252;252m                                                   [38;2;252;252;252;48;2;251;251;251m.[38;2;253;253;253;48;2;248;248;248m'[38;2;175;175;175;48;2;229;229;229m"[38;2;100;100;100;48;2;190;190;190m~[38;2;188;188;188;48;2;92;92;92my[38;2;166;166;166;48;2;47;47;47m_[38;2;126;126;126;48;2;16;16;16m_[38;2;102;102;102;48;2;4;4;4m_[38;2;90;90;90;48;2;3;3;3m_[38;2;95;95;95m_[38;2;118;118;118;48;2;9;9;9m_[38;2;147;147;147;48;2;33;33;33m_[38;2;161;161;161;48;2;70;70;70my[38;2;63;63;63;48;2;170;170;170m~[38;2;140;140;140;48;2;225;225;225m`[38;2;251;251;251;48;2;248;248;248m:[38;2;250;250;250;48;2;251;251;251m`[38;2;252;252;252m:[48;2;252;252;252m                                                  [0m
[7m[38;2;252;252;252m [0m[38;2;0;0;0;48;2;252;252;252m                                                     [48;2;251;251;251m [38;2;250;250;250m~[38;2;245;245;245;48;2;250;250;250m`[38;2;206;206;206;48;2;245;245;245m`[38;2;182;182;182;48;2;238;238;238m`[38;2;174;174;174;48;2;228;228;228m~[38;2;154;154;154;48;2;222;222;222m~[38;2;160;160;160;48;2;225;225;225m~[38;2;193;193;193;48;2;237;237;237m~[38;2;197;197;197;48;2;244;244;244m`[38;2;230;230;230;48;2;248;248;248m`[38;2;250;250;250;48;2;251;251;251m'[38;2;252;252;252m:[48;2;252;252;252m                                                     [0m
[7m[38;2;252;252;252m [0m[38;2;0;0;0;48;2;252;252;252m                                                         [38;2;252;252;252;48;2;251;251;251m.[38;2;250;250;250m`[38;2;249;249;249m"[38;2;250;250;250m`[38;2;252;252;252m.[48;2;252;252;252m                                                         [0m
[7m[38;2;252;252;252m [0m[38;2;0;0;0;48;2;252;252;252m                                                                                                                       [0m
[7m[38;2;252;252;252m [0m[38;2;0;0;0;48;2;252;252;252m                                                                                                                       [0m
[7m[38;2;252;252;252m [0m[38;2;0;0;0;48;2;252;252;252m                                                                                                                       [0m
[7m[38;2;252;252;252m [0m[38;2;0;0;0;48;2;252;252;252m                                                                                                                       [0m
[7m[38;2;252;252;252m [0m[38;2;0;0;0;48;2;252;252;252m                                                                                                                       [0m
[7m[38;2;252;252;252m [0m[38;2;0;0;0;48;2;252;252;252m                                                                                                                       [0m
[7m[38;2;252;252;252m [0m[38;2;0;0;0;48;2;252;252;252m                                                                                                                       [0m
[7m[38;2;252;252;252m [0m[38;2;0;0;0;48;2;252;252;252m                                                                                                                       [0m
[7m[38;2;252;252;252m [0m[38;2;0;0;0;48;2;252;252;252m                                                                                                                       [0m
[7m[38;2;252;252;252m [0m[38;2;0;0;0;48;2;252;252;252m                       [38;2;252;252;252;48;2;251;251;251m:[48;2;252;252;252m                                                                                               [0m
[?25h