[?25l[0m[7m[38;2;0;0;0m [0m[38;2;0;0;0;48;2;0;0;0m                                                         [48;2;2;2;2m:[38;2;84;84;84;48;2;60;60;60m4[38;2;214;214;214;48;2;225;225;225mL[38;2;253;253;253;48;2;251;251;251m: [48;2;252;252;252m                                                         [0m
[7m[38;2;0;0;0m [0m[38;2;0;0;0;48;2;0;0;0m                                                         [48;2;1;1;1m:[38;2;84;84;84;48;2;60;60;60m4[38;2;214;214;214;48;2;225;225;225mL[38;2;253;253;253;48;2;251;251;251m: [48;2;252;252;252m                                                         [0m
[7m[38;2;0;0;0m [0m[38;2;0;0;0;48;2;0;0;0m                                                         [48;2;1;1;1m:[38;2;84;84;84;48;2;60;60;60m4[38;2;214;214;214;48;2;225;225;225mL[38;2;253;253;253;48;2;251;251;251m: [48;2;252;252;252m                                                         [0m
[7m[38;2;0;0;0m [0m[38;2;0;0;0;48;2;0;0;0m                                                         [48;2;1;1;1m:[38;2;84;84;84;48;2;60;60;60m4[38;2;214;214;214;48;2;225;225;225mL[38;2;253;253;253;48;2;251;251;251m: [48;2;252;252;252m                                                         [0m
[7m[38;2;0;0;0m [0m[38;2;0;0;0;48;2;0;0;0m                                                         [48;2;1;1;1m:[38;2;84;84;84;48;2;60;60;60m4[38;2;214;214;214;48;2;225;225;225mL[38;2;253;253;253;48;2;251;251;251m: [48;2;252;252;252m                                                         [0m
[7m[38;2;0;0;0m [0m[38;2;0;0;0;48;2;0;0;0m                                                         [48;2;1;1;1m:[38;2;84;84;84;48;2;60;60;60m4[38;2;214;214;214;48;2;225;225;225mL[38;2;253;253;253;48;2;251;251;251m: [48;2;252;252;252m                                                         [0m
[7m[38;2;0;0;0m [0m[38;2;0;0;0;48;2;0;0;0m                                                         [48;2;1;1;1m:[38;2;84;84;84;48;2;60;60;60m4[38;2;214;214;214;48;2;225;225;225mL[38;2;253;253;253;48;2;251;251;251m: [48;2;252;252;252m                                                         [0m
[7m[38;2;0;0;0m [0m[38;2;0;0;0;48;2;0;0;0m                                                         [48;2;1;1;1m:[38;2;84;84;84;48;2;60;60;60m4[38;2;214;214;214;48;2;225;225;225mL[38;2;253;253;253;48;2;251;251;251m: [48;2;252;252;252m                                                         [0m
[7m[38;2;0;0;0m [0m[38;2;0;0;0;48;2;0;0;0m                                                         [48;2;1;1;1m:[38;2;84;84;84;48;2;60;60;60m4[38;2;214;214;214;48;2;225;225;225mL[38;2;253;253;253;48;2;251;251;251m: [48;2;252;252;252m                                                         [0m
[7m[38;2;0;0;0m [0m[38;2;0;0;0;48;2;0;0;0m                                                         [48;2;1;1;1m:[38;2;84;84;84;48;2;60;60;60m4[38;2;214;214;214;48;2;225;225;225mL[38;2;253;253;253;48;2;251;251;251m: [48;2;252;252;252m                                                         [0m
[7m[38;2;0;0;0m [0m[38;2;0;0;0;48;2;0;0;0m                                                         [48;2;1;1;1m:[38;2;84;84;84;48;2;60;60;60m4[38;2;214;214;214;48;2;225;225;225mL[38;2;253;253;253;48;2;251;251;251m: [48;2;252;252;252m                                                         [0m
[7m[38;2;0;0;0m [0m[38;2;0;0;0;48;2;0;0;0m                                                         [48;2;1;1;1m:[38;2;84;84;84;48;2;60;60;60m4[38;2;214;214;214;48;2;225;225;225mL[38;2;253;253;253;48;2;251;251;251m: [48;2;252;252;252m                                                         [0m
[7m[38;2;0;0;0m [0m[38;2;0;0;0;48;2;0;0;0m                                                         [48;2;1;1;1m:[38;2;84;84;84;48;2;60;60;60m4[38;2;213;213;213;48;2;225;225;225mL[38;2;253;253;253;48;2;251;251;251m: [48;2;252;252;252m                                                         [0m
[7m[38;2;0;0;0m [0m[38;2;0;0;0;48;2;0;0;0m                                                         [48;2;1;1;1m:[38;2;84;84;84;48;2;60;60;60m4[38;2;214;214;214;48;2;225;225;225mL[38;2;250;250;250;48;2;251;251;251mL [48;2;252;252;252m                                                         [0m
[7m[38;2;0;0;0m [0m[38;2;0;0;0;48;2;0;0;0m                                                         [48;2;1;1;1m:[38;2;84;84;84;48;2;60;60;60m4[38;2;213;213;213;48;2;224;224;224mL[38;2;250;250;250;48;2;251;251;251mL [48;2;252;252;252m                                                         [0m
[7m[38;2;0;0;0m [0m[38;2;0;0;0;48;2;0;0;0m                                                         [48;2;1;1;1m:[38;2;84;84;84;48;2;60;60;60m4[38;2;213;213;213;48;2;224;224;224mL[38;2;250;250;250;48;2;251;251;251mL [48;2;252;252;252m                                                         [0m
[7m[38;2;0;0;0m [0m[38;2;0;0;0;48;2;0;0;0m                                                         [48;2;1;1;1m:[38;2;84;84;84;48;2;60;60;60m4[38;2;213;213;213;48;2;224;224;224mL[38;2;250;250;250;48;2;251;251;251mL [48;2;252;252;252m                                                         [0m
[7m[38;2;0;0;0m [0m[38;2;0;0;0;48;2;0;0;0m                                                         [48;2;1;1;1m:[38;2;84;84;84;48;2;60;60;60m4[38;2;213;213;213;48;2;224;224;224mL[38;2;250;250;250;48;2;251;251;251mL [48;2;252;252;252m                                                         [0m
[7m[38;2;0;0;0m [0m[38;2;0;0;0;48;2;0;0;0m                                                         [48;2;1;1;1m:[38;2;84;84;84;48;2;60;60;60m4[38;2;213;213;213;48;2;224;224;224mL[38;2;250;250;250;48;2;251;251;251mL [48;2;252;252;252m                                                         [0m
[7m[38;2;0;0;0m [0m[38;2;0;0;0;48;2;0;0;0m                                                         [48;2;1;1;1m:[38;2;84;84;84;48;2;60;60;60m4[38;2;213;213;213;48;2;224;224;224mL[38;2;250;250;250;48;2;251;251;251mL [48;2;252;252;252m                                                         [0m
[7m[38;2;0;0;0m [0m[38;2;0;0;0;48;2;0;0;0m                                                         [48;2;1;1;1m:[38;2;84;84;84;48;2;60;60;60m4[38;2;213;213;213;48;2;224;224;224mL[38;2;250;250;250;48;2;251;251;251mL [48;2;252;252;252m                                                         [0m
[7m[38;2;0;0;0m [0m[38;2;0;0;0;48;2;0;0;0m                                                         [48;2;1;1;1m:[38;2;84;84;84;48;2;60;60;60m4[38;2;213;213;213;48;2;224;224;224mL[38;2;250;250;250;48;2;251;251;251mL [48;2;252;252;252m                                                         [0m
[7m[38;2;0;0;0m [0m[38;2;0;0;0;48;2;0;0;0m                                                         [48;2;1;1;1m:[38;2;84;84;84;48;2;60;60;60m4[38;2;213;213;213;48;2;224;224;224mL[38;2;250;250;250;48;2;251;251;251mL [48;2;252;252;252m                                                         [0m
[7m[38;2;0;0;0m [0m[38;2;0;0;0;48;2;0;0;0m                                                         [48;2;1;1;1m:[38;2;84;84;84;48;2;60;60;60m4[38;2;213;213;213;48;2;224;224;224mL[38;2;250;250;250;48;2;251;251;251mL [48;2;252;252;252m                                                         [0m
[7m[38;2;0;0;0m [0m[38;2;0;0;0;48;2;0;0;0m                                                      [38;2;1;1;1m-.*[38;2;0;0;0;48;2;1;1;1m:[38;2;85;85;85;48;2;59;59;59m4[38;2;214;214;214;48;2;225;225;225mL[38;2;250;250;250;48;2;251;251;251mLj___[38;2;252;252;252m:[48;2;252;252;252m                                                     [0m
[7m[38;2;0;0;0m [0m[38;2;0;0;0;48;2;0;0;0m                                                 [48;2;1;1;1m:[38;2;60;60;60;48;2;3;3;3m_[38;2;122;122;122;48;2;19;19;19m_[38;2;177;177;177;48;2;54;54;54m_[38;2;180;180;180;48;2;77;77;77my[38;2;204;204;204;48;2;104;104;104my[38;2;213;213;213;48;2;122;122;122my[38;2;51;51;51;48;2;167;167;167m~[38;2;57;57;57;48;2;172;172;172m~[38;2;75;75;75;48;2;167;167;167m~[48;2;187;187;187m_[38;2;55;55;55;48;2;201;201;201m_[38;2;139;139;139;48;2;225;225;225m_[38;2;131;131;131m_[38;2;124;124;124;48;2;224;224;224m_[38;2;158;158;158;48;2;232;232;232m_[38;2;221;221;221;48;2;248;248;248m_[38;2;244;244;244;48;2;251;251;251m_[38;2;249;249;249m_[38;2;252;252;252m.[48;2;252;252;252m                                                  [0m
[7m[38;2;0;0;0m [0m[38;2;0;0;0;48;2;0;0;0m                                              [38;2;2;2;2m_[38;2;0;0;0;48;2;3;3;3m`[38;2;93;93;93;48;2;30;30;30m_[38;2;181;181;181;48;2;97;97;97my[38;2;105;105;105;48;2;203;203;203m~[38;2;196;196;196;48;2;239;239;239m~[38;2;210;210;210;48;2;245;245;245m`[38;2;243;243;243;48;2;250;250;250m`[38;2;252;252;252;48;2;251;251;251m`[38;2;250;250;250m?[38;2;251;251;251;48;2;250;250;250mu[38;2;253;253;253m:[38;2;240;240;240;48;2;223;223;223m'[38;2;97;97;97;48;2;61;61;61mL[38;2;34;34;34;48;2;9;9;9m`[38;2;85;85;85;48;2;15;15;15m~[38;2;83;83;83;48;2;14;14;14m~[38;2;77;77;77;48;2;13;13;13m~[38;2;98;98;98;48;2;18;18;18m~[38;2;146;146;146;48;2;45;45;45m~[38;2;57;57;57;48;2;145;145;145my[38;2;107;107;107;48;2;206;206;206m_[38;2;180;180;180;48;2;240;240;240m_[38;2;251;251;251;48;2;250;250;250m'[48;2;252;252;252m [38;2;252;252;252;48;2;251;251;251m.[48;2;252;252;252m                                               [0m
[7m[38;2;0;0;0m [0m[38;2;0;0;0;48;2;0;0;0m                                         [38;2;1;1;1m, [38;2;29;29;29;48;2;1;1;1m_[38;2;78;78;78;48;2;3;3;3m_[38;2;109;109;109;48;2;13;13;13m_[38;2;147;147;147;48;2;40;40;40m_[38;2;178;178;178;48;2;95;95;95my[38;2;129;129;129;48;2;213;213;213m~[38;2;252;252;252;48;2;249;249;249m.[48;2;251;251;251m [38;2;250;250;250m`[38;2;252;252;252m:[48;2;252;252;252m   [48;2;251;251;251m [38;2;254;254;254m:[38;2;237;237;237;48;2;223;223;223m:[38;2;97;97;97;48;2;60;60;60mL[38;2;2;2;2;48;2;1;1;1mL[48;2;0;0;0m    [38;2;1;1;1m" [38;2;0;0;0;48;2;9;9;9m:[38;2;118;118;118;48;2;42;42;42m~[38;2;219;219;219;48;2;105;105;105m~[38;2;98;98;98;48;2;212;212;212m_[38;2;203;203;203;48;2;243;243;243m_[38;2;235;235;235;48;2;250;250;250m_[38;2;245;245;245;48;2;251;251;251m_[38;2;250;250;250m_ [38;2;252;252;252m:[48;2;252;252;252m                                          [0m
[7m[38;2;0;0;0m [0m[38;2;0;0;0;48;2;0;0;0m                                      [48;2;3;3;3m`[38;2;81;81;81;48;2;11;11;11m_[38;2;172;172;172;48;2;34;34;34m_[38;2;214;214;214;48;2;75;75;75m_[38;2;8;8;8;48;2;151;151;151m~[38;2;65;65;65;48;2;186;186;186m~[38;2;149;149;149;48;2;216;216;216m~[38;2;197;197;197;48;2;234;234;234m~[38;2;194;194;194;48;2;243;243;243m`[38;2;235;235;235;48;2;249;249;249m`[38;2;252;252;252;48;2;251;251;251m`[48;2;252;252;252m [38;2;253;253;253m`     [48;2;251;251;251m [38;2;254;254;254m:[38;2;237;237;237;48;2;222;222;222m'[38;2;96;96;96;48;2;60;60;60mL[38;2;2;2;2;48;2;1;1;1mL[48;2;0;0;0m       [38;2;1;1;1m`[38;2;0;0;0;48;2;2;2;2m:[38;2;64;64;64;48;2;13;13;13m"[38;2;131;131;131;48;2;31;31;31m~[38;2;165;165;165;48;2;58;58;58m~[38;2;47;47;47;48;2;133;133;133my[38;2;97;97;97;48;2;182;182;182my[38;2;121;121;121;48;2;217;217;217m_[38;2;169;169;169;48;2;240;240;240m_[38;2;223;223;223;48;2;248;248;248m_[38;2;247;247;247;48;2;250;250;250m,[48;2;251;251;251m [38;2;252;252;252m:[48;2;252;252;252m                                      [0m
[7m[38;2;0;0;0m [0m[38;2;0;0;0;48;2;0;0;0m                                     [38;2;61;61;61;48;2;32;32;32my[38;2;48;48;48;48;2;143;143;143m~[38;2;127;127;127;48;2;220;220;220m~[38;2;211;211;211;48;2;237;237;237m~[38;2;215;215;215;48;2;242;242;242m_[38;2;182;182;182;48;2;236;236;236m_[38;2;126;126;126;48;2;221;221;221m_[38;2;114;114;114;48;2;218;218;218m_[38;2;220;220;220;48;2;237;237;237m,[38;2;254;254;254;48;2;251;251;251m:[38;2;251;251;251;48;2;252;252;252m.        [48;2;251;251;251m [38;2;254;254;254m:[38;2;236;236;236;48;2;222;222;222m:[38;2;96;96;96;48;2;60;60;60mL[38;2;2;2;2;48;2;1;1;1mL[48;2;0;0;0m          [38;2;1;1;1;48;2;4;4;4m:[38;2;66;66;66;48;2;22;22;22m_[38;2;96;96;96;48;2;27;27;27m_[38;2;66;66;66;48;2;20;20;20m_[38;2;49;49;49;48;2;21;21;21m`[38;2;83;83;83;48;2;31;31;31m~[38;2;184;184;184;48;2;71;71;71m~[38;2;13;13;13;48;2;162;162;162m_[38;2;132;132;132;48;2;221;221;221m_[38;2;231;231;231;48;2;247;247;247m,[48;2;252;252;252m [38;2;253;253;253m,                                    [0m
[7m[38;2;0;0;0m [0m[38;2;0;0;0;48;2;0;0;0m                                     [38;2;61;61;61;48;2;12;12;12m`[38;2;133;133;133;48;2;39;39;39m~[38;2;175;175;175;48;2;59;59;59m~[38;2;166;166;166;48;2;51;51;51m~[38;2;151;151;151;48;2;36;36;36m~[38;2;127;127;127;48;2;23;23;23m~[38;2;19;19;19;48;2;57;57;57mr[38;2;108;108;108;48;2;150;150;150mF[38;2;233;233;233;48;2;244;244;244m~[38;2;250;250;250;48;2;251;251;251my[38;2;252;252;252m:[48;2;252;252;252m        [48;2;251;251;251m [38;2;254;254;254m:[38;2;236;236;236;48;2;222;222;222m:[38;2;96;96;96;48;2;60;60;60mL[38;2;2;2;2;48;2;1;1;1mL[48;2;0;0;0m          [38;2;0;0;0;48;2;13;13;13m:[38;2;102;102;102;48;2;94;94;94md[38;2;175;175;175;48;2;218;218;218m~[38;2;144;144;144;48;2;214;214;214m~[38;2;82;82;82;48;2;188;188;188m~[38;2;34;34;34;48;2;160;160;160m~[38;2;191;191;191;48;2;98;98;98my[38;2;172;172;172;48;2;87;87;87my[38;2;82;82;82;48;2;158;158;158m^[38;2;246;246;246;48;2;237;237;237m.[38;2;253;253;253;48;2;252;252;252m::                                    [0m
[7m[38;2;0;0;0m [0m[38;2;0;0;0;48;2;0;0;0m                                          [38;2;1;1;1m=[38;2;71;71;71;48;2;52;52;52m4[38;2;164;164;164;48;2;187;187;187mF[38;2;245;245;245;48;2;248;248;248mL[48;2;250;250;250m [38;2;252;252;252;48;2;251;251;251m:[48;2;252;252;252m        [48;2;251;251;251m [38;2;254;254;254m:[38;2;236;236;236;48;2;222;222;222m:[38;2;96;96;96;48;2;60;60;60mL[38;2;2;2;2;48;2;1;1;1mL[48;2;0;0;0m         [38;2;1;1;1m=[38;2;0;0;0;48;2;13;13;13m:[38;2;69;69;69;48;2;101;101;101my[38;2;184;184;184;48;2;223;223;223m_[38;2;243;243;243;48;2;248;248;248m,[48;2;251;251;251m [38;2;252;252;252mT[38;2;248;248;248m`[38;2;246;246;246m`[38;2;249;249;249m`[48;2;252;252;252m [38;2;253;253;253m~~                                    [0m
[7m[38;2;0;0;0m [0m[38;2;0;0;0;48;2;0;0;0m                                         [38;2;1;1;1m_[38;2;41;41;41;48;2;17;17;17m_[38;2;78;78;78;48;2;125;125;125mF[38;2;221;221;221;48;2;240;240;240m~[38;2;249;249;249;48;2;251;251;251m.[38;2;252;252;252m:[48;2;252;252;252m         [48;2;251;251;251m [38;2;254;254;254m:[38;2;236;236;236;48;2;222;222;222m:[38;2;96;96;96;48;2;60;60;60mL[38;2;2;2;2;48;2;1;1;1mL[48;2;0;0;0m          [38;2;1;1;1m^[38;2;0;0;0;48;2;10;10;10m:[38;2;137;137;137;48;2;79;79;79m~[38;2;190;190;190;48;2;223;223;223m_[38;2;244;244;244;48;2;250;250;250m,[48;2;251;251;251m [38;2;252;252;252m:[48;2;252;252;252m                                         [0m
[7m[38;2;0;0;0m [0m[38;2;0;0;0;48;2;0;0;0m                                         [38;2;1;1;1m~[38;2;79;79;79;48;2;52;52;52m4[38;2;176;176;176;48;2;187;187;187mF[38;2;254;254;254;48;2;248;248;248m.[48;2;250;250;250m [38;2;252;252;252;48;2;251;251;251m:[48;2;252;252;252m         [48;2;251;251;251m [38;2;254;254;254m:[38;2;236;236;236;48;2;222;222;222m:[38;2;96;96;96;48;2;60;60;60mL[38;2;2;2;2;48;2;1;1;1mL[48;2;0;0;0m           [38;2;1;1;1m=[38;2;0;0;0;48;2;29;29;29m:[38;2;146;146;146;48;2;163;163;163mF[38;2;232;232;232;48;2;241;241;241mL[48;2;250;250;250m [48;2;251;251;251m [48;2;252;252;252m                                         [0m
[7m[38;2;0;0;0m [0m[38;2;0;0;0;48;2;0;0;0m                                          [38;2;46;46;46;48;2;15;15;15m`[38;2;49;49;49;48;2;105;105;105mL[38;2;139;139;139;48;2;214;214;214m_[38;2;233;233;233;48;2;246;246;246m,[38;2;252;252;252;48;2;251;251;251m`[38;2;251;251;251;48;2;252;252;252m_        [48;2;251;251;251m [38;2;254;254;254m:[38;2;236;236;236;48;2;222;222;222m:[38;2;96;96;96;48;2;60;60;60mL[38;2;2;2;2;48;2;1;1;1mL[48;2;0;0;0m          [38;2;1;1;1m.[38;2;0;0;0;48;2;9;9;9m`[38;2;152;152;152;48;2;65;65;65m_[38;2;169;169;169;48;2;208;208;208m~[38;2;240;240;240;48;2;248;248;248m~[38;2;250;250;250;48;2;251;251;251m"[38;2;252;252;252m.[48;2;252;252;252m                                         [0m
[7m[38;2;0;0;0m [0m[38;2;0;0;0;48;2;0;0;0m                                           [38;2;17;17;17;48;2;4;4;4m`[38;2;86;86;86;48;2;37;37;37m"[38;2;30;30;30;48;2;135;135;135m_[38;2;132;132;132;48;2;218;218;218m_[38;2;251;251;251;48;2;247;247;247m`[38;2;252;252;252;48;2;251;251;251m`[48;2;252;252;252m       [48;2;251;251;251m [38;2;254;254;254m:[38;2;236;236;236;48;2;222;222;222m:[38;2;96;96;96;48;2;60;60;60mL[38;2;2;2;2;48;2;1;1;1mL[48;2;0;0;0m         [38;2;0;0;0;48;2;2;2;2m:[38;2;62;62;62;48;2;36;36;36mu[38;2;60;60;60;48;2;167;167;167m~[38;2;190;190;190;48;2;229;229;229m"[38;2;243;243;243;48;2;249;249;249m~[38;2;252;252;252;48;2;251;251;251m:[48;2;252;252;252m                                           [0m
[?25h