[?25l[0m[7m[38;2;0;0;0m [0m[38;2;0;0;0;48;2;0;0;0m                                                                                                                       [0m
[7m[38;2;0;0;0m [0m[38;2;0;0;0;48;2;0;0;0m                                                                                                                       [0m
[7m[38;2;0;0;0m [0m[38;2;0;0;0;48;2;0;0;0m                                                                                                                       [0m
[7m[38;2;0;0;0m [0m[38;2;0;0;0;48;2;0;0;0m                                                                                                                       [0m
[7m[38;2;0;0;0m [0m[38;2;0;0;0;48;2;0;0;0m                                                                                                                       [0m
[7m[38;2;0;0;0m [0m[38;2;0;0;0;48;2;0;0;0m                                                                                                                       [0m
[7m[38;2;0;0;0m [0m[38;2;0;0;0;48;2;0;0;0m                                                                                                                       [0m
[7m[38;2;0;0;0m [0m[38;2;0;0;0;48;2;0;0;0m                                                                                                                       [0m
[7m[38;2;0;0;0m [0m[38;2;0;0;0;48;2;0;0;0m                                                                                                                       [0m
[7m[38;2;0;0;0m [0m[38;2;0;0;0;48;2;0;0;0m                                                                                                                       [0m
[7m[38;2;0;0;0m [0m[38;2;0;0;0;48;2;0;0;0m                                                                                                                       [0m
[7m[38;2;0;0;0m [0m[38;2;0;0;0;48;2;0;0;0m                                                                                                                       [0m
[7m[38;2;0;0;0m [0m[38;2;0;0;0;48;2;0;0;0m                                                  [48;2;2;2;2m`[38;2;47;47;47;48;2;9;9;9m_[38;2;85;85;85;48;2;20;20;20m_[38;2;125;125;125;48;2;29;29;29m_[38;2;135;135;135;48;2;32;32;32m_[38;2;125;125;125;48;2;30;30;30m_[38;2;149;149;149;48;2;38;38;38m_[38;2;236;236;236;48;2;65;65;65m_[38;2;237;237;237;48;2;66;66;66m_[38;2;242;242;242;48;2;70;70;70m_[38;2;239;239;239;48;2;75;75;75m_[38;2;157;157;157;48;2;42;42;42m_[38;2;153;153;153;48;2;36;36;36m_[38;2;167;167;167;48;2;39;39;39m_[38;2;160;160;160;48;2;38;38;38m_[38;2;125;125;125;48;2;30;30;30m_[38;2;100;100;100;48;2;23;23;23m_[38;2;34;34;34;48;2;7;7;7m_[38;2;1;1;1;48;2;0;0;0m.                                                  [0m
[7m[38;2;0;0;0m [0m[38;2;0;0;0;48;2;0;0;0m                                                [48;2;7;7;7m:[38;2;93;93;93;48;2;68;68;68md[38;2;131;131;131;48;2;205;205;205m~[38;2;170;170;170;48;2;234;234;234m~[38;2;181;181;181;48;2;237;237;237m~[38;2;193;193;193;48;2;240;240;240m~[38;2;197;197;197m~[38;2;194;194;194m~[38;2;203;203;203;48;2;242;242;242m~[38;2;252;252;252;48;2;250;250;250m:[38;2;249;249;249;48;2;252;252;252m~[38;2;251;251;251m~[38;2;253;253;253;48;2;250;250;250m'[38;2;211;211;211;48;2;243;243;243m~[38;2;205;205;205;48;2;242;242;242m~[38;2;211;211;211;48;2;243;243;243m~[38;2;207;207;207;48;2;241;241;241m"[38;2;195;195;195;48;2;239;239;239m~[38;2;180;180;180;48;2;232;232;232m"[38;2;138;138;138;48;2;181;181;181m~[38;2;82;82;82;48;2;44;44;44mL[48;2;0;0;0m                                                  [0m
[7m[38;2;0;0;0m [0m[38;2;0;0;0;48;2;0;0;0m                                                [38;2;1;1;1m`[38;2;59;59;59;48;2;30;30;30m"[38;2;45;45;45;48;2;142;142;142m_[38;2;161;161;161;48;2;232;232;232m_[38;2;239;239;239;48;2;247;247;247m,[38;2;231;231;231;48;2;249;249;249m_[38;2;252;252;252;48;2;251;251;251m::[48;2;252;252;252m     [48;2;251;251;251m:[38;2;251;251;251;48;2;252;252;252m`[38;2;253;253;253;48;2;251;251;251m:[38;2;228;228;228;48;2;241;241;241ma[38;2;183;183;183;48;2;236;236;236m_[38;2;117;117;117;48;2;221;221;221m_[38;2;57;57;57;48;2;108;108;108my[38;2;47;47;47;48;2;14;14;14m'[38;2;1;1;1;48;2;0;0;0m"                                                 [0m
[7m[38;2;0;0;0m [0m[38;2;0;0;0;48;2;0;0;0m                                                  [38;2;27;27;27;48;2;7;7;7m"[38;2;112;112;112;48;2;29;29;29m~[38;2;51;51;51;48;2;116;116;116ms[38;2;188;188;188;48;2;205;205;205mL[38;2;253;253;253;48;2;248;248;248m`[38;2;250;250;250;48;2;251;251;251m:[38;2;252;252;252m:[48;2;252;252;252m     [48;2;251;251;251m [38;2;254;254;254m.[38;2;245;245;245;48;2;233;233;233m'[38;2;89;89;89;48;2;148;148;148my[38;2;83;83;83;48;2;34;34;34m~[38;2;16;16;16;48;2;2;2;2m~[48;2;0;0;0m                                                   [0m
[7m[38;2;0;0;0m [0m[38;2;0;0;0;48;2;0;0;0m                                                   [38;2;2;2;2;48;2;1;1;1m'[38;2;50;50;50;48;2;35;35;35m4[38;2;141;141;141;48;2;159;159;159ml[38;2;239;239;239;48;2;245;245;245mL[38;2;249;249;249;48;2;250;250;250m.[38;2;252;252;252;48;2;251;251;251m:[48;2;252;252;252m     [48;2;251;251;251m [38;2;254;254;254m:[38;2;238;238;238;48;2;224;224;224m'[38;2;101;101;101;48;2;67;67;67mF[38;2;4;4;4;48;2;2;2;2mL[48;2;0;0;0m                                                    [0m
[7m[38;2;0;0;0m [0m[38;2;0;0;0;48;2;0;0;0m                                                   [48;2;1;1;1m [38;2;64;64;64;48;2;42;42;42m_[38;2;144;144;144;48;2;170;170;170mF[38;2;240;240;240;48;2;246;246;246mL[48;2;250;250;250m [38;2;252;252;252;48;2;251;251;251m:[48;2;252;252;252m     [48;2;251;251;251m [38;2;254;254;254m'[38;2;250;250;250;48;2;226;226;226m.[38;2;115;115;115;48;2;75;75;75mL[38;2;26;26;26;48;2;5;5;5m,[48;2;0;0;0m                                                    [0m
[7m[38;2;0;0;0m [0m[38;2;0;0;0;48;2;0;0;0m                                                   [38;2;15;15;15;48;2;10;10;10m4[38;2;105;105;105;48;2;86;86;86m4[38;2;210;210;210;48;2;222;222;222mW[38;2;253;253;253;48;2;250;250;250m`[48;2;251;251;251m [38;2;252;252;252m:[48;2;252;252;252m      [48;2;251;251;251m [38;2;253;253;253;48;2;242;242;242m'[38;2;165;165;165;48;2;133;133;133mF[38;2;50;50;50;48;2;29;29;29mF[48;2;0;0;0m                                                    [0m
[7m[38;2;0;0;0m [0m[38;2;0;0;0;48;2;0;0;0m                                                  [38;2;1;1;1m'[38;2;51;51;51;48;2;35;35;35my[38;2;106;106;106;48;2;164;164;164m~[38;2;252;252;252;48;2;242;242;242m:[48;2;251;251;251m :[48;2;252;252;252m      [48;2;251;251;251m:[48;2;250;250;250m [38;2;254;254;254;48;2;247;247;247m:[38;2;152;152;152;48;2;187;187;187m~[38;2;84;84;84;48;2;46;46;46mL[38;2;0;0;0;48;2;1;1;1m`[48;2;0;0;0m                                                   [0m
[7m[38;2;0;0;0m [0m[38;2;0;0;0;48;2;0;0;0m                                                  [48;2;4;4;4m:[38;2;97;97;97;48;2;74;74;74m4[38;2;214;214;214;48;2;230;230;230m~[38;2;253;253;253;48;2;251;251;251m` [48;2;252;252;252m        [48;2;251;251;251m [38;2;254;254;254;48;2;252;252;252m`[38;2;252;252;252;48;2;237;237;237m:[38;2;130;130;130;48;2;91;91;91mL[38;2;17;17;17;48;2;10;10;10mr[38;2;1;1;1;48;2;0;0;0m_                                                  [0m
[7m[38;2;0;0;0m [0m[38;2;0;0;0;48;2;0;0;0m                                                 [38;2;1;1;1m'[38;2;49;49;49;48;2;33;33;33my[38;2;102;102;102;48;2;158;158;158m~[38;2;253;253;253;48;2;244;244;244m:[38;2;248;248;248;48;2;250;250;250m:[38;2;252;252;252;48;2;251;251;251m:[48;2;252;252;252m        [48;2;251;251;251m:[38;2;250;250;250mz[38;2;254;254;254;48;2;245;245;245m:[38;2;102;102;102;48;2;164;164;164m`[38;2;95;95;95;48;2;40;40;40m,[38;2;1;1;1;48;2;0;0;0m`                                                  [0m
[7m[38;2;0;0;0m [0m[38;2;0;0;0;48;2;0;0;0m                                                [38;2;1;1;1m_[38;2;0;0;0;48;2;17;17;17m'[38;2;69;69;69;48;2;117;117;117mF[38;2;214;214;214;48;2;235;235;235m~[38;2;254;254;254;48;2;250;250;250m`[38;2;250;250;250;48;2;251;251;251m`[48;2;252;252;252m          [48;2;251;251;251m [38;2;254;254;254m`[38;2;252;252;252;48;2;237;237;237m:[38;2;154;154;154;48;2;104;104;104mL[38;2;61;61;61;48;2;18;18;18m,[48;2;0;0;0m                                                  [0m
[7m[38;2;0;0;0m [0m[38;2;0;0;0;48;2;0;0;0m                                                [48;2;4;4;4m:[38;2;90;90;90;48;2;64;64;64my[38;2;163;163;163;48;2;211;211;211m~[38;2;254;254;254;48;2;249;249;249m`[38;2;252;252;252;48;2;251;251;251m_:[48;2;252;252;252m          [48;2;251;251;251m:[38;2;249;249;249m`[38;2;253;253;253;48;2;250;250;250m:[38;2;190;190;190;48;2;220;220;220m~[38;2;120;120;120;48;2;73;73;73mL[38;2;28;28;28;48;2;6;6;6m,[48;2;0;0;0m                                                 [0m
[7m[38;2;0;0;0m [0m[38;2;0;0;0;48;2;0;0;0m                                               [48;2;1;1;1m.[38;2;62;62;62;48;2;40;40;40my[38;2;110;110;110;48;2;171;171;171m~[38;2;254;254;254;48;2;245;245;245m:[48;2;250;250;250m [38;2;252;252;252;48;2;251;251;251m:[48;2;252;252;252m            [48;2;251;251;251m:[38;2;250;250;250m][38;2;254;254;254;48;2;247;247;247m`[38;2;147;147;147;48;2;189;189;189m~[38;2;91;91;91;48;2;50;50;50mL[38;2;1;1;1;48;2;2;2;2m`[48;2;0;0;0m                                                [0m
[7m[38;2;0;0;0m [0m[38;2;0;0;0;48;2;0;0;0m                                              [38;2;1;1;1m=[38;2;47;47;47;48;2;25;25;25my[38;2;79;79;79;48;2;144;144;144m~[38;2;254;254;254;48;2;241;241;241m:[48;2;251;251;251m`[38;2;252;252;252m:[48;2;252;252;252m              [48;2;251;251;251m:[38;2;249;249;249;48;2;250;250;250m=[38;2;254;254;254;48;2;246;246;246m`[38;2;125;125;125;48;2;170;170;170m~[38;2;77;77;77;48;2;39;39;39mL[38;2;1;1;1;48;2;0;0;0m:                                               [0m
[7m[38;2;0;0;0m [0m[38;2;0;0;0;48;2;0;0;0m                                               [38;2;15;15;15;48;2;46;46;46m.[38;2;147;147;147;48;2;171;171;171mF[38;2;241;241;241;48;2;247;247;247mL[48;2;250;250;250m [38;2;252;252;252;48;2;251;251;251m:[48;2;252;252;252m              [48;2;251;251;251m:[38;2;250;250;250mg[38;2;254;254;254;48;2;246;246;246m:[38;2;152;152;152;48;2;179;179;179ma[38;2;67;67;67;48;2;45;45;45mF[38;2;1;1;1;48;2;0;0;0m\                                               [0m
[7m[38;2;0;0;0m [0m[38;2;0;0;0;48;2;0;0;0m                                              [48;2;1;1;1m:[38;2;36;36;36;48;2;79;79;79ml[38;2;198;198;198;48;2;220;220;220m_[38;2;253;253;253;48;2;249;249;249m:[38;2;249;249;249;48;2;251;251;251m_[38;2;252;252;252m:[48;2;252;252;252m              [48;2;251;251;251m:[38;2;250;250;250m`[38;2;254;254;254;48;2;248;248;248m`[38;2;189;189;189;48;2;209;209;209m_[38;2;96;96;96;48;2;64;64;64m[[38;2;0;0;0;48;2;1;1;1m`[48;2;0;0;0m                                               [0m
[7m[38;2;0;0;0m [0m[38;2;0;0;0;48;2;0;0;0m                                               [38;2;40;40;40;48;2;11;11;11m`[38;2;137;137;137;48;2;66;66;66m~[38;2;142;142;142;48;2;182;182;182m+[38;2;254;254;254;48;2;246;246;246m:[38;2;250;250;250;48;2;251;251;251m+[38;2;252;252;252m:[48;2;252;252;252m            [48;2;251;251;251m:[38;2;250;250;250mz[38;2;254;254;254;48;2;247;247;247m:[38;2;160;160;160;48;2;194;194;194mu[38;2;148;148;148;48;2;71;71;71m~[38;2;51;51;51;48;2;12;12;12m'[48;2;0;0;0m                                                [0m
[7m[38;2;0;0;0m [0m[38;2;0;0;0;48;2;0;0;0m                                              [38;2;1;1;1m_[38;2;36;36;36;48;2;15;15;15m_[38;2;67;67;67;48;2;117;117;117mF[38;2;209;209;209;48;2;233;233;233m"[38;2;254;254;254;48;2;250;250;250m`[38;2;250;250;250;48;2;251;251;251m`[38;2;252;252;252m:[48;2;252;252;252m            [48;2;251;251;251m:[38;2;250;250;250m"[38;2;254;254;254;48;2;250;250;250m`[38;2;202;202;202;48;2;230;230;230m"[38;2;141;141;141;48;2;90;90;90mL[38;2;50;50;50;48;2;12;12;12m,[38;2;1;1;1;48;2;0;0;0m_                                               [0m
[7m[38;2;0;0;0m [0m[38;2;0;0;0;48;2;0;0;0m                                             [38;2;1;1;1m,[38;2;26;26;26;48;2;6;6;6m_[38;2;44;44;44;48;2;96;96;96mF[38;2;174;174;174;48;2;222;222;222m~[38;2;254;254;254;48;2;249;249;249m`[38;2;250;250;250;48;2;251;251;251m^[38;2;252;252;252m:[48;2;252;252;252m              [48;2;251;251;251m:[38;2;249;249;249m^[38;2;253;253;253;48;2;249;249;249m:[38;2;178;178;178;48;2;215;215;215m~[38;2;118;118;118;48;2;69;69;69mL[38;2;26;26;26;48;2;5;5;5m,[38;2;1;1;1;48;2;0;0;0m,                                              [0m
[7m[38;2;0;0;0m [0m[38;2;0;0;0;48;2;0;0;0m                                             [48;2;1;1;1m.[38;2;74;74;74;48;2;53;53;53my[38;2;141;141;141;48;2;192;192;192m~[38;2;254;254;254;48;2;248;248;248m.[48;2;250;250;250m [38;2;252;252;252;48;2;251;251;251m:[48;2;252;252;252m                [48;2;251;251;251m:[48;2;250;250;250m [38;2;253;253;253;48;2;247;247;247m:[38;2;142;142;142;48;2;180;180;180m~[38;2;82;82;82;48;2;45;45;45mL[38;2;1;1;1;48;2;0;0;0m`                                              [0m
[7m[38;2;0;0;0m [0m[38;2;0;0;0;48;2;0;0;0m                                             [38;2;41;41;41;48;2;22;22;22m_[38;2;90;90;90;48;2;133;133;133mF[38;2;254;254;254;48;2;241;241;241m:[38;2;250;250;250;48;2;251;251;251my[38;2;252;252;252m:[48;2;252;252;252m                  [48;2;251;251;251m [38;2;250;250;250m_[38;2;253;253;253;48;2;240;240;240m:[38;2;149;149;149;48;2;104;104;104mL[38;2;51;51;51;48;2;16;16;16m,[38;2;1;1;1;48;2;0;0;0m_                                             [0m
[7m[38;2;0;0;0m [0m[38;2;0;0;0;48;2;0;0;0m                                            [38;2;1;1;1;48;2;6;6;6m`[38;2;100;100;100;48;2;74;74;74my[38;2;172;172;172;48;2;217;217;217m~[38;2;254;254;254;48;2;249;249;249m'[38;2;250;250;250;48;2;251;251;251m~[38;2;252;252;252m:[48;2;252;252;252m                  [48;2;251;251;251m:[38;2;250;250;250m~[38;2;253;253;253;48;2;249;249;249m:[38;2;169;169;169;48;2;206;206;206m~[38;2;108;108;108;48;2;63;63;63mL[38;2;12;12;12;48;2;2;2;2m,[48;2;0;0;0m                                             [0m
[7m[38;2;0;0;0m [0m[38;2;0;0;0;48;2;0;0;0m                                           [38;2;1;1;1m`[38;2;68;68;68;48;2;48;48;48my[38;2;128;128;128;48;2;182;182;182m~[38;2;254;254;254;48;2;247;247;247m:[48;2;250;250;250m [38;2;252;252;252;48;2;251;251;251m:[48;2;252;252;252m                    [48;2;251;251;251m:[48;2;250;250;250m [38;2;253;253;253;48;2;245;245;245m:[38;2;133;133;133;48;2;160;160;160m~[38;2;69;69;69;48;2;38;38;38mL[48;2;0;0;0m                                             [0m
[7m[38;2;0;0;0m [0m[38;2;0;0;0;48;2;0;0;0m                                           [48;2;2;2;2m'[38;2;107;107;107;48;2;71;71;71m4[38;2;181;181;181;48;2;224;224;224m_[38;2;254;254;254;48;2;251;251;251m: [48;2;252;252;252m         [38;2;253;253;253m,[38;2;248;248;248m_[38;2;249;249;249m_         [38;2;252;252;252;48;2;251;251;251m:[38;2;250;250;250m`[38;2;254;254;254;48;2;248;248;248m:[38;2;139;139;139;48;2;194;194;194m_[38;2;90;90;90;48;2;51;51;51mF[38;2;1;1;1;48;2;0;0;0m_                                            [0m
[?25h