[?25l[0m[7m[38;2;0;0;0m [0m[38;2;0;0;0;48;2;0;0;0m                                       [38;2;10;10;10;48;2;4;4;4m`[38;2;97;97;97;48;2;46;46;46m"[38;2;48;48;48;48;2;157;157;157m_[38;2;165;165;165;48;2;231;231;231m_[38;2;253;253;253;48;2;249;249;249m.[38;2;249;249;249;48;2;251;251;251m_[38;2;252;252;252m:[48;2;252;252;252m    [48;2;251;251;251m:[38;2;250;250;250m$[38;2;254;254;254;48;2;241;241;241m:[38;2;118;118;118;48;2;159;159;159m~[38;2;50;50;50;48;2;31;31;31mr[38;2;1;1;1;48;2;0;0;0m`                                                               [0m
[7m[38;2;0;0;0m [0m[38;2;0;0;0;48;2;0;0;0m                                        [38;2;1;1;1m`[38;2;38;38;38;48;2;7;7;7m`[38;2;119;119;119;48;2;49;49;49m~[38;2;62;62;62;48;2;166;166;166m_[38;2;182;182;182;48;2;239;239;239m_[38;2;250;250;250;48;2;251;251;251m' [38;2;252;252;252m:[48;2;252;252;252m  [48;2;251;251;251m: [38;2;253;253;253;48;2;250;250;250m'[38;2;252;252;252;48;2;233;233;233m:[38;2;149;149;149;48;2;100;100;100mL[38;2;45;45;45;48;2;16;16;16m,[38;2;1;1;1;48;2;0;0;0m*                                                              [0m
[7m[38;2;0;0;0m [0m[38;2;0;0;0;48;2;0;0;0m                                          [38;2;1;1;1m~[38;2;25;25;25;48;2;9;9;9m"[38;2;122;122;122;48;2;55;55;55m"[38;2;45;45;45;48;2;162;162;162m_[38;2;166;166;166;48;2;231;231;231m_[38;2;253;253;253;48;2;248;248;248m.[38;2;249;249;249;48;2;251;251;251m_[38;2;252;252;252m:[48;2;252;252;252m [48;2;251;251;251m:[38;2;250;250;250m^[38;2;254;254;254;48;2;249;249;249m'[38;2;193;193;193;48;2;219;219;219m~[38;2;117;117;117;48;2;70;70;70mL[38;2;26;26;26;48;2;7;7;7m,[38;2;1;1;1;48;2;0;0;0m_                                                             [0m
[7m[38;2;0;0;0m [0m[38;2;0;0;0;48;2;0;0;0m                                            [38;2;1;1;1m`[38;2;33;33;33;48;2;7;7;7m`[38;2;117;117;117;48;2;40;40;40m~[38;2;41;41;41;48;2;146;146;146m_[38;2;150;150;150;48;2;225;225;225m_[38;2;233;233;233;48;2;246;246;246m,[38;2;253;253;253;48;2;251;251;251m`[38;2;250;250;250m_[38;2;252;252;252m:_[38;2;254;254;254;48;2;246;246;246m'[38;2;156;156;156;48;2;193;193;193m~[38;2;92;92;92;48;2;49;49;49mL[38;2;14;14;14;48;2;3;3;3m,[48;2;0;0;0m                                                             [0m
[7m[38;2;0;0;0m [0m[38;2;0;0;0;48;2;0;0;0m                                              [38;2;1;1;1m~[38;2;10;10;10;48;2;3;3;3m`[38;2;78;78;78;48;2;28;28;28m"[38;2;48;48;48;48;2;125;125;125my[38;2;57;57;57;48;2;203;203;203m_[38;2;192;192;192;48;2;238;238;238m_[38;2;252;252;252;48;2;249;249;249m`[38;2;250;250;250;48;2;251;251;251m_[38;2;252;252;252m_[38;2;254;254;254;48;2;244;244;244m:[38;2;131;131;131;48;2;181;181;181m~[38;2;92;92;92;48;2;46;46;46m,[38;2;1;1;1;48;2;2;2;2m:[48;2;0;0;0m                                                            [0m
[7m[38;2;0;0;0m [0m[38;2;0;0;0;48;2;0;0;0m                                                [38;2;2;2;2m`[38;2;1;1;1m`[38;2;39;39;39;48;2;9;9;9m"[38;2;136;136;136;48;2;43;43;43m~[38;2;64;64;64;48;2;148;148;148my[38;2;109;109;109;48;2;206;206;206m_[38;2;188;188;188;48;2;242;242;242m_[38;2;243;243;243;48;2;249;249;249m,[38;2;254;254;254;48;2;244;244;244m:[38;2;130;130;130;48;2;185;185;185m~[38;2;108;108;108;48;2;50;50;50m_[38;2;22;22;22;48;2;4;4;4m,[48;2;0;0;0m                                                           [0m
[7m[38;2;0;0;0m [0m[38;2;0;0;0;48;2;0;0;0m                                                   [38;2;1;1;1m~[38;2;3;3;3;48;2;1;1;1m`[38;2;58;58;58;48;2;12;12;12m`[38;2;115;115;115;48;2;42;42;42m~[38;2;220;220;220;48;2;99;99;99m~[38;2;20;20;20;48;2;189;189;189m_[38;2;118;118;118;48;2;221;221;221m_[38;2;149;149;149;48;2;200;200;200m~[38;2;123;123;123;48;2;68;68;68mL[38;2;42;42;42;48;2;10;10;10m,[38;2;1;1;1;48;2;0;0;0m_                                                         [0m
[7m[38;2;0;0;0m [0m[38;2;0;0;0;48;2;0;0;0m                                                      [38;2;1;1;1m` [38;2;0;0;0;48;2;4;4;4m:[38;2;85;85;85;48;2;22;22;22m"[38;2;169;169;169;48;2;62;62;62m~[38;2;9;9;9;48;2;124;124;124m_[38;2;62;62;62;48;2;37;37;37m^[38;2;0;0;0;48;2;2;2;2m:[48;2;0;0;0m                                                         [0m
[7m[38;2;0;0;0m [0m[38;2;0;0;0;48;2;0;0;0m                                                           [38;2;3;3;3m`[38;2;2;2;2m`                                                          [0m
[7m[38;2;0;0;0m [0m[38;2;0;0;0;48;2;0;0;0m                                                                                                                       [0m
[7m[38;2;0;0;0m [0m[38;2;0;0;0;48;2;0;0;0m                                                                                                                       [0m
[7m[38;2;0;0;0m [0m[38;2;0;0;0;48;2;0;0;0m                                                                                                                       [0m
[7m[38;2;0;0;0m [0m[38;2;0;0;0;48;2;0;0;0m                                                                                                                       [0m
[7m[38;2;0;0;0m [0m[38;2;0;0;0;48;2;0;0;0m                                                                                                                       [0m
[7m[38;2;0;0;0m [0m[38;2;0;0;0;48;2;0;0;0m                                                                                                                       [0m
[7m[38;2;0;0;0m [0m[38;2;0;0;0;48;2;0;0;0m                                                                                                                       [0m
[7m[38;2;0;0;0m [0m[38;2;0;0;0;48;2;0;0;0m                                                                                                                       [0m
[7m[38;2;0;0;0m [0m[38;2;0;0;0;48;2;0;0;0m                                                                                                                       [0m
[7m[38;2;0;0;0m [0m[38;2;0;0;0;48;2;0;0;0m                                                           [38;2;1;1;1m+                                                           [0m
[7m[38;2;0;0;0m [0m[38;2;0;0;0;48;2;0;0;0m                                                         [48;2;30;30;30m`[38;2;182;182;182;48;2;94;94;94my[38;2;207;207;207;48;2;119;119;119my[38;2;117;117;117;48;2;51;51;51m,[38;2;0;0;0;48;2;5;5;5m`[38;2;1;1;1;48;2;0;0;0m_                                                        [0m
[7m[38;2;0;0;0m [0m[38;2;0;0;0;48;2;0;0;0m                                                         [38;2;45;45;45;48;2;21;21;21m"[38;2;30;30;30;48;2;113;113;113my[38;2;41;41;41;48;2;142;142;142my[38;2;101;101;101;48;2;39;39;39m~[38;2;0;0;0;48;2;4;4;4m.[38;2;1;1;1;48;2;0;0;0m`                                                        [0m
[7m[38;2;0;0;0m [0m[38;2;0;0;0;48;2;0;0;0m                                                                                                                       [0m
[7m[38;2;0;0;0m [0m[38;2;0;0;0;48;2;0;0;0m                                                                                                                       [0m
[7m[38;2;0;0;0m [0m[38;2;0;0;0;48;2;0;0;0m                                                                                                                       [0m
[7m[38;2;0;0;0m [0m[38;2;0;0;0;48;2;0;0;0m                                                                                                                       [0m
[7m[38;2;0;0;0m [0m[38;2;0;0;0;48;2;0;0;0m                                                                                                                       [0m
[7m[38;2;0;0;0m [0m[38;2;0;0;0;48;2;0;0;0m                                                                                                                       [0m
[7m[38;2;0;0;0m [0m[38;2;0;0;0;48;2;0;0;0m                                                                                                                       [0m
[7m[38;2;0;0;0m [0m[38;2;0;0;0;48;2;0;0;0m                                                                                                                       [0m
[7m[38;2;0;0;0m [0m[38;2;0;0;0;48;2;0;0;0m                                                                                                                       [0m
[7m[38;2;0;0;0m [0m[38;2;0;0;0;48;2;0;0;0m                                                                                                                       [0m
[7m[38;2;0;0;0m [0m[38;2;0;0;0;48;2;0;0;0m                                                                                                                       [0m
[7m[38;2;0;0;0m [0m[38;2;0;0;0;48;2;0;0;0m                                                                                                                       [0m
[7m[38;2;0;0;0m [0m[38;2;0;0;0;48;2;0;0;0m                                                                                                                       [0m
[7m[38;2;0;0;0m [0m[38;2;0;0;0;48;2;0;0;0m                                                                                                                       [0m
[7m[38;2;0;0;0m [0m[38;2;0;0;0;48;2;0;0;0m                                                                                                                       [0m
[?25h