[?25l[0m[7m[38;2;252;252;252m [0m[38;2;0;0;0;48;2;252;252;252m                                                                                                                       [0m
[7m[38;2;252;252;252m [0m[38;2;0;0;0;48;2;252;252;252m                                                                                                                       [0m
[7m[38;2;252;252;252m [0m[38;2;0;0;0;48;2;252;252;252m                                                                                                                       [0m
[7m[38;2;252;252;252m [0m[38;2;0;0;0;48;2;252;252;252m                                                                                                                       [0m
[7m[38;2;252;252;252m [0m[38;2;0;0;0;48;2;252;252;252m                                                                                                                       [0m
[7m[38;2;252;252;252m [0m[38;2;0;0;0;48;2;252;252;252m                                                                                                                       [0m
[7m[38;2;252;252;252m [0m[38;2;0;0;0;48;2;252;252;252m                                                                                                                       [0m
[7m[38;2;252;252;252m [0m[38;2;0;0;0;48;2;252;252;252m                                                                                                                       [0m
[7m[38;2;252;252;252m [0m[38;2;0;0;0;48;2;252;252;252m                                                                                                                       [0m
[7m[38;2;252;252;252m [0m[38;2;0;0;0;48;2;252;252;252m                                                                                                                       [0m
[7m[38;2;252;252;252m [0m[38;2;0;0;0;48;2;252;252;252m                                                                                                                       [0m
[7m[38;2;252;252;252m [0m[38;2;0;0;0;48;2;252;252;252m                                                                                                                       [0m
[7m[38;2;252;252;252m [0m[38;2;0;0;0;48;2;252;252;252m                                                                                                                       [0m
[7m[38;2;252;252;252m [0m[38;2;0;0;0;48;2;252;252;252m                                                                                                                       [0m
[7m[38;2;252;252;252m [0m[38;2;0;0;0;48;2;252;252;252m                                                                                                                       [0m
[7m[38;2;252;252;252m [0m[38;2;0;0;0;48;2;252;252;252m                                                                                                                       [0m
[7m[38;2;252;252;252m [0m[38;2;0;0;0;48;2;252;252;252m                                                                                                                       [0m
[7m[38;2;252;252;252m [0m[38;2;0;0;0;48;2;252;252;252m                                                                                                                       [0m
[7m[38;2;252;252;252m [0m[38;2;0;0;0;48;2;252;252;252m                                                         [38;2;252;252;252;48;2;251;251;251m:[38;2;250;250;250m__,[38;2;252;252;252m:[48;2;252;252;252m                                                         [0m
[7m[38;2;252;252;252m [0m[38;2;0;0;0;48;2;252;252;252m                                                       [38;2;252;252;252;48;2;251;251;251m:[38;2;224;224;224;48;2;250;250;250m_[38;2;193;193;193;48;2;242;242;242m_[38;2;125;125;125;48;2;221;221;221m_[38;2;111;111;111;48;2;217;217;217m_[38;2;179;179;179;48;2;237;237;237m_[38;2;241;241;241;48;2;248;248;248m,[38;2;250;250;250;48;2;251;251;251m,[38;2;252;252;252m.[48;2;252;252;252m                                                       [0m
[7m[38;2;252;252;252m [0m[38;2;0;0;0;48;2;252;252;252m                                                    [38;2;252;252;252;48;2;251;251;251m:[38;2;250;250;250my[38;2;253;253;253;48;2;245;245;245m:[38;2;145;145;145;48;2;202;202;202my[38;2;171;171;171;48;2;80;80;80m~[38;2;111;111;111;48;2;27;27;27m~[38;2;91;91;91;48;2;16;16;16m`[38;2;78;78;78;48;2;15;15;15m`[38;2;103;103;103;48;2;38;38;38m~[38;2;41;41;41;48;2;145;145;145m_[38;2;148;148;148;48;2;230;230;230m_[38;2;205;205;205;48;2;245;245;245m_[38;2;244;244;244;48;2;250;250;250m,[38;2;253;253;253;48;2;252;252;252m.                                                     [0m
[7m[38;2;252;252;252m [0m[38;2;0;0;0;48;2;252;252;252m                                                    [38;2;252;252;252;48;2;251;251;251m`[38;2;253;253;253m:[38;2;249;249;249;48;2;227;227;227m`[38;2;104;104;104;48;2;71;71;71mF[38;2;15;15;15;48;2;5;5;5m~[38;2;2;2;2;48;2;0;0;0m~  [38;2;0;0;0;48;2;1;1;1m:[38;2;8;8;8;48;2;16;16;16m`[38;2;86;86;86;48;2;39;39;39m~[38;2;159;159;159;48;2;56;56;56m~[38;2;103;103;103;48;2;158;158;158mg[38;2;232;232;232;48;2;242;242;242mr[38;2;251;251;251;48;2;252;252;252m=[38;2;252;252;252;48;2;251;251;251m:[48;2;252;252;252m                                                   [0m
[7m[38;2;252;252;252m [0m[38;2;0;0;0;48;2;252;252;252m                                                    [48;2;251;251;251m [38;2;252;252;252m^[38;2;253;253;253;48;2;235;235;235m:[38;2;138;138;138;48;2;97;97;97mL[38;2;35;35;35;48;2;15;15;15m,[38;2;1;1;1;48;2;0;0;0my   [38;2;6;6;6m`[38;2;10;10;10;48;2;1;1;1m`[38;2;0;0;0;48;2;29;29;29m:[38;2;114;114;114;48;2;146;146;146mF[38;2;233;233;233;48;2;241;241;241mL[38;2;250;250;250;48;2;251;251;251m:[38;2;252;252;252m:[48;2;252;252;252m                                  [38;2;253;253;253m^                [0m
[7m[38;2;252;252;252m [0m[38;2;0;0;0;48;2;252;252;252m                                                    [38;2;252;252;252;48;2;251;251;251m`[38;2;249;249;249m'[38;2;254;254;254;48;2;240;240;240m:[38;2;89;89;89;48;2;166;166;166m_[38;2;60;60;60;48;2;30;30;30mF[38;2;2;2;2;48;2;0;0;0m`  [38;2;0;0;0;48;2;2;2;2m:[38;2;77;77;77m_[38;2;87;87;87;48;2;4;4;4m_[38;2;114;114;114;48;2;37;37;37m_[38;2;126;126;126;48;2;166;166;166mr[38;2;235;235;235;48;2;243;243;243mL[38;2;252;252;252;48;2;251;251;251m_:[48;2;252;252;252m                                                   [0m
[7m[38;2;252;252;252m [0m[38;2;0;0;0;48;2;252;252;252m                                                 [38;2;252;252;252;48;2;251;251;251m: [48;2;250;250;250m:[38;2;171;171;171;48;2;237;237;237m_[38;2;109;109;109;48;2;187;187;187my[38;2;172;172;172;48;2;72;72;72m~[38;2;63;63;63;48;2;16;16;16m~[38;2;0;0;0;48;2;1;1;1m:[48;2;0;0;0m  [38;2;1;1;1m|[38;2;44;44;44;48;2;25;25;25m4[38;2;93;93;93;48;2;138;138;138m_[38;2;148;148;148;48;2;205;205;205m~[38;2;179;179;179;48;2;230;230;230m~[38;2;229;229;229;48;2;246;246;246m~[38;2;252;252;252;48;2;251;251;251m:[48;2;253;253;253m [38;2;253;253;253;48;2;252;252;252m__                                                  [0m
[7m[38;2;252;252;252m [0m[38;2;0;0;0;48;2;252;252;252m                                                [38;2;252;252;252;48;2;251;251;251m:[38;2;250;250;250mi[38;2;254;254;254;48;2;244;244;244m:[38;2;139;139;139;48;2;194;194;194my[38;2;122;122;122;48;2;54;54;54m~[38;2;24;24;24;48;2;5;5;5m~[38;2;1;1;1;48;2;0;0;0m"      [38;2;42;42;42;48;2;15;15;15m"[38;2;171;171;171;48;2;78;78;78m~[38;2;72;72;72;48;2;193;193;193m_[38;2;152;152;152;48;2;220;220;220m_[38;2;144;144;144;48;2;214;214;214m_[38;2;142;142;142;48;2;212;212;212m_[38;2;147;147;147;48;2;214;214;214m_[38;2;169;169;169;48;2;225;225;225m_[38;2;221;221;221;48;2;241;241;241m,[38;2;248;248;248;48;2;251;251;251m,[48;2;252;252;252m                                                [0m
[7m[38;2;252;252;252m [0m[38;2;0;0;0;48;2;252;252;252m                                                [38;2;252;252;252;48;2;251;251;251m:[38;2;249;249;249;48;2;250;250;250mi[38;2;254;254;254;48;2;236;236;236m:[38;2;135;135;135;48;2;103;103;103mL[38;2;3;3;3;48;2;17;17;17m:[38;2;1;1;1;48;2;0;0;0m_        [38;2;0;0;0;48;2;1;1;1m:[38;2;48;48;48;48;2;18;18;18m"[38;2;59;59;59;48;2;90;90;90my[38;2;122;122;122;48;2;130;130;130m,[38;2;139;139;139;48;2;134;134;134m`[38;2;138;138;138;48;2;141;141;141m:[38;2;212;212;212;48;2;174;174;174m_[38;2;216;216;216;48;2;231;231;231m~[38;2;248;248;248;48;2;249;249;249m~[38;2;252;252;252;48;2;251;251;251m:[48;2;252;252;252m                                               [0m
[7m[38;2;252;252;252m [0m[38;2;0;0;0;48;2;252;252;252m                                                [38;2;252;252;252;48;2;251;251;251m:[38;2;250;250;250m~[38;2;254;254;254;48;2;247;247;247m'[38;2;170;170;170;48;2;210;210;210m~[38;2;104;104;104;48;2;61;61;61mL[38;2;21;21;21;48;2;6;6;6m,[38;2;1;1;1;48;2;0;0;0m_         [48;2;25;25;25m:[38;2;96;96;96;48;2;112;112;112mL[38;2;190;190;190;48;2;164;164;164my[38;2;171;171;171;48;2;217;217;217m~[38;2;228;228;228;48;2;243;243;243m"[38;2;248;248;248;48;2;250;250;250m~[48;2;251;251;251m [48;2;252;252;252m                                                [0m
[7m[38;2;252;252;252m [0m[38;2;0;0;0;48;2;252;252;252m                                                 [38;2;252;252;252;48;2;251;251;251m:[38;2;250;250;250m^[38;2;254;254;254;48;2;247;247;247m'[38;2;170;170;170;48;2;215;215;215m~[38;2;209;209;209;48;2;97;97;97m_[38;2;72;72;72;48;2;22;22;22m,[38;2;0;0;0;48;2;1;1;1m`[48;2;0;0;0m      [48;2;3;3;3m`[38;2;62;62;62;48;2;12;12;12m_[38;2;111;111;111;48;2;54;54;54m_[38;2;106;106;106;48;2;127;127;127m~[38;2;191;191;191;48;2;180;180;180m"[38;2;231;231;231;48;2;239;239;239mL[38;2;249;249;249;48;2;250;250;250m,[38;2;251;251;251m`[38;2;252;252;252;48;2;251;251;251m:[48;2;252;252;252m                                                [0m
[7m[38;2;252;252;252m [0m[38;2;0;0;0;48;2;252;252;252m                                                   [38;2;252;252;252;48;2;251;251;251m:[38;2;253;253;253;48;2;252;252;252m`[38;2;252;252;252;48;2;246;246;246m:[38;2;127;127;127;48;2;209;209;209m~[38;2;51;51;51;48;2;156;156;156m~[38;2;27;27;27;48;2;105;105;105m~[38;2;117;117;117;48;2;67;67;67my[38;2;115;115;115;48;2;63;63;63my[38;2;114;114;114;48;2;62;62;62my[38;2;116;116;116;48;2;64;64;64my[38;2;25;25;25;48;2;93;93;93m~[38;2;48;48;48;48;2;110;110;110m~[38;2;86;86;86;48;2;123;123;123m~[38;2;125;125;125;48;2;134;134;134m~[38;2;168;168;168;48;2;143;143;143m_[38;2;218;218;218;48;2;186;186;186m_[38;2;232;232;232;48;2;240;240;240mF[38;2;250;250;250;48;2;251;251;251m~ [38;2;252;252;252m:[48;2;252;252;252m                                                [0m
[7m[38;2;252;252;252m [0m[38;2;0;0;0;48;2;252;252;252m                                                     [38;2;252;252;252;48;2;251;251;251m.`[38;2;239;239;239;48;2;246;246;246m`[38;2;196;196;196;48;2;230;230;230m~[38;2;165;165;165;48;2;215;215;215m~[38;2;234;234;234;48;2;194;194;194my[38;2;222;222;222;48;2;182;182;182my[38;2;213;213;213;48;2;174;174;174my[38;2;212;212;212;48;2;172;172;172my[38;2;215;215;215;48;2;173;173;173my[38;2;226;226;226;48;2;183;183;183my[38;2;163;163;163;48;2;214;214;214m~[38;2;194;194;194;48;2;232;232;232m~[38;2;231;231;231;48;2;247;247;247m~[38;2;249;249;249;48;2;251;251;251m~[48;2;252;252;252m                                                   [0m
[7m[38;2;252;252;252m [0m[38;2;0;0;0;48;2;252;252;252m                                                         [38;2;252;252;252;48;2;251;251;251m:.[38;2;249;249;249m`[38;2;247;247;247m``[38;2;248;248;248m`[38;2;250;250;250m`[38;2;249;249;249m` [48;2;252;252;252m                                                     [0m
[7m[38;2;252;252;252m [0m[38;2;0;0;0;48;2;252;252;252m                                                                                                                       [0m
[7m[38;2;252;252;252m [0m[38;2;0;0;0;48;2;252;252;252m                                                                                                                       [0m
[7m[38;2;252;252;252m [0m[38;2;0;0;0;48;2;252;252;252m                                                                                                                       [0m
[7m[38;2;252;252;252m [0m[38;2;0;0;0;48;2;252;252;252m                       [38;2;252;252;252;48;2;251;251;251m:[48;2;252;252;252m                                                                                               [0m
[?25h