[?25l[0m[7m[38;2;0;0;0m [0m[38;2;0;0;0;48;2;0;0;0m                                                        [38;2;61;61;61;48;2;42;42;42m4[38;2;168;168;168;48;2;184;184;184mF[38;2;242;242;242;48;2;246;246;246mL[38;2;250;250;250;48;2;251;251;251m`[38;2;252;252;252m:[48;2;252;252;252m                                                          [0m
[7m[38;2;0;0;0m [0m[38;2;0;0;0;48;2;0;0;0m                                                       [48;2;1;1;1m:[38;2;74;74;74;48;2;52;52;52m4[38;2;191;191;191;48;2;204;204;204mF[38;2;252;252;252;48;2;248;248;248m`[38;2;250;250;250;48;2;251;251;251m`[38;2;252;252;252m:[48;2;252;252;252m                                                          [0m
[7m[38;2;0;0;0m [0m[38;2;0;0;0;48;2;0;0;0m                                                       [48;2;1;1;1m:[38;2;78;78;78;48;2;56;56;56m4[38;2;198;198;198;48;2;210;210;210mL[38;2;247;247;247;48;2;249;249;249mL[38;2;250;250;250;48;2;251;251;251m`[38;2;252;252;252m:[48;2;252;252;252m                                                          [0m
[7m[38;2;0;0;0m [0m[38;2;0;0;0;48;2;0;0;0m                                                       [48;2;5;5;5m:[38;2;98;98;98;48;2;74;74;74m4[38;2;217;217;217;48;2;227;227;227m~[38;2;253;253;253;48;2;251;251;251m` [48;2;252;252;252m                                                           [0m
[7m[38;2;0;0;0m [0m[38;2;0;0;0;48;2;0;0;0m                                                       [48;2;7;7;7m:[38;2;100;100;100;48;2;80;80;80m4[38;2;222;222;222;48;2;231;231;231mL[38;2;251;251;251;48;2;252;252;252mL[48;2;251;251;251m [48;2;252;252;252m                                                           [0m
[7m[38;2;0;0;0m [0m[38;2;0;0;0;48;2;0;0;0m                                                      [38;2;1;1;1m:[38;2;0;0;0;48;2;11;11;11m:[38;2;110;110;110;48;2;89;89;89m4[38;2;231;231;231;48;2;238;238;238mL[38;2;253;253;253;48;2;252;252;252m`                            [48;2;251;251;251m                [38;2;252;252;252m~~~~            [0m
[7m[38;2;0;0;0m [0m[38;2;0;0;0;48;2;0;0;0m                                                       [48;2;13;13;13m:[38;2;113;113;113;48;2;93;93;93m4[38;2;230;230;230;48;2;239;239;239mL[48;2;252;252;252m [38;2;252;252;252;48;2;251;251;251m:[48;2;252;252;252m                           [48;2;251;251;251m|                               [0m
[7m[38;2;0;0;0m [0m[38;2;0;0;0;48;2;0;0;0m                                                      [38;2;1;1;1m:[38;2;19;19;19;48;2;13;13;13m4[38;2;116;116;116;48;2;97;97;97m4[38;2;230;230;230;48;2;239;239;239mL[38;2;253;253;253;48;2;252;252;252m`                           [48;2;251;251;251m                                 [0m
[7m[38;2;0;0;0m [0m[38;2;0;0;0;48;2;0;0;0m                                                      [38;2;1;1;1m_[38;2;21;21;21;48;2;14;14;14m4[38;2;119;119;119;48;2;100;100;100m4[38;2;231;231;231;48;2;239;239;239mL[48;2;252;252;252m                            [38;2;252;252;252;48;2;251;251;251m|                                [0m
[7m[38;2;0;0;0m [0m[38;2;0;0;0;48;2;0;0;0m                                                      [38;2;1;1;1m"[38;2;23;23;23;48;2;15;15;15m4[38;2;122;122;122;48;2;103;103;103m4[38;2;232;232;232;48;2;241;241;241mL[48;2;252;252;252m                            [38;2;252;252;252;48;2;251;251;251m:                                [0m
[7m[38;2;0;0;0m [0m[38;2;0;0;0;48;2;0;0;0m                                                       [38;2;23;23;23;48;2;16;16;16m4[38;2;123;123;123;48;2;104;104;104m4[38;2;232;232;232;48;2;241;241;241mL[48;2;252;252;252m                                                             [0m
[7m[38;2;0;0;0m [0m[38;2;0;0;0;48;2;0;0;0m                                                       [38;2;23;23;23;48;2;16;16;16m4[38;2;123;123;123;48;2;104;104;104m4[38;2;232;232;232;48;2;241;241;241mL[48;2;252;252;252m                                                             [0m
[7m[38;2;0;0;0m [0m[38;2;0;0;0;48;2;0;0;0m                                                       [38;2;23;23;23;48;2;16;16;16m4[38;2;123;123;123;48;2;104;104;104m4[38;2;232;232;232;48;2;241;241;241mL[48;2;252;252;252m                                                             [0m
[7m[38;2;0;0;0m [0m[38;2;0;0;0;48;2;0;0;0m                                                       [38;2;23;23;23;48;2;16;16;16m4[38;2;123;123;123;48;2;104;104;104m4[38;2;232;232;232;48;2;241;241;241mL[48;2;252;252;252m                                                             [0m
[7m[38;2;0;0;0m [0m[38;2;0;0;0;48;2;0;0;0m                                                       [38;2;19;19;19;48;2;12;12;12m4[38;2;115;115;115;48;2;96;96;96m4[38;2;228;228;228;48;2;238;238;238mL[48;2;251;251;251m [48;2;252;252;252m                                                            [0m
[7m[38;2;0;0;0m [0m[38;2;0;0;0;48;2;0;0;0m                                                       [48;2;12;12;12m:[38;2;111;111;111;48;2;92;92;92m4[38;2;227;227;227;48;2;236;236;236mL[48;2;251;251;251m [48;2;252;252;252m                                                            [0m
[7m[38;2;0;0;0m [0m[38;2;0;0;0;48;2;0;0;0m                                                       [48;2;12;12;12m:[38;2;111;111;111;48;2;92;92;92m4[38;2;227;227;227;48;2;236;236;236mL[48;2;251;251;251m [48;2;252;252;252m                                                            [0m
[7m[38;2;0;0;0m [0m[38;2;0;0;0;48;2;0;0;0m                                                       [48;2;12;12;12m:[38;2;111;111;111;48;2;90;90;90m4[38;2;227;227;227;48;2;236;236;236mL[48;2;251;251;251m [48;2;252;252;252m                                                            [0m
[7m[38;2;0;0;0m [0m[38;2;0;0;0;48;2;0;0;0m                                                       [48;2;6;6;6m:[38;2;101;101;101;48;2;78;78;78m4[38;2;224;224;224;48;2;234;234;234mL[38;2;254;254;254;48;2;252;252;252m:[38;2;252;252;252;48;2;251;251;251m`[48;2;252;252;252m                                                           [0m
[7m[38;2;0;0;0m [0m[38;2;0;0;0;48;2;0;0;0m                                                       [48;2;2;2;2m:[38;2;86;86;86;48;2;61;61;61m4[38;2;208;208;208;48;2;223;223;223mL[38;2;253;253;253;48;2;251;251;251m` [38;2;252;252;252m:[48;2;252;252;252m                                                          [0m
[7m[38;2;0;0;0m [0m[38;2;0;0;0;48;2;0;0;0m                                                        [38;2;78;78;78;48;2;55;55;55m4[38;2;200;200;200;48;2;212;212;212mL[38;2;247;247;247;48;2;249;249;249mL[38;2;250;250;250;48;2;251;251;251m`[38;2;252;252;252m:[48;2;252;252;252m                                                          [0m
[7m[38;2;0;0;0m [0m[38;2;0;0;0;48;2;0;0;0m                                                        [38;2;78;78;78;48;2;55;55;55m4[38;2;200;200;200;48;2;212;212;212mL[38;2;247;247;247;48;2;249;249;249mL[38;2;250;250;250;48;2;251;251;251m`[38;2;252;252;252m:[48;2;252;252;252m                                                          [0m
[7m[38;2;0;0;0m [0m[38;2;0;0;0;48;2;0;0;0m                                                        [38;2;78;78;78;48;2;55;55;55m4[38;2;200;200;200;48;2;212;212;212mL[38;2;247;247;247;48;2;249;249;249mL[38;2;250;250;250;48;2;251;251;251m`[38;2;252;252;252m:[48;2;252;252;252m                                                          [0m
[7m[38;2;0;0;0m [0m[38;2;0;0;0;48;2;0;0;0m                                                        [38;2;68;68;68;48;2;47;47;47m4[38;2;181;181;181;48;2;198;198;198mL[38;2;244;244;244;48;2;248;248;248mL[38;2;250;250;250;48;2;251;251;251m`[38;2;252;252;252m:[48;2;252;252;252m                                                          [0m
[7m[38;2;0;0;0m [0m[38;2;0;0;0;48;2;0;0;0m                                                        [38;2;57;57;57;48;2;38;38;38m4[38;2;154;154;154;48;2;174;174;174mL[38;2;240;240;240;48;2;245;245;245mL[38;2;251;251;251;48;2;250;250;250m'[38;2;252;252;252;48;2;251;251;251m:[48;2;252;252;252m                                                          [0m
[7m[38;2;0;0;0m [0m[38;2;0;0;0;48;2;0;0;0m                                                        [38;2;49;49;49;48;2;33;33;33m4[38;2;148;148;148;48;2;160;160;160m$[38;2;237;237;237;48;2;244;244;244mL[48;2;250;250;250m [38;2;252;252;252;48;2;251;251;251m:[48;2;252;252;252m                                                          [0m
[7m[38;2;0;0;0m [0m[38;2;0;0;0;48;2;0;0;0m                                                        [38;2;48;48;48;48;2;32;32;32m4[38;2;163;163;163;48;2;149;149;149m4[38;2;237;237;237;48;2;243;243;243mL[38;2;250;250;250;48;2;251;251;251m`[38;2;252;252;252m:[48;2;252;252;252m                                                          [0m
[7m[38;2;0;0;0m [0m[38;2;0;0;0;48;2;0;0;0m                                                        [38;2;50;50;50;48;2;34;34;34m4[38;2;143;143;143;48;2;159;159;159m[[38;2;238;238;238;48;2;244;244;244mL[48;2;250;250;250m [38;2;252;252;252;48;2;251;251;251m:[48;2;252;252;252m                                                          [0m
[7m[38;2;0;0;0m [0m[38;2;0;0;0;48;2;0;0;0m                                                       [38;2;2;2;2;48;2;1;1;1m,[38;2;50;50;50;48;2;33;33;33m4[38;2;168;168;168;48;2;153;153;153m4[38;2;238;238;238;48;2;244;244;244mL[48;2;250;250;250m [38;2;252;252;252;48;2;251;251;251m:[48;2;252;252;252m                                                          [0m
[7m[38;2;0;0;0m [0m[38;2;0;0;0;48;2;0;0;0m                                                       [38;2;2;2;2;48;2;1;1;1mI[38;2;45;45;45;48;2;31;31;31m4[38;2;158;158;158;48;2;145;145;145m4[38;2;236;236;236;48;2;243;243;243mL[48;2;250;250;250m [38;2;252;252;252;48;2;251;251;251m:[48;2;252;252;252m                                                          [0m
[7m[38;2;0;0;0m [0m[38;2;0;0;0;48;2;0;0;0m                                                       [38;2;2;2;2;48;2;1;1;1m`[38;2;40;40;40;48;2;26;26;26m4[38;2;125;125;125;48;2;141;141;141m$[38;2;235;235;235;48;2;242;242;242mL[48;2;250;250;250m [38;2;252;252;252;48;2;251;251;251m:[48;2;252;252;252m                                                          [0m
[7m[38;2;0;0;0m [0m[38;2;0;0;0;48;2;0;0;0m                                                       [48;2;1;1;1m [38;2;28;28;28;48;2;18;18;18m4[38;2;129;129;129;48;2;111;111;111m4[38;2;233;233;233;48;2;241;241;241mL[48;2;251;251;251m [38;2;252;252;252m:[48;2;252;252;252m                                                          [0m
[7m[38;2;0;0;0m [0m[38;2;0;0;0;48;2;0;0;0m                                                        [38;2;19;19;19;48;2;12;12;12m4[38;2;117;117;117;48;2;97;97;97m4[38;2;232;232;232;48;2;240;240;240mL[48;2;252;252;252m                                                            [0m
[7m[38;2;0;0;0m [0m[38;2;0;0;0;48;2;0;0;0m                                                        [48;2;10;10;10m:[38;2;109;109;109;48;2;85;85;85m4[38;2;226;226;226;48;2;237;237;237mL[38;2;253;253;253;48;2;252;252;252m.[38;2;252;252;252;48;2;251;251;251m:[48;2;252;252;252m                                                          [0m
[7m[38;2;0;0;0m [0m[38;2;0;0;0;48;2;0;0;0m                                                        [48;2;4;4;4m:[38;2;95;95;95;48;2;72;72;72m4[38;2;219;219;219;48;2;229;229;229mL[38;2;251;251;251;48;2;252;252;252mL[48;2;251;251;251m [48;2;252;252;252m                                                          [0m
[7m[38;2;0;0;0m [0m[38;2;0;0;0;48;2;0;0;0m                                                        [48;2;2;2;2m:[38;2;84;84;84;48;2;61;61;61m4[38;2;203;203;203;48;2;218;218;218mL[38;2;253;253;253;48;2;250;250;250m`[48;2;251;251;251m [38;2;252;252;252m:[48;2;252;252;252m                                                         [0m
[?25h