[?25l[0m[7m[38;2;0;0;0m [0m[38;2;0;0;0;48;2;0;0;0m                                                                                                                       [0m
[7m[38;2;0;0;0m [0m[38;2;0;0;0;48;2;0;0;0m                                                                                                                       [0m
[7m[38;2;0;0;0m [0m[38;2;0;0;0;48;2;0;0;0m                                                                                                                       [0m
[7m[38;2;0;0;0m [0m[38;2;0;0;0;48;2;0;0;0m                                                                                                                       [0m
[7m[38;2;0;0;0m [0m[38;2;0;0;0;48;2;0;0;0m                                                                                                                       [0m
[7m[38;2;0;0;0m [0m[38;2;0;0;0;48;2;0;0;0m                                                                                                                       [0m
[7m[38;2;0;0;0m [0m[38;2;0;0;0;48;2;0;0;0m                                                                                                                       [0m
[7m[38;2;0;0;0m [0m[38;2;0;0;0;48;2;0;0;0m                                                     [38;2;36;36;36;48;2;11;11;11m_[38;2;100;100;100;48;2;33;33;33m_[38;2;62;62;62;48;2;27;27;27my[38;2;22;22;22;48;2;8;8;8m,[48;2;0;0;0m                                                              [0m
[7m[38;2;0;0;0m [0m[38;2;0;0;0;48;2;0;0;0m                                                   [38;2;31;31;31;48;2;7;7;7m_[38;2;122;122;122;48;2;39;39;39m_[38;2;224;224;224;48;2;103;103;103m_[38;2;249;249;249;48;2;166;166;166m_[38;2;105;105;105;48;2;184;184;184m~[38;2;51;51;51;48;2;158;158;158m~[38;2;237;237;237;48;2;96;96;96m_[38;2;131;131;131;48;2;42;42;42m_[38;2;40;40;40;48;2;10;10;10m,[48;2;0;0;0m                                                           [0m
[7m[38;2;0;0;0m [0m[38;2;0;0;0;48;2;0;0;0m                                                  [48;2;25;25;25m:[38;2;140;140;140;48;2;108;108;108my[38;2;173;173;173;48;2;223;223;223m~[38;2;235;235;235;48;2;248;248;248m~[38;2;248;248;248;48;2;251;251;251m~[38;2;250;250;250mY[38;2;249;249;249;48;2;250;250;250mf[38;2;252;252;252;48;2;248;248;248m:[38;2;184;184;184;48;2;224;224;224m~[38;2;82;82;82;48;2;158;158;158m~[38;2;117;117;117;48;2;52;52;52m_[38;2;33;33;33;48;2;8;8;8m,[48;2;0;0;0m                                                         [0m
[7m[38;2;0;0;0m [0m[38;2;0;0;0;48;2;0;0;0m                                                 [48;2;8;8;8m:[38;2;96;96;96;48;2;69;69;69my[38;2;158;158;158;48;2;203;203;203m~[38;2;253;253;253;48;2;248;248;248m:[48;2;252;252;252m [48;2;253;253;253m [48;2;252;252;252m  [38;2;252;252;252;48;2;251;251;251m.[38;2;253;253;253m'[38;2;250;250;250;48;2;241;241;241m:[38;2;146;146;146;48;2;183;183;183m~[38;2;103;103;103;48;2;63;63;63mL[38;2;29;29;29;48;2;8;8;8m,[48;2;0;0;0m                                                        [0m
[7m[38;2;0;0;0m [0m[38;2;0;0;0;48;2;0;0;0m                                                 [38;2;38;38;38;48;2;26;26;26m4[38;2;109;109;109;48;2;137;137;137mF[38;2;231;231;231;48;2;240;240;240m~[38;2;253;253;253;48;2;251;251;251m`[48;2;252;252;252m "   [38;2;252;252;252;48;2;251;251;251m:[48;2;250;250;250m`[48;2;246;246;246m:[38;2;162;162;162;48;2;207;207;207m~[38;2;147;147;147;48;2;81;81;81m_[38;2;47;47;47;48;2;12;12;12m,[48;2;0;0;0m                                                       [0m
[7m[38;2;0;0;0m [0m[38;2;0;0;0;48;2;0;0;0m                                                 [38;2;60;60;60;48;2;42;42;42m4[38;2;154;154;154;48;2;176;176;176mF[38;2;254;254;254;48;2;246;246;246m:[38;2;251;251;251;48;2;250;250;250m`[38;2;252;252;252;48;2;251;251;251m:[48;2;252;252;252m     [48;2;251;251;251m: [38;2;253;253;253;48;2;249;249;249m'[38;2;181;181;181;48;2;216;216;216m~[38;2;131;131;131;48;2;79;79;79mL[38;2;45;45;45;48;2;11;11;11m,[48;2;0;0;0m                                                      [0m
[7m[38;2;0;0;0m [0m[38;2;0;0;0;48;2;0;0;0m                                                [48;2;1;1;1m:[38;2;17;17;17;48;2;63;63;63ml[38;2;185;185;185;48;2;190;190;190m$[38;2;244;244;244;48;2;248;248;248mL[48;2;250;250;250m [38;2;252;252;252;48;2;251;251;251m:[48;2;252;252;252m      [48;2;251;251;251m:_[38;2;254;254;254;48;2;248;248;248m'[38;2;171;171;171;48;2;205;205;205m~[38;2;115;115;115;48;2;70;70;70mL[38;2;35;35;35;48;2;8;8;8m,[48;2;0;0;0m                                                     [0m
[7m[38;2;0;0;0m [0m[38;2;0;0;0;48;2;0;0;0m                                                 [38;2;14;14;14;48;2;60;60;60ml[38;2;170;170;170;48;2;187;187;187mL[38;2;244;244;244;48;2;248;248;248mL[48;2;250;250;250m [38;2;252;252;252;48;2;251;251;251m:[48;2;252;252;252m       [48;2;251;251;251m:[38;2;250;250;250mT[38;2;253;253;253;48;2;247;247;247m:[38;2;159;159;159;48;2;201;201;201m~[38;2;103;103;103;48;2;56;56;56mL[38;2;17;17;17;48;2;3;3;3m,[38;2;1;1;1;48;2;0;0;0m_                                                   [0m
[7m[38;2;0;0;0m [0m[38;2;0;0;0;48;2;0;0;0m                                                 [38;2;26;26;26;48;2;52;52;52m$[38;2;175;175;175;48;2;161;161;161m4[38;2;241;241;241;48;2;246;246;246mL[38;2;249;249;249;48;2;250;250;250m.[38;2;252;252;252;48;2;251;251;251m:[48;2;252;252;252m        [48;2;251;251;251m:[48;2;250;250;250m [38;2;254;254;254;48;2;246;246;246m:[38;2;138;138;138;48;2;179;179;179m~[38;2;105;105;105;48;2;48;48;48m,[38;2;2;2;2;48;2;1;1;1m.[48;2;0;0;0m                                                   [0m
[7m[38;2;0;0;0m [0m[38;2;0;0;0;48;2;0;0;0m                                                [38;2;1;1;1m:[38;2;44;44;44;48;2;29;29;29m4[38;2;116;116;116;48;2;144;144;144mi[38;2;239;239;239;48;2;244;244;244mL[48;2;250;250;250m [38;2;252;252;252;48;2;251;251;251m:[48;2;252;252;252m         [48;2;251;251;251m:[48;2;250;250;250m [38;2;254;254;254;48;2;242;242;242m:[38;2;112;112;112;48;2;148;148;148m7[38;2;85;85;85;48;2;30;30;30m,[48;2;0;0;0m                                                   [0m
[7m[38;2;0;0;0m [0m[38;2;0;0;0;48;2;0;0;0m                                                [38;2;1;1;1m"[38;2;0;0;0;48;2;17;17;17m:[38;2;72;72;72;48;2;114;114;114ml[38;2;235;235;235;48;2;242;242;242mL[38;2;251;251;251;48;2;252;252;252m~          [38;2;252;252;252;48;2;251;251;251m:[38;2;250;250;250m~[38;2;254;254;254m`[38;2;253;253;253;48;2;234;234;234m:[38;2;138;138;138;48;2;92;92;92mL[38;2;43;43;43;48;2;12;12;12m,[38;2;1;1;1;48;2;0;0;0m,                                                 [0m
[7m[38;2;0;0;0m [0m[38;2;0;0;0;48;2;0;0;0m                                                 [48;2;1;1;1m:[38;2;43;43;43;48;2;80;80;80m$[38;2;186;186;186;48;2;215;215;215m_[38;2;254;254;254;48;2;250;250;250m`[48;2;251;251;251m [48;2;252;252;252m          [38;2;252;252;252;48;2;251;251;251m:[48;2;250;250;250m [38;2;254;254;254;48;2;247;247;247m:[38;2;166;166;166;48;2;191;191;191m~[38;2;88;88;88;48;2;49;49;49mL[38;2;0;0;0;48;2;1;1;1m'[48;2;0;0;0m                                                 [0m
[7m[38;2;0;0;0m [0m[38;2;0;0;0;48;2;0;0;0m                                                 [38;2;1;1;1m.[38;2;0;0;0;48;2;36;36;36m:[38;2;119;119;119;48;2;152;152;152mL[38;2;253;253;253;48;2;243;243;243m`[48;2;250;250;250m [38;2;252;252;252;48;2;251;251;251m:[48;2;252;252;252m          [48;2;251;251;251m:[38;2;250;250;250mz[38;2;254;254;254;48;2;239;239;239m:[38;2;159;159;159;48;2;115;115;115mL[38;2;61;61;61;48;2;23;23;23m,[38;2;1;1;1;48;2;0;0;0mg                                                [0m
[7m[38;2;0;0;0m [0m[38;2;0;0;0;48;2;0;0;0m                                                 [38;2;1;1;1m`[38;2;0;0;0;48;2;6;6;6m:[38;2;57;57;57;48;2;93;93;93m$[38;2;192;192;192;48;2;226;226;226m_[38;2;253;253;253;48;2;250;250;250m:[38;2;250;250;250;48;2;251;251;251mg[38;2;252;252;252m:[48;2;252;252;252m         [48;2;251;251;251m: [38;2;254;254;254;48;2;248;248;248m:[38;2;174;174;174;48;2;194;194;194m~[38;2;93;93;93;48;2;55;55;55mL[38;2;3;3;3;48;2;1;1;1m.[48;2;0;0;0m                                                [0m
[7m[38;2;0;0;0m [0m[38;2;0;0;0;48;2;0;0;0m                                                   [48;2;32;32;32m:[38;2;108;108;108;48;2;146;146;146mL[38;2;253;253;253;48;2;242;242;242m`[48;2;250;250;250m [38;2;252;252;252;48;2;251;251;251m:[48;2;252;252;252m          [38;2;251;251;251m`[38;2;254;254;254;48;2;251;251;251m`[38;2;251;251;251;48;2;237;237;237m:[38;2;142;142;142;48;2;106;106;106mL[38;2;32;32;32;48;2;16;16;16mL[48;2;0;0;0m                                                [0m
[7m[38;2;0;0;0m [0m[38;2;0;0;0;48;2;0;0;0m                                                   [48;2;2;2;2m:[38;2;74;74;74;48;2;54;54;54m4[38;2;144;144;144;48;2;194;194;194m_[38;2;252;252;252;48;2;247;247;247m:[48;2;251;251;251m":[48;2;252;252;252m         [48;2;251;251;251m: [38;2;254;254;254;48;2;245;245;245m:[38;2;181;181;181;48;2;152;152;152mL[38;2;65;65;65;48;2;37;37;37mL[48;2;0;0;0m                                                [0m
[7m[38;2;0;0;0m [0m[38;2;0;0;0;48;2;0;0;0m                                                    [38;2;24;24;24;48;2;10;10;10m"[38;2;122;122;122;48;2;84;84;84m"[38;2;175;175;175;48;2;217;217;217m_[38;2;252;252;252;48;2;249;249;249m:[48;2;251;251;251m :[48;2;252;252;252m        [48;2;251;251;251m:[38;2;250;250;250m`[38;2;254;254;254;48;2;247;247;247m:[38;2;186;186;186;48;2;179;179;179m$[38;2;74;74;74;48;2;58;58;58ml[38;2;3;3;3;48;2;2;2;2mL[48;2;0;0;0m                                               [0m
[7m[38;2;0;0;0m [0m[38;2;0;0;0;48;2;0;0;0m                                                     [38;2;35;35;35;48;2;17;17;17m"[38;2;66;66;66;48;2;112;112;112mL[38;2;174;174;174;48;2;222;222;222m_[48;2;250;250;250m [48;2;252;252;252m [38;2;253;253;253mg       [38;2;252;252;252;48;2;251;251;251m:[38;2;250;250;250m`[38;2;254;254;254;48;2;248;248;248m:[38;2;184;184;184;48;2;194;194;194m4[38;2;82;82;82;48;2;65;65;65ml[38;2;5;5;5;48;2;3;3;3mL[48;2;0;0;0m                                               [0m
[7m[38;2;0;0;0m [0m[38;2;0;0;0;48;2;0;0;0m                                                      [38;2;32;32;32;48;2;14;14;14m"[38;2;138;138;138;48;2;89;89;89m~[38;2;150;150;150;48;2;212;212;212m_[38;2;252;252;252;48;2;248;248;248m'[38;2;251;251;251;48;2;252;252;252m,       [38;2;252;252;252;48;2;251;251;251m:[38;2;250;250;250m`[38;2;254;254;254;48;2;248;248;248m:[38;2;203;203;203;48;2;190;190;190mF[38;2;83;83;83;48;2;66;66;66ml[38;2;5;5;5;48;2;3;3;3mL[48;2;0;0;0m                                               [0m
[7m[38;2;0;0;0m [0m[38;2;0;0;0;48;2;0;0;0m                                                       [48;2;10;10;10m:[38;2;112;112;112;48;2;64;64;64m~[38;2;105;105;105;48;2;181;181;181m_[38;2;218;218;218;48;2;242;242;242m_[38;2;252;252;252;48;2;251;251;251m:...[38;2;250;250;250m_ [38;2;252;252;252m_[38;2;250;250;250maa[38;2;254;254;254;48;2;244;244;244m`[38;2;141;141;141;48;2;180;180;180m_[38;2;83;83;83;48;2;54;54;54mF[38;2;5;5;5;48;2;2;2;2mL[48;2;0;0;0m                                               [0m
[7m[38;2;0;0;0m [0m[38;2;0;0;0;48;2;0;0;0m                                                       [38;2;1;1;1m"[38;2;0;0;0;48;2;4;4;4m'[38;2;76;76;76;48;2;40;40;40m"[38;2;47;47;47;48;2;140;140;140m_[38;2;154;154;154;48;2;220;220;220m_[38;2;213;213;213;48;2;244;244;244m_[38;2;202;202;202;48;2;243;243;243m_[38;2;170;170;170;48;2;235;235;235m_[38;2;127;127;127;48;2;226;226;226m_[38;2;73;73;73;48;2;216;216;216m_[38;2;29;29;29;48;2;199;199;199m_[38;2;2;2;2;48;2;168;168;168m_[38;2;235;235;235;48;2;110;110;110m~[38;2;211;211;211;48;2;75;75;75m~[38;2;112;112;112;48;2;32;32;32m~[38;2;25;25;25;48;2;5;5;5m~[48;2;0;0;0m                                                [0m
[7m[38;2;0;0;0m [0m[38;2;0;0;0;48;2;0;0;0m                                                        [38;2;1;1;1m"[38;2;0;0;0;48;2;1;1;1m.[38;2;27;27;27;48;2;7;7;7m`[38;2;99;99;99;48;2;20;20;20m~[38;2;141;141;141;48;2;30;30;30m~[38;2;136;136;136;48;2;26;26;26m~[38;2;113;113;113;48;2;19;19;19m~[38;2;84;84;84;48;2;13;13;13m~[38;2;48;48;48;48;2;7;7;7m~[38;2;17;17;17;48;2;3;3;3m`[38;2;4;4;4;48;2;1;1;1m~[38;2;2;2;2mF[38;2;1;1;1;48;2;0;0;0m^                                                  [0m
[7m[38;2;0;0;0m [0m[38;2;0;0;0;48;2;0;0;0m                                                                                                                       [0m
[7m[38;2;0;0;0m [0m[38;2;0;0;0;48;2;0;0;0m                                                                                                                       [0m
[7m[38;2;0;0;0m [0m[38;2;0;0;0;48;2;0;0;0m                                                                                                                       [0m
[7m[38;2;0;0;0m [0m[38;2;0;0;0;48;2;0;0;0m                                                                                                                       [0m
[7m[38;2;0;0;0m [0m[38;2;0;0;0;48;2;0;0;0m                                                                                                                       [0m
[7m[38;2;0;0;0m [0m[38;2;0;0;0;48;2;0;0;0m                                                                                                                       [0m
[7m[38;2;0;0;0m [0m[38;2;0;0;0;48;2;0;0;0m                                                                                                                       [0m
[?25h