[?25l[0m[7m[38;2;252;252;252m [0m[38;2;0;0;0;48;2;252;252;252m                                                                                                                       [0m
[7m[38;2;252;252;252m [0m[38;2;0;0;0;48;2;252;252;252m                                                                                                                       [0m
[7m[38;2;252;252;252m [0m[38;2;0;0;0;48;2;252;252;252m                                                                                                                       [0m
[7m[38;2;252;252;252m [0m[38;2;0;0;0;48;2;252;252;252m                                                                                                                       [0m
[7m[38;2;252;252;252m [0m[38;2;0;0;0;48;2;252;252;252m                                                                                                                       [0m
[7m[38;2;252;252;252m [0m[38;2;0;0;0;48;2;252;252;252m                                                                                                                       [0m
[7m[38;2;252;252;252m [0m[38;2;0;0;0;48;2;252;252;252m                                                                                                                       [0m
[7m[38;2;252;252;252m [0m[38;2;0;0;0;48;2;252;252;252m                                                                                                                       [0m
[7m[38;2;252;252;252m [0m[38;2;0;0;0;48;2;252;252;252m                                                                                                                       [0m
[7m[38;2;252;252;252m [0m[38;2;0;0;0;48;2;252;252;252m                                                                                                                       [0m
[7m[38;2;252;252;252m [0m[38;2;0;0;0;48;2;252;252;252m                                                                                                                       [0m
[7m[38;2;252;252;252m [0m[38;2;0;0;0;48;2;252;252;252m                                                                                                                       [0m
[7m[38;2;252;252;252m [0m[38;2;0;0;0;48;2;252;252;252m                                                          [38;2;252;252;252;48;2;251;251;251m:[38;2;250;250;250m__ __[38;2;252;252;252m:[48;2;252;252;252m                                                      [0m
[7m[38;2;252;252;252m [0m[38;2;0;0;0;48;2;252;252;252m                                                        [38;2;251;251;251m.[38;2;254;254;254;48;2;251;251;251m.[38;2;207;207;207;48;2;247;247;247m_[38;2;144;144;144;48;2;225;225;225m_[38;2;84;84;84;48;2;203;203;203m_[38;2;55;55;55;48;2;194;194;194m_[38;2;79;79;79;48;2;202;202;202m_[38;2;156;156;156;48;2;229;229;229m_[38;2;218;218;218;48;2;247;247;247m_[38;2;247;247;247;48;2;251;251;251m,[38;2;252;252;252m:[48;2;252;252;252m                                                    [0m
[7m[38;2;252;252;252m [0m[38;2;0;0;0;48;2;252;252;252m                                                     [38;2;252;252;252;48;2;251;251;251m: [38;2;253;253;253;48;2;250;250;250m.[38;2;206;206;206;48;2;239;239;239m_[38;2;104;104;104;48;2;180;180;180my[38;2;145;145;145;48;2;59;59;59m~[38;2;100;100;100;48;2;17;17;17m`[38;2;54;54;54;48;2;6;6;6m`[38;2;32;32;32;48;2;3;3;3m`[38;2;49;49;49;48;2;6;6;6m`[38;2;110;110;110;48;2;23;23;23m`[38;2;168;168;168;48;2;80;80;80m~[38;2;97;97;97;48;2;191;191;191m_[38;2;252;252;252;48;2;244;244;244m`[38;2;250;250;250;48;2;251;251;251ma[38;2;252;252;252m:[48;2;252;252;252m                                                  [0m
[7m[38;2;252;252;252m [0m[38;2;0;0;0;48;2;252;252;252m                                                     [38;2;252;252;252;48;2;251;251;251m:[48;2;250;250;250m [38;2;254;254;254;48;2;244;244;244m:[38;2;160;160;160;48;2;178;178;178ma[38;2;62;62;62;48;2;38;38;38mL[38;2;2;2;2;48;2;0;0;0m,    `[38;2;0;0;0;48;2;5;5;5m:[38;2;84;84;84;48;2;71;71;71m4[38;2;220;220;220;48;2;231;231;231mL[48;2;251;251;251m [48;2;252;252;252m                                                   [0m
[7m[38;2;252;252;252m [0m[38;2;0;0;0;48;2;252;252;252m                                                     [38;2;252;252;252;48;2;251;251;251m::[38;2;254;254;254;48;2;250;250;250m'[38;2;206;206;206;48;2;226;226;226m"[38;2;124;124;124;48;2;82;82;82mL[38;2;35;35;35;48;2;12;12;12m,[38;2;1;1;1;48;2;0;0;0m.   *[38;2;0;0;0;48;2;20;20;20m:[38;2;135;135;135;48;2;110;110;110my[38;2;229;229;229;48;2;238;238;238mL[38;2;250;250;250;48;2;251;251;251ma[38;2;252;252;252m.[48;2;252;252;252m                                                  [0m
[7m[38;2;252;252;252m [0m[38;2;0;0;0;48;2;252;252;252m                                                     [38;2;252;252;252;48;2;251;251;251m`[38;2;254;254;254m.[38;2;251;251;251;48;2;240;240;240m'[38;2;101;101;101;48;2;207;207;207m_[38;2;25;25;25;48;2;149;149;149m_[38;2;105;105;105;48;2;61;61;61m=[38;2;2;2;2;48;2;14;14;14m`[48;2;0;0;0m   [38;2;0;0;0;48;2;6;6;6m:[38;2;86;86;86;48;2;55;55;55m4[38;2;107;107;107;48;2;186;186;186m_[38;2;196;196;196;48;2;241;241;241m_[38;2;246;246;246;48;2;250;250;250m,[38;2;252;252;252;48;2;251;251;251m:[48;2;252;252;252m                                                  [0m
[7m[38;2;252;252;252m [0m[38;2;0;0;0;48;2;252;252;252m                                                    [38;2;252;252;252;48;2;251;251;251m: [38;2;254;254;254;48;2;250;250;250m:[38;2;208;208;208;48;2;219;219;219m~[38;2;98;98;98;48;2;65;65;65mL[38;2;1;1;1;48;2;5;5;5m:[48;2;0;0;0m      [38;2;10;10;10;48;2;2;2;2m`[38;2;75;75;75;48;2;21;21;21m`[38;2;85;85;85;48;2;116;116;116m@[38;2;223;223;223;48;2;235;235;235mF[38;2;252;252;252;48;2;251;251;251m4:[48;2;252;252;252m                                                 [0m
[7m[38;2;252;252;252m [0m[38;2;0;0;0;48;2;252;252;252m                                                     [38;2;252;252;252;48;2;251;251;251m.[38;2;253;253;253m`[38;2;221;221;221;48;2;230;230;230m4[38;2;109;109;109;48;2;69;69;69mL[38;2;0;0;0;48;2;5;5;5m`[48;2;0;0;0m      [38;2;1;1;1m:[38;2;27;27;27;48;2;18;18;18m4[38;2;128;128;128;48;2;115;115;115m4[38;2;229;229;229;48;2;238;238;238mL[48;2;250;250;250m [48;2;251;251;251m [48;2;252;252;252m                                                 [0m
[7m[38;2;252;252;252m [0m[38;2;0;0;0;48;2;252;252;252m                                                     [38;2;252;252;252;48;2;251;251;251m.[38;2;250;250;250mg[38;2;253;253;253;48;2;239;239;239m:[38;2;70;70;70;48;2;130;130;130m`[38;2;44;44;44;48;2;21;21;21mL[48;2;1;1;1m [48;2;0;0;0m      [38;2;0;0;0;48;2;19;19;19m:[38;2;127;127;127;48;2;108;108;108m4[38;2;228;228;228;48;2;238;238;238mL[38;2;250;250;250;48;2;251;251;251ma[38;2;252;252;252m:[48;2;252;252;252m                                                 [0m
[7m[38;2;252;252;252m [0m[38;2;0;0;0;48;2;252;252;252m                                                     [38;2;252;252;252;48;2;251;251;251m:[38;2;249;249;249;48;2;250;250;250m:[38;2;254;254;254;48;2;242;242;242m:[38;2;171;171;171;48;2;156;156;156mF[38;2;58;58;58;48;2;33;33;33mL[38;2;3;3;3;48;2;2;2;2m1[48;2;0;0;0m      [38;2;0;0;0;48;2;9;9;9m:[38;2;101;101;101;48;2;82;82;82m4[38;2;223;223;223;48;2;236;236;236mL[38;2;250;250;250;48;2;251;251;251m`[38;2;252;252;252m:[48;2;252;252;252m                                                 [0m
[7m[38;2;252;252;252m [0m[38;2;0;0;0;48;2;252;252;252m                                                     [38;2;252;252;252;48;2;251;251;251m:[38;2;250;250;250m"[38;2;254;254;254;48;2;248;248;248m'[38;2;189;189;189;48;2;215;215;215m~[38;2;113;113;113;48;2;75;75;75mL[38;2;20;20;20;48;2;8;8;8mr[38;2;1;1;1;48;2;0;0;0m-    [38;2;0;0;0;48;2;9;9;9m:[38;2;93;93;93;48;2;56;56;56mu[38;2;73;73;73;48;2;181;181;181m~[38;2;239;239;239;48;2;244;244;244m'[38;2;252;252;252;48;2;251;251;251m:[48;2;252;252;252m                                 [38;2;253;253;253m^                [0m
[7m[38;2;252;252;252m [0m[38;2;0;0;0;48;2;252;252;252m                                                     [48;2;251;251;251m [38;2;254;254;254m.[48;2;238;238;238m'[38;2;91;91;91;48;2;155;155;155my[38;2;65;65;65;48;2;26;26;26m~[38;2;1;1;1;48;2;0;0;0m:     [38;2;0;0;0;48;2;3;3;3m'[38;2;82;82;82;48;2;39;39;39m"[38;2;71;71;71;48;2;161;161;161m_[38;2;228;228;228;48;2;241;241;241m,[38;2;250;250;250;48;2;251;251;251m=[38;2;252;252;252m:[48;2;252;252;252m                                                 [0m
[7m[38;2;252;252;252m [0m[38;2;0;0;0;48;2;252;252;252m                                                   [38;2;252;252;252;48;2;251;251;251m:[38;2;250;250;250m_[38;2;253;253;253;48;2;250;250;250m.[38;2;201;201;201;48;2;236;236;236m_[38;2;82;82;82;48;2;143;143;143my[38;2;58;58;58;48;2;22;22;22m~[38;2;1;1;1;48;2;0;0;0m'       [38;2;0;0;0;48;2;1;1;1m`[38;2;1;1;1;48;2;35;35;35m:[38;2;94;94;94;48;2;163;163;163m_[38;2;251;251;251;48;2;241;241;241m`[48;2;251;251;251m [38;2;252;252;252m:[48;2;252;252;252m                                                [0m
[7m[38;2;252;252;252m [0m[38;2;0;0;0;48;2;252;252;252m                                                  [38;2;252;252;252;48;2;251;251;251m: [38;2;253;253;253;48;2;248;248;248m:[38;2;151;151;151;48;2;220;220;220m_[38;2;58;58;58;48;2;117;117;117mg[38;2;44;44;44;48;2;13;13;13m~[48;2;0;0;0m          [38;2;0;0;0;48;2;2;2;2m`[38;2;72;72;72;48;2;40;40;40m"[38;2;97;97;97;48;2;180;180;180m_[38;2;252;252;252;48;2;243;243;243m`[38;2;250;250;250;48;2;251;251;251my[38;2;252;252;252m:[48;2;252;252;252m                                               [0m
[7m[38;2;252;252;252m [0m[38;2;0;0;0;48;2;252;252;252m                                                 [38;2;252;252;252;48;2;251;251;251m:[38;2;250;250;250m+[38;2;252;252;252;48;2;243;243;243m'[38;2;130;130;130;48;2;192;192;192my[38;2;120;120;120;48;2;52;52;52m~[38;2;24;24;24;48;2;4;4;4m~[48;2;0;0;0m            [38;2;0;0;0;48;2;3;3;3m`[38;2;79;79;79;48;2;43;43;43m"[38;2;99;99;99;48;2;182;182;182m_[38;2;228;228;228;48;2;243;243;243m,[38;2;252;252;252;48;2;251;251;251m":[48;2;252;252;252m                                              [0m
[7m[38;2;252;252;252m [0m[38;2;0;0;0;48;2;252;252;252m                                               [38;2;252;252;252;48;2;251;251;251m: [38;2;253;253;253;48;2;250;250;250m.[38;2;254;254;254;48;2;234;234;234m'[38;2;83;83;83;48;2;156;156;156my[38;2;69;69;69;48;2;27;27;27m~[38;2;0;0;0;48;2;1;1;1m`[48;2;0;0;0m              [48;2;1;1;1m:[38;2;60;60;60;48;2;31;31;31m"[38;2;71;71;71;48;2;160;160;160m_[38;2;227;227;227;48;2;240;240;240m,[48;2;251;251;251m [38;2;252;252;252m:[48;2;252;252;252m                                             [0m
[7m[38;2;252;252;252m [0m[38;2;0;0;0;48;2;252;252;252m                                              [38;2;252;252;252;48;2;251;251;251m: [38;2;253;253;253;48;2;250;250;250m.[38;2;254;254;254;48;2;233;233;233m'[38;2;70;70;70;48;2;127;127;127my[38;2;45;45;45;48;2;16;16;16m~[38;2;1;1;1;48;2;0;0;0m'                [38;2;0;0;0;48;2;1;1;1m`[38;2;2;2;2;48;2;42;42;42m:[38;2;156;156;156;48;2;187;187;187mL[38;2;236;236;236;48;2;244;244;244m,[38;2;250;250;250;48;2;251;251;251mg[38;2;252;252;252m.[48;2;252;252;252m                                            [0m
[7m[38;2;252;252;252m [0m[38;2;0;0;0;48;2;252;252;252m                                              [38;2;252;252;252;48;2;251;251;251m:[38;2;250;250;250m$[38;2;254;254;254;48;2;245;245;245m'[38;2;172;172;172;48;2;193;193;193m4[38;2;66;66;66;48;2;36;36;36mL[48;2;0;0;0m                  [38;2;1;1;1m:[38;2;0;0;0;48;2;16;16;16m:[38;2;129;129;129;48;2;107;107;107m"[38;2;224;224;224;48;2;236;236;236mL[38;2;251;251;251;48;2;250;250;250mL[48;2;251;251;251m [48;2;252;252;252m                                            [0m
[7m[38;2;252;252;252m [0m[38;2;0;0;0;48;2;252;252;252m                                              [38;2;252;252;252;48;2;251;251;251m::[38;2;254;254;254m'[38;2;250;250;250;48;2;228;228;228m:[38;2;167;167;167;48;2;86;86;86m_[38;2;51;51;51;48;2;15;15;15m,[38;2;3;3;3;48;2;1;1;1m.[48;2;0;0;0m [38;2;1;1;1m_             .[38;2;0;0;0;48;2;3;3;3m:[38;2;67;67;67;48;2;43;43;43mu[38;2;113;113;113;48;2;186;186;186m~[38;2;238;238;238;48;2;244;244;244m'[48;2;251;251;251m [38;2;252;252;252m:[48;2;252;252;252m                                            [0m
[7m[38;2;252;252;252m [0m[38;2;0;0;0;48;2;252;252;252m                                               [38;2;252;252;252;48;2;251;251;251m:[38;2;250;250;250m`[48;2;250;250;250m [38;2;203;203;203;48;2;237;237;237m"[38;2;113;113;113;48;2;208;208;208m~[38;2;202;202;202;48;2;113;113;113my[38;2;196;196;196;48;2;65;65;65m_[38;2;100;100;100;48;2;23;23;23m_[38;2;50;50;50;48;2;3;3;3m_[38;2;10;10;10;48;2;1;1;1m,[48;2;0;0;0m        [38;2;0;0;0;48;2;2;2;2m`[38;2;56;56;56;48;2;3;3;3m_[38;2;82;82;82;48;2;14;14;14m_[38;2;165;165;165;48;2;50;50;50m_[38;2;236;236;236;48;2;99;99;99m_[38;2;109;109;109;48;2;196;196;196m~[38;2;238;238;238;48;2;244;244;244m'[38;2;249;249;249;48;2;251;251;251m^ [48;2;252;252;252m                                             [0m
[7m[38;2;252;252;252m [0m[38;2;0;0;0;48;2;252;252;252m                                                  [38;2;252;252;252;48;2;251;251;251m:[38;2;253;253;253m` [38;2;218;218;218;48;2;246;246;246m`[38;2;168;168;168;48;2;235;235;235m`[38;2;135;135;135;48;2;210;210;210m~[38;2;68;68;68;48;2;174;174;174m~[38;2;140;140;140;48;2;72;72;72my[38;2;55;55;55;48;2;17;17;17m,[38;2;1;1;1;48;2;0;0;0m.[38;2;0;0;0;48;2;10;10;10m`[38;2;151;151;151;48;2;20;20;20m_[38;2;61;61;61;48;2;9;9;9m,[38;2;1;1;1;48;2;0;0;0m.[38;2;0;0;0;48;2;24;24;24m:[38;2;47;47;47;48;2;132;132;132m~[38;2;137;137;137;48;2;210;210;210m~[38;2;174;174;174;48;2;232;232;232m~[38;2;213;213;213;48;2;245;245;245m~[38;2;242;242;242;48;2;251;251;251m~ [38;2;252;252;252m:[48;2;252;252;252m                                               [0m
[7m[38;2;252;252;252m [0m[38;2;0;0;0;48;2;252;252;252m                                                      [38;2;252;252;252;48;2;251;251;251m:[38;2;247;247;247;48;2;249;249;249m~[38;2;254;254;254;48;2;246;246;246m'[38;2;182;182;182;48;2;207;207;207m"[38;2;95;95;95;48;2;54;54;54mL[38;2;0;0;0;48;2;4;4;4m'[38;2;78;78;78;48;2;51;51;51m4[38;2;125;125;125;48;2;181;181;181m_[38;2;105;105;105;48;2;78;78;78mL[38;2;19;19;19;48;2;9;9;9mL[38;2;0;0;0;48;2;32;32;32m:[38;2;121;121;121;48;2;155;155;155my[38;2;144;144;144;48;2;210;210;210m_[38;2;149;149;149;48;2;216;216;216m_[38;2;154;154;154;48;2;222;222;222m_[38;2;170;170;170;48;2;234;234;234m_[38;2;198;198;198;48;2;242;242;242m_[38;2;217;217;217;48;2;246;246;246m_[38;2;237;237;237;48;2;249;249;249m_[38;2;252;252;252;48;2;251;251;251m:[48;2;252;252;252m                                             [0m
[7m[38;2;252;252;252m [0m[38;2;0;0;0;48;2;252;252;252m                                                     [38;2;252;252;252;48;2;250;250;250m:[38;2;210;210;210;48;2;240;240;240m_[38;2;179;179;179;48;2;217;217;217my[38;2;220;220;220;48;2;172;172;172m~[38;2;203;203;203;48;2;152;152;152m~[38;2;81;81;81;48;2;61;61;61mF[38;2;1;1;1;48;2;7;7;7m`[38;2;0;0;0;48;2;21;21;21m:[38;2;49;49;49;48;2;86;86;86m_[38;2;69;69;69;48;2;43;43;43m~[38;2;13;13;13;48;2;6;6;6m~[38;2;0;0;0;48;2;18;18;18m:[38;2;81;81;81;48;2;92;92;92mF[38;2;129;129;129;48;2;134;134;134mL[38;2;140;140;140;48;2;133;133;133m~[38;2;143;143;143;48;2;134;134;134m"[38;2;153;153;153;48;2;136;136;136m"[38;2;170;170;170;48;2;141;141;141m~[38;2;184;184;184;48;2;146;146;146m~[38;2;205;205;205;48;2;158;158;158m~[38;2;157;157;157;48;2;198;198;198my[38;2;163;163;163;48;2;220;220;220m_[38;2;199;199;199;48;2;239;239;239m_[38;2;231;231;231;48;2;249;249;249m_[38;2;247;247;247;48;2;251;251;251m_[48;2;252;252;252m                                         [0m
[7m[38;2;252;252;252m [0m[38;2;0;0;0;48;2;252;252;252m                       [38;2;252;252;252;48;2;251;251;251m:[48;2;252;252;252m                            [38;2;253;253;253;48;2;251;251;251m:[38;2;234;234;234;48;2;238;238;238m4[38;2;190;190;190;48;2;180;180;180m^[38;2;148;148;148;48;2;144;144;144m~[38;2;145;145;145;48;2;138;138;138m:[38;2;80;80;80;48;2;99;99;99my[38;2;34;34;34;48;2;20;20;20mF[38;2;1;1;1;48;2;0;0;0m.[38;2;0;0;0;48;2;1;1;1m:[38;2;24;24;24;48;2;6;6;6m~[38;2;6;6;6;48;2;3;3;3m`[38;2;0;0;0;48;2;4;4;4m:[38;2;60;60;60;48;2;38;38;38my[38;2;102;102;102;48;2;119;119;119m~[38;2;135;135;135;48;2;131;131;131m`[38;2;130;130;130m`  [38;2;132;132;132m`[38;2;133;133;133m~[38;2;132;132;132m~[38;2;134;134;134m`[38;2;144;144;144;48;2;134;134;134m`[38;2;165;165;165;48;2;143;143;143m~[38;2;206;206;206;48;2;160;160;160m~[38;2;236;236;236;48;2;187;187;187m~[38;2;202;202;202;48;2;231;231;231m_[38;2;242;242;242;48;2;248;248;248m,[48;2;252;252;252m                                       [0m
[?25h