[?25l[0m[7m[38;2;252;252;252m [0m[38;2;0;0;0;48;2;252;252;252m                                                                                                                       [0m
[7m[38;2;252;252;252m [0m[38;2;0;0;0;48;2;252;252;252m                                                                                                                       [0m
[7m[38;2;252;252;252m [0m[38;2;0;0;0;48;2;252;252;252m                                                                                                                       [0m
[7m[38;2;252;252;252m [0m[38;2;0;0;0;48;2;252;252;252m                                                                                                                       [0m
[7m[38;2;252;252;252m [0m[38;2;0;0;0;48;2;252;252;252m                                                                                                                       [0m
[7m[38;2;252;252;252m [0m[38;2;0;0;0;48;2;252;252;252m                                                                                                                       [0m
[7m[38;2;252;252;252m [0m[38;2;0;0;0;48;2;252;252;252m                                                                                                                       [0m
[7m[38;2;252;252;252m [0m[38;2;0;0;0;48;2;252;252;252m                                                                                                                       [0m
[7m[38;2;252;252;252m [0m[38;2;0;0;0;48;2;252;252;252m                                                                                                                       [0m
[7m[38;2;252;252;252m [0m[38;2;0;0;0;48;2;252;252;252m                                                                                                                       [0m
[7m[38;2;252;252;252m [0m[38;2;0;0;0;48;2;252;252;252m                                                                                                                       [0m
[7m[38;2;252;252;252m [0m[38;2;0;0;0;48;2;252;252;252m                                                                                                                       [0m
[7m[38;2;252;252;252m [0m[38;2;0;0;0;48;2;252;252;252m                                                                                                                       [0m
[7m[38;2;252;252;252m [0m[38;2;0;0;0;48;2;252;252;252m                                                                                                                       [0m
[7m[38;2;252;252;252m [0m[38;2;0;0;0;48;2;252;252;252m                                                                                                                       [0m
[7m[38;2;252;252;252m [0m[38;2;0;0;0;48;2;252;252;252m                                                                                                                       [0m
[7m[38;2;252;252;252m [0m[38;2;0;0;0;48;2;252;252;252m                                                      [38;2;252;252;252;48;2;251;251;251m:.[38;2;253;253;253m__[38;2;252;252;252m:[38;2;248;248;248m_[38;2;253;253;253;48;2;252;252;252m.[38;2;250;250;250;48;2;251;251;251m=[38;2;253;253;253;48;2;252;252;252m,[48;2;251;251;251m [38;2;252;252;252m.[48;2;252;252;252m                                                      [0m
[7m[38;2;252;252;252m [0m[38;2;0;0;0;48;2;252;252;252m                                                   [38;2;252;252;252;48;2;251;251;251m:[38;2;250;250;250m.[38;2;254;254;254;48;2;250;250;250m.[38;2;200;200;200;48;2;244;244;244m_[38;2;99;99;99;48;2;209;209;209m_[38;2;66;66;66;48;2;169;169;169my[38;2;217;217;217;48;2;89;89;89m~[38;2;209;209;209;48;2;67;67;67m~[38;2;205;205;205;48;2;64;64;64m~[38;2;211;211;211;48;2;77;77;77m~[38;2;43;43;43;48;2;140;140;140my[38;2;19;19;19;48;2;169;169;169m_[38;2;102;102;102;48;2;210;210;210m_[38;2;202;202;202;48;2;245;245;245m_[38;2;245;245;245;48;2;250;250;250m,[38;2;250;250;250;48;2;251;251;251m,[38;2;252;252;252m:[48;2;252;252;252m                                                   [0m
[7m[38;2;252;252;252m [0m[38;2;0;0;0;48;2;252;252;252m                                                  [38;2;252;252;252;48;2;251;251;251m`[38;2;253;253;253;48;2;249;249;249m:[38;2;144;144;144;48;2;230;230;230m_[38;2;73;73;73;48;2;159;159;159my[38;2;125;125;125;48;2;43;43;43m~[38;2;68;68;68;48;2;12;12;12m`[38;2;0;0;0;48;2;1;1;1m:[38;2;1;1;1;48;2;0;0;0mT`  ~[38;2;0;0;0;48;2;2;2;2m:[38;2;70;70;70;48;2;14;14;14m`[38;2;120;120;120;48;2;47;47;47m~[38;2;63;63;63;48;2;148;148;148my[38;2;115;115;115;48;2;214;214;214m_[38;2;232;232;232;48;2;246;246;246m,[48;2;251;251;251m [38;2;252;252;252m:[48;2;252;252;252m                                                 [0m
[7m[38;2;252;252;252m [0m[38;2;0;0;0;48;2;252;252;252m                                               [38;2;252;252;252;48;2;251;251;251m:`[38;2;254;254;254m.[38;2;252;252;252;48;2;233;233;233m'[38;2;75;75;75;48;2;158;158;158my[38;2;95;95;95;48;2;38;38;38m"[38;2;18;18;18;48;2;3;3;3m~[38;2;2;2;2;48;2;0;0;0m`         `[38;2;0;0;0;48;2;2;2;2m`[38;2;67;67;67;48;2;31;31;31m"[38;2;97;97;97;48;2;158;158;158my[38;2;223;223;223;48;2;239;239;239m,[38;2;250;250;250;48;2;251;251;251m;[38;2;252;252;252m:[48;2;252;252;252m                                                [0m
[7m[38;2;252;252;252m [0m[38;2;0;0;0;48;2;252;252;252m                                               [38;2;252;252;252;48;2;251;251;251m:[38;2;249;249;249;48;2;250;250;250mI[38;2;254;254;254;48;2;239;239;239m:[38;2;107;107;107;48;2;151;151;151my[38;2;46;46;46;48;2;24;24;24m~[38;2;1;1;1;48;2;0;0;0m:             .[38;2;0;0;0;48;2;36;36;36m:[38;2;191;191;191;48;2;164;164;164m~[38;2;235;235;235;48;2;243;243;243mL[48;2;250;250;250m [38;2;252;252;252;48;2;251;251;251m.[48;2;252;252;252m                                               [0m
[7m[38;2;252;252;252m [0m[38;2;0;0;0;48;2;252;252;252m                                               [38;2;252;252;252;48;2;251;251;251m:[38;2;249;249;249m.[38;2;254;254;254;48;2;235;235;235m:[38;2;146;146;146;48;2;101;101;101m_[38;2;1;1;1;48;2;16;16;16m:[48;2;0;0;0m              [38;2;0;0;0;48;2;1;1;1m:[38;2;9;9;9;48;2;46;46;46m:[38;2;159;159;159;48;2;196;196;196m~[38;2;240;240;240;48;2;247;247;247m~[38;2;252;252;252;48;2;251;251;251m_:[48;2;252;252;252m                                               [0m
[7m[38;2;252;252;252m [0m[38;2;0;0;0;48;2;252;252;252m                                               [38;2;252;252;252;48;2;251;251;251m:_[38;2;254;254;254;48;2;248;248;248m'[38;2;189;189;189;48;2;223;223;223m~[38;2;219;219;219;48;2;104;104;104m_[38;2;90;90;90;48;2;26;26;26m_[38;2;0;0;0;48;2;4;4;4m`[48;2;0;0;0m          [38;2;1;1;1m_[38;2;0;0;0;48;2;8;8;8m:[38;2;139;139;139;48;2;51;51;51m_[38;2;84;84;84;48;2;177;177;177m~[38;2;228;228;228;48;2;243;243;243m~[48;2;252;252;252m                                 [38;2;253;253;253m^                [0m
[7m[38;2;252;252;252m [0m[38;2;0;0;0;48;2;252;252;252m                                                 [38;2;251;251;251m`[38;2;253;253;253m~[38;2;254;254;254;48;2;248;248;248m'[38;2;158;158;158;48;2;224;224;224m~[38;2;58;58;58;48;2;155;155;155m~[38;2;177;177;177;48;2;60;60;60m_[38;2;109;109;109;48;2;13;13;13m_[38;2;46;46;46;48;2;2;2;2m_[38;2;6;6;6;48;2;0;0;0m,    [38;2;39;39;39;48;2;1;1;1m_[38;2;93;93;93;48;2;9;9;9m_[38;2;160;160;160;48;2;52;52;52m_[38;2;55;55;55;48;2;159;159;159m~[38;2;178;178;178;48;2;228;228;228m"[38;2;246;246;246;48;2;249;249;249m'[38;2;249;249;249;48;2;251;251;251m`[38;2;252;252;252m:[48;2;252;252;252m                                                 [0m
[7m[38;2;252;252;252m [0m[38;2;0;0;0;48;2;252;252;252m                                                   [38;2;252;252;252;48;2;251;251;251m:[48;2;252;252;252m [48;2;251;251;251m'[38;2;211;211;211;48;2;244;244;244m`[38;2;180;180;180;48;2;229;229;229m~[38;2;90;90;90;48;2;197;197;197m~[38;2;27;27;27;48;2;170;170;170m~[38;2;2;2;2;48;2;149;149;149m~[38;2;0;0;0;48;2;136;136;136m~[48;2;135;135;135m~[38;2;10;10;10;48;2;158;158;158m~[38;2;70;70;70;48;2;194;194;194m~[38;2;150;150;150;48;2;222;222;222m~[38;2;201;201;201;48;2;242;242;242m`[38;2;252;252;252;48;2;251;251;251m:[48;2;252;252;252m                                                     [0m
[7m[38;2;252;252;252m [0m[38;2;0;0;0;48;2;252;252;252m                                                      [38;2;252;252;252;48;2;251;251;251m:[38;2;250;250;250m``[38;2;254;254;254;48;2;252;252;252m`[38;2;253;253;253;48;2;251;251;251m~[38;2;249;249;249m==[38;2;253;253;253m~[38;2;250;250;250m``[38;2;252;252;252m:[48;2;252;252;252m                                                      [0m
[7m[38;2;252;252;252m [0m[38;2;0;0;0;48;2;252;252;252m                                                                                                                       [0m
[7m[38;2;252;252;252m [0m[38;2;0;0;0;48;2;252;252;252m                                                                                                                       [0m
[7m[38;2;252;252;252m [0m[38;2;0;0;0;48;2;252;252;252m                                                                                                                       [0m
[7m[38;2;252;252;252m [0m[38;2;0;0;0;48;2;252;252;252m                                                                                                                       [0m
[7m[38;2;252;252;252m [0m[38;2;0;0;0;48;2;252;252;252m                                                                                                                       [0m
[7m[38;2;252;252;252m [0m[38;2;0;0;0;48;2;252;252;252m                                                                                                                       [0m
[7m[38;2;252;252;252m [0m[38;2;0;0;0;48;2;252;252;252m                                                                                                                       [0m
[7m[38;2;252;252;252m [0m[38;2;0;0;0;48;2;252;252;252m                                                                                                                       [0m
[7m[38;2;252;252;252m [0m[38;2;0;0;0;48;2;252;252;252m                                                                                                                       [0m
[7m[38;2;252;252;252m [0m[38;2;0;0;0;48;2;252;252;252m                       [38;2;252;252;252;48;2;251;251;251m:[48;2;252;252;252m                                                                                               [0m
[?25h