[?25l[0m[7m[38;2;252;252;252m [0m[38;2;0;0;0;48;2;252;252;252m                                                [38;2;252;252;252;48;2;251;251;251m`[48;2;247;247;247m:[38;2;68;68;68;48;2;213;213;213m`[38;2;53;53;53;48;2;152;152;152m~[38;2;71;71;71;48;2;32;32;32m,[38;2;0;0;0;48;2;3;3;3m'[38;2;75;75;75;48;2;55;55;55m4[38;2;132;132;132;48;2;190;190;190m_[48;2;161;161;161m_[38;2;63;63;63;48;2;34;34;34mL[48;2;0;0;0m [38;2;68;68;68;48;2;49;49;49m4[38;2;191;191;191;48;2;204;204;204mF[38;2;245;245;245;48;2;248;248;248mL[48;2;251;251;251m [38;2;252;252;252m:[48;2;252;252;252m                                                       [0m
[7m[38;2;252;252;252m [0m[38;2;0;0;0;48;2;252;252;252m                                                 [38;2;252;252;252;48;2;251;251;251m.[48;2;250;250;250m [38;2;254;254;254;48;2;236;236;236m:[38;2;170;170;170;48;2;107;107;107m_[38;2;42;42;42;48;2;17;17;17m,[38;2;26;26;26;48;2;12;12;12m"[38;2;102;102;102;48;2;50;50;50m~[38;2;112;112;112;48;2;62;62;62m~[38;2;31;31;31;48;2;13;13;13m~[38;2;0;0;0;48;2;2;2;2m:[38;2;81;81;81;48;2;58;58;58m4[38;2;202;202;202;48;2;213;213;213mL[38;2;247;247;247;48;2;250;250;250mL[38;2;250;250;250;48;2;251;251;251m_[38;2;252;252;252m:[48;2;252;252;252m                                                       [0m
[7m[38;2;252;252;252m [0m[38;2;0;0;0;48;2;252;252;252m                                          [38;2;252;252;252;48;2;251;251;251m:[38;2;248;248;248m_[38;2;242;242;242m_[38;2;241;241;241;48;2;250;250;250m___[38;2;240;240;240;48;2;251;251;251m_[38;2;233;233;233;48;2;250;250;250m_[38;2;185;185;185;48;2;238;238;238m_[38;2;80;80;80;48;2;218;218;218m_[38;2;33;33;33;48;2;180;180;180m_[38;2;72;72;72;48;2;39;39;39mF[38;2;0;0;0;48;2;1;1;1m`[48;2;2;2;2m.[38;2;14;14;14;48;2;4;4;4m~[48;2;0;0;0m [38;2;0;0;0;48;2;3;3;3m:[38;2;12;12;12;48;2;49;49;49m.[38;2;2;2;2;48;2;156;156;156m_[38;2;38;38;38;48;2;207;207;207m_[38;2;139;139;139;48;2;229;229;229m_[38;2;235;235;235;48;2;247;247;247m,[38;2;252;252;252;48;2;251;251;251m. [48;2;252;252;252m                                                     [0m
[7m[38;2;252;252;252m [0m[38;2;0;0;0;48;2;252;252;252m                                        [38;2;252;252;252;48;2;251;251;251m:~[48;2;242;242;242m'[38;2;154;154;154;48;2;188;188;188ma[38;2;188;188;188;48;2;85;85;85m~[38;2;178;178;178;48;2;62;62;62m~[38;2;182;182;182;48;2;66;66;66m~[38;2;176;176;176;48;2;58;58;58m~[38;2;171;171;171;48;2;51;51;51m~[38;2;163;163;163;48;2;43;43;43m~[38;2;128;128;128;48;2;24;24;24m~[38;2;57;57;57;48;2;8;8;8m~[38;2;20;20;20;48;2;3;3;3m`[38;2;1;1;1;48;2;0;0;0m`       [38;2;20;20;20;48;2;5;5;5m`[38;2;90;90;90;48;2;24;24;24m~[38;2;174;174;174;48;2;83;83;83m~[38;2;113;113;113;48;2;199;199;199m_[38;2;251;251;251;48;2;245;245;245m`[48;2;251;251;251m [38;2;252;252;252m:[48;2;252;252;252m                                                   [0m
[7m[38;2;252;252;252m [0m[38;2;0;0;0;48;2;252;252;252m                                        [38;2;252;252;252;48;2;251;251;251m:[38;2;250;250;250m`[38;2;252;252;252;48;2;236;236;236m'[38;2;86;86;86;48;2;146;146;146my[38;2;44;44;44;48;2;19;19;19m~[38;2;2;2;2;48;2;0;0;0m~~~~[38;2;1;1;1m`            "[38;2;0;0;0;48;2;2;2;2m:[48;2;57;57;57m.[38;2;189;189;189;48;2;212;212;212mL[38;2;252;252;252;48;2;248;248;248m`[48;2;251;251;251m~:[48;2;252;252;252m                                                  [0m
[7m[38;2;252;252;252m [0m[38;2;0;0;0;48;2;252;252;252m                                        [38;2;252;252;252;48;2;251;251;251m: [38;2;251;251;251;48;2;240;240;240m:[38;2;113;113;113;48;2;170;170;170m~[38;2;92;92;92;48;2;35;35;35m_[38;2;0;0;0;48;2;2;2;2m:[48;2;0;0;0m                 [48;2;17;17;17m:[38;2;65;65;65;48;2;115;115;115mF[38;2;209;209;209;48;2;227;227;227m"[38;2;252;252;252;48;2;250;250;250m`[48;2;251;251;251m::[48;2;252;252;252m                                                  [0m
[7m[38;2;252;252;252m [0m[38;2;0;0;0;48;2;252;252;252m                                         [38;2;252;252;252;48;2;251;251;251m: [38;2;240;240;240;48;2;246;246;246m`[38;2;140;140;140;48;2;216;216;216m~[38;2;59;59;59;48;2;163;163;163m~[38;2;110;110;110;48;2;47;47;47m_[38;2;0;0;0;48;2;6;6;6m:[38;2;1;1;1;48;2;0;0;0m_            [38;2;3;3;3m_[38;2;0;0;0;48;2;5;5;5m`[38;2;101;101;101;48;2;53;53;53m_[38;2;167;167;167;48;2;194;194;194mF[38;2;250;250;250;48;2;245;245;245m`[48;2;250;250;250m [38;2;252;252;252;48;2;251;251;251m.[48;2;252;252;252m                                                   [0m
[7m[38;2;252;252;252m [0m[38;2;0;0;0;48;2;252;252;252m                                           [38;2;252;252;252;48;2;251;251;251m:[38;2;250;250;250mF[38;2;253;253;253;48;2;245;245;245m:[38;2;159;159;159;48;2;196;196;196m~[38;2;77;77;77;48;2;38;38;38mL[38;2;0;0;0;48;2;1;1;1m:[48;2;0;0;0m          [48;2;2;2;2m:[38;2;79;79;79;48;2;14;14;14m_[38;2;191;191;191;48;2;55;55;55m_[38;2;32;32;32;48;2;144;144;144m~[38;2;170;170;170;48;2;222;222;222m"[38;2;238;238;238;48;2;249;249;249m~[48;2;251;251;251m [38;2;252;252;252m:[48;2;252;252;252m                                                    [0m
[7m[38;2;252;252;252m [0m[38;2;0;0;0;48;2;252;252;252m                                            [38;2;252;252;252;48;2;251;251;251m:[38;2;251;251;251;48;2;250;250;250m~[48;2;234;234;234m:[38;2;138;138;138;48;2;103;103;103mL[38;2;26;26;26;48;2;14;14;14mr[48;2;0;0;0m         [38;2;0;0;0;48;2;3;3;3m:[38;2;78;78;78;48;2;47;47;47my[38;2;109;109;109;48;2;190;190;190m~[38;2;231;231;231;48;2;245;245;245m~[38;2;247;247;247;48;2;250;250;250m-[38;2;250;250;250;48;2;251;251;251m`[38;2;252;252;252m:[48;2;252;252;252m                                                      [0m
[7m[38;2;252;252;252m [0m[38;2;0;0;0;48;2;252;252;252m                                           [38;2;252;252;252;48;2;251;251;251m: [48;2;250;250;250m [48;2;242;242;242m:[38;2;159;159;159;48;2;172;172;172m4[38;2;55;55;55;48;2;28;28;28mL[38;2;1;1;1;48;2;0;0;0m"       [38;2;0;0;0;48;2;5;5;5m:[38;2;119;119;119;48;2;57;57;57m_[38;2;130;130;130;48;2;199;199;199m~[38;2;251;251;251;48;2;247;247;247m:[38;2;250;250;250;48;2;251;251;251m?[38;2;252;252;252m:[48;2;252;252;252m                                                        [0m
[7m[38;2;252;252;252m [0m[38;2;0;0;0;48;2;252;252;252m                                        [38;2;252;252;252;48;2;251;251;251m:[38;2;254;254;254;48;2;252;252;252m_[38;2;252;252;252;48;2;250;250;250m`[38;2;220;220;220;48;2;246;246;246m_[38;2;191;191;191;48;2;242;242;242m_[38;2;196;196;196m_[38;2;230;230;230;48;2;244;244;244m_[38;2;202;202;202;48;2;213;213;213m4[38;2;91;91;91;48;2;47;47;47mL[38;2;0;0;0;48;2;2;2;2m:[48;2;0;0;0m     [38;2;1;1;1m_[38;2;0;0;0;48;2;9;9;9m:[38;2;107;107;107;48;2;65;65;65my[38;2;144;144;144;48;2;209;209;209m~[38;2;251;251;251;48;2;247;247;247m:[48;2;251;251;251m [38;2;252;252;252m:[48;2;252;252;252m                                                         [0m
[7m[38;2;252;252;252m [0m[38;2;0;0;0;48;2;252;252;252m                                      [38;2;251;251;251m_[38;2;252;252;252;48;2;251;251;251m`[48;2;238;238;238m'[38;2;107;107;107;48;2;191;191;191my[38;2;200;200;200;48;2;81;81;81m~[38;2;166;166;166;48;2;41;41;41m~[38;2;142;142;142;48;2;31;31;31m~[38;2;144;144;144;48;2;33;33;33m~[38;2;170;170;170;48;2;45;45;45m~[38;2;183;183;183;48;2;60;60;60m~[38;2;83;83;83;48;2;36;36;36m~[38;2;0;0;0;48;2;5;5;5m:[48;2;0;0;0m    [48;2;1;1;1m`[38;2;65;65;65;48;2;19;19;19m_[38;2;197;197;197;48;2;99;99;99m_[38;2;174;174;174;48;2;224;224;224m~[38;2;252;252;252;48;2;249;249;249m`[38;2;250;250;250;48;2;251;251;251m`[38;2;252;252;252m:[48;2;252;252;252m                                                          [0m
[7m[38;2;252;252;252m [0m[38;2;0;0;0;48;2;252;252;252m                                     [38;2;252;252;252;48;2;251;251;251m.[38;2;250;250;250m$[38;2;249;249;249;48;2;240;240;240m:[38;2;194;194;194;48;2;163;163;163m~[38;2;46;46;46;48;2;28;28;28mL[48;2;1;1;1m [48;2;0;0;0m          [38;2;1;1;1me[38;2;46;46;46;48;2;29;29;29mu[38;2;85;85;85;48;2;150;150;150m~[38;2;231;231;231;48;2;242;242;242m~[38;2;249;249;249;48;2;250;250;250m-[48;2;251;251;251m [48;2;252;252;252m                                                            [0m
[7m[38;2;252;252;252m [0m[38;2;0;0;0;48;2;252;252;252m                                     [38;2;252;252;252;48;2;251;251;251m: [38;2;250;250;250;48;2;247;247;247m:[38;2;183;183;183;48;2;209;209;209m~[38;2;126;126;126;48;2;59;59;59m_[38;2;0;0;0;48;2;6;6;6m:[48;2;0;0;0m           [38;2;74;74;74;48;2;52;52;52m4[38;2;182;182;182;48;2;204;204;204m~[38;2;252;252;252;48;2;248;248;248m:[48;2;251;251;251m :[48;2;252;252;252m                                                            [0m
[7m[38;2;252;252;252m [0m[38;2;0;0;0;48;2;252;252;252m                                      [38;2;252;252;252;48;2;251;251;251m:[38;2;250;250;250m~[38;2;244;244;244;48;2;247;247;247m`[38;2;168;168;168;48;2;210;210;210m~[38;2;106;106;106;48;2;59;59;59mL[38;2;0;0;0;48;2;6;6;6m:[38;2;1;1;1;48;2;0;0;0m_        :[38;2;68;68;68;48;2;48;48;48m4[38;2;178;178;178;48;2;196;196;196mL[38;2;244;244;244;48;2;248;248;248mL[38;2;251;251;251;48;2;250;250;250m`[38;2;252;252;252;48;2;251;251;251m:[48;2;252;252;252m                                                            [0m
[7m[38;2;252;252;252m [0m[38;2;0;0;0;48;2;252;252;252m                                       [38;2;252;252;252;48;2;251;251;251m:[38;2;251;251;251;48;2;250;250;250my[38;2;252;252;252;48;2;244;244;244m:[38;2;152;152;152;48;2;189;189;189m~[38;2;70;70;70;48;2;37;37;37mL[38;2;0;0;0;48;2;1;1;1m:[48;2;0;0;0m       [48;2;1;1;1m:[38;2;76;76;76;48;2;21;21;21m_[38;2;73;73;73;48;2;130;130;130mF[38;2;212;212;212;48;2;234;234;234m"[38;2;253;253;253;48;2;251;251;251m` [38;2;252;252;252m:[48;2;252;252;252m                                                            [0m
[7m[38;2;252;252;252m [0m[38;2;0;0;0;48;2;252;252;252m                                        [38;2;252;252;252;48;2;251;251;251m:[38;2;250;250;250mT[38;2;251;251;251;48;2;240;240;240m:[38;2;105;105;105;48;2;176;176;176m~[38;2;144;144;144;48;2;50;50;50m_[38;2;26;26;26;48;2;8;8;8m,[48;2;0;0;0m     [38;2;1;1;1m^[38;2;0;0;0;48;2;11;11;11m:[38;2;103;103;103;48;2;74;74;74m"[38;2;77;77;77;48;2;188;188;188m_[38;2;167;167;167;48;2;236;236;236m_[38;2;252;252;252;48;2;250;250;250m:[38;2;250;250;250;48;2;251;251;251m_[38;2;252;252;252m:[48;2;252;252;252m                                                            [0m
[7m[38;2;252;252;252m [0m[38;2;0;0;0;48;2;252;252;252m                                         [38;2;252;252;252;48;2;251;251;251m:[38;2;250;250;250m`[38;2;251;251;251;48;2;244;244;244m.[38;2;153;153;153;48;2;205;205;205m_[38;2;44;44;44;48;2;129;129;129m_[38;2;1;1;1;48;2;23;23;23m`[48;2;0;0;0m     [38;2;6;6;6;48;2;2;2;2my[48;2;3;3;3m=[38;2;0;0;0;48;2;41;41;41m:[38;2;132;132;132;48;2;168;168;168mF[38;2;252;252;252;48;2;244;244;244m`[48;2;250;250;250m [48;2;251;251;251m:[48;2;252;252;252m                                                            [0m
[7m[38;2;252;252;252m [0m[38;2;0;0;0;48;2;252;252;252m                                        [38;2;252;252;252;48;2;251;251;251m:[38;2;251;251;251;48;2;250;250;250m~[38;2;252;252;252;48;2;242;242;242m'[38;2;144;144;144;48;2;181;181;181my[38;2;92;92;92;48;2;40;40;40m~[38;2;19;19;19;48;2;5;5;5m`[48;2;0;0;0m     [48;2;3;3;3m_[38;2;34;34;34;48;2;5;5;5m_[38;2;0;0;0;48;2;10;10;10m:[38;2;111;111;111;48;2;85;85;85mj[38;2;216;216;216;48;2;233;233;233m~[38;2;253;253;253;48;2;251;251;251m` [48;2;252;252;252m                                                             [0m
[7m[38;2;252;252;252m [0m[38;2;0;0;0;48;2;252;252;252m                                        [38;2;252;252;252;48;2;251;251;251m:[38;2;250;250;250m~[48;2;245;245;245m'[38;2;155;155;155;48;2;194;194;194m~[38;2;117;117;117;48;2;47;47;47m_[38;2;0;0;0;48;2;4;4;4m:[38;2;2;2;2;48;2;0;0;0m.   [38;2;0;0;0;48;2;1;1;1m:[38;2;18;18;18;48;2;6;6;6m"[38;2;6;6;6;48;2;24;24;24m:[38;2;149;149;149;48;2;58;58;58m_[38;2;137;137;137;48;2;160;160;160m[[38;2;239;239;239;48;2;244;244;244mL[38;2;249;249;249;48;2;250;250;250m1[38;2;252;252;252;48;2;251;251;251m:[48;2;252;252;252m                                                             [0m
[7m[38;2;252;252;252m [0m[38;2;0;0;0;48;2;252;252;252m                                         [38;2;252;252;252;48;2;251;251;251m:.[38;2;251;251;251;48;2;247;247;247m:[38;2;168;168;168;48;2;218;218;218m~[38;2;33;33;33;48;2;145;145;145m~[38;2;211;211;211;48;2;58;58;58m_[38;2;184;184;184;48;2;41;41;41m_[38;2;203;203;203;48;2;46;46;46m_[38;2;81;81;81;48;2;25;25;25m,[38;2;0;0;0;48;2;6;6;6m:[38;2;56;56;56;48;2;23;23;23m_[38;2;65;65;65;48;2;111;111;111mF[38;2;203;203;203;48;2;232;232;232m~[38;2;218;218;218;48;2;243;243;243m~[38;2;253;253;253;48;2;251;251;251m` [38;2;252;252;252m:[48;2;252;252;252m                                                             [0m
[7m[38;2;252;252;252m [0m[38;2;0;0;0;48;2;252;252;252m                                           [38;2;252;252;252;48;2;251;251;251m: [38;2;250;250;250mf[38;2;237;237;237;48;2;248;248;248m`[38;2;220;220;220;48;2;244;244;244m~[38;2;253;253;253;48;2;235;235;235m:[38;2;162;162;162;48;2;132;132;132mL[38;2;43;43;43;48;2;26;26;26mL[38;2;85;85;85;48;2;59;59;59m4[38;2;153;153;153;48;2;195;195;195m`[38;2;252;252;252;48;2;248;248;248m'[38;2;250;250;250;48;2;251;251;251m`[38;2;252;252;252m:[48;2;252;252;252m                                                               [0m
[7m[38;2;252;252;252m [0m[38;2;0;0;0;48;2;252;252;252m                                              [38;2;252;252;252;48;2;251;251;251m:[38;2;248;248;248m`[38;2;254;254;254;48;2;248;248;248m'[38;2;190;190;190;48;2;221;221;221m"[38;2;49;49;49;48;2;110;110;110m~[38;2;52;52;52;48;2;86;86;86m$[38;2;178;178;178;48;2;205;205;205m~[38;2;253;253;253;48;2;248;248;248m`[48;2;251;251;251m [38;2;252;252;252m:[48;2;252;252;252m                                                               [0m
[7m[38;2;252;252;252m [0m[38;2;0;0;0;48;2;252;252;252m                                               [38;2;252;252;252;48;2;251;251;251m:[38;2;250;250;250m~[38;2;254;254;254;48;2;247;247;247m'[38;2;179;179;179;48;2;209;209;209m~[38;2;53;53;53;48;2;111;111;111mI[38;2;95;95;95;48;2;176;176;176m_[38;2;253;253;253;48;2;242;242;242m`[48;2;251;251;251m_ [48;2;252;252;252m                                                               [0m
[7m[38;2;252;252;252m [0m[38;2;0;0;0;48;2;252;252;252m                                                [38;2;252;252;252;48;2;251;251;251m:[38;2;250;250;250m"[38;2;254;254;254;48;2;248;248;248m'[38;2;183;183;183;48;2;228;228;228m~[38;2;110;110;110;48;2;209;209;209m~[38;2;232;232;232;48;2;242;242;242m^[38;2;254;254;254;48;2;252;252;252m`[38;2;252;252;252;48;2;251;251;251m.[48;2;252;252;252m                                                               [0m
[7m[38;2;252;252;252m [0m[38;2;0;0;0;48;2;252;252;252m                                                   [38;2;252;252;252;48;2;251;251;251m:[38;2;253;253;253;48;2;252;252;252m"                                                                  [0m
[7m[38;2;252;252;252m [0m[38;2;0;0;0;48;2;252;252;252m                                                                                                                       [0m
[7m[38;2;252;252;252m [0m[38;2;0;0;0;48;2;252;252;252m                                                                                                                       [0m
[7m[38;2;252;252;252m [0m[38;2;0;0;0;48;2;252;252;252m                                                                                                                       [0m
[7m[38;2;252;252;252m [0m[38;2;0;0;0;48;2;252;252;252m                                                                                                                       [0m
[7m[38;2;252;252;252m [0m[38;2;0;0;0;48;2;252;252;252m                                                                                                                       [0m
[7m[38;2;252;252;252m [0m[38;2;0;0;0;48;2;252;252;252m                                                                                                                       [0m
[7m[38;2;252;252;252m [0m[38;2;0;0;0;48;2;252;252;252m                                                                                                                       [0m
[7m[38;2;252;252;252m [0m[38;2;0;0;0;48;2;252;252;252m                                                                                                                       [0m
[7m[38;2;252;252;252m [0m[38;2;0;0;0;48;2;252;252;252m                                                                                                                       [0m
[7m[38;2;252;252;252m [0m[38;2;0;0;0;48;2;252;252;252m                                                                                                                       [0m
[?25h