[?25l[0m[7m[38;2;252;252;252m [0m[38;2;0;0;0;48;2;252;252;252m                                                                                                                       [0m
[7m[38;2;252;252;252m [0m[38;2;0;0;0;48;2;252;252;252m                                                                                                                       [0m
[7m[38;2;252;252;252m [0m[38;2;0;0;0;48;2;252;252;252m                                                                                                                       [0m
[7m[38;2;252;252;252m [0m[38;2;0;0;0;48;2;252;252;252m                                                                                                                       [0m
[7m[38;2;252;252;252m [0m[38;2;0;0;0;48;2;252;252;252m                                                                                                                       [0m
[7m[38;2;252;252;252m [0m[38;2;0;0;0;48;2;252;252;252m                                                                                                                       [0m
[7m[38;2;252;252;252m [0m[38;2;0;0;0;48;2;252;252;252m                                                                                                                       [0m
[7m[38;2;252;252;252m [0m[38;2;0;0;0;48;2;252;252;252m                                                                                                                       [0m
[7m[38;2;252;252;252m [0m[38;2;0;0;0;48;2;252;252;252m                                                                                                                       [0m
[7m[38;2;252;252;252m [0m[38;2;0;0;0;48;2;252;252;252m                                                     [38;2;252;252;252;48;2;251;251;251m....:[48;2;252;252;252m                                                             [0m
[7m[38;2;252;252;252m [0m[38;2;0;0;0;48;2;252;252;252m                                                   [38;2;253;253;253m_[38;2;252;252;252;48;2;250;250;250m`[38;2;212;212;212;48;2;245;245;245m_[38;2;192;192;192;48;2;241;241;241m_[38;2;151;151;151;48;2;236;236;236m_[38;2;163;163;163;48;2;238;238;238m_[38;2;230;230;230;48;2;246;246;246m,[38;2;252;252;252;48;2;251;251;251m` :[48;2;252;252;252m                                                          [0m
[7m[38;2;252;252;252m [0m[38;2;0;0;0;48;2;252;252;252m                                                 [38;2;252;252;252;48;2;251;251;251m:[38;2;249;249;249m:[38;2;254;254;254;48;2;241;241;241m:[38;2;113;113;113;48;2;170;170;170my[38;2;163;163;163;48;2;55;55;55m~[38;2;143;143;143;48;2;33;33;33m~[38;2;111;111;111;48;2;26;26;26m~[38;2;118;118;118;48;2;29;29;29m~[38;2;174;174;174;48;2;67;67;67m~[38;2;71;71;71;48;2;180;180;180m_[38;2;209;209;209;48;2;242;242;242m_[38;2;253;253;253;48;2;251;251;251m. [38;2;252;252;252m:[48;2;252;252;252m                                                        [0m
[7m[38;2;252;252;252m [0m[38;2;0;0;0;48;2;252;252;252m                                                 [38;2;252;252;252;48;2;251;251;251m:,[38;2;254;254;254;48;2;242;242;242m'[38;2;104;104;104;48;2;168;168;168m~[38;2;101;101;101;48;2;44;44;44m_[38;2;17;17;17;48;2;6;6;6m,[38;2;4;4;4;48;2;1;1;1m_[38;2;2;2;2;48;2;0;0;0m_[38;2;3;3;3;48;2;1;1;1m.[38;2;45;45;45;48;2;19;19;19m"[38;2;84;84;84;48;2;126;126;126ms[38;2;227;227;227;48;2;235;235;235mr[38;2;250;250;250;48;2;251;251;251m"[38;2;252;252;252m`[48;2;252;252;252m                                                        [0m
[7m[38;2;252;252;252m [0m[38;2;0;0;0;48;2;252;252;252m                                                  [38;2;252;252;252;48;2;251;251;251m:[38;2;249;249;249m`[38;2;254;254;254;48;2;244;244;244m:[38;2;128;128;128;48;2;183;183;183m`[38;2;85;85;85;48;2;45;45;45mL[38;2;2;2;2;48;2;4;4;4m:[38;2;1;1;1;48;2;9;9;9m:[38;2;83;83;83;48;2;38;38;38my[38;2;176;176;176;48;2;83;83;83my[38;2;83;83;83;48;2;171;171;171m~[38;2;229;229;229;48;2;243;243;243m~[38;2;253;253;253;48;2;252;252;252m`                                                         [0m
[7m[38;2;252;252;252m [0m[38;2;0;0;0;48;2;252;252;252m                                                 [38;2;252;252;252;48;2;251;251;251m: [38;2;253;253;253;48;2;245;245;245m:[38;2;100;100;100;48;2;203;203;203m_[38;2;147;147;147;48;2;75;75;75m~[38;2;37;37;37;48;2;11;11;11m~[38;2;5;5;5;48;2;1;1;1m~[38;2;0;0;0;48;2;4;4;4m'[38;2;88;88;88;48;2;52;52;52m"[38;2;107;107;107;48;2;183;183;183m_[38;2;249;249;249;48;2;244;244;244m:[38;2;250;250;250;48;2;251;251;251m=[38;2;252;252;252m:[48;2;252;252;252m                                                         [0m
[7m[38;2;252;252;252m [0m[38;2;0;0;0;48;2;252;252;252m                                                [38;2;252;252;252;48;2;251;251;251m:[38;2;250;250;250m:[38;2;254;254;254;48;2;240;240;240m:[38;2;110;110;110;48;2;164;164;164ma[38;2;72;72;72;48;2;34;34;34m~[38;2;0;0;0;48;2;3;3;3m`[38;2;1;1;1;48;2;0;0;0m` :[38;2;0;0;0;48;2;13;13;13m:[38;2;115;115;115;48;2;93;93;93m4[38;2;226;226;226;48;2;238;238;238mL[38;2;252;252;252;48;2;251;251;251m,[48;2;252;252;252m                                                          [0m
[7m[38;2;252;252;252m [0m[38;2;0;0;0;48;2;252;252;252m                                                 [48;2;251;251;251m [38;2;251;251;251;48;2;249;249;249m`[38;2;198;198;198;48;2;228;228;228m`[38;2;135;135;135;48;2;103;103;103mL[38;2;32;32;32;48;2;15;15;15mL[48;2;1;1;1m [38;2;0;0;0;48;2;7;7;7m:[38;2;85;85;85;48;2;24;24;24m_[38;2;51;51;51;48;2;19;19;19m_[38;2;78;78;78;48;2;60;60;60m4[38;2;161;161;161;48;2;206;206;206m_[38;2;252;252;252;48;2;247;247;247m`[38;2;250;250;250;48;2;251;251;251m_[38;2;252;252;252m:[48;2;252;252;252m                                                        [0m
[7m[38;2;252;252;252m [0m[38;2;0;0;0;48;2;252;252;252m                                                [38;2;252;252;252;48;2;251;251;251m.[38;2;249;249;249;48;2;250;250;250mi[38;2;254;254;254;48;2;244;244;244m:[38;2;150;150;150;48;2;195;195;195my[38;2;95;95;95;48;2;54;54;54m"[38;2;17;17;17;48;2;3;3;3m~[38;2;2;2;2;48;2;0;0;0m`[38;2;0;0;0;48;2;7;7;7m:[38;2;74;74;74;48;2;24;24;24m~[38;2;46;46;46;48;2;23;23;23m~[38;2;148;148;148;48;2;75;75;75m_[38;2;164;164;164;48;2;210;210;210m~[38;2;251;251;251;48;2;247;247;247m`[38;2;249;249;249;48;2;251;251;251m`[38;2;252;252;252m:[48;2;252;252;252m                                                        [0m
[7m[38;2;252;252;252m [0m[38;2;0;0;0;48;2;252;252;252m                                              [38;2;252;252;252;48;2;251;251;251m:[38;2;250;250;250m_[38;2;253;253;253;48;2;249;249;249m:[38;2;175;175;175;48;2;230;230;230m_[38;2;75;75;75;48;2;166;166;166my[38;2;99;99;99;48;2;44;44;44m"[38;2;18;18;18;48;2;3;3;3m~[38;2;1;1;1;48;2;0;0;0m`  [38;2;0;0;0;48;2;1;1;1m:[38;2;79;79;79;48;2;52;52;52m4[38;2;173;173;173;48;2;205;205;205m`[38;2;252;252;252;48;2;248;248;248m:[48;2;251;251;251m :[48;2;252;252;252m                                                         [0m
[7m[38;2;252;252;252m [0m[38;2;0;0;0;48;2;252;252;252m                                              [38;2;252;252;252;48;2;251;251;251m:[38;2;250;250;250m~[38;2;253;253;253;48;2;249;249;249m'[38;2;187;187;187;48;2;221;221;221m"[38;2;109;109;109;48;2;75;75;75mL[38;2;17;17;17;48;2;8;8;8mL[48;2;0;0;0m    [38;2;1;1;1m:[38;2;0;0;0;48;2;34;34;34m:[38;2;112;112;112;48;2;153;153;153mL[38;2;252;252;252;48;2;241;241;241m`[48;2;251;251;251m :[48;2;252;252;252m                                                         [0m
[7m[38;2;252;252;252m [0m[38;2;0;0;0;48;2;252;252;252m                                              [38;2;252;252;252;48;2;251;251;251m:`[38;2;254;254;254;48;2;247;247;247m:[38;2;184;184;184;48;2;202;202;202my[38;2;67;67;67;48;2;41;41;41mF[38;2;0;0;0;48;2;1;1;1m:[48;2;0;0;0m    [38;2;1;1;1m`[38;2;0;0;0;48;2;2;2;2m:[38;2;78;78;78;48;2;58;58;58m4[38;2;177;177;177;48;2;210;210;210m_[38;2;251;251;251;48;2;249;249;249m:[38;2;252;252;252;48;2;251;251;251m`:[48;2;252;252;252m                                                        [0m
[7m[38;2;252;252;252m [0m[38;2;0;0;0;48;2;252;252;252m                                              [48;2;251;251;251m [38;2;248;248;248;48;2;250;250;250m:[38;2;253;253;253;48;2;238;238;238m:[38;2;119;119;119;48;2;148;148;148my[38;2;38;38;38;48;2;24;24;24m~[38;2;1;1;1;48;2;0;0;0m.     :[38;2;0;0;0;48;2;30;30;30m:[38;2;112;112;112;48;2;143;143;143mL[38;2;234;234;234;48;2;242;242;242mL[38;2;251;251;251;48;2;250;250;250mL[38;2;252;252;252;48;2;251;251;251m:[48;2;252;252;252m                                                        [0m
[7m[38;2;252;252;252m [0m[38;2;0;0;0;48;2;252;252;252m                                              [38;2;252;252;252;48;2;251;251;251m:[38;2;250;250;250m"[38;2;253;253;253;48;2;232;232;232m'[38;2;106;106;106;48;2;79;79;79mF[38;2;0;0;0;48;2;9;9;9m:[48;2;0;0;0m      [38;2;1;1;1m:[38;2;0;0;0;48;2;13;13;13m:[38;2;112;112;112;48;2;93;93;93m4[38;2;229;229;229;48;2;239;239;239mL[38;2;252;252;252;48;2;251;251;251m..[48;2;252;252;252m                                                    [48;2;251;251;251m:..[38;2;250;250;250m_[0m
[7m[38;2;252;252;252m [0m[38;2;0;0;0;48;2;252;252;252m                                             [38;2;252;252;252;48;2;251;251;251m:[38;2;250;250;250m.[38;2;254;254;254;48;2;248;248;248m'[38;2;190;190;190;48;2;207;207;207my[38;2;67;67;67;48;2;40;40;40mF[48;2;0;0;0m        [38;2;0;0;0;48;2;4;4;4m:[38;2;92;92;92;48;2;71;71;71m4[38;2;216;216;216;48;2;230;230;230mL[38;2;253;253;253;48;2;251;251;251m:[38;2;252;252;252m:[48;2;252;252;252m                                               [48;2;251;251;251m:[38;2;248;248;248m_[38;2;240;240;240;48;2;250;250;250m_[38;2;230;230;230;48;2;248;248;248m_[38;2;213;213;213;48;2;243;243;243m_[38;2;193;193;193;48;2;238;238;238m_[38;2;170;170;170;48;2;229;229;229m_[38;2;138;138;138;48;2;216;216;216m_[38;2;98;98;98;48;2;198;198;198m_[0m
[7m[38;2;252;252;252m [0m[38;2;0;0;0;48;2;252;252;252m                                             [38;2;252;252;252;48;2;251;251;251m.[38;2;249;249;249;48;2;250;250;250m.[38;2;253;253;253;48;2;240;240;240m'[38;2;178;178;178;48;2;150;150;150mF[38;2;49;49;49;48;2;25;25;25mL[38;2;1;1;1;48;2;0;0;0m_        [38;2;68;68;68;48;2;46;46;46m4[38;2;177;177;177;48;2;200;200;200mL[38;2;253;253;253;48;2;247;247;247m`[38;2;252;252;252;48;2;251;251;251m':[48;2;252;252;252m                                             [48;2;251;251;251m:[38;2;247;247;247;48;2;249;249;249my[38;2;226;226;226;48;2;235;235;235my[38;2;171;171;171;48;2;199;199;199my[38;2;102;102;102;48;2;150;150;150my[38;2;172;172;172;48;2;87;87;87m~[38;2;145;145;145;48;2;61;61;61m~[38;2;121;121;121;48;2;43;43;43m~[38;2;93;93;93;48;2;26;26;26m~[38;2;62;62;62;48;2;13;13;13m~[0m
[7m[38;2;252;252;252m [0m[38;2;0;0;0;48;2;252;252;252m                                             [48;2;251;251;251m [38;2;248;248;248;48;2;249;249;249m.[38;2;252;252;252;48;2;235;235;235m:[38;2;139;139;139;48;2;118;118;118mL[38;2;34;34;34;48;2;18;18;18mL[38;2;3;3;3;48;2;1;1;1my[48;2;0;0;0m       [38;2;1;1;1m_[38;2;44;44;44;48;2;28;28;28m4[38;2;123;123;123;48;2;151;151;151mL[38;2;235;235;235;48;2;242;242;242mL[48;2;250;250;250m [38;2;252;252;252;48;2;251;251;251m:[48;2;252;252;252m                                             [48;2;251;251;251m:[38;2;242;242;242;48;2;244;244;244ma[38;2;203;203;203;48;2;214;214;214m4[38;2;145;145;145;48;2;162;162;162m4[38;2;92;92;92;48;2;109;109;109m?[38;2;108;108;108;48;2;60;60;60m_[38;2;72;72;72;48;2;33;33;33m_[38;2;53;53;53;48;2;19;19;19m_[38;2;42;42;42;48;2;10;10;10m_[38;2;38;38;38;48;2;9;9;9m_[0m
[7m[38;2;252;252;252m [0m[38;2;0;0;0;48;2;252;252;252m                                             [38;2;252;252;252;48;2;251;251;251m:[38;2;249;249;249m~[38;2;253;253;253;48;2;245;245;245m'[38;2;149;149;149;48;2;209;209;209m~[38;2;30;30;30;48;2;145;145;145m~[38;2;213;213;213;48;2;66;66;66m_[38;2;177;177;177;48;2;35;35;35m_[38;2;121;121;121;48;2;21;21;21m_[38;2;63;63;63;48;2;10;10;10m_[38;2;0;0;0;48;2;2;2;2m`[48;2;0;0;0m [48;2;2;2;2m:[38;2;61;61;61;48;2;9;9;9m_[38;2;120;120;120;48;2;22;22;22m_[38;2;177;177;177;48;2;52;52;52m_[38;2;186;186;186;48;2;143;143;143my[38;2;236;236;236;48;2;243;243;243mL[38;2;251;251;251;48;2;250;250;250m_[38;2;252;252;252;48;2;251;251;251m:[48;2;252;252;252m                                             [48;2;251;251;251m:[38;2;244;244;244;48;2;249;249;249m`[38;2;233;233;233;48;2;244;244;244m~[38;2;206;206;206;48;2;229;229;229m~[38;2;170;170;170;48;2;199;199;199m~[38;2;185;185;185;48;2;149;149;149my[38;2;181;181;181;48;2;128;128;128my[48;2;124;124;124my[38;2;176;176;176;48;2;108;108;108m_[38;2;137;137;137;48;2;84;84;84m_[0m
[7m[38;2;252;252;252m [0m[38;2;0;0;0;48;2;252;252;252m                                               [38;2;252;252;252;48;2;251;251;251m`[38;2;233;233;233;48;2;249;249;249m_[38;2;220;220;220;48;2;248;248;248m_[38;2;214;214;214;48;2;245;245;245m_[38;2;196;196;196;48;2;230;230;230m_[38;2;156;156;156;48;2;203;203;203m_[38;2;86;86;86;48;2;165;165;165m_[38;2;79;79;79;48;2;40;40;40mr[38;2;0;0;0;48;2;2;2;2m`[48;2;19;19;19m:[38;2;131;131;131;48;2;94;94;94m4[38;2;161;161;161;48;2;215;215;215m~[38;2;216;216;216;48;2;241;241;241m"[38;2;246;246;246;48;2;250;250;250m~[48;2;251;251;251m  [48;2;252;252;252m                                               [38;2;252;252;252;48;2;251;251;251m: [38;2;247;247;247;48;2;250;250;250m~[38;2;239;239;239;48;2;247;247;247m~[38;2;232;232;232;48;2;246;246;246m~[38;2;234;234;234m~[38;2;232;232;232;48;2;244;244;244m~[38;2;201;201;201;48;2;228;228;228m~[38;2;163;163;163;48;2;212;212;212m~[0m
[7m[38;2;252;252;252m [0m[38;2;0;0;0;48;2;252;252;252m                                              [38;2;253;253;253m'[38;2;249;249;249;48;2;240;240;240m'[38;2;167;167;167;48;2;196;196;196m4[38;2;216;216;216;48;2;138;138;138m_[38;2;202;202;202;48;2;105;105;105m_[38;2;20;20;20;48;2;94;94;94m=[38;2;104;104;104;48;2;40;40;40m~[38;2;77;77;77;48;2;26;26;26m_[38;2;73;73;73;48;2;13;13;13m_[38;2;89;89;89m_[38;2;97;97;97;48;2;14;14;14m_[38;2;100;100;100;48;2;39;39;39m_[38;2;158;158;158;48;2;101;101;101m~[38;2;120;120;120;48;2;160;160;160mm[38;2;180;180;180;48;2;209;209;209mw[38;2;250;250;250;48;2;245;245;245m`[38;2;252;252;252;48;2;251;251;251m:[48;2;252;252;252m                                                       [48;2;251;251;251m:[0m
[7m[38;2;252;252;252m [0m[38;2;0;0;0;48;2;252;252;252m                                                [38;2;250;250;250;48;2;251;251;251m`[38;2;246;246;246m`[38;2;239;239;239;48;2;248;248;248m`[38;2;201;201;201;48;2;237;237;237m"[38;2;144;144;144;48;2;225;225;225m~[38;2;130;130;130;48;2;222;222;222m~[38;2;127;127;127m~[38;2;137;137;137m~[38;2;143;143;143;48;2;223;223;223m~[38;2;147;147;147;48;2;226;226;226m~[38;2;160;160;160;48;2;231;231;231m~[38;2;191;191;191;48;2;238;238;238m~[38;2;222;222;222;48;2;245;245;245m~[38;2;252;252;252;48;2;251;251;251m.[48;2;252;252;252m                                                         [0m
[7m[38;2;252;252;252m [0m[38;2;0;0;0;48;2;252;252;252m                                                  [38;2;252;252;252;48;2;251;251;251m:.  ::[38;2;253;253;253;48;2;252;252;252m``                                                             [0m
[7m[38;2;252;252;252m [0m[38;2;0;0;0;48;2;252;252;252m                                                                                                                       [0m
[7m[38;2;252;252;252m [0m[38;2;0;0;0;48;2;252;252;252m                                                                                                                       [0m
[7m[38;2;252;252;252m [0m[38;2;0;0;0;48;2;252;252;252m                                                                                                                       [0m
[7m[38;2;252;252;252m [0m[38;2;0;0;0;48;2;252;252;252m                                                                                                                       [0m
[7m[38;2;252;252;252m [0m[38;2;0;0;0;48;2;252;252;252m                                                                                                                       [0m
[?25h