[?25l[0m[7m[38;2;0;0;0m [0m[38;2;0;0;0;48;2;0;0;0m                                                                                                                       [0m
[7m[38;2;0;0;0m [0m[38;2;0;0;0;48;2;0;0;0m                                                                                                                       [0m
[7m[38;2;0;0;0m [0m[38;2;0;0;0;48;2;0;0;0m                                                                                                                       [0m
[7m[38;2;0;0;0m [0m[38;2;0;0;0;48;2;0;0;0m                                                                                                                       [0m
[7m[38;2;0;0;0m [0m[38;2;0;0;0;48;2;0;0;0m                                                                                                                       [0m
[7m[38;2;0;0;0m [0m[38;2;0;0;0;48;2;0;0;0m                                                                                                                       [0m
[7m[38;2;0;0;0m [0m[38;2;0;0;0;48;2;0;0;0m                                                                                                                       [0m
[7m[38;2;0;0;0m [0m[38;2;0;0;0;48;2;0;0;0m                                                                                                                       [0m
[7m[38;2;0;0;0m [0m[38;2;0;0;0;48;2;0;0;0m                                                                                                                       [0m
[7m[38;2;0;0;0m [0m[38;2;0;0;0;48;2;0;0;0m                                                                                                                       [0m
[7m[38;2;0;0;0m [0m[38;2;0;0;0;48;2;0;0;0m                                                                                                                       [0m
[7m[38;2;0;0;0m [0m[38;2;0;0;0;48;2;0;0;0m                                                                                                                       [0m
[7m[38;2;0;0;0m [0m[38;2;0;0;0;48;2;0;0;0m                                                                                                                       [0m
[7m[38;2;0;0;0m [0m[38;2;0;0;0;48;2;0;0;0m                                                                                                                       [0m
[7m[38;2;0;0;0m [0m[38;2;0;0;0;48;2;0;0;0m                                                                                                                       [0m
[7m[38;2;0;0;0m [0m[38;2;0;0;0;48;2;0;0;0m                                                                                                                       [0m
[7m[38;2;0;0;0m [0m[38;2;0;0;0;48;2;0;0;0m                                                                                                                       [0m
[7m[38;2;0;0;0m [0m[38;2;0;0;0;48;2;0;0;0m                                                              [48;2;1;1;1m:[38;2;58;58;58;48;2;3;3;3m_[38;2;89;89;89;48;2;5;5;5m_[38;2;70;70;70;48;2;4;4;4m_[38;2;15;15;15;48;2;1;1;1m,[48;2;0;0;0m                                                    [0m
[7m[38;2;0;0;0m [0m[38;2;0;0;0;48;2;0;0;0m                                      [38;2;1;1;1m___________           _[38;2;0;0;0;48;2;4;4;4m:[38;2;72;72;72;48;2;50;50;50mu[38;2;87;87;87;48;2;163;163;163m~[38;2;133;133;133;48;2;212;212;212m~[38;2;111;111;111;48;2;201;201;201m~[38;2;103;103;103;48;2;57;57;57mL[38;2;0;0;0;48;2;3;3;3m`[38;2;1;1;1;48;2;0;0;0m_.__   -                                           [0m
[7m[38;2;0;0;0m [0m[38;2;0;0;0;48;2;0;0;0m                                   [48;2;1;1;1m`[38;2;44;44;44;48;2;13;13;13m_[38;2;103;103;103;48;2;29;29;29m_[38;2;148;148;148;48;2;35;35;35m_[38;2;165;165;165;48;2;39;39;39m_[38;2;169;169;169;48;2;43;43;43m_[38;2;172;172;172;48;2;47;47;47m_[38;2;179;179;179;48;2;53;53;53m_[38;2;182;182;182;48;2;56;56;56m_[38;2;183;183;183;48;2;57;57;57m_[38;2;186;186;186;48;2;59;59;59m_[38;2;187;187;187;48;2;61;61;61m_[38;2;190;190;190;48;2;63;63;63m_[38;2;191;191;191m_[38;2;140;140;140;48;2;58;58;58my[38;2;143;143;143;48;2;59;59;59my[38;2;144;144;144;48;2;60;60;60my[38;2;146;146;146;48;2;61;61;61my[38;2;148;148;148;48;2;62;62;62my[38;2;151;151;151;48;2;63;63;63my[38;2;155;155;155;48;2;65;65;65myy[38;2;156;156;156;48;2;66;66;66my[38;2;160;160;160;48;2;67;67;67my[38;2;156;156;156;48;2;66;66;66myy[38;2;163;163;163;48;2;73;73;73my[38;2;65;65;65;48;2;142;142;142m~[38;2;191;191;191;48;2;213;213;213mF[38;2;242;242;242;48;2;247;247;247m~[38;2;246;246;246;48;2;234;234;234m`[38;2;106;106;106;48;2;151;151;151mf[38;2;164;164;164;48;2;73;73;73my[38;2;199;199;199;48;2;70;70;70m_[38;2;186;186;186;48;2;60;60;60m_[38;2;184;184;184;48;2;58;58;58m_[38;2;188;188;188;48;2;61;61;61m_[38;2;195;195;195;48;2;67;67;67m_[38;2;171;171;171;48;2;75;75;75my[38;2;198;198;198;48;2;94;94;94my[38;2;213;213;213;48;2;112;112;112my[38;2;194;194;194;48;2;104;104;104my[38;2;124;124;124;48;2;41;41;41m,[38;2;1;1;1;48;2;0;0;0m,                                        [0m
[7m[38;2;0;0;0m [0m[38;2;0;0;0;48;2;0;0;0m                                   [38;2;4;4;4;48;2;2;2;2m`[38;2;44;44;44;48;2;22;22;22m7[38;2;22;22;22;48;2;85;85;85my[38;2;43;43;43;48;2;134;134;134my[38;2;33;33;33;48;2;156;156;156m_[38;2;71;71;71;48;2;184;184;184m_[38;2;103;103;103;48;2;209;209;209m_[38;2;118;118;118;48;2;222;222;222m_[38;2;130;130;130;48;2;230;230;230m_[38;2;136;136;136;48;2;233;233;233m_[38;2;141;141;141;48;2;234;234;234m_[38;2;143;143;143m_[38;2;144;144;144m__[48;2;235;235;235m_______[48;2;236;236;236m__[38;2;147;147;147m_[38;2;150;150;150m_[38;2;151;151;151m_[38;2;152;152;152;48;2;237;237;237m_[38;2;179;179;179;48;2;241;241;241m_[38;2;228;228;228;48;2;247;247;247m_[38;2;250;250;250;48;2;252;252;252m,[38;2;252;252;252;48;2;249;249;249m'[38;2;169;169;169;48;2;241;241;241m_[38;2;137;137;137;48;2;235;235;235m_[38;2;128;128;128;48;2;230;230;230m_[38;2;126;126;126;48;2;228;228;228m__[38;2;127;127;127;48;2;229;229;229m_[38;2;133;133;133;48;2;232;232;232m_[38;2;147;147;147;48;2;237;237;237m_[38;2;178;178;178;48;2;241;241;241m_[38;2;211;211;211;48;2;244;244;244m_[38;2;193;193;193;48;2;227;227;227m_[38;2;121;121;121;48;2;81;81;81m[[38;2;5;5;5;48;2;2;2;2mF[48;2;0;0;0m                                        [0m
[7m[38;2;0;0;0m [0m[38;2;0;0;0;48;2;0;0;0m                                     [38;2;1;1;1m`   [38;2;3;3;3;48;2;1;1;1m`[38;2;18;18;18;48;2;4;4;4m"[38;2;35;35;35;48;2;8;8;8m~[38;2;50;50;50;48;2;12;12;12m~[38;2;63;63;63;48;2;16;16;16m~[38;2;68;68;68;48;2;17;17;17m~[38;2;69;69;69m~[38;2;70;70;70m~~[38;2;69;69;69m~~~~~~[38;2;70;70;70m~[38;2;71;71;71;48;2;18;18;18m~[38;2;76;76;76;48;2;19;19;19m~[38;2;82;82;82;48;2;21;21;21m~[38;2;84;84;84;48;2;22;22;22m~[38;2;86;86;86;48;2;27;27;27m~[38;2;63;63;63;48;2;102;102;102ms[38;2;187;187;187;48;2;203;203;203mr[38;2;250;250;250;48;2;245;245;245m:[38;2;253;253;253;48;2;229;229;229m.[38;2;63;63;63;48;2;103;103;103ma[38;2;56;56;56;48;2;15;15;15m~[38;2;34;34;34;48;2;7;7;7m~[38;2;31;31;31m~[38;2;28;28;28;48;2;6;6;6m~[38;2;31;31;31;48;2;7;7;7m~[38;2;43;43;43;48;2;10;10;10m~[38;2;75;75;75;48;2;20;20;20m~[38;2;124;124;124;48;2;32;32;32m~[38;2;168;168;168;48;2;42;42;42m~[38;2;154;154;154;48;2;37;37;37m~[38;2;52;52;52;48;2;14;14;14m^[48;2;0;0;0m                                         [0m
[7m[38;2;0;0;0m [0m[38;2;0;0;0;48;2;0;0;0m                                                            [38;2;1;1;1m`[38;2;0;0;0;48;2;1;1;1m:[38;2;53;53;53;48;2;21;21;21m"[38;2;151;151;151;48;2;65;65;65m~[38;2;30;30;30;48;2;127;127;127my[38;2;25;25;25;48;2;110;110;110my[38;2;74;74;74;48;2;25;25;25m'[38;2;1;1;1;48;2;0;0;0m`                                                   [0m
[7m[38;2;0;0;0m [0m[38;2;0;0;0;48;2;0;0;0m                                                                                                                       [0m
[7m[38;2;0;0;0m [0m[38;2;0;0;0;48;2;0;0;0m                                                                                                                       [0m
[7m[38;2;0;0;0m [0m[38;2;0;0;0;48;2;0;0;0m                                                                                                                       [0m
[7m[38;2;0;0;0m [0m[38;2;0;0;0;48;2;0;0;0m                                                                                                                       [0m
[7m[38;2;0;0;0m [0m[38;2;0;0;0;48;2;0;0;0m                                                                                                                       [0m
[7m[38;2;0;0;0m [0m[38;2;0;0;0;48;2;0;0;0m                                                                                                                       [0m
[7m[38;2;0;0;0m [0m[38;2;0;0;0;48;2;0;0;0m                                                                                                                       [0m
[7m[38;2;0;0;0m [0m[38;2;0;0;0;48;2;0;0;0m                                                                                                                       [0m
[7m[38;2;0;0;0m [0m[38;2;0;0;0;48;2;0;0;0m                                                                                                                       [0m
[7m[38;2;0;0;0m [0m[38;2;0;0;0;48;2;0;0;0m                                                                                                                       [0m
[7m[38;2;0;0;0m [0m[38;2;0;0;0;48;2;0;0;0m                                                                                                                       [0m
[7m[38;2;0;0;0m [0m[38;2;0;0;0;48;2;0;0;0m                                                                                                                       [0m
[7m[38;2;0;0;0m [0m[38;2;0;0;0;48;2;0;0;0m                                                                                                                       [0m
[?25h