[?25l[0m[7m[38;2;0;0;0m [0m[38;2;0;0;0;48;2;0;0;0m                                                                                                                       [0m
[7m[38;2;0;0;0m [0m[38;2;0;0;0;48;2;0;0;0m                                                                                                                       [0m
[7m[38;2;0;0;0m [0m[38;2;0;0;0;48;2;0;0;0m                                                                                                                       [0m
[7m[38;2;0;0;0m [0m[38;2;0;0;0;48;2;0;0;0m                                                                                                                       [0m
[7m[38;2;0;0;0m [0m[38;2;0;0;0;48;2;0;0;0m                                                                                                                       [0m
[7m[38;2;0;0;0m [0m[38;2;0;0;0;48;2;0;0;0m                                                                                                                       [0m
[7m[38;2;0;0;0m [0m[38;2;0;0;0;48;2;0;0;0m                                                                                                                       [0m
[7m[38;2;0;0;0m [0m[38;2;0;0;0;48;2;0;0;0m                                                                                                                       [0m
[7m[38;2;0;0;0m [0m[38;2;0;0;0;48;2;0;0;0m                                                                                                                       [0m
[7m[38;2;0;0;0m [0m[38;2;0;0;0;48;2;0;0;0m                                                                                                                       [0m
[7m[38;2;0;0;0m [0m[38;2;0;0;0;48;2;0;0;0m                                                                                                                       [0m
[7m[38;2;0;0;0m [0m[38;2;0;0;0;48;2;0;0;0m                                                                                                                       [0m
[7m[38;2;0;0;0m [0m[38;2;0;0;0;48;2;0;0;0m                                                                                                                       [0m
[7m[38;2;0;0;0m [0m[38;2;0;0;0;48;2;0;0;0m                                                                                                                       [0m
[7m[38;2;0;0;0m [0m[38;2;0;0;0;48;2;0;0;0m                                                                                                                       [0m
[7m[38;2;0;0;0m [0m[38;2;0;0;0;48;2;0;0;0m                                                                                                                       [0m
[7m[38;2;0;0;0m [0m[38;2;0;0;0;48;2;0;0;0m                                                                                             [38;2;1;1;1m______                    [0m
[7m[38;2;0;0;0m [0m[38;2;0;0;0;48;2;0;0;0m                                                                                       [48;2;2;2;2m`[38;2;63;63;63;48;2;3;3;3m_[38;2;101;101;101;48;2;7;7;7m_[38;2;129;129;129;48;2;12;12;12m_[38;2;147;147;147;48;2;19;19;19m_[38;2;162;162;162;48;2;31;31;31m_[38;2;169;169;169;48;2;39;39;39m_[38;2;177;177;177;48;2;49;49;49m_[38;2;184;184;184;48;2;57;57;57m__[38;2;181;181;181;48;2;53;53;53m_[38;2;172;172;172;48;2;43;43;43m_[38;2;152;152;152;48;2;24;24;24m_[38;2;103;103;103;48;2;9;9;9m_[38;2;41;41;41;48;2;2;2;2m_[38;2;3;3;3;48;2;0;0;0m_                [0m
[7m[38;2;0;0;0m [0m[38;2;0;0;0;48;2;0;0;0m                                                                                      [48;2;9;9;9m`[38;2;103;103;103;48;2;70;70;70ma[38;2;94;94;94;48;2;181;181;181m~[38;2;150;150;150;48;2;221;221;221m~[38;2;188;188;188;48;2;235;235;235m~[38;2;194;194;194;48;2;240;240;240m`[38;2;210;210;210;48;2;247;247;247m`[38;2;215;215;215;48;2;248;248;248m`[38;2;218;218;218m`[38;2;221;221;221m``[38;2;219;219;219m`[38;2;216;216;216;48;2;247;247;247m`[38;2;199;199;199;48;2;242;242;242m`[38;2;159;159;159;48;2;222;222;222m~[38;2;73;73;73;48;2;192;192;192m~[38;2;9;9;9;48;2;150;150;150m~[38;2;223;223;223;48;2;79;79;79m_[38;2;164;164;164;48;2;40;40;40m_[38;2;83;83;83;48;2;16;16;16m_[38;2;17;17;17;48;2;2;2;2m_[48;2;0;0;0m            [0m
[7m[38;2;0;0;0m [0m[38;2;0;0;0;48;2;0;0;0m                                                                                       [38;2;51;51;51;48;2;20;20;20m`[38;2;67;67;67;48;2;116;116;116mg[38;2;139;139;139;48;2;202;202;202m_[38;2;222;222;222;48;2;243;243;243m_[38;2;248;248;248;48;2;250;250;250m,[48;2;252;252;252m [38;2;253;253;253m'     [38;2;252;252;252;48;2;251;251;251m:[38;2;250;250;250m`[48;2;252;252;252m [38;2;253;253;253;48;2;251;251;251m~[38;2;243;243;243;48;2;250;250;250m`[38;2;204;204;204;48;2;240;240;240m"[38;2;161;161;161;48;2;229;229;229m~[38;2;111;111;111;48;2;200;200;200m~[38;2;214;214;214;48;2;128;128;128my[38;2;210;210;210;48;2;85;85;85m_[38;2;162;162;162;48;2;40;40;40m_[38;2;122;122;122;48;2;11;11;11m_[38;2;70;70;70;48;2;2;2;2m_[38;2;15;15;15;48;2;0;0;0m_      [0m
[7m[38;2;0;0;0m [0m[38;2;0;0;0;48;2;0;0;0m                                                                                        [38;2;13;13;13;48;2;4;4;4m`[38;2;90;90;90;48;2;43;43;43m~[38;2;99;99;99;48;2;151;151;151my[38;2;154;154;154;48;2;216;216;216m_[38;2;223;223;223;48;2;244;244;244m_[38;2;247;247;247;48;2;250;250;250m,[48;2;251;251;251m [38;2;252;252;252m.[48;2;252;252;252m        [48;2;251;251;251m.: [38;2;249;249;249m`[38;2;231;231;231;48;2;249;249;249m`[38;2;204;204;204;48;2;244;244;244m`[38;2;187;187;187;48;2;232;232;232m~[38;2;117;117;117;48;2;206;206;206m~[38;2;38;38;38;48;2;171;171;171m~[38;2;2;2;2;48;2;127;127;127m~[38;2;204;204;204;48;2;60;60;60m_[38;2;146;146;146;48;2;32;32;32m_[38;2;77;77;77;48;2;14;14;14m_[38;2;16;16;16;48;2;2;2;2m_[48;2;0;0;0m [0m
[7m[38;2;0;0;0m [0m[38;2;0;0;0;48;2;0;0;0m                                                                                          [38;2;21;21;21;48;2;7;7;7m`[38;2;112;112;112;48;2;44;44;44m~[38;2;71;71;71;48;2;141;141;141my[38;2;121;121;121;48;2;203;203;203m_[38;2;195;195;195;48;2;238;238;238m_[38;2;228;228;228;48;2;248;248;248m_[38;2;242;242;242;48;2;251;251;251m_[38;2;249;249;249m_  [48;2;252;252;252m         [38;2;252;252;252;48;2;251;251;251m:  [38;2;253;253;253m`[48;2;252;252;252m~[38;2;229;229;229;48;2;247;247;247m`[38;2;191;191;191;48;2;237;237;237m"[38;2;148;148;148;48;2;222;222;222m~[38;2;97;97;97;48;2;191;191;191m~[38;2;211;211;211;48;2;119;119;119my[0m
[7m[38;2;0;0;0m [0m[38;2;0;0;0;48;2;0;0;0m                                                                                            [38;2;17;17;17;48;2;3;3;3m`[38;2;75;75;75;48;2;20;20;20m"[38;2;130;130;130;48;2;48;48;48m~[38;2;32;32;32;48;2;110;110;110my[38;2;68;68;68;48;2;150;150;150my[48;2;179;179;179m_[38;2;108;108;108;48;2;207;207;207m_[38;2;136;136;136;48;2;223;223;223m_[38;2;174;174;174;48;2;236;236;236m_[38;2;206;206;206;48;2;244;244;244m_[38;2;230;230;230;48;2;248;248;248m_[38;2;243;243;243;48;2;250;250;250m_[38;2;249;249;249;48;2;251;251;251m_ [38;2;252;252;252m..[48;2;252;252;252m        [48;2;251;251;251m::[38;2;251;251;251;48;2;252;252;252m`[0m
[7m[38;2;0;0;0m [0m[38;2;0;0;0;48;2;0;0;0m                                                                                             [38;2;1;1;1m`~  [38;2;14;14;14;48;2;3;3;3m`[38;2;47;47;47;48;2;14;14;14m~[38;2;78;78;78;48;2;24;24;24m~[38;2;124;124;124;48;2;42;42;42m~[38;2;168;168;168;48;2;73;73;73m~[38;2;62;62;62;48;2;138;138;138my[38;2;39;39;39;48;2;158;158;158m_[38;2;73;73;73;48;2;185;185;185m_[38;2;124;124;124;48;2;213;213;213m_[38;2;166;166;166;48;2;230;230;230m_[38;2;191;191;191;48;2;238;238;238m_[38;2;217;217;217;48;2;245;245;245m_[38;2;238;238;238;48;2;250;250;250m_[38;2;246;246;246;48;2;252;252;252m_[38;2;249;249;249m_[38;2;250;250;250m_      [0m
[7m[38;2;0;0;0m [0m[38;2;0;0;0;48;2;0;0;0m                                                                                                  [38;2;1;1;1m``  [38;2;8;8;8;48;2;1;1;1m`[38;2;26;26;26;48;2;3;3;3m`[38;2;40;40;40;48;2;9;9;9m~[38;2;76;76;76;48;2;18;18;18m~[38;2;109;109;109;48;2;35;35;35m~[38;2;136;136;136;48;2;52;52;52m~[38;2;36;36;36;48;2;105;105;105my[38;2;78;78;78;48;2;145;145;145my[38;2;75;75;75;48;2;170;170;170m_[38;2;95;95;95;48;2;186;186;186m_[38;2;126;126;126;48;2;206;206;206m_[38;2;162;162;162;48;2;227;227;227m_[38;2;191;191;191;48;2;238;238;238m_[38;2;212;212;212;48;2;245;245;245m_[38;2;230;230;230;48;2;249;249;249m_[38;2;244;244;244;48;2;251;251;251m_[38;2;250;250;250m_[0m
[7m[38;2;0;0;0m [0m[38;2;0;0;0;48;2;0;0;0m                                                                                                             [38;2;6;6;6;48;2;2;2;2m`[38;2;26;26;26;48;2;7;7;7m~[38;2;51;51;51;48;2;13;13;13m~[38;2;82;82;82;48;2;27;27;27m~[38;2;116;116;116;48;2;46;46;46m~[38;2;151;151;151;48;2;71;71;71m~[38;2;54;54;54;48;2;120;120;120my[38;2;44;44;44;48;2;144;144;144m_[38;2;82;82;82;48;2;176;176;176m_[38;2;108;108;108;48;2;193;193;193m_[0m
[7m[38;2;0;0;0m [0m[38;2;0;0;0;48;2;0;0;0m                                                                                                                  [38;2;2;2;2m`[38;2;8;8;8;48;2;1;1;1m`[38;2;33;33;33;48;2;4;4;4m`[38;2;50;50;50;48;2;12;12;12m~[38;2;72;72;72;48;2;20;20;20m~[0m
[7m[38;2;0;0;0m [0m[38;2;0;0;0;48;2;0;0;0m                                                                                                                       [0m
[7m[38;2;0;0;0m [0m[38;2;0;0;0;48;2;0;0;0m                                                                                                                       [0m
[7m[38;2;0;0;0m [0m[38;2;0;0;0;48;2;0;0;0m                                                                                                                       [0m
[7m[38;2;0;0;0m [0m[38;2;0;0;0;48;2;0;0;0m                                                                                                                       [0m
[7m[38;2;0;0;0m [0m[38;2;0;0;0;48;2;0;0;0m                                                                                                                       [0m
[7m[38;2;0;0;0m [0m[38;2;0;0;0;48;2;0;0;0m                                                                                                                       [0m
[7m[38;2;0;0;0m [0m[38;2;0;0;0;48;2;0;0;0m                                                                                                                       [0m
[7m[38;2;0;0;0m [0m[38;2;0;0;0;48;2;0;0;0m                                                                                                                       [0m
[7m[38;2;0;0;0m [0m[38;2;0;0;0;48;2;0;0;0m                                                                                                                       [0m
[?25h