[?25l[0m[7m[38;2;0;0;0m [0m[38;2;0;0;0;48;2;0;0;0m                                                                                                                       [0m
[7m[38;2;0;0;0m [0m[38;2;0;0;0;48;2;0;0;0m                                                                                                                       [0m
[7m[38;2;0;0;0m [0m[38;2;0;0;0;48;2;0;0;0m                                                                                                                       [0m
[7m[38;2;0;0;0m [0m[38;2;0;0;0;48;2;0;0;0m                                                                                                                       [0m
[7m[38;2;0;0;0m [0m[38;2;0;0;0;48;2;0;0;0m                                                                                                                       [0m
[7m[38;2;0;0;0m [0m[38;2;0;0;0;48;2;0;0;0m                                                                                                                       [0m
[7m[38;2;0;0;0m [0m[38;2;0;0;0;48;2;0;0;0m                                                                                                                       [0m
[7m[38;2;0;0;0m [0m[38;2;0;0;0;48;2;0;0;0m                                                                                                                       [0m
[7m[38;2;0;0;0m [0m[38;2;0;0;0;48;2;0;0;0m                                                                                                                       [0m
[7m[38;2;0;0;0m [0m[38;2;0;0;0;48;2;0;0;0m                                                                                                                       [0m
[7m[38;2;0;0;0m [0m[38;2;0;0;0;48;2;0;0;0m                                                                                                                       [0m
[7m[38;2;0;0;0m [0m[38;2;0;0;0;48;2;0;0;0m                                                                                                                       [0m
[7m[38;2;0;0;0m [0m[38;2;0;0;0;48;2;0;0;0m                                                                                                                       [0m
[7m[38;2;0;0;0m [0m[38;2;0;0;0;48;2;0;0;0m                                                                                           [38;2;1;1;1m__                   [38;2;7;7;7m_[38;2;35;35;35;48;2;2;2;2m_[38;2;62;62;62;48;2;5;5;5m_[38;2;75;75;75;48;2;8;8;8m_[38;2;76;76;76m___[0m
[7m[38;2;0;0;0m [0m[38;2;0;0;0;48;2;0;0;0m                                                                                  [48;2;2;2;2m`[38;2;44;44;44;48;2;8;8;8m_[38;2;84;84;84;48;2;18;18;18m_[38;2;132;132;132;48;2;29;29;29m_[38;2;169;169;169;48;2;38;38;38m_[38;2;194;194;194;48;2;44;44;44m_[38;2;190;190;190;48;2;43;43;43m_[38;2;177;177;177;48;2;40;40;40m_[38;2;158;158;158;48;2;36;36;36m_[38;2;136;136;136;48;2;31;31;31m_[38;2;115;115;115;48;2;26;26;26m_[38;2;96;96;96;48;2;21;21;21m_[38;2;80;80;80;48;2;18;18;18m_[38;2;63;63;63;48;2;14;14;14m_[38;2;43;43;43;48;2;8;8;8m_[38;2;27;27;27;48;2;4;4;4m_[38;2;14;14;14;48;2;2;2;2m_[38;2;4;4;4;48;2;0;0;0m,  [38;2;1;1;1m+=== [38;2;0;0;0;48;2;2;2;2m`[38;2;51;51;51;48;2;14;14;14m_[38;2;111;111;111;48;2;37;37;37m_[38;2;176;176;176;48;2;68;68;68m_[38;2;181;181;181;48;2;94;94;94my[38;2;29;29;29;48;2;160;160;160m~[38;2;61;61;61;48;2;186;186;186m~[38;2;94;94;94;48;2;206;206;206m~[38;2;112;112;112;48;2;214;214;214m~[38;2;115;115;115m~[38;2;114;114;114m~~[0m
[7m[38;2;0;0;0m [0m[38;2;0;0;0;48;2;0;0;0m                                                                               [48;2;2;2;2m`[38;2;38;38;38;48;2;16;16;16my[38;2;97;97;97;48;2;50;50;50my[38;2;160;160;160;48;2;105;105;105my[38;2;104;104;104;48;2;182;182;182m~[38;2;151;151;151;48;2;220;220;220m~[38;2;188;188;188;48;2;237;237;237m~[38;2;210;210;210;48;2;243;243;243m~[38;2;224;224;224;48;2;246;246;246m~[38;2;222;222;222;48;2;245;245;245m~[38;2;215;215;215;48;2;244;244;244m~[38;2;206;206;206;48;2;241;241;241m~[38;2;195;195;195;48;2;239;239;239m~[38;2;186;186;186;48;2;237;237;237m~[38;2;179;179;179;48;2;236;236;236m~[38;2;174;174;174m~[38;2;170;170;170;48;2;235;235;235m~[38;2;164;164;164;48;2;234;234;234m~[38;2;158;158;158;48;2;230;230;230m~[38;2;150;150;150;48;2;225;225;225m~[38;2;138;138;138;48;2;218;218;218m~[38;2;127;127;127;48;2;210;210;210m~[38;2;115;115;115;48;2;202;202;202m~[38;2;103;103;103;48;2;194;194;194m~[38;2;89;89;89;48;2;186;186;186m~[38;2;228;228;228;48;2;147;147;147my[38;2;225;225;225;48;2;136;136;136my[38;2;223;223;223;48;2;127;127;127my[38;2;224;224;224;48;2;133;133;133my[38;2;228;228;228;48;2;154;154;154my[38;2;135;135;135;48;2;202;202;202m~[38;2;193;193;193;48;2;230;230;230m~[38;2;241;241;241;48;2;248;248;248m"[38;2;254;254;254;48;2;253;253;253m`[48;2;252;252;252m`[38;2;253;253;253m.[38;2;250;250;250;48;2;251;251;251m`[38;2;249;249;249m~~~[0m
[7m[38;2;0;0;0m [0m[38;2;0;0;0;48;2;0;0;0m                                                                               [48;2;2;2;2m:[38;2;44;44;44;48;2;18;18;18m~[38;2;111;111;111;48;2;58;58;58m~[38;2;38;38;38;48;2;128;128;128m_[38;2;94;94;94;48;2;190;190;190m_[38;2;147;147;147;48;2;229;229;229m_[38;2;198;198;198;48;2;243;243;243m_[38;2;235;235;235;48;2;249;249;249m_[38;2;249;249;249;48;2;251;251;251m_[38;2;253;253;253;48;2;252;252;252m===[38;2;250;250;250m_[38;2;247;247;247;48;2;251;251;251m_[38;2;239;239;239;48;2;250;250;250m_[38;2;237;237;237m_[38;2;233;233;233;48;2;249;249;249m_[38;2;225;225;225;48;2;248;248;248m_[38;2;226;226;226m_[38;2;223;223;223;48;2;247;247;247m_[38;2;214;214;214;48;2;245;245;245m_[38;2;208;208;208;48;2;244;244;244m_[38;2;201;201;201;48;2;243;243;243m_[38;2;197;197;197;48;2;242;242;242m_[38;2;191;191;191;48;2;241;241;241m_[38;2;192;192;192m_[38;2;197;197;197;48;2;243;243;243m_[38;2;200;200;200;48;2;244;244;244m_[38;2;219;219;219;48;2;247;247;247m_[38;2;244;244;244;48;2;251;251;251m_[48;2;253;253;253m [38;2;253;253;253;48;2;252;252;252m::[38;2;254;254;254m_[48;2;251;251;251m_[38;2;228;228;228;48;2;248;248;248m_[38;2;195;195;195;48;2;243;243;243m_[38;2;188;188;188;48;2;242;242;242m_[38;2;196;196;196;48;2;243;243;243m_[38;2;199;199;199;48;2;244;244;244m_[0m
[7m[38;2;0;0;0m [0m[38;2;0;0;0;48;2;0;0;0m                                                                                  [38;2;8;8;8;48;2;2;2;2m`[38;2;53;53;53;48;2;13;13;13m~[38;2;99;99;99;48;2;27;27;27m~[38;2;151;151;151;48;2;42;42;42m~[38;2;189;189;189;48;2;54;54;54m~[38;2;204;204;204;48;2;60;60;60m~[38;2;207;207;207;48;2;61;61;61m~~~[38;2;206;206;206;48;2;62;62;62m~[38;2;203;203;203;48;2;59;59;59m~[38;2;196;196;196;48;2;54;54;54m~[38;2;193;193;193;48;2;53;53;53m~[38;2;189;189;189;48;2;50;50;50m~[38;2;181;181;181;48;2;46;46;46m~[38;2;182;182;182;48;2;47;47;47m~[38;2;179;179;179;48;2;45;45;45m~[38;2;170;170;170;48;2;41;41;41m~[38;2;163;163;163;48;2;39;39;39m~[38;2;157;157;157;48;2;38;38;38m~[38;2;152;152;152;48;2;37;37;37m~[38;2;146;146;146;48;2;35;35;35m~[48;2;36;36;36m~[38;2;152;152;152;48;2;38;38;38m~[38;2;155;155;155;48;2;41;41;41m~[38;2;173;173;173;48;2;49;49;49m~[38;2;201;201;201;48;2;69;69;69m~[38;2;211;211;211;48;2;74;74;74m~[48;2;76;76;76m~[38;2;212;212;212;48;2;80;80;80m~[38;2;216;216;216;48;2;91;91;91m~[38;2;38;38;38;48;2;135;135;135my[38;2;193;193;193;48;2;73;73;73m~[38;2;152;152;152;48;2;38;38;38m~[38;2;143;143;143;48;2;35;35;35m~[38;2;150;150;150;48;2;37;37;37m~[38;2;154;154;154m~[0m
[7m[38;2;0;0;0m [0m[38;2;0;0;0;48;2;0;0;0m                                                                                                                [38;2;1;1;1m`      [0m
[7m[38;2;0;0;0m [0m[38;2;0;0;0;48;2;0;0;0m                                                                                                                       [0m
[7m[38;2;0;0;0m [0m[38;2;0;0;0;48;2;0;0;0m                                                                                                                       [0m
[7m[38;2;0;0;0m [0m[38;2;0;0;0;48;2;0;0;0m                                                                                                                       [0m
[7m[38;2;0;0;0m [0m[38;2;0;0;0;48;2;0;0;0m                                                                                                                       [0m
[7m[38;2;0;0;0m [0m[38;2;0;0;0;48;2;0;0;0m                                                                                                                       [0m
[7m[38;2;0;0;0m [0m[38;2;0;0;0;48;2;0;0;0m                                                                                                                       [0m
[7m[38;2;0;0;0m [0m[38;2;0;0;0;48;2;0;0;0m                                                                                                                       [0m
[7m[38;2;0;0;0m [0m[38;2;0;0;0;48;2;0;0;0m                                                                                                                       [0m
[7m[38;2;0;0;0m [0m[38;2;0;0;0;48;2;0;0;0m                                                                                                                       [0m
[7m[38;2;0;0;0m [0m[38;2;0;0;0;48;2;0;0;0m                                                                                                                       [0m
[7m[38;2;0;0;0m [0m[38;2;0;0;0;48;2;0;0;0m                                                                                                                       [0m
[7m[38;2;0;0;0m [0m[38;2;0;0;0;48;2;0;0;0m                                                                                                                       [0m
[7m[38;2;0;0;0m [0m[38;2;0;0;0;48;2;0;0;0m                                                                                                                       [0m
[7m[38;2;0;0;0m [0m[38;2;0;0;0;48;2;0;0;0m                                                                                                                       [0m
[7m[38;2;0;0;0m [0m[38;2;0;0;0;48;2;0;0;0m                                                                                                                       [0m
[7m[38;2;0;0;0m [0m[38;2;0;0;0;48;2;0;0;0m                                                                                                                       [0m
[7m[38;2;0;0;0m [0m[38;2;0;0;0;48;2;0;0;0m                                                                                                                       [0m
[?25h