[?25l[0m[7m[38;2;252;252;252m [0m[38;2;0;0;0;48;2;252;252;252m                                                                        [48;2;251;251;251m [38;2;254;254;254;48;2;249;249;249m`[38;2;173;173;173;48;2;209;209;209m~[38;2;113;113;113;48;2;67;67;67mL[38;2;13;13;13;48;2;3;3;3m,[48;2;0;0;0m          [38;2;0;0;0;48;2;31;31;31m`[38;2;118;118;118;48;2;157;157;157m~[38;2;220;220;220;48;2;231;231;231m~[38;2;248;248;248;48;2;247;247;247m`[38;2;250;250;250;48;2;251;251;251mL[48;2;252;252;252m                           [0m
[7m[38;2;252;252;252m [0m[38;2;0;0;0;48;2;252;252;252m                              [38;2;252;252;252;48;2;251;251;251m:[48;2;252;252;252m                                         [48;2;251;251;251m :[38;2;251;251;251;48;2;242;242;242m'[38;2;135;135;135;48;2;118;118;118ml[38;2;34;34;34;48;2;19;19;19mL[48;2;0;0;0m         [38;2;0;0;0;48;2;3;3;3m:[38;2;42;42;42;48;2;61;61;61m'[38;2;179;179;179;48;2;195;195;195mF[38;2;236;236;236;48;2;242;242;242mF[38;2;247;247;247;48;2;250;250;250m~[48;2;251;251;251m [48;2;252;252;252m                           [0m
[7m[38;2;252;252;252m [0m[38;2;0;0;0;48;2;252;252;252m                                                                        [48;2;251;251;251m [48;2;252;252;252m [38;2;247;247;247;48;2;229;229;229m`[38;2;139;139;139;48;2;112;112;112mF[38;2;35;35;35;48;2;21;21;21mF[48;2;0;0;0m         [38;2;0;0;0;48;2;4;4;4m:[38;2;48;48;48;48;2;62;62;62m:[38;2;178;178;178;48;2;196;196;196mL[38;2;241;241;241;48;2;246;246;246mL[38;2;252;252;252;48;2;253;253;253m_ [38;2;253;253;253;48;2;252;252;252m|                          [0m
[7m[38;2;252;252;252m [0m[38;2;0;0;0;48;2;252;252;252m                                                                        [38;2;253;253;253;48;2;251;251;251m.[38;2;226;226;226;48;2;244;244;244m_[38;2;152;152;152;48;2;192;192;192m_[38;2;110;110;110;48;2;85;85;85mF[38;2;26;26;26;48;2;15;15;15mF[48;2;0;0;0m         [38;2;0;0;0;48;2;1;1;1m:[38;2;20;20;20;48;2;35;35;35m:[38;2;170;170;170;48;2;139;139;139m"[38;2;219;219;219;48;2;233;233;233mL[38;2;250;250;250;48;2;251;251;251m,[48;2;252;252;252m                            [0m
[7m[38;2;252;252;252m [0m[38;2;0;0;0;48;2;252;252;252m                                                                     [38;2;252;252;252;48;2;251;251;251m:[38;2;253;253;253;48;2;252;252;252m_[38;2;254;254;254;48;2;251;251;251m:[38;2;209;209;209;48;2;235;235;235m_[38;2;153;153;153;48;2;184;184;184my[38;2;139;139;139;48;2;100;100;100m~[38;2;66;66;66;48;2;42;42;42m~[38;2;13;13;13;48;2;5;5;5m~[48;2;0;0;0m          [38;2;4;4;4;48;2;15;15;15m.[38;2;98;98;98;48;2;70;70;70m~[38;2;140;140;140;48;2;173;173;173my[38;2;213;213;213;48;2;235;235;235m_[38;2;247;247;247;48;2;251;251;251m,[48;2;252;252;252m                           [0m
[7m[38;2;252;252;252m [0m[38;2;0;0;0;48;2;252;252;252m                                                                    [38;2;252;252;252;48;2;251;251;251m:[38;2;253;253;253m.[38;2;217;217;217;48;2;243;243;243m_[38;2;166;166;166;48;2;211;211;211m_[38;2;194;194;194;48;2;150;150;150m~[38;2;130;130;130;48;2;95;95;95m~[38;2;65;65;65;48;2;43;43;43m~[38;2;17;17;17;48;2;11;11;11m^[38;2;0;0;0;48;2;1;1;1m.[48;2;0;0;0m          [48;2;1;1;1m:[38;2;30;30;30;48;2;20;20;20m`[38;2;101;101;101;48;2;77;77;77m~[38;2;133;133;133;48;2;165;165;165my[38;2;192;192;192;48;2;229;229;229m_[38;2;241;241;241;48;2;250;250;250m,[38;2;253;253;253;48;2;252;252;252m,                         [0m
[7m[38;2;252;252;252m [0m[38;2;0;0;0;48;2;252;252;252m                                                                    [38;2;252;252;252;48;2;251;251;251m:[38;2;253;253;253;48;2;249;249;249m:[38;2;208;208;208;48;2;222;222;222m4[38;2;199;199;199;48;2;154;154;154m_[38;2;118;118;118;48;2;96;96;96m_[38;2;63;63;63;48;2;50;50;50m_[38;2;18;18;18;48;2;12;12;12m~[38;2;1;1;1;48;2;0;0;0m~__   [38;2;6;6;6m_[38;2;10;10;10m_[38;2;8;8;8m_[38;2;3;3;3m_[38;2;1;1;1m__ [38;2;0;0;0;48;2;3;3;3m.[38;2;34;34;34;48;2;14;14;14m~[38;2;80;80;80;48;2;49;49;49m~[38;2;157;157;157;48;2;109;109;109m~[38;2;150;150;150;48;2;192;192;192my[38;2;204;204;204;48;2;234;234;234m_[38;2;243;243;243;48;2;250;250;250m,[38;2;252;252;252;48;2;251;251;251m:[48;2;252;252;252m                       [0m
[7m[38;2;252;252;252m [0m[38;2;0;0;0;48;2;252;252;252m                                                                      [38;2;253;253;253;48;2;251;251;251m`[38;2;219;219;219;48;2;242;242;242m`[38;2;164;164;164;48;2;215;215;215m~[38;2;197;197;197;48;2;144;144;144my[38;2;199;199;199;48;2;96;96;96m_[38;2;172;172;172;48;2;63;63;63m_[38;2;148;148;148;48;2;55;55;55m_[38;2;140;140;140;48;2;52;52;52m_[38;2;139;139;139;48;2;49;49;49m_[48;2;50;50;50m_[38;2;146;146;146;48;2;60;60;60m_[38;2;164;164;164;48;2;80;80;80m_[38;2;188;188;188;48;2;102;102;102m_[38;2;182;182;182;48;2;112;112;112my[38;2;188;188;188;48;2;113;113;113mg[38;2;184;184;184;48;2;98;98;98mg[38;2;181;181;181;48;2;83;83;83my[38;2;168;168;168;48;2;74;74;74my[38;2;171;171;171;48;2;79;79;79my[38;2;189;189;189;48;2;101;101;101my[38;2;61;61;61;48;2;165;165;165m~[38;2;113;113;113;48;2;198;198;198m~[38;2;164;164;164;48;2;222;222;222m~[38;2;218;218;218;48;2;238;238;238m"[38;2;245;245;245;48;2;249;249;249m~[48;2;252;252;252m                        [0m
[7m[38;2;252;252;252m [0m[38;2;0;0;0;48;2;252;252;252m                                                                       [48;2;251;251;251m [38;2;252;252;252m:[38;2;242;242;242;48;2;250;250;250m`[38;2;226;226;226;48;2;247;247;247m`[38;2;214;214;214;48;2;242;242;242m~[38;2;189;189;189;48;2;234;234;234m~[38;2;178;178;178;48;2;229;229;229m~[38;2;177;177;177m~~[38;2;181;181;181;48;2;231;231;231m~[38;2;196;196;196;48;2;237;237;237m~[38;2;218;218;218;48;2;244;244;244m~[38;2;238;238;238;48;2;249;249;249m~[38;2;245;245;245;48;2;251;251;251m`[38;2;248;248;248m`[38;2;244;244;244m`[38;2;242;242;242;48;2;250;250;250m`[38;2;243;243;243m`[38;2;245;245;245;48;2;251;251;251m`[38;2;251;251;251;48;2;252;252;252m- [38;2;252;252;252;48;2;251;251;251m: :[48;2;252;252;252m                        [0m
[7m[38;2;252;252;252m [0m[38;2;0;0;0;48;2;252;252;252m                                                      [38;2;252;252;252;48;2;251;251;251m:[48;2;252;252;252m                     [38;2;250;250;250;48;2;251;251;251m`~```  [48;2;252;252;252m                                    [0m
[7m[38;2;252;252;252m [0m[38;2;0;0;0;48;2;252;252;252m                                                                                                                       [0m
[7m[38;2;252;252;252m [0m[38;2;0;0;0;48;2;252;252;252m                                                                                                                       [0m
[7m[38;2;252;252;252m [0m[38;2;0;0;0;48;2;252;252;252m                                                                                                                       [0m
[7m[38;2;252;252;252m [0m[38;2;0;0;0;48;2;252;252;252m                                                                                                                       [0m
[7m[38;2;252;252;252m [0m[38;2;0;0;0;48;2;252;252;252m                                                                                                                       [0m
[7m[38;2;252;252;252m [0m[38;2;0;0;0;48;2;252;252;252m                                                                                                                       [0m
[7m[38;2;252;252;252m [0m[38;2;0;0;0;48;2;252;252;252m                                                                                                                       [0m
[7m[38;2;252;252;252m [0m[38;2;0;0;0;48;2;252;252;252m                                                                                                                       [0m
[7m[38;2;252;252;252m [0m[38;2;0;0;0;48;2;252;252;252m                                                                                                                       [0m
[7m[38;2;252;252;252m [0m[38;2;0;0;0;48;2;252;252;252m                                                                                                                       [0m
[7m[38;2;252;252;252m [0m[38;2;0;0;0;48;2;252;252;252m                                                                                                                       [0m
[7m[38;2;252;252;252m [0m[38;2;0;0;0;48;2;252;252;252m                                                                                                                       [0m
[7m[38;2;252;252;252m [0m[38;2;0;0;0;48;2;252;252;252m                                                                                                                       [0m
[7m[38;2;252;252;252m [0m[38;2;0;0;0;48;2;252;252;252m                                                                                                                       [0m
[7m[38;2;252;252;252m [0m[38;2;0;0;0;48;2;252;252;252m                                                                                                                       [0m
[7m[38;2;252;252;252m [0m[38;2;0;0;0;48;2;252;252;252m                                                                                                                       [0m
[7m[38;2;252;252;252m [0m[38;2;0;0;0;48;2;252;252;252m                                                                                                                       [0m
[7m[38;2;252;252;252m [0m[38;2;0;0;0;48;2;252;252;252m                                                                                                                       [0m
[7m[38;2;252;252;252m [0m[38;2;0;0;0;48;2;252;252;252m                                                                                                                       [0m
[7m[38;2;252;252;252m [0m[38;2;0;0;0;48;2;252;252;252m                                                                                                                       [0m
[7m[38;2;252;252;252m [0m[38;2;0;0;0;48;2;252;252;252m                                                                                                                       [0m
[7m[38;2;252;252;252m [0m[38;2;0;0;0;48;2;252;252;252m                                                                                                                       [0m
[7m[38;2;252;252;252m [0m[38;2;0;0;0;48;2;252;252;252m                                                                                                                       [0m
[7m[38;2;252;252;252m [0m[38;2;0;0;0;48;2;252;252;252m                                                                                                                       [0m
[7m[38;2;252;252;252m [0m[38;2;0;0;0;48;2;252;252;252m                                                                                                                       [0m
[7m[38;2;252;252;252m [0m[38;2;0;0;0;48;2;252;252;252m                                                                                                                       [0m
[?25h