[?25l[0m[7m[38;2;252;252;252m [0m[38;2;0;0;0;48;2;252;252;252m                                                                                                                       [0m
[7m[38;2;252;252;252m [0m[38;2;0;0;0;48;2;252;252;252m                                                                                                                       [0m
[7m[38;2;252;252;252m [0m[38;2;0;0;0;48;2;252;252;252m                                                                                                                       [0m
[7m[38;2;252;252;252m [0m[38;2;0;0;0;48;2;252;252;252m                                                                                                                       [0m
[7m[38;2;252;252;252m [0m[38;2;0;0;0;48;2;252;252;252m                                                                                                                       [0m
[7m[38;2;252;252;252m [0m[38;2;0;0;0;48;2;252;252;252m                                                                                                                       [0m
[7m[38;2;252;252;252m [0m[38;2;0;0;0;48;2;252;252;252m                                                                                                                       [0m
[7m[38;2;252;252;252m [0m[38;2;0;0;0;48;2;252;252;252m                                                                                                                       [0m
[7m[38;2;252;252;252m [0m[38;2;0;0;0;48;2;252;252;252m                                                                                                                       [0m
[7m[38;2;252;252;252m [0m[38;2;0;0;0;48;2;252;252;252m                                                                                                                       [0m
[7m[38;2;252;252;252m [0m[38;2;0;0;0;48;2;252;252;252m                                                                                                                       [0m
[7m[38;2;252;252;252m [0m[38;2;0;0;0;48;2;252;252;252m                                                                                                                       [0m
[7m[38;2;252;252;252m [0m[38;2;0;0;0;48;2;252;252;252m                                                                                                                       [0m
[7m[38;2;252;252;252m [0m[38;2;0;0;0;48;2;252;252;252m                                                                                                                       [0m
[7m[38;2;252;252;252m [0m[38;2;0;0;0;48;2;252;252;252m                                                                                                                       [0m
[7m[38;2;252;252;252m [0m[38;2;0;0;0;48;2;252;252;252m                                                                                                                       [0m
[7m[38;2;252;252;252m [0m[38;2;0;0;0;48;2;252;252;252m                                                                                                                       [0m
[7m[38;2;252;252;252m [0m[38;2;0;0;0;48;2;252;252;252m                                                                                                                       [0m
[7m[38;2;252;252;252m [0m[38;2;0;0;0;48;2;252;252;252m                                                                                                                       [0m
[7m[38;2;252;252;252m [0m[38;2;0;0;0;48;2;252;252;252m                                                                                                                       [0m
[7m[38;2;252;252;252m [0m[38;2;0;0;0;48;2;252;252;252m                                                                                                                       [0m
[7m[38;2;252;252;252m [0m[38;2;0;0;0;48;2;252;252;252m                                                                                                                       [0m
[7m[38;2;252;252;252m [0m[38;2;0;0;0;48;2;252;252;252m                                                                                                                       [0m
[7m[38;2;252;252;252m [0m[38;2;0;0;0;48;2;252;252;252m                                                                                                                       [0m
[7m[38;2;252;252;252m [0m[38;2;0;0;0;48;2;252;252;252m                                                                                                                       [0m
[7m[38;2;252;252;252m [0m[38;2;0;0;0;48;2;252;252;252m                                                          [38;2;245;245;245m_[38;2;239;239;239;48;2;251;251;251m_[38;2;242;242;242m_[38;2;248;248;248m_[38;2;252;252;252m:[48;2;252;252;252m                                                        [0m
[7m[38;2;252;252;252m [0m[38;2;0;0;0;48;2;252;252;252m                 [38;2;252;252;252;48;2;251;251;251m:.[48;2;250;250;250m`[38;2;234;234;234m_[38;2;247;247;247;48;2;251;251;251m_[38;2;252;252;252m;[38;2;250;250;250m_[48;2;252;252;252m                               [38;2;252;252;252;48;2;251;251;251m:[38;2;249;249;249m_[38;2;253;253;253;48;2;244;244;244m'[38;2;162;162;162;48;2;191;191;191my[38;2;58;58;58;48;2;131;131;131my[38;2;101;101;101;48;2;154;154;154my[38;2;222;222;222;48;2;231;231;231mr[38;2;252;252;252;48;2;250;250;250m`[48;2;251;251;251m`.[48;2;252;252;252m                                [38;2;253;253;253m,[38;2;239;239;239;48;2;250;250;250m_[38;2;202;202;202;48;2;246;246;246m_[38;2;226;226;226;48;2;249;249;249m_[38;2;249;249;249;48;2;251;251;251m_[48;2;252;252;252m                 [0m
[7m[38;2;252;252;252m [0m[38;2;0;0;0;48;2;252;252;252m                [38;2;252;252;252;48;2;251;251;251m:\[38;2;218;218;218;48;2;230;230;230mu[38;2;229;229;229;48;2;136;136;136m~[38;2;206;206;206;48;2;90;90;90m~[38;2;13;13;13;48;2;165;165;165m_[38;2;81;81;81;48;2;218;218;218m_[38;2;176;176;176;48;2;236;236;236m_[38;2;244;244;244;48;2;250;250;250m,[38;2;252;252;252;48;2;251;251;251m`.[48;2;252;252;252m                          [48;2;251;251;251m`[38;2;244;244;244m_[38;2;213;213;213;48;2;245;245;245m_[38;2;106;106;106;48;2;218;218;218m_[38;2;18;18;18;48;2;168;168;168m_[38;2;155;155;155;48;2;60;60;60m~[38;2;45;45;45;48;2;11;11;11m~[38;2;74;74;74;48;2;26;26;26m"[38;2;197;197;197;48;2;85;85;85m~[38;2;15;15;15;48;2;183;183;183m_[38;2;101;101;101;48;2;220;220;220m_[38;2;215;215;215;48;2;245;245;245m_[38;2;249;249;249;48;2;251;251;251m,[38;2;252;252;252m:[48;2;252;252;252m                            [48;2;251;251;251m [38;2;250;250;250m_[38;2;245;245;245;48;2;250;250;250m_[38;2;208;208;208;48;2;236;236;236m_[38;2;119;119;119;48;2;159;159;159m_[38;2;194;194;194;48;2;167;167;167m~[38;2;222;222;222;48;2;238;238;238mr[38;2;252;252;252;48;2;251;251;251m[ [48;2;252;252;252m               [0m
[7m[38;2;252;252;252m [0m[38;2;0;0;0;48;2;252;252;252m               [48;2;251;251;251m [38;2;251;251;251;48;2;249;249;249m`[38;2;206;206;206;48;2;242;242;242m_[38;2;118;118;118;48;2;198;198;198m_[38;2;31;31;31;48;2;85;85;85my[38;2;1;1;1;48;2;7;7;7m:[38;2;4;4;4;48;2;17;17;17m_[38;2;71;71;71;48;2;35;35;35m`[38;2;67;67;67;48;2;109;109;109mL[38;2;192;192;192;48;2;208;208;208mF[38;2;252;252;252;48;2;249;249;249m'[48;2;250;250;250m_[48;2;251;251;251m:[48;2;252;252;252m                       [48;2;251;251;251m: [38;2;253;253;253;48;2;248;248;248m:[38;2;199;199;199;48;2;218;218;218m4[38;2;61;61;61;48;2;123;123;123m4[38;2;70;70;70;48;2;26;26;26m"[38;2;14;14;14;48;2;1;1;1m~[48;2;0;0;0m    [38;2;0;0;0;48;2;3;3;3m:[38;2;11;11;11;48;2;54;54;54m.[38;2;159;159;159;48;2;190;190;190mF[38;2;251;251;251;48;2;245;245;245m`[38;2;250;250;250;48;2;251;251;251mf[38;2;252;252;252m:[48;2;252;252;252m                         [48;2;251;251;251m:[38;2;202;202;202;48;2;246;246;246m_[38;2;143;143;143;48;2;228;228;228m_[38;2;82;82;82;48;2;194;194;194m_[38;2;58;58;58;48;2;148;148;148my[38;2;160;160;160;48;2;51;51;51m~[38;2;83;83;83;48;2;18;18;18m~[38;2;32;32;32;48;2;115;115;115my[38;2;100;100;100;48;2;196;196;196m_[38;2;173;173;173;48;2;237;237;237m_[38;2;233;233;233;48;2;248;248;248m,[38;2;253;253;253;48;2;251;251;251m_[48;2;252;252;252m              [0m
[7m[38;2;252;252;252m [0m[38;2;0;0;0;48;2;252;252;252m           [38;2;252;252;252;48;2;251;251;251m:.[48;2;248;248;248m`[38;2;179;179;179;48;2;229;229;229m_[38;2;24;24;24;48;2;187;187;187m_[38;2;0;0;0;48;2;147;147;147m_[38;2;173;173;173;48;2;58;58;58m~[38;2;40;40;40;48;2;9;9;9m~[38;2;1;1;1;48;2;0;0;0m`` [38;2;8;8;8;48;2;2;2;2m`[38;2;73;73;73;48;2;23;23;23m"[38;2;161;161;161;48;2;59;59;59m~[38;2;113;113;113;48;2;167;167;167mm[38;2;225;225;225;48;2;237;237;237mr[38;2;254;254;254;48;2;252;252;252m.[48;2;251;251;251m [48;2;252;252;252m                       [38;2;252;252;252;48;2;251;251;251m: [38;2;253;253;253;48;2;250;250;250m:[38;2;241;241;241;48;2;219;219;219m:[38;2;95;95;95;48;2;58;58;58mL[38;2;0;0;0;48;2;2;2;2m`[48;2;0;0;0m    [48;2;1;1;1m:[38;2;73;73;73;48;2;50;50;50m4[38;2;199;199;199;48;2;215;215;215mL[38;2;251;251;251;48;2;249;249;249m:[48;2;251;251;251m [38;2;252;252;252m:[48;2;252;252;252m                      [48;2;251;251;251m :[38;2;250;250;250;48;2;249;249;249m:[38;2;142;142;142;48;2;192;192;192my[38;2;161;161;161;48;2;70;70;70m~[38;2;63;63;63;48;2;17;17;17m~[38;2;30;30;30;48;2;4;4;4m`[38;2;3;3;3;48;2;0;0;0m` [38;2;1;1;1m`'[38;2;40;40;40;48;2;5;5;5m`[38;2;106;106;106;48;2;35;35;35m~[38;2;203;203;203;48;2;85;85;85m~[38;2;108;108;108;48;2;178;178;178my[38;2;201;201;201;48;2;232;232;232m,[48;2;252;252;252m [38;2;252;252;252;48;2;251;251;251m:[48;2;252;252;252m           [0m
[7m[38;2;252;252;252m [0m[38;2;0;0;0;48;2;252;252;252m           [38;2;252;252;252;48;2;251;251;251m::[38;2;245;245;245;48;2;250;250;250m`[38;2;196;196;196;48;2;229;229;229m"[38;2;63;63;63;48;2;152;152;152m~[38;2;55;55;55;48;2;27;27;27m_[38;2;0;0;0;48;2;1;1;1m.[38;2;1;1;1;48;2;0;0;0m,    F[38;2;60;60;60;48;2;34;34;34m4[38;2;122;122;122;48;2;155;155;155mL[38;2;249;249;249;48;2;245;245;245m:[38;2;252;252;252;48;2;250;250;250m_[48;2;251;251;251m.[48;2;252;252;252m                       [48;2;251;251;251m:[38;2;250;250;250mI[38;2;254;254;254;48;2;243;243;243m:[38;2;139;139;139;48;2;173;173;173m4[38;2;58;58;58;48;2;37;37;37mL[38;2;1;1;1;48;2;0;0;0m.    [38;2;0;0;0;48;2;9;9;9m`[38;2;142;142;142;48;2;70;70;70m_[38;2;200;200;200;48;2;220;220;220mF[38;2;252;252;252;48;2;249;249;249m`[48;2;251;251;251mL:[48;2;252;252;252m                       [48;2;251;251;251m [38;2;253;253;253m:[38;2;182;182;182;48;2;221;221;221m`[38;2;121;121;121;48;2;92;92;92m$[38;2;9;9;9;48;2;5;5;5mL[48;2;0;0;0m     [38;2;1;1;1m.[38;2;0;0;0;48;2;2;2;2m:[38;2;79;79;79;48;2;45;45;45my[38;2;100;100;100;48;2;176;176;176m~[38;2;213;213;213;48;2;239;239;239m~[48;2;251;251;251m [38;2;252;252;252m.[48;2;252;252;252m           [0m
[7m[38;2;252;252;252m [0m[38;2;0;0;0;48;2;252;252;252m              [38;2;252;252;252;48;2;251;251;251m.[38;2;193;193;193;48;2;211;211;211m4[38;2;65;65;65;48;2;50;50;50m_[38;2;0;0;0;48;2;2;2;2m:[38;2;1;1;1;48;2;0;0;0m~     [38;2;4;4;4m`[38;2;46;46;46;48;2;98;98;98mL[38;2;198;198;198;48;2;214;214;214mL[38;2;254;254;254;48;2;251;251;251m: [48;2;252;252;252m                       [38;2;252;252;252;48;2;251;251;251m`[38;2;253;253;253;48;2;247;247;247m:[38;2;91;91;91;48;2;218;218;218m_[38;2;10;10;10;48;2;176;176;176m_[38;2;76;76;76;48;2;41;41;41mF[38;2;0;0;0;48;2;2;2;2m:[48;2;0;0;0m    [38;2;38;38;38;48;2;15;15;15m"[38;2;153;153;153;48;2;65;65;65m~[38;2;1;1;1;48;2;148;148;148m_[38;2;47;47;47;48;2;199;199;199m_[38;2;208;208;208;48;2;239;239;239m_[38;2;252;252;252;48;2;250;250;250m`[48;2;251;251;251m:[48;2;252;252;252m                      [48;2;250;250;250m [38;2;253;253;253;48;2;251;251;251m:[38;2;199;199;199;48;2;216;216;216m4[38;2;62;62;62;48;2;103;103;103m4[38;2;12;12;12;48;2;2;2;2m,[48;2;0;0;0m      [38;2;0;0;0;48;2;1;1;1m:[38;2;60;60;60;48;2;45;45;45m_[38;2;188;188;188;48;2;210;210;210mL[48;2;252;252;252m              [0m
[7m[38;2;252;252;252m [0m[38;2;0;0;0;48;2;252;252;252m             [38;2;252;252;252;48;2;251;251;251m:[38;2;251;251;251;48;2;252;252;252m:[38;2;224;224;224;48;2;239;239;239m`[38;2;129;129;129;48;2;201;201;201m~[38;2;30;30;30;48;2;149;149;149m~[38;2;170;170;170;48;2;65;65;65m_[38;2;0;0;0;48;2;7;7;7m`[48;2;0;0;0m   [48;2;2;2;2m`[38;2;110;110;110;48;2;37;37;37m_[38;2;89;89;89;48;2;159;159;159m~[38;2;221;221;221;48;2;243;243;243m~[38;2;250;250;250;48;2;251;251;251m_ [48;2;252;252;252m                      [38;2;252;252;252;48;2;251;251;251m:[38;2;251;251;251;48;2;250;250;250m~[38;2;254;254;254;48;2;240;240;240m:[38;2;105;105;105;48;2;145;145;145m"[38;2;48;48;48;48;2;26;26;26mr[48;2;0;0;0m       [38;2;1;1;1m^[38;2;0;0;0;48;2;8;8;8m:[38;2;101;101;101;48;2;76;76;76m4[38;2;219;219;219;48;2;231;231;231m~[38;2;249;249;249;48;2;252;252;252m~                        [38;2;250;250;250;48;2;251;251;251m*[38;2;243;243;243;48;2;249;249;249m`[38;2;138;138;138;48;2;190;190;190m"[38;2;134;134;134;48;2;82;82;82my[38;2;68;68;68;48;2;33;33;33mw[38;2;26;26;26;48;2;11;11;11m,[48;2;0;0;0m  [38;2;1;1;1m.[38;2;0;0;0;48;2;7;7;7m`[38;2;48;48;48;48;2;29;29;29mu[38;2;178;178;178;48;2;137;137;137ma[38;2;173;173;173;48;2;227;227;227m_[38;2;207;207;207;48;2;247;247;247m_[38;2;242;242;242;48;2;250;250;250m_[38;2;252;252;252;48;2;251;251;251m::[48;2;252;252;252m      [48;2;251;251;251m:.:[48;2;252;252;252m [0m
[7m[38;2;252;252;252m [0m[38;2;0;0;0;48;2;252;252;252m           [38;2;252;252;252;48;2;251;251;251m::[48;2;249;249;249m`[38;2;186;186;186;48;2;236;236;236m_[38;2;22;22;22;48;2;198;198;198m_[38;2;0;0;0;48;2;160;160;160m_[38;2;50;50;50;48;2;146;146;146my[38;2;194;194;194;48;2;71;71;71m~[38;2;22;22;22;48;2;12;12;12m'[48;2;0;0;0m   [38;2;16;16;16;48;2;5;5;5m"[38;2;113;113;113;48;2;49;49;49m~[38;2;6;6;6;48;2;153;153;153m_[38;2;96;96;96;48;2;215;215;215m_[38;2;211;211;211;48;2;243;243;243m_[38;2;253;253;253;48;2;251;251;251m.[38;2;251;251;251;48;2;252;252;252m_                     [38;2;252;252;252;48;2;251;251;251m:[38;2;251;251;251;48;2;250;250;250m_[38;2;254;254;254;48;2;243;243;243m:[38;2;214;214;214;48;2;162;162;162m_[38;2;65;65;65;48;2;35;35;35mL[38;2;1;1;1;48;2;0;0;0m`       [38;2;0;0;0;48;2;3;3;3m:[38;2;88;88;88;48;2;59;59;59m4[38;2;202;202;202;48;2;225;225;225m_[38;2;247;247;247;48;2;251;251;251m, [38;2;252;252;252m:[48;2;252;252;252m                    [38;2;250;250;250;48;2;251;251;251m_[38;2;253;253;253m:[38;2;171;171;171;48;2;225;225;225m_[38;2;59;59;59;48;2;177;177;177m_[38;2;41;41;41;48;2;136;136;136my[38;2;154;154;154;48;2;51;51;51m~[38;2;64;64;64;48;2;17;17;17m~[38;2;7;7;7;48;2;1;1;1m~[48;2;0;0;0m   [38;2;2;2;2m`[38;2;18;18;18;48;2;3;3;3m`[38;2;82;82;82;48;2;11;11;11m`[38;2;104;104;104;48;2;21;21;21m`[38;2;1;1;1;48;2;126;126;126m_[38;2;91;91;91;48;2;206;206;206m_[38;2;208;208;208;48;2;241;241;241m,[38;2;253;253;253;48;2;251;251;251m_[38;2;252;252;252m:[38;2;250;250;250m, [48;2;252;252;252m [38;2;252;252;252;48;2;251;251;251mL [38;2;218;218;218;48;2;245;245;245m_[38;2;154;154;154;48;2;234;234;234m_[38;2;114;114;114;48;2;216;216;216m_[38;2;247;247;247;48;2;178;178;178m~[0m
[7m[38;2;252;252;252m [0m[38;2;0;0;0;48;2;252;252;252m           [38;2;252;252;252;48;2;251;251;251m:[38;2;251;251;251;48;2;252;252;252mF[48;2;244;244;244m.[38;2;171;171;171;48;2;190;190;190m4[38;2;13;13;13;48;2;30;30;30m'[38;2;0;0;0;48;2;2;2;2m.[38;2;1;1;1;48;2;0;0;0mF       [38;2;5;5;5;48;2;1;1;1m`[38;2;86;86;86;48;2;47;47;47m`[38;2;126;126;126;48;2;162;162;162mK[38;2;250;250;250;48;2;237;237;237m.[38;2;252;252;252;48;2;251;251;251m: [48;2;252;252;252m                    [48;2;251;251;251m:[38;2;250;250;250m:[38;2;254;254;254;48;2;248;248;248m:[38;2;196;196;196;48;2;205;205;205m4[38;2;82;82;82;48;2;51;51;51mL[38;2;2;2;2;48;2;1;1;1mL[48;2;0;0;0m       [48;2;1;1;1ma[38;2;1;1;1;48;2;33;33;33m:[38;2;132;132;132;48;2;159;159;159mL[38;2;233;233;233;48;2;242;242;242mL[48;2;250;250;250m [48;2;251;251;251m [48;2;252;252;252m                    [48;2;250;250;250m [38;2;253;253;253m:[38;2;177;177;177;48;2;194;194;194m"[38;2;54;54;54;48;2;83;83;83m4[48;2;0;0;0m [38;2;1;1;1m`         `[38;2;58;58;58;48;2;14;14;14m~[38;2;172;172;172;48;2;85;85;85m~[38;2;29;29;29;48;2;166;166;166m_[38;2;86;86;86;48;2;200;200;200m_[38;2;158;158;158;48;2;231;231;231m_[38;2;160;160;160;48;2;227;227;227m_[38;2;155;155;155;48;2;211;211;211my[38;2;234;234;234;48;2;171;171;171m~[38;2;204;204;204;48;2;161;161;161m~[38;2;144;144;144;48;2;171;171;171mf[38;2;212;212;212;48;2;168;168;168my[38;2;154;154;154;48;2;206;206;206m~[38;2;183;183;183;48;2;219;219;219m~[0m
[7m[38;2;252;252;252m [0m[38;2;0;0;0;48;2;252;252;252m           [38;2;252;252;252;48;2;251;251;251m:[48;2;252;252;252m [48;2;250;250;250m`[38;2;187;187;187;48;2;206;206;206m4[38;2;60;60;60;48;2;39;39;39m~[48;2;0;0;0m         [38;2;0;0;0;48;2;1;1;1m`[38;2;44;44;44;48;2;79;79;79mF[38;2;168;168;168;48;2;194;194;194m=[38;2;253;253;253;48;2;250;250;250m: [48;2;252;252;252m                     [38;2;252;252;252;48;2;251;251;251m: :[38;2;210;210;210;48;2;231;231;231m"[38;2;184;184;184;48;2;115;115;115my[38;2;209;209;209;48;2;66;66;66m_[38;2;89;89;89;48;2;32;32;32m_[38;2;14;14;14;48;2;5;5;5m,[48;2;0;0;0m    [38;2;0;0;0;48;2;15;15;15m:[38;2;138;138;138;48;2;67;67;67my[38;2;67;67;67;48;2;185;185;185m~[38;2;193;193;193;48;2;231;231;231m"[38;2;251;251;251;48;2;249;249;249m.[38;2;250;250;250;48;2;251;251;251m`[38;2;252;252;252m:[48;2;252;252;252m                    [48;2;250;250;250m [38;2;253;253;253m:[38;2;188;188;188;48;2;203;203;203m4[38;2;55;55;55;48;2;89;89;89m4[38;2;2;2;2;48;2;1;1;1m,[48;2;0;0;0m            [38;2;1;1;1m`[38;2;10;10;10;48;2;1;1;1m`[38;2;51;51;51;48;2;5;5;5m`[38;2;108;108;108;48;2;44;44;44m`[38;2;6;6;6;48;2;133;133;133m_[38;2;3;3;3;48;2;159;159;159m_[38;2;0;0;0;48;2;168;168;168m_[38;2;58;58;58;48;2;191;191;191m_[38;2;177;177;177;48;2;216;216;216m_[38;2;224;224;224;48;2;226;226;226m~[38;2;226;226;226;48;2;227;227;227m_[48;2;228;228;228m [0m
[?25h