[?25l[0m[7m[38;2;0;0;0m [0m[38;2;0;0;0;48;2;0;0;0m                                                                                                                       [0m
[7m[38;2;0;0;0m [0m[38;2;0;0;0;48;2;0;0;0m                                                                                                                       [0m
[7m[38;2;0;0;0m [0m[38;2;0;0;0;48;2;0;0;0m                                                                                                                       [0m
[7m[38;2;0;0;0m [0m[38;2;0;0;0;48;2;0;0;0m                                                                                                                       [0m
[7m[38;2;0;0;0m [0m[38;2;0;0;0;48;2;0;0;0m                                                                                                                       [0m
[7m[38;2;0;0;0m [0m[38;2;0;0;0;48;2;0;0;0m                                                                                                                       [0m
[7m[38;2;0;0;0m [0m[38;2;0;0;0;48;2;0;0;0m                                                                                                                       [0m
[7m[38;2;0;0;0m [0m[38;2;0;0;0;48;2;0;0;0m                                                                                                                       [0m
[7m[38;2;0;0;0m [0m[38;2;0;0;0;48;2;0;0;0m                                                                                                                       [0m
[7m[38;2;0;0;0m [0m[38;2;0;0;0;48;2;0;0;0m                                                                                                                       [0m
[7m[38;2;0;0;0m [0m[38;2;0;0;0;48;2;0;0;0m                                                                                                                       [0m
[7m[38;2;0;0;0m [0m[38;2;0;0;0;48;2;0;0;0m                                                                                                                       [0m
[7m[38;2;0;0;0m [0m[38;2;0;0;0;48;2;0;0;0m                                                                                                                       [0m
[7m[38;2;0;0;0m [0m[38;2;0;0;0;48;2;0;0;0m                                                                                                                       [0m
[7m[38;2;0;0;0m [0m[38;2;0;0;0;48;2;0;0;0m                                                                                                                       [0m
[7m[38;2;0;0;0m [0m[38;2;0;0;0;48;2;0;0;0m                                                                                                                       [0m
[7m[38;2;0;0;0m [0m[38;2;0;0;0;48;2;0;0;0m                                                                                                                       [0m
[7m[38;2;0;0;0m [0m[38;2;0;0;0;48;2;0;0;0m                                                                                                                       [0m
[7m[38;2;0;0;0m [0m[38;2;0;0;0;48;2;0;0;0m               [38;2;1;1;1m_____________  [38;2;0;0;0;48;2;4;4;4m`[38;2;38;38;38;48;2;17;17;17my[38;2;0;0;0;48;2;41;41;41m~[48;2;38;38;38m~[38;2;57;57;57;48;2;27;27;27my[38;2;99;99;99;48;2;50;50;50my[38;2;0;0;0;48;2;138;138;138m~[48;2;114;114;114m~[48;2;16;16;16m:[48;2;0;0;0m                                                                                [0m
[7m[38;2;0;0;0m [0m[38;2;0;0;0;48;2;0;0;0m         [38;2;3;3;3;48;2;1;1;1m.[38;2;15;15;15;48;2;5;5;5my[38;2;44;44;44;48;2;13;13;13m_[38;2;71;71;71;48;2;20;20;20m_[38;2;103;103;103;48;2;27;27;27m_[38;2;137;137;137;48;2;36;36;36m_[38;2;164;164;164;48;2;43;43;43m_[38;2;172;172;172;48;2;47;47;47m_[38;2;176;176;176;48;2;51;51;51m_[38;2;177;177;177;48;2;52;52;52m_[38;2;179;179;179;48;2;54;54;54m_[38;2;181;181;181;48;2;55;55;55m_[38;2;183;183;183;48;2;57;57;57m_[38;2;185;185;185;48;2;58;58;58m_[48;2;59;59;59m_[38;2;186;186;186m_[48;2;60;60;60m_[38;2;187;187;187;48;2;61;61;61m_[38;2;192;192;192;48;2;64;64;64m_[38;2;143;143;143;48;2;60;60;60my[38;2;144;144;144my[38;2;148;148;148;48;2;66;66;66my[38;2;209;209;209;48;2;98;98;98m_[38;2;215;215;215;48;2;116;116;116m_[38;2;217;217;217;48;2;115;115;115m_[38;2;219;219;219;48;2;119;119;119m_[38;2;124;124;124;48;2;175;175;175mF[38;2;227;227;227;48;2;234;234;234mY[38;2;240;240;240;48;2;207;207;207m.[38;2;37;37;37;48;2;113;113;113m~[38;2;195;195;195;48;2;67;67;67m_[38;2;192;192;192;48;2;65;65;65m_[38;2;144;144;144;48;2;60;60;60my[38;2;143;143;143my[38;2;149;149;149;48;2;62;62;62my[38;2;170;170;170;48;2;72;72;72my[38;2;197;197;197;48;2;88;88;88my[38;2;140;140;140;48;2;66;66;66my[38;2;31;31;31;48;2;14;14;14m,[48;2;0;0;0m                                                                       [0m
[7m[38;2;0;0;0m [0m[38;2;0;0;0;48;2;0;0;0m         [38;2;3;3;3;48;2;1;1;1m"[38;2;19;19;19;48;2;7;7;7m~[38;2;49;49;49;48;2;21;21;21m~[38;2;15;15;15;48;2;57;57;57my[38;2;28;28;28;48;2;89;89;89my[38;2;47;47;47;48;2;125;125;125my[38;2;73;73;73;48;2;158;158;158my[38;2;49;49;49;48;2;167;167;167m_[38;2;69;69;69;48;2;182;182;182m_[38;2;81;81;81;48;2;192;192;192m_[38;2;87;87;87;48;2;197;197;197m_[38;2;90;90;90;48;2;200;200;200m_[38;2;92;92;92;48;2;202;202;202m_[38;2;95;95;95;48;2;204;204;204m__[38;2;94;94;94m_[48;2;203;203;203m_[38;2;92;92;92;48;2;202;202;202m_[38;2;89;89;89;48;2;200;200;200m___[38;2;93;93;93;48;2;203;203;203m_[38;2;107;107;107;48;2;211;211;211m_[38;2;121;121;121;48;2;217;217;217m_[38;2;123;123;123;48;2;219;219;219m_[38;2;121;121;121m_[38;2;152;152;152;48;2;227;227;227m_[38;2;235;235;235;48;2;245;245;245m,[38;2;250;250;250;48;2;242;242;242m'[38;2;112;112;112;48;2;214;214;214m_[38;2;81;81;81;48;2;194;194;194m_[38;2;77;77;77;48;2;190;190;190m_[38;2;84;84;84;48;2;196;196;196m_[38;2;87;87;87;48;2;198;198;198m_[38;2;89;89;89;48;2;201;201;201m_[38;2;102;102;102;48;2;212;212;212m_[38;2;124;124;124;48;2;225;225;225m_[38;2;90;90;90;48;2;168;168;168m_[38;2;53;53;53;48;2;26;26;26mL[48;2;0;0;0m                                                                       [0m
[7m[38;2;0;0;0m [0m[38;2;0;0;0;48;2;0;0;0m                              [38;2;1;1;1;48;2;6;6;6m.[38;2;12;12;12;48;2;36;36;36m_[38;2;23;23;23;48;2;59;59;59m_[48;2;63;63;63m_[38;2;25;25;25;48;2;60;60;60m_[38;2;68;68;68;48;2;108;108;108mL[38;2;117;117;117;48;2;200;200;200m_[38;2;109;109;109;48;2;189;189;189m_[38;2;53;53;53;48;2;33;33;33mL[48;2;0;0;0m     [38;2;6;6;6;48;2;2;2;2m`[38;2;32;32;32;48;2;7;7;7m~[38;2;26;26;26;48;2;5;5;5m~[48;2;0;0;0m                                                                        [0m
[7m[38;2;0;0;0m [0m[38;2;0;0;0;48;2;0;0;0m                               [38;2;7;7;7m`[38;2;13;13;13;48;2;1;1;1m``[38;2;14;14;14m`[38;2;42;42;42;48;2;5;5;5m`[38;2;63;63;63;48;2;11;11;11m~[38;2;60;60;60;48;2;9;9;9m~[38;2;0;0;0;48;2;2;2;2m:[48;2;0;0;0m                                                                                [0m
[7m[38;2;0;0;0m [0m[38;2;0;0;0;48;2;0;0;0m                                                                                                                       [0m
[7m[38;2;0;0;0m [0m[38;2;0;0;0;48;2;0;0;0m                                                                                                                       [0m
[7m[38;2;0;0;0m [0m[38;2;0;0;0;48;2;0;0;0m                                                                                                                       [0m
[7m[38;2;0;0;0m [0m[38;2;0;0;0;48;2;0;0;0m                                                                                                                       [0m
[7m[38;2;0;0;0m [0m[38;2;0;0;0;48;2;0;0;0m                                                                                                                       [0m
[7m[38;2;0;0;0m [0m[38;2;0;0;0;48;2;0;0;0m                                                                                                                       [0m
[7m[38;2;0;0;0m [0m[38;2;0;0;0;48;2;0;0;0m                                                                                                                       [0m
[7m[38;2;0;0;0m [0m[38;2;0;0;0;48;2;0;0;0m                                                                                                                       [0m
[7m[38;2;0;0;0m [0m[38;2;0;0;0;48;2;0;0;0m                                                                                                                       [0m
[7m[38;2;0;0;0m [0m[38;2;0;0;0;48;2;0;0;0m                                                                                                                       [0m
[7m[38;2;0;0;0m [0m[38;2;0;0;0;48;2;0;0;0m                                                                                                                       [0m
[7m[38;2;0;0;0m [0m[38;2;0;0;0;48;2;0;0;0m                                                                                                                       [0m
[7m[38;2;0;0;0m [0m[38;2;0;0;0;48;2;0;0;0m                                                                                                                       [0m
[?25h