[?25l[0m[7m[38;2;0;0;0m [0m[38;2;0;0;0;48;2;0;0;0m                                [38;2;10;10;10;48;2;3;3;3m`[38;2;88;88;88;48;2;32;32;32m"[38;2;43;43;43;48;2;127;127;127my[38;2;52;52;52;48;2;192;192;192m_[38;2;162;162;162;48;2;232;232;232m_[38;2;244;244;244;48;2;250;250;250m,[38;2;249;249;249;48;2;253;253;253m_[38;2;250;250;250;48;2;252;252;252my[38;2;252;252;252;48;2;251;251;251m:[48;2;252;252;252m          [48;2;251;251;251m`[38;2;247;247;247m_[38;2;249;249;249;48;2;252;252;252m_[48;2;251;251;251m [48;2;252;252;252m   [38;2;252;252;252;48;2;251;251;251m:[38;2;250;250;250m`[38;2;253;253;253;48;2;250;250;250m'[38;2;213;213;213;48;2;235;235;235m"[38;2;44;44;44;48;2;135;135;135m`[38;2;76;76;76;48;2;27;27;27m,[48;2;0;0;0m                                                       [0m
[7m[38;2;0;0;0m [0m[38;2;0;0;0;48;2;0;0;0m                                   [38;2;46;46;46;48;2;7;7;7m`[38;2;104;104;104;48;2;28;28;28m~[38;2;179;179;179;48;2;73;73;73m~[38;2;82;82;82;48;2;168;168;168my[38;2;111;111;111;48;2;211;211;211m_[38;2;168;168;168;48;2;242;242;242m_[38;2;208;208;208;48;2;247;247;247m_[38;2;253;253;253;48;2;251;251;251m:[38;2;251;251;251;48;2;252;252;252m*[38;2;253;253;253m,[48;2;251;251;251m [38;2;252;252;252m:[48;2;252;252;252m    [38;2;253;253;253;48;2;250;250;250m'[38;2;232;232;232;48;2;239;239;239m?[38;2;206;206;206;48;2;224;224;224ma[38;2;213;213;213;48;2;235;235;235my[38;2;243;243;243;48;2;249;249;249m,[38;2;253;253;253;48;2;252;252;252m.g_ [48;2;251;251;251m [38;2;254;254;254;48;2;250;250;250m'[38;2;211;211;211;48;2;230;230;230m"[38;2;137;137;137;48;2;90;90;90mL[38;2;41;41;41;48;2;13;13;13m,[38;2;1;1;1;48;2;0;0;0m_                                                     [0m
[7m[38;2;0;0;0m [0m[38;2;0;0;0;48;2;0;0;0m                                     [38;2;1;1;1m`[38;2;4;4;4m`[38;2;40;40;40;48;2;6;6;6m`[38;2;74;74;74;48;2;23;23;23m~[38;2;160;160;160;48;2;55;55;55m~[38;2;228;228;228;48;2;95;95;95m~[38;2;3;3;3;48;2;166;166;166m_[38;2;46;46;46;48;2;207;207;207m_[38;2;135;135;135;48;2;228;228;228m_[38;2;217;217;217;48;2;246;246;246m_[38;2;242;242;242;48;2;250;250;250m_[38;2;252;252;252;48;2;251;251;251m:[38;2;249;249;249m_[38;2;252;252;252m:.[38;2;251;251;251;48;2;252;252;252m:[38;2;253;253;253;48;2;249;249;249m:[38;2;204;204;204;48;2;234;234;234m~[38;2;225;225;225;48;2;236;236;236m=[38;2;248;248;248;48;2;251;251;251mL[38;2;254;254;254;48;2;253;253;253m.:[48;2;252;252;252m [38;2;252;252;252;48;2;251;251;251m:[48;2;250;250;250m [38;2;254;254;254;48;2;245;245;245m:[38;2;148;148;148;48;2;179;179;179m"[38;2;74;74;74;48;2;41;41;41mL[38;2;1;1;1;48;2;0;0;0m"                                                     [0m
[7m[38;2;0;0;0m [0m[38;2;0;0;0;48;2;0;0;0m                                           [38;2;2;2;2m`[38;2;33;33;33;48;2;6;6;6m`[38;2;86;86;86;48;2;16;16;16m~[38;2;148;148;148;48;2;38;38;38m~[38;2;190;190;190;48;2;82;82;82m~[38;2;41;41;41;48;2;172;172;172m_[38;2;129;129;129;48;2;219;219;219m_[38;2;197;197;197;48;2;244;244;244m_[38;2;252;252;252;48;2;250;250;250m`[38;2;250;250;250;48;2;251;251;251m_[38;2;252;252;252m:[38;2;253;253;253;48;2;252;252;252m`[38;2;247;247;247;48;2;251;251;251m`[38;2;250;250;250m`[38;2;253;253;253;48;2;252;252;252m"~  [48;2;251;251;251m [38;2;254;254;254m'[38;2;216;216;216;48;2;229;229;229m"[38;2;117;117;117;48;2;72;72;72mL[38;2;13;13;13;48;2;4;4;4m,[48;2;0;0;0m                                                     [0m
[7m[38;2;0;0;0m [0m[38;2;0;0;0;48;2;0;0;0m                                               [38;2;1;1;1m~[38;2;8;8;8;48;2;1;1;1m`[38;2;65;65;65;48;2;15;15;15m`[38;2;138;138;138;48;2;59;59;59m~[38;2;35;35;35;48;2;161;161;161m_[38;2;156;156;156;48;2;228;228;228m_[38;2;251;251;251;48;2;248;248;248m`[38;2;249;249;249;48;2;251;251;251m_[38;2;252;252;252m:[48;2;252;252;252m     [48;2;251;251;251m:[48;2;250;250;250m [38;2;254;254;254;48;2;241;241;241m:[38;2;142;142;142;48;2;109;109;109mL[38;2;33;33;33;48;2;17;17;17mL[48;2;0;0;0m                                                     [0m
[7m[38;2;0;0;0m [0m[38;2;0;0;0;48;2;0;0;0m                                                   [38;2;20;20;20;48;2;6;6;6m`[38;2;113;113;113;48;2;49;49;49m~[38;2;78;78;78;48;2;172;172;172m_[38;2;213;213;213;48;2;242;242;242m_[38;2;251;251;251;48;2;250;250;250m`[48;2;251;251;251m [48;2;252;252;252m    [38;2;252;252;252;48;2;251;251;251m:[38;2;249;249;249;48;2;250;250;250m$[38;2;254;254;254;48;2;243;243;243m:[38;2;168;168;168;48;2;139;139;139mL[38;2;53;53;53;48;2;30;30;30mL[38;2;1;1;1;48;2;0;0;0m:                                                    [0m
[7m[38;2;0;0;0m [0m[38;2;0;0;0;48;2;0;0;0m                                                     [38;2;48;48;48;48;2;22;22;22m"[38;2;76;76;76;48;2;129;129;129my[38;2;181;181;181;48;2;231;231;231m_[38;2;251;251;251;48;2;249;249;249m:[38;2;250;250;250;48;2;251;251;251m_[38;2;252;252;252m:[48;2;252;252;252m  [48;2;251;251;251m:[48;2;250;250;250m [38;2;254;254;254;48;2;246;246;246m:[38;2;197;197;197;48;2;175;175;175mL[38;2;74;74;74;48;2;42;42;42mL[48;2;0;0;0m                                                     [0m
[7m[38;2;0;0;0m [0m[38;2;0;0;0;48;2;0;0;0m                                                     [48;2;1;1;1m.[38;2;33;33;33;48;2;19;19;19m"[38;2;64;64;64;48;2;110;110;110mL[38;2;199;199;199;48;2;225;225;225mw[38;2;251;251;251;48;2;249;249;249m:[48;2;251;251;251m [38;2;252;252;252m:[48;2;252;252;252m [48;2;251;251;251m:[38;2;250;250;250m^[38;2;254;254;254;48;2;250;250;250m'[38;2;204;204;204;48;2;226;226;226m"[38;2;65;65;65;48;2;144;144;144m~[38;2;169;169;169;48;2;74;74;74my[38;2;207;207;207;48;2;70;70;70m_[38;2;197;197;197;48;2;52;52;52m_[38;2;175;175;175;48;2;32;32;32m_[38;2;128;128;128;48;2;17;17;17m_[38;2;65;65;65;48;2;7;7;7m_[38;2;12;12;12;48;2;1;1;1m,[48;2;0;0;0m                                              [0m
[7m[38;2;0;0;0m [0m[38;2;0;0;0;48;2;0;0;0m                                                 [48;2;6;6;6m:[38;2;99;99;99;48;2;26;26;26m_[38;2;196;196;196;48;2;62;62;62m_[38;2;249;249;249;48;2;104;104;104m_[38;2;43;43;43;48;2;169;169;169m~[38;2;77;77;77;48;2;200;200;200m~[38;2;124;124;124;48;2;220;220;220m~[38;2;203;203;203;48;2;240;240;240m~[38;2;253;253;253;48;2;250;250;250m`[38;2;252;252;252;48;2;251;251;251m.[48;2;252;252;252m     [48;2;251;251;251m:[38;2;245;245;245m`[38;2;242;242;242;48;2;250;250;250m`[38;2;240;240;240m`[38;2;237;237;237m`[38;2;214;214;214;48;2;243;243;243m`[38;2;179;179;179;48;2;232;232;232m~[38;2;116;116;116;48;2;214;214;214m~[38;2;58;58;58;48;2;174;174;174m~[38;2;240;240;240;48;2;95;95;95m_[38;2;133;133;133;48;2;39;39;39m_[38;2;34;34;34;48;2;7;7;7m_[38;2;1;1;1;48;2;0;0;0m,_                                         [0m
[7m[38;2;0;0;0m [0m[38;2;0;0;0;48;2;0;0;0m                                              [38;2;28;28;28;48;2;4;4;4m_[38;2;123;123;123;48;2;33;33;33m_[38;2;179;179;179;48;2;94;94;94my[38;2;103;103;103;48;2;196;196;196m~[38;2;186;186;186;48;2;238;238;238m~[38;2;226;226;226;48;2;246;246;246m"[38;2;252;252;252;48;2;251;251;251m`[38;2;250;250;250m=[38;2;253;253;253m`[38;2;252;252;252m.:[48;2;252;252;252m            [48;2;251;251;251m:.:_[38;2;247;247;247;48;2;250;250;250m`[38;2;181;181;181;48;2;238;238;238m`[38;2;114;114;114;48;2;193;193;193m~[38;2;211;211;211;48;2;94;94;94m_[38;2;136;136;136;48;2;33;33;33m_[38;2;41;41;41;48;2;5;5;5m_[48;2;0;0;0m                                        [0m
[7m[38;2;0;0;0m [0m[38;2;0;0;0;48;2;0;0;0m                                            [48;2;1;1;1m:[38;2;74;74;74;48;2;29;29;29m_[38;2;44;44;44;48;2;136;136;136m~[38;2;158;158;158;48;2;225;225;225m~[38;2;240;240;240;48;2;248;248;248m~[38;2;249;249;249;48;2;250;250;250m~[38;2;250;250;250;48;2;251;251;251m'[38;2;252;252;252m:[48;2;252;252;252m                      [48;2;251;251;251m.[48;2;250;250;250m.[38;2;238;238;238;48;2;248;248;248m`[38;2;185;185;185;48;2;230;230;230m~[38;2;78;78;78;48;2;160;160;160m~[38;2;118;118;118;48;2;48;48;48m_[38;2;21;21;21;48;2;5;5;5m_[48;2;0;0;0m                                      [0m
[7m[38;2;0;0;0m [0m[38;2;0;0;0;48;2;0;0;0m                                           [38;2;25;25;25;48;2;4;4;4m_[38;2;122;122;122;48;2;59;59;59m_[38;2;110;110;110;48;2;186;186;186m~[38;2;226;226;226;48;2;245;245;245m~[38;2;253;253;253;48;2;251;251;251m` [38;2;252;252;252m:[48;2;252;252;252m                          [48;2;251;251;251m:_[38;2;253;253;253;48;2;249;249;249m:[38;2;162;162;162;48;2;210;210;210m"[38;2;122;122;122;48;2;75;75;75mL[38;2;25;25;25;48;2;5;5;5m,[48;2;0;0;0m                                     [0m
[7m[38;2;0;0;0m [0m[38;2;0;0;0;48;2;0;0;0m                                          [38;2;24;24;24;48;2;6;6;6m_[38;2;106;106;106;48;2;70;70;70my[38;2;142;142;142;48;2;206;206;206m~[38;2;253;253;253;48;2;248;248;248m:[48;2;251;251;251m [48;2;252;252;252m                               [38;2;252;252;252;48;2;251;251;251m`[38;2;253;253;253;48;2;248;248;248m:[38;2;142;142;142;48;2;173;173;173m~[38;2;84;84;84;48;2;48;48;48mL[38;2;4;4;4;48;2;0;0;0m,                                    [0m
[7m[38;2;0;0;0m [0m[38;2;0;0;0;48;2;0;0;0m                                          [38;2;66;66;66;48;2;40;40;40m4[38;2;179;179;179;48;2;150;150;150m4[38;2;211;211;211;48;2;239;239;239m_[38;2;253;253;253;48;2;250;250;250m.[48;2;251;251;251m [48;2;252;252;252m                               [48;2;251;251;251m `[38;2;224;224;224;48;2;238;238;238m`[38;2;96;96;96;48;2;128;128;128m4[38;2;58;58;58;48;2;20;20;20m,[48;2;0;0;0m                                    [0m
[7m[38;2;0;0;0m [0m[38;2;0;0;0;48;2;0;0;0m                                          [38;2;22;22;22;48;2;9;9;9m"[38;2;86;86;86;48;2;47;47;47m~[38;2;111;111;111;48;2;151;151;151mL[38;2;254;254;254;48;2;243;243;243m'[38;2;253;253;253;48;2;251;251;251m_[38;2;252;252;252m:[48;2;252;252;252m [48;2;251;251;251m:[38;2;253;253;253;48;2;252;252;252m_                           [38;2;252;252;252;48;2;251;251;251m:[48;2;250;250;250m [38;2;253;253;253;48;2;248;248;248m`[38;2;167;167;167;48;2;184;184;184m4[38;2;88;88;88;48;2;54;54;54mL[38;2;1;1;1;48;2;0;0;0m.                                   [0m
[7m[38;2;0;0;0m [0m[38;2;0;0;0;48;2;0;0;0m                                           [38;2;6;6;6;48;2;2;2;2m`[38;2;86;86;86;48;2;50;50;50m"[38;2;81;81;81;48;2;169;169;169m_[38;2;180;180;180;48;2;235;235;235m_[38;2;212;212;212;48;2;245;245;245m_[38;2;213;213;213;48;2;242;242;242m_[38;2;181;181;181;48;2;238;238;238m_[38;2;211;211;211;48;2;245;245;245m_[38;2;244;244;244;48;2;249;249;249m,[38;2;253;253;253;48;2;252;252;252m.                          [48;2;251;251;251m :[38;2;208;208;208;48;2;219;219;219m"[38;2;118;118;118;48;2;87;87;87mi[38;2;11;11;11;48;2;5;5;5m,[48;2;0;0;0m                                   [0m
[7m[38;2;0;0;0m [0m[38;2;0;0;0;48;2;0;0;0m                                            [38;2;3;3;3m`[38;2;56;56;56;48;2;12;12;12m`[38;2;105;105;105;48;2;37;37;37m~[38;2;159;159;159;48;2;68;68;68m~[38;2;192;192;192;48;2;95;95;95m~[38;2;111;111;111;48;2;68;68;68m~[38;2;101;101;101;48;2;149;149;149mF[38;2;251;251;251;48;2;239;239;239m:[38;2;252;252;252;48;2;251;251;251m4:[48;2;252;252;252m                         [48;2;251;251;251m.[38;2;253;253;253;48;2;252;252;252m^[38;2;251;251;251;48;2;242;242;242m:[38;2;143;143;143;48;2;117;117;117mi[38;2;31;31;31;48;2;17;17;17mL[48;2;0;0;0m                                   [0m
[7m[38;2;0;0;0m [0m[38;2;0;0;0;48;2;0;0;0m                                               [38;2;1;1;1;48;2;11;11;11m`[38;2;104;104;104;48;2;67;67;67my[38;2;115;115;115;48;2;194;194;194m~[38;2;210;210;210;48;2;240;240;240m~[38;2;253;253;253;48;2;250;250;250m`[38;2;250;250;250;48;2;251;251;251m`[38;2;252;252;252m:[48;2;252;252;252m                          [48;2;251;251;251m [38;2;254;254;254;48;2;247;247;247m`[38;2;132;132;132;48;2;155;155;155m4[38;2;59;59;59;48;2;36;36;36mL[48;2;0;0;0m                                   [0m
[7m[38;2;0;0;0m [0m[38;2;0;0;0;48;2;0;0;0m                                               [38;2;5;5;5;48;2;1;1;1m`[38;2;67;67;67;48;2;15;15;15m`[38;2;128;128;128;48;2;69;69;69m~[38;2;134;134;134;48;2;186;186;186m_[38;2;253;253;253;48;2;246;246;246m'[38;2;249;249;249;48;2;251;251;251m*[38;2;252;252;252m:[48;2;252;252;252m                          [38;2;251;251;251;48;2;250;250;250m:[38;2;253;253;253;48;2;248;248;248m`[38;2;176;176;176;48;2;164;164;164ml[38;2;70;70;70;48;2;48;48;48ml[48;2;0;0;0m                                   [0m
[7m[38;2;0;0;0m [0m[38;2;0;0;0;48;2;0;0;0m                                                [38;2;1;1;1m`[38;2;21;21;21;48;2;6;6;6m"[38;2;109;109;109;48;2;44;44;44m"[38;2;79;79;79;48;2;154;154;154my[38;2;156;156;156;48;2;224;224;224m_[48;2;249;249;249m [48;2;251;251;251m [38;2;252;252;252m:[48;2;252;252;252m                       [48;2;251;251;251m:[38;2;249;249;249;48;2;250;250;250m1[38;2;253;253;253;48;2;248;248;248m`[38;2;184;184;184;48;2;176;176;176m$[38;2;82;82;82;48;2;55;55;55ml[48;2;0;0;0m                                   [0m
[7m[38;2;0;0;0m [0m[38;2;0;0;0;48;2;0;0;0m                                                  [38;2;1;1;1m`[38;2;22;22;22;48;2;9;9;9m`[38;2;115;115;115;48;2;72;72;72m~[38;2;108;108;108;48;2;202;202;202m_[38;2;211;211;211;48;2;244;244;244m_[38;2;252;252;252;48;2;251;251;251m` [48;2;252;252;252m                      [48;2;251;251;251m:[48;2;250;250;250m [38;2;253;253;253;48;2;249;249;249m`[38;2;177;177;177;48;2;190;190;190m4[38;2;89;89;89;48;2;60;60;60ml[48;2;0;0;0m                                   [0m
[7m[38;2;0;0;0m [0m[38;2;0;0;0;48;2;0;0;0m                                                    [38;2;1;1;1m`[38;2;65;65;65;48;2;47;47;47m4[38;2;170;170;170;48;2;187;187;187mL[38;2;243;243;243;48;2;247;247;247mL[38;2;249;249;249;48;2;250;250;250m1[38;2;252;252;252;48;2;251;251;251m:[48;2;252;252;252m                      [48;2;250;250;250m [38;2;253;253;253m.[38;2;189;189;189;48;2;199;199;199m4[38;2;97;97;97;48;2;66;66;66ml[38;2;1;1;1;48;2;0;0;0m.                                  [0m
[7m[38;2;0;0;0m [0m[38;2;0;0;0;48;2;0;0;0m                                                    [38;2;1;1;1m~[38;2;67;67;67;48;2;45;45;45m4[38;2;176;176;176;48;2;191;191;191mF[38;2;244;244;244;48;2;247;247;247mL[48;2;250;250;250m [38;2;252;252;252;48;2;251;251;251m:[48;2;252;252;252m                      [48;2;250;250;250m [38;2;253;253;253m`[38;2;200;200;200;48;2;209;209;209m4[38;2;106;106;106;48;2;75;75;75ml[38;2;3;3;3;48;2;2;2;2mr[48;2;0;0;0m                                  [0m
[7m[38;2;0;0;0m [0m[38;2;0;0;0;48;2;0;0;0m                                                     [38;2;73;73;73;48;2;50;50;50m4[38;2;192;192;192;48;2;204;204;204mF[38;2;246;246;246;48;2;249;249;249mL[48;2;250;250;250m [38;2;252;252;252;48;2;251;251;251m:[48;2;252;252;252m                      [48;2;251;251;251m_[38;2;253;253;253m`[38;2;216;216;216;48;2;225;225;225m"[38;2;122;122;122;48;2;92;92;92ml[38;2;19;19;19;48;2;6;6;6m,[48;2;0;0;0m                                  [0m
[7m[38;2;0;0;0m [0m[38;2;0;0;0;48;2;0;0;0m                                                    [48;2;9;9;9m:[38;2;39;39;39;48;2;94;94;94mF[38;2;207;207;207;48;2;222;222;222mF[38;2;253;253;253;48;2;250;250;250m`[48;2;251;251;251m [38;2;252;252;252m:[48;2;252;252;252m                      [48;2;251;251;251m:[48;2;250;250;250m~[38;2;253;253;253;48;2;248;248;248m.[38;2;148;148;148;48;2;168;168;168mJ[38;2;78;78;78;48;2;44;44;44mL[38;2;1;1;1;48;2;0;0;0m.                                 [0m
[7m[38;2;0;0;0m [0m[38;2;0;0;0;48;2;0;0;0m                                                  [38;2;1;1;1m.[38;2;0;0;0;48;2;21;21;21m:[38;2;63;63;63;48;2;120;120;120mF[38;2;175;175;175;48;2;224;224;224m"[38;2;253;253;253;48;2;249;249;249m`[38;2;249;249;249;48;2;251;251;251m`[38;2;252;252;252m:[48;2;252;252;252m                        [38;2;250;250;250;48;2;251;251;251m`[38;2;253;253;253m`[38;2;223;223;223;48;2;241;241;241m`[38;2;105;105;105;48;2;136;136;136m4[38;2;75;75;75;48;2;24;24;24m,[38;2;1;1;1;48;2;0;0;0m.                                [0m
[7m[38;2;0;0;0m [0m[38;2;0;0;0;48;2;0;0;0m                                                 [38;2;1;1;1m:[38;2;44;44;44;48;2;20;20;20m_[38;2;77;77;77;48;2;128;128;128mF[38;2;206;206;206;48;2;234;234;234m~[38;2;253;253;253;48;2;250;250;250m`[38;2;250;250;250;48;2;251;251;251m`[38;2;252;252;252m:[48;2;252;252;252m                         [48;2;251;251;251m:[38;2;249;249;249m"[38;2;253;253;253m`[38;2;187;187;187;48;2;219;219;219m"[38;2;134;134;134;48;2;85;85;85mL[38;2;25;25;25;48;2;5;5;5m_[48;2;0;0;0m                                [0m
[7m[38;2;0;0;0m [0m[38;2;0;0;0;48;2;0;0;0m                                                [48;2;1;1;1m`[38;2;75;75;75;48;2;25;25;25m_[38;2;55;55;55;48;2;137;137;137m~[38;2;205;205;205;48;2;233;233;233m"[38;2;253;253;253;48;2;250;250;250m`[38;2;250;250;250;48;2;251;251;251m`[38;2;252;252;252m:[48;2;252;252;252m                            [38;2;251;251;251;48;2;250;250;250m:[38;2;253;253;253;48;2;249;249;249m:[38;2;139;139;139;48;2;180;180;180m"[38;2;92;92;92;48;2;54;54;54mL[38;2;3;3;3;48;2;0;0;0m,                               [0m
[7m[38;2;0;0;0m [0m[38;2;0;0;0;48;2;0;0;0m                                               [48;2;6;6;6m`[38;2;122;122;122;48;2;56;56;56m_[38;2;105;105;105;48;2;189;189;189m~[38;2;225;225;225;48;2;245;245;245m~[38;2;252;252;252;48;2;250;250;250m`[48;2;251;251;251m.[48;2;252;252;252m                              [48;2;251;251;251m:F[38;2;233;233;233;48;2;245;245;245m`[38;2;117;117;117;48;2;149;149;149m4[38;2;89;89;89;48;2;32;32;32m,[48;2;0;0;0m                               [0m
[7m[38;2;0;0;0m [0m[38;2;0;0;0;48;2;0;0;0m                                             [38;2;1;1;1m_[38;2;36;36;36;48;2;12;12;12m_[38;2;48;48;48;48;2;103;103;103mF[38;2;150;150;150;48;2;217;217;217m~[38;2;253;253;253;48;2;248;248;248m'[38;2;249;249;249;48;2;251;251;251m~[38;2;252;252;252m:[48;2;252;252;252m                                [48;2;251;251;251m [38;2;253;253;253m`[38;2;204;204;204;48;2;230;230;230m"[38;2;84;84;84;48;2;118;118;118m4[38;2;51;51;51;48;2;13;13;13m,[48;2;0;0;0m                              [0m
[7m[38;2;0;0;0m [0m[38;2;0;0;0;48;2;0;0;0m                                             [38;2;40;40;40;48;2;13;13;13m_[38;2;60;60;60;48;2;112;112;112mF[38;2;189;189;189;48;2;225;225;225m"[38;2;254;254;254;48;2;249;249;249m'[38;2;249;249;249;48;2;251;251;251m`[38;2;252;252;252m:[48;2;252;252;252m                                  [48;2;250;250;250m [38;2;253;253;253m`[38;2;164;164;164;48;2;203;203;203m"[38;2;120;120;120;48;2;75;75;75mL[38;2;20;20;20;48;2;4;4;4m,[48;2;0;0;0m                             [0m
[7m[38;2;0;0;0m [0m[38;2;0;0;0;48;2;0;0;0m                                            [48;2;7;7;7m`[38;2;104;104;104;48;2;77;77;77mj[38;2;176;176;176;48;2;215;215;215m~[38;2;254;254;254;48;2;250;250;250m'[38;2;250;250;250;48;2;251;251;251m~[38;2;252;252;252m:[48;2;252;252;252m                                    [48;2;250;250;250m [48;2;247;247;247m:[38;2;139;139;139;48;2;163;163;163m4[38;2;71;71;71;48;2;42;42;42mL[38;2;1;1;1;48;2;0;0;0m{                            [0m
[7m[38;2;0;0;0m [0m[38;2;0;0;0;48;2;0;0;0m                                           [38;2;1;1;1m_[38;2;28;28;28;48;2;20;20;20m4[38;2;131;131;131;48;2;113;113;113m4[38;2;234;234;234;48;2;239;239;239mL[38;2;251;251;251;48;2;252;252;252m_                                      [48;2;250;250;250m:[38;2;253;253;253;48;2;251;251;251m:[38;2;197;197;197;48;2;213;213;213m"[38;2;64;64;64;48;2;99;99;99m4[38;2;11;11;11;48;2;3;3;3m,[48;2;0;0;0m                            [0m
[7m[38;2;0;0;0m [0m[38;2;0;0;0;48;2;0;0;0m                                          [38;2;1;1;1m.[38;2;59;59;59;48;2;18;18;18m_[38;2;152;152;152;48;2;88;88;88my[38;2;140;140;140;48;2;215;215;215m~[38;2;253;253;253;48;2;248;248;248m`[38;2;249;249;249;48;2;250;250;250m'[38;2;252;252;252;48;2;251;251;251m:[48;2;252;252;252m                                     [48;2;251;251;251m.[38;2;253;253;253m"[38;2;252;252;252;48;2;245;245;245m:[38;2;119;119;119;48;2;146;146;146m4[38;2;49;49;49;48;2;28;28;28mL[48;2;0;0;0m                            [0m
[7m[38;2;0;0;0m [0m[38;2;0;0;0;48;2;0;0;0m                                         [38;2;29;29;29;48;2;4;4;4m_[38;2;128;128;128;48;2;54;54;54m_[38;2;90;90;90;48;2;180;180;180m~[38;2;216;216;216;48;2;243;243;243m~[38;2;252;252;252;48;2;249;249;249m`[38;2;248;248;248;48;2;251;251;251m~[38;2;252;252;252m:[48;2;252;252;252m                                       [48;2;250;250;250m [38;2;253;253;253m`[38;2;164;164;164;48;2;188;188;188m"[38;2;100;100;100;48;2;64;64;64mL[38;2;3;3;3;48;2;0;0;0m,                           [0m
[7m[38;2;0;0;0m [0m[38;2;0;0;0;48;2;0;0;0m                                       [38;2;1;1;1m_[38;2;41;41;41;48;2;12;12;12m_[38;2;52;52;52;48;2;108;108;108mF[38;2;153;153;153;48;2;219;219;219m~[38;2;250;250;250;48;2;249;249;249m`[38;2;248;248;248;48;2;250;250;250m~[38;2;252;252;252;48;2;251;251;251m:[48;2;252;252;252m                                         [48;2;251;251;251m [38;2;253;253;253;48;2;250;250;250m`[38;2;178;178;178;48;2;197;197;197my[38;2;107;107;107;48;2;70;70;70mF[38;2;5;5;5;48;2;2;2;2mF[48;2;0;0;0m                           [0m
[?25h