[?25l[0m[7m[38;2;252;252;252m [0m[38;2;0;0;0;48;2;252;252;252m                                                                                                                       [0m
[7m[38;2;252;252;252m [0m[38;2;0;0;0;48;2;252;252;252m                                                                                                                       [0m
[7m[38;2;252;252;252m [0m[38;2;0;0;0;48;2;252;252;252m                                                                                                                       [0m
[7m[38;2;252;252;252m [0m[38;2;0;0;0;48;2;252;252;252m                                                                                                                       [0m
[7m[38;2;252;252;252m [0m[38;2;0;0;0;48;2;252;252;252m                                                                                                                       [0m
[7m[38;2;252;252;252m [0m[38;2;0;0;0;48;2;252;252;252m                              [38;2;252;252;252;48;2;251;251;251m:  [38;2;250;250;250m_ ***+ [48;2;252;252;252m [38;2;252;252;252;48;2;251;251;251m.[48;2;252;252;252m                                                                             [0m
[7m[38;2;252;252;252m [0m[38;2;0;0;0;48;2;252;252;252m                           [38;2;252;252;252;48;2;251;251;251m:[38;2;250;250;250m_[38;2;252;252;252;48;2;246;246;246m`[38;2;142;142;142;48;2;224;224;224m_[38;2;25;25;25;48;2;191;191;191m_[38;2;68;68;68;48;2;208;208;208m_[38;2;96;96;96;48;2;222;222;222m_[38;2;16;16;16;48;2;205;205;205m_[38;2;0;0;0;48;2;177;177;177m_[48;2;161;161;161m_[38;2;71;71;71;48;2;162;162;162my[38;2;0;0;0;48;2;163;163;163m_[38;2;12;12;12;48;2;193;193;193m_[38;2;94;94;94;48;2;225;225;225m_[38;2;216;216;216;48;2;245;245;245m_[38;2;253;253;253;48;2;251;251;251m.[38;2;250;250;250m_[38;2;252;252;252m:[48;2;252;252;252m                                                                          [0m
[7m[38;2;252;252;252m [0m[38;2;0;0;0;48;2;252;252;252m                           [38;2;252;252;252;48;2;251;251;251m|[48;2;250;250;250m [38;2;244;244;244;48;2;235;235;235m:[38;2;173;173;173;48;2;147;147;147mL[38;2;33;33;33;48;2;17;17;17mL[38;2;42;42;42;48;2;8;8;8m~[38;2;66;66;66;48;2;11;11;11m~[38;2;7;7;7;48;2;2;2;2m`[48;2;0;0;0m    [48;2;2;2;2m`[38;2;63;63;63;48;2;18;18;18m"[38;2;166;166;166;48;2;77;77;77m~[38;2;88;88;88;48;2;197;197;197m_[38;2;195;195;195;48;2;245;245;245m_[38;2;254;254;254;48;2;251;251;251m.[48;2;252;252;252m                                                                          [0m
[7m[38;2;252;252;252m [0m[38;2;0;0;0;48;2;252;252;252m                           [38;2;252;252;252;48;2;251;251;251m.[38;2;250;250;250m~[38;2;212;212;212;48;2;221;221;221m4[38;2;108;108;108;48;2;63;63;63m~[38;2;0;0;0;48;2;5;5;5m:[38;2;1;1;1;48;2;0;0;0m~        [38;2;4;4;4m`[38;2;53;53;53;48;2;10;10;10m`[38;2;42;42;42;48;2;97;97;97mL[38;2;166;166;166;48;2;216;216;216m_[38;2;254;254;254;48;2;250;250;250m:[38;2;249;249;249;48;2;251;251;251m_[38;2;252;252;252m:[48;2;252;252;252m                                                                       [0m
[7m[38;2;252;252;252m [0m[38;2;0;0;0;48;2;252;252;252m                           [38;2;252;252;252;48;2;251;251;251m:'[38;2;243;243;243;48;2;229;229;229m:[38;2;171;171;171;48;2;108;108;108my[38;2;141;141;141;48;2;27;27;27m_[38;2;69;69;69;48;2;8;8;8m_[38;2;0;0;0;48;2;1;1;1m:[48;2;0;0;0m         [38;2;31;31;31;48;2;10;10;10m"[38;2;45;45;45;48;2;100;100;100mL[38;2;171;171;171;48;2;221;221;221m_[38;2;253;253;253;48;2;250;250;250m:[38;2;252;252;252;48;2;251;251;251m~:[48;2;252;252;252m                                                                      [0m
[7m[38;2;252;252;252m [0m[38;2;0;0;0;48;2;252;252;252m                             [38;2;252;252;252;48;2;251;251;251m:[38;2;231;231;231;48;2;245;245;245m`[38;2;176;176;176;48;2;201;201;201m`[38;2;90;90;90;48;2;72;72;72mF[38;2;0;0;0;48;2;7;7;7m:[38;2;1;1;1;48;2;0;0;0m_        [38;2;0;0;0;48;2;1;1;1m.[38;2;51;51;51;48;2;30;30;30m_[38;2;104;104;104;48;2;144;144;144mF[38;2;235;235;235;48;2;243;243;243mL[38;2;250;250;250;48;2;252;252;252m~                                                                       [0m
[7m[38;2;252;252;252m [0m[38;2;0;0;0;48;2;252;252;252m                             [38;2;252;252;252;48;2;251;251;251m:.[38;2;230;230;230;48;2;246;246;246m`[38;2;168;168;168;48;2;219;219;219m~[38;2;175;175;175;48;2;97;97;97my[38;2;122;122;122;48;2;24;24;24m_[38;2;0;0;0;48;2;6;6;6m`[48;2;0;0;0m     [48;2;1;1;1m`[38;2;86;86;86;48;2;27;27;27m_[38;2;159;159;159;48;2;75;75;75my[38;2;76;76;76;48;2;160;160;160m~[38;2;205;205;205;48;2;240;240;240m~[38;2;245;245;245;48;2;251;251;251m~[38;2;253;253;253;48;2;252;252;252m`                                                                       [0m
[7m[38;2;252;252;252m [0m[38;2;0;0;0;48;2;252;252;252m                             [38;2;252;252;252;48;2;251;251;251m:[38;2;250;250;250m,[38;2;251;251;251;48;2;249;249;249m'[38;2;181;181;181;48;2;232;232;232m_[38;2;44;44;44;48;2;174;174;174m_[38;2;166;166;166;48;2;73;73;73m~[38;2;3;3;3;48;2;15;15;15m:[48;2;0;0;0m   [38;2;22;22;22;48;2;12;12;12mu[38;2;107;107;107;48;2;66;66;66my[38;2;36;36;36;48;2;159;159;159m~[38;2;105;105;105;48;2;186;186;186m~[38;2;236;236;236;48;2;246;246;246m`[38;2;242;242;242;48;2;251;251;251m`[38;2;253;253;253m`[48;2;252;252;252m                                                                         [0m
[7m[38;2;252;252;252m [0m[38;2;0;0;0;48;2;252;252;252m                             [48;2;251;251;251m [38;2;249;249;249m_[48;2;243;243;243m'[38;2;147;147;147;48;2;198;198;198m_[38;2;82;82;82;48;2;58;58;58mL[38;2;0;0;0;48;2;4;4;4m:[48;2;0;0;0m    [38;2;7;7;7;48;2;2;2;2m`[38;2;84;84;84;48;2;61;61;61m4[38;2;147;147;147;48;2;196;196;196m_[38;2;254;254;254;48;2;248;248;248m:[48;2;250;250;250m [38;2;252;252;252;48;2;251;251;251m:[48;2;252;252;252m                                                                          [0m
[7m[38;2;252;252;252m [0m[38;2;0;0;0;48;2;252;252;252m                           [38;2;252;252;252;48;2;251;251;251m:[38;2;249;249;249m_[38;2;245;245;245;48;2;247;247;247m.[38;2;134;134;134;48;2;219;219;219m_[38;2;48;48;48;48;2;132;132;132my[38;2;71;71;71;48;2;20;20;20m~[38;2;28;28;28;48;2;4;4;4m`[48;2;0;0;0m     [38;2;1;1;1m`[38;2;28;28;28;48;2;8;8;8m`[38;2;108;108;108;48;2;84;84;84m4[38;2;181;181;181;48;2;222;222;222m_[38;2;253;253;253;48;2;250;250;250m:[38;2;250;250;250;48;2;251;251;251m_[38;2;252;252;252m:[48;2;252;252;252m                                                                         [0m
[7m[38;2;252;252;252m [0m[38;2;0;0;0;48;2;252;252;252m                          [38;2;252;252;252;48;2;251;251;251m.[38;2;250;250;250mL[38;2;249;249;249;48;2;240;240;240m`[38;2;144;144;144;48;2;186;186;186my[38;2;105;105;105;48;2;44;44;44m~[38;2;0;0;0;48;2;3;3;3m:[38;2;1;1;1;48;2;0;0;0m`       [38;2;0;0;0;48;2;1;1;1m:[38;2;36;36;36;48;2;78;78;78mF[38;2;176;176;176;48;2;203;203;203m~[38;2;254;254;254;48;2;249;249;249m:[48;2;250;250;250m [38;2;252;252;252;48;2;251;251;251m:[48;2;252;252;252m                                                                         [0m
[7m[38;2;252;252;252m [0m[38;2;0;0;0;48;2;252;252;252m                          [38;2;252;252;252;48;2;251;251;251m|[48;2;250;250;250m [38;2;218;218;218;48;2;229;229;229m4[38;2;140;140;140;48;2;106;106;106m_[38;2;0;0;0;48;2;12;12;12m:[38;2;2;2;2;48;2;1;1;1m-[48;2;0;0;0m         [38;2;56;56;56;48;2;20;20;20m`[38;2;79;79;79;48;2;126;126;126mL[38;2;232;232;232;48;2;240;240;240m,[38;2;253;253;253;48;2;252;252;252m`                                                                          [0m
[7m[38;2;252;252;252m [0m[38;2;0;0;0;48;2;252;252;252m                          [38;2;252;252;252;48;2;251;251;251m:[38;2;250;250;250m`[38;2;240;240;240;48;2;248;248;248m`[38;2;182;182;182;48;2;228;228;228m"[38;2;93;93;93;48;2;175;175;175m~[38;2;123;123;123;48;2;66;66;66my[38;2;0;0;0;48;2;8;8;8m:[38;2;1;1;1;48;2;0;0;0m,       `[38;2;78;78;78;48;2;32;32;32m`[38;2;62;62;62;48;2;142;142;142m_[38;2;195;195;195;48;2;235;235;235m_[38;2;254;254;254;48;2;250;250;250m.[38;2;250;250;250;48;2;251;251;251m_[38;2;252;252;252m:[48;2;252;252;252m                                                                       [0m
[7m[38;2;252;252;252m [0m[38;2;0;0;0;48;2;252;252;252m                            [38;2;252;252;252;48;2;251;251;251m|[48;2;250;250;250m [38;2;241;241;241;48;2;231;231;231m:[38;2;147;147;147;48;2;124;124;124mF[38;2;27;27;27;48;2;12;12;12mL[48;2;0;0;0m         [38;2;1;1;1m~[38;2;53;53;53;48;2;26;26;26m`[38;2;93;93;93;48;2;136;136;136mL[38;2;240;240;240;48;2;245;245;245mL[38;2;252;252;252;48;2;251;251;251mw:[48;2;252;252;252m                                                                       [0m
[7m[38;2;252;252;252m [0m[38;2;0;0;0;48;2;252;252;252m                          [38;2;252;252;252;48;2;251;251;251m:`[38;2;249;249;249;48;2;250;250;250m_[38;2;250;250;250;48;2;243;243;243m`[38;2;131;131;131;48;2;201;201;201m_[38;2;98;98;98;48;2;51;51;51m~[38;2;0;0;0;48;2;4;4;4m:[38;2;1;1;1;48;2;0;0;0m`       [38;2;2;2;2m.[38;2;63;63;63;48;2;16;16;16m_[38;2;185;185;185;48;2;93;93;93m_[38;2;147;147;147;48;2;216;216;216m~[38;2;251;251;251;48;2;249;249;249m:[38;2;252;252;252;48;2;251;251;251m_[48;2;252;252;252m                                                                        [0m
[7m[38;2;252;252;252m [0m[38;2;0;0;0;48;2;252;252;252m                          [48;2;251;251;251m [38;2;251;251;251;48;2;250;250;250mu[38;2;235;235;235;48;2;241;241;241mu[38;2;197;197;197;48;2;168;168;168mF[38;2;89;89;89;48;2;35;35;35m~[38;2;0;0;0;48;2;3;3;3m`[48;2;0;0;0m        [48;2;2;2;2m`[38;2;80;80;80;48;2;41;41;41my[38;2;82;82;82;48;2;174;174;174m~[38;2;224;224;224;48;2;244;244;244m~[38;2;254;254;254;48;2;251;251;251m` [48;2;252;252;252m                                                                         [0m
[7m[38;2;252;252;252m [0m[38;2;0;0;0;48;2;252;252;252m                         [38;2;252;252;252;48;2;251;251;251m: [48;2;250;250;250m.[38;2;200;200;200;48;2;223;223;223m_[38;2;62;62;62;48;2;111;111;111mg[38;2;0;0;0;48;2;9;9;9m:[48;2;0;0;0m        [38;2;1;1;1m.[38;2;57;57;57;48;2;35;35;35m4[38;2;117;117;117;48;2;154;154;154m~[38;2;254;254;254;48;2;244;244;244m:[38;2;252;252;252;48;2;250;250;250m`[48;2;251;251;251m:[48;2;252;252;252m                                                                          [0m
[7m[38;2;252;252;252m [0m[38;2;0;0;0;48;2;252;252;252m                         [48;2;251;251;251m  [38;2;245;245;245;48;2;239;239;239m:[38;2;159;159;159;48;2;172;172;172m4[38;2;37;37;37;48;2;20;20;20mL[48;2;0;0;0m          [38;2;27;27;27;48;2;4;4;4m`[38;2;87;87;87;48;2;52;52;52m~[38;2;138;138;138;48;2;168;168;168mL[38;2;242;242;242;48;2;246;246;246mL[38;2;250;250;250;48;2;252;252;252m_                                                                          [0m
[7m[38;2;252;252;252m [0m[38;2;0;0;0;48;2;252;252;252m                         [48;2;251;251;251m [38;2;252;252;252m,[38;2;240;240;240;48;2;226;226;226m`[38;2;160;160;160;48;2;105;105;105m~[38;2;0;0;0;48;2;11;11;11m:[38;2;1;1;1;48;2;0;0;0m+          [38;2;31;31;31;48;2;11;11;11m"[38;2;48;48;48;48;2;103;103;103mL[38;2;171;171;171;48;2;220;220;220m_[38;2;254;254;254;48;2;250;250;250m.[38;2;249;249;249;48;2;251;251;251m_[38;2;252;252;252m:[48;2;252;252;252m                                                                        [0m
[7m[38;2;252;252;252m [0m[38;2;0;0;0;48;2;252;252;252m                        [48;2;251;251;251m  [38;2;251;251;251;48;2;244;244;244m`[38;2;170;170;170;48;2;192;192;192my[38;2;5;5;5;48;2;31;31;31m:[48;2;0;0;0m            [38;2;1;1;1m^[38;2;42;42;42;48;2;17;17;17m`[38;2;70;70;70;48;2;119;119;119mL[38;2;212;212;212;48;2;236;236;236m_[38;2;249;249;249;48;2;251;251;251m' [48;2;252;252;252m                                                                        [0m
[7m[38;2;252;252;252m [0m[38;2;0;0;0;48;2;252;252;252m                        [38;2;252;252;252;48;2;251;251;251m|[48;2;250;250;250m [38;2;221;221;221;48;2;229;229;229m4[38;2;149;149;149;48;2;115;115;115m~[38;2;0;0;0;48;2;13;13;13m:[38;2;1;1;1;48;2;0;0;0m:            g[38;2;66;66;66;48;2;39;39;39m`[38;2;119;119;119;48;2;159;159;159mL[38;2;254;254;254;48;2;245;245;245m:[38;2;249;249;249;48;2;250;250;250m#[38;2;252;252;252;48;2;251;251;251m:[48;2;252;252;252m                                                                       [0m
[7m[38;2;252;252;252m [0m[38;2;0;0;0;48;2;252;252;252m                        [38;2;252;252;252;48;2;251;251;251m::[38;2;210;210;210;48;2;220;220;220m4[38;2;35;35;35;48;2;62;62;62m.[38;2;0;0;0;48;2;3;3;3m:[38;2;1;1;1;48;2;0;0;0m^             [38;2;7;7;7;48;2;3;3;3m`[38;2;90;90;90;48;2;65;65;65m4[38;2;159;159;159;48;2;206;206;206m_[38;2;254;254;254;48;2;249;249;249m:[38;2;250;250;250;48;2;251;251;251my[38;2;252;252;252m:[48;2;252;252;252m                                                                      [0m
[7m[38;2;252;252;252m [0m[38;2;0;0;0;48;2;252;252;252m                       [38;2;252;252;252;48;2;251;251;251m:[38;2;250;250;250m,[38;2;251;251;251;48;2;245;245;245m'[38;2;182;182;182;48;2;194;194;194my[38;2;39;39;39;48;2;25;25;25mL[48;2;0;0;0m               [38;2;1;1;1m"[38;2;3;3;3;48;2;20;20;20m:[38;2;80;80;80;48;2;122;122;122mL[38;2;254;254;254;48;2;240;240;240m'[38;2;252;252;252;48;2;251;251;251my [48;2;252;252;252m                                                                      [0m
[7m[38;2;252;252;252m [0m[38;2;0;0;0;48;2;252;252;252m                       [38;2;252;252;252;48;2;251;251;251m|[38;2;251;251;251;48;2;250;250;250m4[38;2;229;229;229;48;2;233;233;233mu[38;2;164;164;164;48;2;138;138;138mF[38;2;0;0;0;48;2;16;16;16m:[38;2;1;1;1;48;2;0;0;0m+               .[38;2;79;79;79;48;2;54;54;54m4[38;2;159;159;159;48;2;195;195;195m_[38;2;254;254;254;48;2;248;248;248m:[48;2;250;250;250m [38;2;252;252;252;48;2;251;251;251m:[48;2;252;252;252m                                                                     [0m
[7m[38;2;252;252;252m [0m[38;2;0;0;0;48;2;252;252;252m                       [48;2;251;251;251m [38;2;252;252;252m_[38;2;214;214;214;48;2;224;224;224m4[38;2;116;116;116;48;2;85;85;85m~[38;2;0;0;0;48;2;7;7;7m:[48;2;0;0;0m                [38;2;1;1;1m:[38;2;40;40;40;48;2;26;26;26m4[38;2;106;106;106;48;2;139;139;139mL[38;2;240;240;240;48;2;245;245;245mL[48;2;250;250;250m [38;2;252;252;252;48;2;251;251;251m:[48;2;252;252;252m                                                                     [0m
[7m[38;2;252;252;252m [0m[38;2;0;0;0;48;2;252;252;252m                      [38;2;252;252;252;48;2;251;251;251m::[48;2;249;249;249m`[38;2;195;195;195;48;2;207;207;207my[38;2;9;9;9;48;2;40;40;40m.[38;2;0;0;0;48;2;1;1;1m:[48;2;0;0;0m                [38;2;1;1;1m`[38;2;0;0;0;48;2;8;8;8m:[38;2;60;60;60;48;2;102;102;102ml[38;2;229;229;229;48;2;237;237;237m,[38;2;254;254;254;48;2;252;252;252m.[48;2;251;251;251m [48;2;252;252;252m                                                                     [0m
[7m[38;2;252;252;252m [0m[38;2;0;0;0;48;2;252;252;252m                      [48;2;251;251;251m [38;2;250;250;250m.[38;2;233;233;233;48;2;237;237;237mu[38;2;180;180;180;48;2;154;154;154mF[38;2;0;0;0;48;2;18;18;18m:[38;2;1;1;1;48;2;0;0;0m,                 `[38;2;31;31;31;48;2;71;71;71ml[38;2;188;188;188;48;2;206;206;206mL[38;2;254;254;254;48;2;249;249;249m:[38;2;250;250;250;48;2;251;251;251m:[38;2;252;252;252m:[48;2;252;252;252m                                                                    [0m
[7m[38;2;252;252;252m [0m[38;2;0;0;0;48;2;252;252;252m                      [38;2;252;252;252;48;2;251;251;251m|[48;2;250;250;250m [38;2;216;216;216;48;2;226;226;226m4[38;2;131;131;131;48;2;101;101;101m~[38;2;0;0;0;48;2;10;10;10m:[38;2;1;1;1;48;2;0;0;0m:                  [38;2;52;52;52;48;2;34;34;34m4[38;2;125;125;125;48;2;156;156;156mL[38;2;254;254;254;48;2;244;244;244m:[38;2;249;249;249;48;2;250;250;250m$[38;2;252;252;252;48;2;251;251;251m:[48;2;252;252;252m                                                                    [0m
[7m[38;2;252;252;252m [0m[38;2;0;0;0;48;2;252;252;252m                      [38;2;252;252;252;48;2;251;251;251m::[38;2;207;207;207;48;2;216;216;216m4[38;2;75;75;75;48;2;53;53;53m~[38;2;0;0;0;48;2;2;2;2m:[48;2;0;0;0m                  [38;2;1;1;1m~[38;2;16;16;16;48;2;8;8;8m"[38;2;54;54;54;48;2;101;101;101mi[38;2;221;221;221;48;2;236;236;236m,[38;2;254;254;254;48;2;251;251;251m.[38;2;252;252;252m:[48;2;252;252;252m                                                                    [0m
[7m[38;2;252;252;252m [0m[38;2;0;0;0;48;2;252;252;252m                     [38;2;252;252;252;48;2;251;251;251m: [38;2;250;250;250;48;2;243;243;243m'[38;2;170;170;170;48;2;187;187;187my[38;2;3;3;3;48;2;24;24;24m:[48;2;0;0;0m                    [38;2;1;1;1m.[38;2;74;74;74;48;2;50;50;50m4[38;2;156;156;156;48;2;190;190;190m_[38;2;254;254;254;48;2;247;247;247m:[48;2;250;250;250m [38;2;252;252;252;48;2;251;251;251m:[48;2;252;252;252m                                                                   [0m
[7m[38;2;252;252;252m [0m[38;2;0;0;0;48;2;252;252;252m                     [38;2;252;252;252;48;2;251;251;251m|[48;2;250;250;250m [38;2;220;220;220;48;2;229;229;229m4[38;2;154;154;154;48;2;116;116;116m~[38;2;0;0;0;48;2;12;12;12m:[48;2;0;0;0m                    [38;2;1;1;1m.[38;2;2;2;2;48;2;24;24;24m:[38;2;91;91;91;48;2;128;128;128mL[38;2;237;237;237;48;2;244;244;244mL[38;2;250;250;250;48;2;251;251;251m~[38;2;252;252;252m:[48;2;252;252;252m                                                                   [0m
[?25h