[?25l[0m[7m[38;2;252;252;252m [0m[38;2;0;0;0;48;2;252;252;252m                                                                                                                       [0m
[7m[38;2;252;252;252m [0m[38;2;0;0;0;48;2;252;252;252m                                                                                                                       [0m
[7m[38;2;252;252;252m [0m[38;2;0;0;0;48;2;252;252;252m                                                                                                                       [0m
[7m[38;2;252;252;252m [0m[38;2;0;0;0;48;2;252;252;252m                                                                                                                       [0m
[7m[38;2;252;252;252m [0m[38;2;0;0;0;48;2;252;252;252m                                                                                                                       [0m
[7m[38;2;252;252;252m [0m[38;2;0;0;0;48;2;252;252;252m                                                                                                                       [0m
[7m[38;2;252;252;252m [0m[38;2;0;0;0;48;2;252;252;252m                                                                                                                       [0m
[7m[38;2;252;252;252m [0m[38;2;0;0;0;48;2;252;252;252m                                                                                                                       [0m
[7m[38;2;252;252;252m [0m[38;2;0;0;0;48;2;252;252;252m                                                                                                                       [0m
[7m[38;2;252;252;252m [0m[38;2;0;0;0;48;2;252;252;252m                                                                                                                       [0m
[7m[38;2;252;252;252m [0m[38;2;0;0;0;48;2;252;252;252m                                                                                                                       [0m
[7m[38;2;252;252;252m [0m[38;2;0;0;0;48;2;252;252;252m                                                                                                                       [0m
[7m[38;2;252;252;252m [0m[38;2;0;0;0;48;2;252;252;252m                                                                                                                       [0m
[7m[38;2;252;252;252m [0m[38;2;0;0;0;48;2;252;252;252m                                                                                                                       [0m
[7m[38;2;252;252;252m [0m[38;2;0;0;0;48;2;252;252;252m                                                                                                                       [0m
[7m[38;2;252;252;252m [0m[38;2;0;0;0;48;2;252;252;252m                                                                                                                       [0m
[7m[38;2;252;252;252m [0m[38;2;0;0;0;48;2;252;252;252m                                                                                                                       [0m
[7m[38;2;252;252;252m [0m[38;2;0;0;0;48;2;252;252;252m                                                                                                                       [0m
[7m[38;2;252;252;252m [0m[38;2;0;0;0;48;2;252;252;252m                                                                                                                       [0m
[7m[38;2;252;252;252m [0m[38;2;0;0;0;48;2;252;252;252m                                                               [38;2;249;249;249;48;2;251;251;251m_[38;2;246;246;246m_[38;2;248;248;248m_[48;2;252;252;252m                                                     [0m
[7m[38;2;252;252;252m [0m[38;2;0;0;0;48;2;252;252;252m                                                        [38;2;253;253;253m_[38;2;252;252;252;48;2;250;250;250m:[38;2;193;193;193;48;2;244;244;244m_[38;2;191;191;191m_[38;2;239;239;239;48;2;248;248;248m,[38;2;234;234;234;48;2;247;247;247m_[38;2;219;219;219;48;2;242;242;242m_[38;2;211;211;211;48;2;229;229;229my[38;2;238;238;238;48;2;211;211;211m~[38;2;207;207;207;48;2;226;226;226my[38;2;224;224;224;48;2;242;242;242m_[38;2;244;244;244;48;2;250;250;250m_[38;2;250;250;250;48;2;251;251;251m_[38;2;252;252;252m.[48;2;252;252;252m                                                 [0m
[7m[38;2;252;252;252m [0m[38;2;0;0;0;48;2;252;252;252m                                                    [38;2;252;252;252;48;2;251;251;251m:[38;2;249;249;249m.[38;2;244;244;244m_[38;2;219;219;219;48;2;247;247;247m_[38;2;126;126;126;48;2;219;219;219m_[38;2;28;28;28;48;2;161;161;161m_[38;2;154;154;154;48;2;55;55;55m~[38;2;145;145;145;48;2;47;47;47m~[38;2;54;54;54;48;2;135;135;135my[38;2;90;90;90;48;2;178;178;178m_[38;2;155;155;155;48;2;191;191;191m_[38;2;183;183;183;48;2;195;195;195m_[38;2;196;196;196;48;2;194;194;194mw[38;2;194;194;194;48;2;195;195;195m.[38;2;214;214;214;48;2;200;200;200m~[38;2;201;201;201;48;2;217;217;217mg[38;2;221;221;221;48;2;236;236;236m_[38;2;246;246;246;48;2;248;248;248m,[38;2;252;252;252;48;2;251;251;251m"[48;2;252;252;252m                                                [0m
[7m[38;2;252;252;252m [0m[38;2;0;0;0;48;2;252;252;252m                                                   [38;2;253;253;253;48;2;250;250;250m.[38;2;163;163;163;48;2;237;237;237m_[38;2;89;89;89;48;2;199;199;199m_[38;2;53;53;53;48;2;149;149;149my[38;2;161;161;161;48;2;58;58;58m~[38;2;80;80;80;48;2;17;17;17m~[38;2;10;10;10;48;2;3;3;3m`[48;2;0;0;0m  [38;2;0;0;0;48;2;2;2;2m:[38;2;51;51;51;48;2;11;11;11m"[38;2;94;94;94;48;2;28;28;28m~[38;2;140;140;140;48;2;58;58;58m~[38;2;52;52;52;48;2;123;123;123my[38;2;79;79;79;48;2;164;164;164m_[38;2;142;142;142;48;2;187;187;187m_[38;2;186;186;186;48;2;191;191;191m)[38;2;222;222;222;48;2;218;218;218m4[38;2;243;243;243;48;2;246;246;246mL[48;2;251;251;251m [48;2;252;252;252m                               [38;2;253;253;253m^                [0m
[7m[38;2;252;252;252m [0m[38;2;0;0;0;48;2;252;252;252m                                               [38;2;252;252;252;48;2;251;251;251m:[38;2;250;250;250m,[48;2;250;250;250m [38;2;195;195;195;48;2;232;232;232m_[38;2;68;68;68;48;2;150;150;150my[38;2;104;104;104;48;2;39;39;39m"[38;2;21;21;21;48;2;4;4;4m~[48;2;0;0;0m [38;2;1;1;1m`       " [38;2;0;0;0;48;2;6;6;6m:[38;2;97;97;97;48;2;36;36;36m~[38;2;42;42;42;48;2;124;124;124m_[38;2;176;176;176;48;2;198;198;198m_[38;2;221;221;221;48;2;230;230;230my[38;2;244;244;244;48;2;247;247;247mr[38;2;252;252;252;48;2;251;251;251m.[48;2;252;252;252m                                               [0m
[7m[38;2;252;252;252m [0m[38;2;0;0;0;48;2;252;252;252m                                               [38;2;252;252;252;48;2;251;251;251m.[48;2;250;250;250m [38;2;254;254;254;48;2;238;238;238m:[38;2;169;169;169;48;2;134;134;134m~[38;2;40;40;40;48;2;24;24;24m~[38;2;1;1;1;48;2;0;0;0m:              [38;2;0;0;0;48;2;28;28;28m:[38;2;125;125;125;48;2;140;140;140m>[38;2;205;205;205;48;2;214;214;214mF[38;2;239;239;239;48;2;243;243;243mF[38;2;250;250;250;48;2;251;251;251mF[48;2;252;252;252m                                               [0m
[7m[38;2;252;252;252m [0m[38;2;0;0;0;48;2;252;252;252m                                               [38;2;252;252;252;48;2;251;251;251m:[38;2;251;251;251;48;2;250;250;250m_[38;2;254;254;254;48;2;243;243;243m:[38;2;143;143;143;48;2;174;174;174m~[38;2;52;52;52;48;2;39;39;39mr[38;2;0;0;0;48;2;2;2;2m:[48;2;0;0;0m            [38;2;1;1;1m_[38;2;0;0;0;48;2;4;4;4m:[38;2;106;106;106;48;2;48;48;48m_[38;2;135;135;135;48;2;188;188;188m~[38;2;224;224;224;48;2;240;240;240m"[38;2;245;245;245;48;2;250;250;250m~[38;2;252;252;252;48;2;251;251;251m.[48;2;252;252;252m                                               [0m
[7m[38;2;252;252;252m [0m[38;2;0;0;0;48;2;252;252;252m                                                [38;2;252;252;252;48;2;251;251;251m:.[38;2;234;234;234;48;2;245;245;245m`[38;2;133;133;133;48;2;201;201;201m~[38;2;203;203;203;48;2;77;77;77m_[38;2;82;82;82;48;2;17;17;17m_[38;2;0;0;0;48;2;2;2;2m`[48;2;0;0;0m       [38;2;1;1;1m_ [38;2;0;0;0;48;2;4;4;4m:[38;2;108;108;108;48;2;27;27;27m_[38;2;214;214;214;48;2;98;98;98m_[38;2;144;144;144;48;2;212;212;212m~[38;2;236;236;236;48;2;247;247;247m~[48;2;251;251;251m [38;2;252;252;252m:[48;2;252;252;252m                                                [0m
[7m[38;2;252;252;252m [0m[38;2;0;0;0;48;2;252;252;252m                                                  [38;2;251;251;251m`[38;2;253;253;253m`[38;2;240;240;240;48;2;247;247;247m`[38;2;144;144;144;48;2;220;220;220m~[38;2;62;62;62;48;2;169;169;169m~[38;2;217;217;217;48;2;84;84;84m_[38;2;152;152;152;48;2;42;42;42m_[38;2;110;110;110;48;2;17;17;17m_[38;2;73;73;73;48;2;3;3;3m_[38;2;56;56;56;48;2;2;2;2m_[38;2;79;79;79;48;2;4;4;4m_[38;2;115;115;115;48;2;19;19;19m_[38;2;164;164;164;48;2;48;48;48m_[38;2;179;179;179;48;2;83;83;83my[38;2;63;63;63;48;2;178;178;178m~[38;2;151;151;151;48;2;226;226;226m~[38;2;251;251;251;48;2;247;247;247m:[38;2;252;252;252;48;2;251;251;251m`[48;2;252;252;252m                                                   [0m
[7m[38;2;252;252;252m [0m[38;2;0;0;0;48;2;252;252;252m                                                     [38;2;252;252;252;48;2;251;251;251m:.[38;2;232;232;232;48;2;248;248;248m`[38;2;196;196;196;48;2;243;243;243m`[38;2;173;173;173;48;2;235;235;235m`[38;2;145;145;145;48;2;216;216;216m~[38;2;114;114;114;48;2;206;206;206m~[38;2;150;150;150;48;2;221;221;221m~[38;2;199;199;199;48;2;241;241;241m~[38;2;202;202;202;48;2;244;244;244m`[38;2;240;240;240;48;2;250;250;250m`[38;2;250;250;250;48;2;251;251;251m~[38;2;252;252;252m.:[48;2;252;252;252m                                                    [0m
[7m[38;2;252;252;252m [0m[38;2;0;0;0;48;2;252;252;252m                                                         [38;2;252;252;252;48;2;251;251;251m. [38;2;250;250;250m~~ [48;2;252;252;252m                                                         [0m
[7m[38;2;252;252;252m [0m[38;2;0;0;0;48;2;252;252;252m                                                                                                                       [0m
[7m[38;2;252;252;252m [0m[38;2;0;0;0;48;2;252;252;252m                                                                                                                       [0m
[7m[38;2;252;252;252m [0m[38;2;0;0;0;48;2;252;252;252m                                                                                                                       [0m
[7m[38;2;252;252;252m [0m[38;2;0;0;0;48;2;252;252;252m                                                                                                                       [0m
[7m[38;2;252;252;252m [0m[38;2;0;0;0;48;2;252;252;252m                                                                                                                       [0m
[7m[38;2;252;252;252m [0m[38;2;0;0;0;48;2;252;252;252m                       [38;2;252;252;252;48;2;251;251;251m:[48;2;252;252;252m                                                                                               [0m
[?25h