[?25l[0m[7m[38;2;0;0;0m [0m[38;2;0;0;0;48;2;0;0;0m                                                                                                                       [0m
[7m[38;2;0;0;0m [0m[38;2;0;0;0;48;2;0;0;0m                                                                                                                       [0m
[7m[38;2;0;0;0m [0m[38;2;0;0;0;48;2;0;0;0m                                                                                                                       [0m
[7m[38;2;0;0;0m [0m[38;2;0;0;0;48;2;0;0;0m                                                          [38;2;1;1;1m--                                                           [0m
[7m[38;2;0;0;0m [0m[38;2;0;0;0;48;2;0;0;0m                                                      [48;2;2;2;2m:[38;2;89;89;89;48;2;19;19;19m_[38;2;197;197;197;48;2;64;64;64m_[38;2;249;249;249;48;2;105;105;105m_[38;2;209;209;209;48;2;119;119;119my[38;2;210;210;210;48;2;121;121;121my[38;2;204;204;204;48;2;112;112;112my[38;2;241;241;241;48;2;88;88;88m_[38;2;135;135;135;48;2;38;38;38m_[38;2;38;38;38;48;2;8;8;8m,[48;2;0;0;0m                                                       [0m
[7m[38;2;0;0;0m [0m[38;2;0;0;0;48;2;0;0;0m                                                    [38;2;2;2;2m,[38;2;0;0;0;48;2;12;12;12m:[38;2;118;118;118;48;2;76;76;76my[38;2;154;154;154;48;2;216;216;216m~[38;2;224;224;224;48;2;245;245;245m~[38;2;247;247;247;48;2;251;251;251m~[38;2;250;250;250m=?[38;2;249;249;249;48;2;250;250;250m?[38;2;251;251;251;48;2;249;249;249m'[38;2;181;181;181;48;2;230;230;230m`[38;2;137;137;137;48;2;91;91;91mL[38;2;25;25;25;48;2;12;12;12mr[38;2;1;1;1;48;2;0;0;0m*                                                     [0m
[7m[38;2;0;0;0m [0m[38;2;0;0;0;48;2;0;0;0m                                                    [38;2;1;1;1mT[38;2;37;37;37;48;2;21;21;21m4[38;2;99;99;99;48;2;130;130;130mL[38;2;252;252;252;48;2;239;239;239m`[48;2;251;251;251m_[38;2;249;249;249;48;2;252;252;252m_[38;2;250;250;250;48;2;251;251;251m__[38;2;249;249;249;48;2;250;250;250m_[38;2;252;252;252;48;2;248;248;248m:[38;2;163;163;163;48;2;226;226;226m_[38;2;125;125;125;48;2;81;81;81mF[38;2;27;27;27;48;2;10;10;10m~[38;2;1;1;1;48;2;0;0;0m"                                                     [0m
[7m[38;2;0;0;0m [0m[38;2;0;0;0;48;2;0;0;0m                                                     [38;2;1;1;1m`[38;2;56;56;56;48;2;20;20;20m"[38;2;180;180;180;48;2;81;81;81m~[38;2;51;51;51;48;2;180;180;180m_[38;2;120;120;120;48;2;215;215;215m_[38;2;139;139;139;48;2;224;224;224m_[38;2;120;120;120;48;2;215;215;215m_[38;2;68;68;68;48;2;188;188;188m_[38;2;48;48;48;48;2;139;139;139my[38;2;127;127;127;48;2;37;37;37m~[38;2;33;33;33;48;2;4;4;4m~[48;2;0;0;0m                                                       [0m
[7m[38;2;0;0;0m [0m[38;2;0;0;0;48;2;0;0;0m                                                       [38;2;1;1;1m`[38;2;19;19;19;48;2;2;2;2m`[38;2;72;72;72;48;2;6;6;6m`[38;2;85;85;85;48;2;7;7;7m`[38;2;72;72;72;48;2;6;6;6m`[38;2;36;36;36;48;2;3;3;3m`[38;2;1;1;1;48;2;0;0;0m`                                                         [0m
[7m[38;2;0;0;0m [0m[38;2;0;0;0;48;2;0;0;0m                                                                                                                       [0m
[7m[38;2;0;0;0m [0m[38;2;0;0;0;48;2;0;0;0m                                                                                                                       [0m
[7m[38;2;0;0;0m [0m[38;2;0;0;0;48;2;0;0;0m                                                                                                                       [0m
[7m[38;2;0;0;0m [0m[38;2;0;0;0;48;2;0;0;0m                                                                                                                       [0m
[7m[38;2;0;0;0m [0m[38;2;0;0;0;48;2;0;0;0m                                                                                                                       [0m
[7m[38;2;0;0;0m [0m[38;2;0;0;0;48;2;0;0;0m                                                                                                                       [0m
[7m[38;2;0;0;0m [0m[38;2;0;0;0;48;2;0;0;0m                                                                                                                       [0m
[7m[38;2;0;0;0m [0m[38;2;0;0;0;48;2;0;0;0m                                                                                                                       [0m
[7m[38;2;0;0;0m [0m[38;2;0;0;0;48;2;0;0;0m                                                                                                                       [0m
[7m[38;2;0;0;0m [0m[38;2;0;0;0;48;2;0;0;0m                                                                                                                       [0m
[7m[38;2;0;0;0m [0m[38;2;0;0;0;48;2;0;0;0m                                                                                                                       [0m
[7m[38;2;0;0;0m [0m[38;2;0;0;0;48;2;0;0;0m                                                                                                                       [0m
[7m[38;2;0;0;0m [0m[38;2;0;0;0;48;2;0;0;0m                                                                                                                       [0m
[7m[38;2;0;0;0m [0m[38;2;0;0;0;48;2;0;0;0m                                                                                                                       [0m
[7m[38;2;0;0;0m [0m[38;2;0;0;0;48;2;0;0;0m                                                                                                                       [0m
[7m[38;2;0;0;0m [0m[38;2;0;0;0;48;2;0;0;0m                                                                                                                       [0m
[7m[38;2;0;0;0m [0m[38;2;0;0;0;48;2;0;0;0m                                                                                                                       [0m
[7m[38;2;0;0;0m [0m[38;2;0;0;0;48;2;0;0;0m                                                                                                                       [0m
[7m[38;2;0;0;0m [0m[38;2;0;0;0;48;2;0;0;0m                                                                                                                       [0m
[7m[38;2;0;0;0m [0m[38;2;0;0;0;48;2;0;0;0m                                                                                                                       [0m
[7m[38;2;0;0;0m [0m[38;2;0;0;0;48;2;0;0;0m                                                                                                                       [0m
[7m[38;2;0;0;0m [0m[38;2;0;0;0;48;2;0;0;0m                                                                                                                       [0m
[7m[38;2;0;0;0m [0m[38;2;0;0;0;48;2;0;0;0m                                                                                                                       [0m
[7m[38;2;0;0;0m [0m[38;2;0;0;0;48;2;0;0;0m                                                                                                                       [0m
[7m[38;2;0;0;0m [0m[38;2;0;0;0;48;2;0;0;0m                                                                                                                       [0m
[7m[38;2;0;0;0m [0m[38;2;0;0;0;48;2;0;0;0m                                                                                                                       [0m
[7m[38;2;0;0;0m [0m[38;2;0;0;0;48;2;0;0;0m                                                                                                                       [0m
[?25h