[?25l[0m[7m[38;2;0;0;0m [0m[38;2;0;0;0;48;2;0;0;0m                                                                                                                       [0m
[7m[38;2;0;0;0m [0m[38;2;0;0;0;48;2;0;0;0m                                                                                                                       [0m
[7m[38;2;0;0;0m [0m[38;2;0;0;0;48;2;0;0;0m                                                                                                                       [0m
[7m[38;2;0;0;0m [0m[38;2;0;0;0;48;2;0;0;0m                                                                                                                       [0m
[7m[38;2;0;0;0m [0m[38;2;0;0;0;48;2;0;0;0m                                                                                                                       [0m
[7m[38;2;0;0;0m [0m[38;2;0;0;0;48;2;0;0;0m                                                                                                                       [0m
[7m[38;2;0;0;0m [0m[38;2;0;0;0;48;2;0;0;0m                                                                                                                       [0m
[7m[38;2;0;0;0m [0m[38;2;0;0;0;48;2;0;0;0m                                                                                                                       [0m
[7m[38;2;0;0;0m [0m[38;2;0;0;0;48;2;0;0;0m                                                                                                                       [0m
[7m[38;2;0;0;0m [0m[38;2;0;0;0;48;2;0;0;0m                                                                                                                       [0m
[7m[38;2;0;0;0m [0m[38;2;0;0;0;48;2;0;0;0m                                                                                                                       [0m
[7m[38;2;0;0;0m [0m[38;2;0;0;0;48;2;0;0;0m                                        [38;2;21;21;21;48;2;2;2;2m_[38;2;66;66;66;48;2;7;7;7m_[38;2;77;77;77;48;2;8;8;8m_[38;2;49;49;49;48;2;5;5;5m_[38;2;0;0;0;48;2;2;2;2m`[38;2;10;10;10;48;2;0;0;0m_[38;2;2;2;2m,[38;2;1;1;1m.                                                                       [0m
[7m[38;2;0;0;0m [0m[38;2;0;0;0;48;2;0;0;0m                                      [48;2;2;2;2m`[38;2;89;89;89;48;2;52;52;52my[38;2;52;52;52;48;2;180;180;180m~[38;2;103;103;103;48;2;213;213;213m~[38;2;117;117;117;48;2;215;215;215m~[38;2;90;90;90;48;2;207;207;207m~[38;2;55;55;55;48;2;194;194;194m~[38;2;52;52;52;48;2;195;195;195m~[38;2;40;40;40;48;2;177;177;177m~[38;2;25;25;25;48;2;150;150;150m~[38;2;243;243;243;48;2;87;87;87m_[38;2;213;213;213;48;2;56;56;56m_[38;2;212;212;212;48;2;51;51;51m_[38;2;180;180;180;48;2;42;42;42m_[38;2;93;93;93;48;2;22;22;22m_[38;2;17;17;17;48;2;4;4;4m,[48;2;0;0;0m                                                                 [0m
[7m[38;2;0;0;0m [0m[38;2;0;0;0;48;2;0;0;0m                                      [38;2;3;3;3;48;2;1;1;1m`[38;2;66;66;66;48;2;32;32;32m~[38;2;61;61;61;48;2;143;143;143m_[38;2;190;190;190;48;2;234;234;234m_[38;2;254;254;254;48;2;249;249;249m.[38;2;250;250;250;48;2;251;251;251m,[38;2;253;253;253;48;2;252;252;252m`~[38;2;252;252;252;48;2;251;251;251m~[48;2;250;250;250m~'[38;2;235;235;235;48;2;248;248;248m~[38;2;233;233;233;48;2;247;247;247m"[38;2;216;216;216;48;2;243;243;243m"[38;2;181;181;181;48;2;226;226;226m~[38;2;104;104;104;48;2;144;144;144m~[38;2;52;52;52;48;2;24;24;24mL[48;2;0;0;0m                                                                [0m
[7m[38;2;0;0;0m [0m[38;2;0;0;0;48;2;0;0;0m                                       [38;2;1;1;1m~[38;2;52;52;52;48;2;16;16;16m`[38;2;69;69;69;48;2;121;121;121mL[38;2;212;212;212;48;2;239;239;239m_[38;2;254;254;254;48;2;251;251;251m. [48;2;252;252;252m [38;2;250;250;250;48;2;251;251;251m"[38;2;251;251;251;48;2;250;250;250my[38;2;249;249;249m~[48;2;251;251;251m [38;2;253;253;253;48;2;249;249;249m:[38;2;164;164;164;48;2;229;229;229m_[38;2;49;49;49;48;2;153;153;153m_[38;2;116;116;116;48;2;51;51;51m~[38;2;25;25;25;48;2;8;8;8m~[48;2;0;0;0m                                                                [0m
[7m[38;2;0;0;0m [0m[38;2;0;0;0;48;2;0;0;0m                                         [38;2;72;72;72;48;2;51;51;51m4[38;2;159;159;159;48;2;182;182;182mL[38;2;245;245;245;48;2;248;248;248mL[38;2;249;249;249;48;2;250;250;250m.[38;2;252;252;252;48;2;251;251;251m:[48;2;252;252;252m [48;2;251;251;251m.`[38;2;213;213;213;48;2;243;243;243m_[38;2;117;117;117;48;2;188;188;188my[38;2;135;135;135;48;2;56;56;56m~[38;2;31;31;31;48;2;6;6;6m~[48;2;0;0;0m                                                                  [0m
[7m[38;2;0;0;0m [0m[38;2;0;0;0;48;2;0;0;0m                                        [48;2;1;1;1m:[38;2;83;83;83;48;2;61;61;61my[38;2;157;157;157;48;2;199;199;199m~[38;2;254;254;254;48;2;248;248;248m:[38;2;250;250;250;48;2;251;251;251mT[38;2;252;252;252m::[38;2;253;253;253;48;2;250;250;250m.[48;2;232;232;232m'[38;2;67;67;67;48;2;126;126;126my[38;2;48;48;48;48;2;17;17;17m~[38;2;0;0;0;48;2;1;1;1m.[48;2;0;0;0m                                                                   [0m
[7m[38;2;0;0;0m [0m[38;2;0;0;0;48;2;0;0;0m                                       [48;2;1;1;1m`[38;2;88;88;88;48;2;41;41;41m_[38;2;103;103;103;48;2;163;163;163m~[38;2;254;254;254;48;2;246;246;246m:[38;2;251;251;251;48;2;250;250;250m~[38;2;252;252;252;48;2;251;251;251m:: [38;2;254;254;254;48;2;245;245;245m'[38;2;159;159;159;48;2;193;193;193my[38;2;61;61;61;48;2;33;33;33mL[38;2;1;1;1;48;2;0;0;0m_                                                                    [0m
[7m[38;2;0;0;0m [0m[38;2;0;0;0;48;2;0;0;0m                                      [38;2;63;63;63;48;2;17;17;17m_[38;2;186;186;186;48;2;83;83;83m_[38;2;102;102;102;48;2;201;201;201m~[38;2;236;236;236;48;2;248;248;248m~[38;2;251;251;251;48;2;250;250;250m`[48;2;251;251;251m [48;2;252;252;252m [48;2;251;251;251m [38;2;248;248;248;48;2;249;249;249m:[38;2;252;252;252;48;2;237;237;237m:[38;2;157;157;157;48;2;133;133;133mL[38;2;41;41;41;48;2;21;21;21mL[38;2;3;3;3;48;2;2;2;2m][48;2;0;0;0m                                                                    [0m
[7m[38;2;0;0;0m [0m[38;2;0;0;0;48;2;0;0;0m                                     [38;2;20;20;20;48;2;7;7;7m_[38;2;70;70;70;48;2;95;95;95ml[38;2;206;206;206;48;2;217;217;217m^[38;2;254;254;254;48;2;250;250;250m'[38;2;250;250;250;48;2;251;251;251m` [48;2;252;252;252m  [48;2;251;251;251m [48;2;249;249;249mu[38;2;253;253;253;48;2;243;243;243m:[38;2;165;165;165;48;2;178;178;178m4[38;2;58;58;58;48;2;29;29;29mL[38;2;1;1;1;48;2;0;0;0m~                                                                    [0m
[7m[38;2;0;0;0m [0m[38;2;0;0;0;48;2;0;0;0m                                     [38;2;36;36;36;48;2;20;20;20m4[38;2;129;129;129;48;2;99;99;99m4[38;2;101;101;101;48;2;207;207;207m_[38;2;144;144;144;48;2;235;235;235m_[38;2;167;167;167;48;2;240;240;240m_[38;2;205;205;205;48;2;245;245;245m_[38;2;243;243;243;48;2;250;250;250m_[38;2;233;233;233;48;2;249;249;249m_[38;2;220;220;220;48;2;247;247;247m_[38;2;215;215;215;48;2;246;246;246m_[38;2;210;210;210;48;2;244;244;244m_[38;2;218;218;218;48;2;196;196;196m$[38;2;85;85;85;48;2;47;47;47mL[38;2;0;0;0;48;2;2;2;2m:[48;2;0;0;0m                                                                    [0m
[7m[38;2;0;0;0m [0m[38;2;0;0;0;48;2;0;0;0m                                       [38;2;24;24;24;48;2;7;7;7m"[38;2;74;74;74;48;2;20;20;20m~[38;2;37;37;37;48;2;78;78;78mm[38;2;137;137;137;48;2;162;162;162mm[38;2;240;240;240;48;2;210;210;210m`[38;2;54;54;54;48;2;131;131;131mg[38;2;182;182;182;48;2;51;51;51m~[38;2;176;176;176m~[38;2;170;170;170;48;2;49;49;49m~[38;2;130;130;130;48;2;31;31;31m~[38;2;37;37;37;48;2;7;7;7m~[48;2;0;0;0m                                                                     [0m
[7m[38;2;0;0;0m [0m[38;2;0;0;0;48;2;0;0;0m                                        [48;2;1;1;1m:[38;2;45;45;45;48;2;22;22;22m"[38;2;19;19;19;48;2;80;80;80my[38;2;173;173;173;48;2;69;69;69m~[38;2;50;50;50;48;2;17;17;17m~[48;2;0;0;0m                                                                          [0m
[7m[38;2;0;0;0m [0m[38;2;0;0;0;48;2;0;0;0m                                                                                                                       [0m
[7m[38;2;0;0;0m [0m[38;2;0;0;0;48;2;0;0;0m                                                                                                                       [0m
[7m[38;2;0;0;0m [0m[38;2;0;0;0;48;2;0;0;0m                                                                                                                       [0m
[7m[38;2;0;0;0m [0m[38;2;0;0;0;48;2;0;0;0m                                                                                                                       [0m
[7m[38;2;0;0;0m [0m[38;2;0;0;0;48;2;0;0;0m                                                                                                                       [0m
[7m[38;2;0;0;0m [0m[38;2;0;0;0;48;2;0;0;0m                                                                                                                       [0m
[7m[38;2;0;0;0m [0m[38;2;0;0;0;48;2;0;0;0m                                                                                                                       [0m
[7m[38;2;0;0;0m [0m[38;2;0;0;0;48;2;0;0;0m                                                                                                                       [0m
[7m[38;2;0;0;0m [0m[38;2;0;0;0;48;2;0;0;0m                                                                                                                       [0m
[7m[38;2;0;0;0m [0m[38;2;0;0;0;48;2;0;0;0m                                                                                                                       [0m
[7m[38;2;0;0;0m [0m[38;2;0;0;0;48;2;0;0;0m                                                                                                                       [0m
[7m[38;2;0;0;0m [0m[38;2;0;0;0;48;2;0;0;0m                                                                                                                       [0m
[7m[38;2;0;0;0m [0m[38;2;0;0;0;48;2;0;0;0m                                                                                                                       [0m
[?25h