[?25l[0m[38;2;248;248;248;48;2;251;251;251m~[38;2;252;252;252m:[48;2;252;252;252m                                                                                                                      [0m
[7m[38;2;252;252;252m [0m[38;2;0;0;0;48;2;252;252;252m                                                                                                                       [0m
[7m[38;2;252;252;252m [0m[38;2;0;0;0;48;2;252;252;252m                                                                                                                       [0m
[7m[38;2;252;252;252m [0m[38;2;0;0;0;48;2;252;252;252m                                                                                                                       [0m
[7m[38;2;252;252;252m [0m[38;2;0;0;0;48;2;252;252;252m                                                                                                                       [0m
[7m[38;2;252;252;252m [0m[38;2;0;0;0;48;2;252;252;252m                                                                                                                       [0m
[7m[38;2;252;252;252m [0m[38;2;0;0;0;48;2;252;252;252m                                                                                                                       [0m
[7m[38;2;252;252;252m [0m[38;2;0;0;0;48;2;252;252;252m                                                                                                                   [38;2;252;252;252;48;2;251;251;251m::[48;2;252;252;252m  [0m
[7m[38;2;252;252;252m [0m[38;2;0;0;0;48;2;252;252;252m                                                                                                                       [0m
[7m[38;2;252;252;252m [0m[38;2;0;0;0;48;2;252;252;252m                                                                                                                       [0m
[7m[38;2;252;252;252m [0m[38;2;0;0;0;48;2;252;252;252m                                                                                                          [38;2;247;247;247;48;2;251;251;251m_[38;2;239;239;239;48;2;248;248;248m_[38;2;237;237;237;48;2;246;246;246m_[38;2;240;240;240;48;2;248;248;248m_[38;2;247;247;247;48;2;250;250;250m_[38;2;252;252;252;48;2;251;251;251m.[48;2;252;252;252m       [0m
[7m[38;2;252;252;252m [0m[38;2;0;0;0;48;2;252;252;252m                                                                                                        [38;2;252;252;252;48;2;251;251;251m:[48;2;249;249;249m [38;2;239;239;239;48;2;242;242;242my[38;2;226;226;226;48;2;232;232;232my[38;2;221;221;221;48;2;227;227;227my[38;2;223;223;223;48;2;230;230;230my[38;2;228;228;228;48;2;237;237;237m_[38;2;241;241;241;48;2;246;246;246m_[38;2;250;250;250;48;2;251;251;251m_[48;2;252;252;252m      [0m
[7m[38;2;252;252;252m [0m[38;2;0;0;0;48;2;252;252;252m                                                                                                         [38;2;249;249;249;48;2;248;248;248m:[38;2;232;232;232;48;2;235;235;235m4[38;2;219;219;219;48;2;216;216;216mF[38;2;214;214;214;48;2;209;209;209m~[38;2;199;199;199;48;2;211;211;211m_[38;2;200;200;200;48;2;216;216;216m_[38;2;208;208;208;48;2;227;227;227m_[38;2;223;223;223;48;2;240;240;240m_[38;2;235;235;235;48;2;247;247;247m_[38;2;243;243;243;48;2;250;250;250m_[38;2;249;249;249;48;2;251;251;251m,[48;2;252;252;252m   [0m
[7m[38;2;252;252;252m [0m[38;2;0;0;0;48;2;252;252;252m                                                                                                        [38;2;252;252;252;48;2;251;251;251m:[38;2;242;242;242;48;2;245;245;245m_[38;2;231;231;231;48;2;226;226;226mF[38;2;214;214;214;48;2;207;207;207m~[38;2;191;191;191;48;2;197;197;197my[38;2;178;178;178;48;2;189;189;189m_[38;2;180;180;180;48;2;187;187;187my[38;2;200;200;200;48;2;189;189;189m~[38;2;214;214;214;48;2;200;200;200m~[38;2;205;205;205;48;2;217;217;217my[38;2;218;218;218;48;2;228;228;228my[38;2;222;222;222;48;2;239;239;239m_[38;2;233;233;233;48;2;246;246;246m_[38;2;245;245;245;48;2;250;250;250m_[38;2;252;252;252;48;2;251;251;251m~[0m
[7m[38;2;252;252;252m [0m[38;2;0;0;0;48;2;252;252;252m                                                                                                       [38;2;253;253;253m*[38;2;242;242;242;48;2;248;248;248m_[38;2;221;221;221;48;2;230;230;230my[38;2;193;193;193;48;2;209;209;209m_[38;2;186;186;186;48;2;194;194;194my[38;2;185;185;185;48;2;177;177;177m~[38;2;173;173;173;48;2;168;168;168m~[38;2;170;170;170m~[38;2;176;176;176;48;2;172;172;172m`[38;2;182;182;182;48;2;177;177;177m~[38;2;191;191;191;48;2;183;183;183m~[38;2;202;202;202;48;2;191;191;191m~[38;2;214;214;214;48;2;202;202;202m~[38;2;226;226;226;48;2;217;217;217m~[38;2;229;229;229;48;2;235;235;235mL[38;2;242;242;242;48;2;245;245;245mw[0m
[7m[38;2;252;252;252m [0m[38;2;0;0;0;48;2;252;252;252m                                                                                                       [38;2;252;252;252;48;2;251;251;251m:[38;2;237;237;237;48;2;240;240;240m4[38;2;210;210;210;48;2;215;215;215m4[38;2;191;191;191;48;2;188;188;188mF[38;2;178;178;178;48;2;174;174;174m~[48;2;169;169;169m [38;2;170;170;170;48;2;168;168;168my[38;2;169;169;169;48;2;173;173;173m~[38;2;177;177;177m_[38;2;176;176;176m_[38;2;177;177;177m_[38;2;182;182;182;48;2;179;179;179m_[38;2;191;191;191;48;2;193;193;193mE[38;2;212;212;212;48;2;209;209;209m_[38;2;225;225;225;48;2;230;230;230mF[38;2;241;241;241;48;2;244;244;244mF[0m
[7m[38;2;252;252;252m [0m[38;2;0;0;0;48;2;252;252;252m                                                                                                       [38;2;252;252;252;48;2;251;251;251m:[38;2;241;241;241;48;2;246;246;246m~[38;2;222;222;222;48;2;231;231;231m~[38;2;224;224;224;48;2;206;206;206m_[38;2;208;208;208;48;2;187;187;187m_[38;2;201;201;201;48;2;181;181;181m_[38;2;199;199;199;48;2;183;183;183m_[38;2;200;200;200;48;2;186;186;186m_[38;2;205;205;205;48;2;189;189;189m_[38;2;208;208;208;48;2;190;190;190m_[38;2;210;210;210;48;2;192;192;192m_[38;2;216;216;216;48;2;197;197;197m_[38;2;232;232;232;48;2;212;212;212m_[38;2;216;216;216;48;2;232;232;232m~[38;2;235;235;235;48;2;244;244;244m~[38;2;247;247;247;48;2;250;250;250m~[0m
[7m[38;2;252;252;252m [0m[38;2;0;0;0;48;2;252;252;252m                                                                                                        [38;2;252;252;252;48;2;251;251;251m:[38;2;246;246;246;48;2;250;250;250m`[38;2;234;234;234;48;2;245;245;245m~[38;2;219;219;219;48;2;236;236;236m~[38;2;239;239;239;48;2;224;224;224my[48;2;223;223;223my[38;2;210;210;210;48;2;232;232;232m~[38;2;215;215;215;48;2;236;236;236m~[38;2;218;218;218;48;2;237;237;237m~[38;2;220;220;220;48;2;239;239;239m~[38;2;226;226;226;48;2;242;242;242m~[38;2;239;239;239;48;2;247;247;247m"[38;2;249;249;249;48;2;251;251;251m~[48;2;252;252;252m [38;2;252;252;252;48;2;251;251;251m:[0m
[7m[38;2;252;252;252m [0m[38;2;0;0;0;48;2;252;252;252m                                                                                                           [38;2;252;252;252;48;2;251;251;251m.[38;2;249;249;249m`[38;2;248;248;248m`[38;2;250;250;250m~[38;2;252;252;252m.[48;2;252;252;252m       [0m
[7m[38;2;252;252;252m [0m[38;2;0;0;0;48;2;252;252;252m                                                                                                                       [0m
[7m[38;2;252;252;252m [0m[38;2;0;0;0;48;2;252;252;252m                                                                                                                       [0m
[7m[38;2;252;252;252m [0m[38;2;0;0;0;48;2;252;252;252m                                                                                                                       [0m
[7m[38;2;252;252;252m [0m[38;2;0;0;0;48;2;252;252;252m                                                                                                                       [0m
[7m[38;2;252;252;252m [0m[38;2;0;0;0;48;2;252;252;252m                                                                                                                       [0m
[7m[38;2;252;252;252m [0m[38;2;0;0;0;48;2;252;252;252m                                                                                                                       [0m
[7m[38;2;252;252;252m [0m[38;2;0;0;0;48;2;252;252;252m                                                                                                                       [0m
[7m[38;2;252;252;252m [0m[38;2;0;0;0;48;2;252;252;252m                                                                                                                       [0m
[7m[38;2;252;252;252m [0m[38;2;0;0;0;48;2;252;252;252m                                                                                                                       [0m
[7m[38;2;252;252;252m [0m[38;2;0;0;0;48;2;252;252;252m                                                                                                                       [0m
[7m[38;2;252;252;252m [0m[38;2;0;0;0;48;2;252;252;252m                                                                                                                       [0m
[7m[38;2;252;252;252m [0m[38;2;0;0;0;48;2;252;252;252m                                                                                                                       [0m
[7m[38;2;252;252;252m [0m[38;2;0;0;0;48;2;252;252;252m                                                                                                                       [0m
[7m[38;2;252;252;252m [0m[38;2;0;0;0;48;2;252;252;252m                                                                                                                       [0m
[7m[38;2;252;252;252m [0m[38;2;0;0;0;48;2;252;252;252m                                                                                                                       [0m
[7m[38;2;252;252;252m [0m[38;2;0;0;0;48;2;252;252;252m                                                                                                                       [0m
[7m[38;2;252;252;252m [0m[38;2;0;0;0;48;2;252;252;252m                                                                                                                       [0m
[?25h