[?25l[0m[7m[38;2;0;0;0m [0m[38;2;0;0;0;48;2;0;0;0m                                                                                                                       [0m
[7m[38;2;0;0;0m [0m[38;2;0;0;0;48;2;0;0;0m                                                                                                                       [0m
[7m[38;2;0;0;0m [0m[38;2;0;0;0;48;2;0;0;0m                                                                                                                       [0m
[7m[38;2;0;0;0m [0m[38;2;0;0;0;48;2;0;0;0m                                                                                                                       [0m
[7m[38;2;0;0;0m [0m[38;2;0;0;0;48;2;0;0;0m                                                                                                                       [0m
[7m[38;2;0;0;0m [0m[38;2;0;0;0;48;2;0;0;0m                                                                                                                       [0m
[7m[38;2;0;0;0m [0m[38;2;0;0;0;48;2;0;0;0m                                                                                                                       [0m
[7m[38;2;0;0;0m [0m[38;2;0;0;0;48;2;0;0;0m                                                                                                                       [0m
[7m[38;2;0;0;0m [0m[38;2;0;0;0;48;2;0;0;0m                                                                                                                       [0m
[7m[38;2;0;0;0m [0m[38;2;0;0;0;48;2;0;0;0m                                                                                                                       [0m
[7m[38;2;0;0;0m [0m[38;2;0;0;0;48;2;0;0;0m                                                                                                                       [0m
[7m[38;2;0;0;0m [0m[38;2;0;0;0;48;2;0;0;0m                                                                                                                       [0m
[7m[38;2;0;0;0m [0m[38;2;0;0;0;48;2;0;0;0m                                                                                                                       [0m
[7m[38;2;0;0;0m [0m[38;2;0;0;0;48;2;0;0;0m                                                                                                                       [0m
[7m[38;2;0;0;0m [0m[38;2;0;0;0;48;2;0;0;0m                                                                                                  [38;2;1;1;1m_                    [0m
[7m[38;2;0;0;0m [0m[38;2;0;0;0;48;2;0;0;0m                                                                                               [48;2;2;2;2m`[38;2;91;91;91;48;2;8;8;8m_[38;2;148;148;148;48;2;23;23;23m_[38;2;183;183;183;48;2;54;54;54m_[38;2;164;164;164;48;2;70;70;70my[38;2;171;171;171;48;2;74;74;74my[38;2;204;204;204m_[38;2;189;189;189;48;2;60;60;60m_[38;2;179;179;179;48;2;48;48;48m_[38;2;171;171;171;48;2;35;35;35m_[38;2;156;156;156;48;2;23;23;23m_[38;2;135;135;135;48;2;14;14;14m_[38;2;115;115;115;48;2;10;10;10m_[38;2;94;94;94;48;2;8;8;8m_[38;2;70;70;70;48;2;5;5;5m_[38;2;48;48;48;48;2;3;3;3m_[38;2;25;25;25;48;2;1;1;1m_[38;2;8;8;8;48;2;0;0;0m_      [0m
[7m[38;2;0;0;0m [0m[38;2;0;0;0;48;2;0;0;0m                                                                                             [48;2;4;4;4m:[38;2;93;93;93;48;2;49;49;49my[38;2;30;30;30;48;2;169;169;169m~[38;2;128;128;128;48;2;218;218;218m~[38;2;192;192;192;48;2;238;238;238m`[38;2;221;221;221;48;2;248;248;248m`[38;2;234;234;234;48;2;250;250;250m`[38;2;236;236;236m`[38;2;231;231;231;48;2;249;249;249m`[38;2;225;225;225m`[38;2;221;221;221m`[38;2;216;216;216;48;2;248;248;248m`[38;2;201;201;201;48;2;243;243;243m`[38;2;196;196;196;48;2;235;235;235m~[38;2;169;169;169;48;2;228;228;228m~[38;2;140;140;140;48;2;219;219;219m~[38;2;106;106;106;48;2;211;211;211m~[38;2;74;74;74;48;2;204;204;204m~[38;2;47;47;47;48;2;195;195;195m~[38;2;21;21;21;48;2;180;180;180m~[38;2;4;4;4;48;2;159;159;159m~[38;2;0;0;0;48;2;140;140;140m~[48;2;131;131;131m~[38;2;240;240;240;48;2;94;94;94m_[38;2;233;233;233;48;2;76;76;76m_[38;2;211;211;211;48;2;58;58;58m_[0m
[7m[38;2;0;0;0m [0m[38;2;0;0;0;48;2;0;0;0m                                                                                             [48;2;2;2;2m:[38;2;88;88;88;48;2;26;26;26m~[38;2;190;190;190;48;2;89;89;89m~[38;2;60;60;60;48;2;186;186;186m_[38;2;174;174;174;48;2;236;236;236m_[38;2;217;217;217;48;2;249;249;249m_[38;2;233;233;233;48;2;250;250;250m_[38;2;239;239;239;48;2;251;251;251m_[38;2;243;243;243m_[38;2;245;245;245m__[38;2;246;246;246m_[38;2;249;249;249;48;2;252;252;252m_[48;2;251;251;251m [38;2;250;250;250m``[38;2;252;252;252m_[38;2;250;250;250mu[38;2;253;253;253m~"[38;2;252;252;252;48;2;250;250;250m~"~[38;2;253;253;253m~[38;2;248;248;248m`[38;2;230;230;230;48;2;246;246;246m`[0m
[7m[38;2;0;0;0m [0m[38;2;0;0;0;48;2;0;0;0m                                                                                                [38;2;43;43;43;48;2;5;5;5m`[38;2;132;132;132;48;2;23;23;23m`[38;2;148;148;148;48;2;56;56;56m~[38;2;24;24;24;48;2;113;113;113my[38;2;28;28;28;48;2;126;126;126my[38;2;32;32;32;48;2;134;134;134my[38;2;34;34;34;48;2;138;138;138my[38;2;35;35;35;48;2;139;139;139my[38;2;38;38;38;48;2;142;142;142my[38;2;46;46;46;48;2;151;151;151my[38;2;55;55;55;48;2;159;159;159my[38;2;59;59;59;48;2;162;162;162my[38;2;65;65;65;48;2;165;165;165my[38;2;73;73;73;48;2;168;168;168my[38;2;77;77;77;48;2;171;171;171my[38;2;85;85;85;48;2;174;174;174my[38;2;92;92;92;48;2;178;178;178my[38;2;96;96;96;48;2;180;180;180my[38;2;101;101;101;48;2;183;183;183my[38;2;59;59;59m_[38;2;67;67;67;48;2;189;189;189m_[38;2;70;70;70;48;2;193;193;193m_[38;2;72;72;72;48;2;194;194;194m_[0m
[7m[38;2;0;0;0m [0m[38;2;0;0;0;48;2;0;0;0m                                                                                                  [38;2;1;1;1m`           =========[0m
[7m[38;2;0;0;0m [0m[38;2;0;0;0;48;2;0;0;0m                                                                                                                       [0m
[7m[38;2;0;0;0m [0m[38;2;0;0;0;48;2;0;0;0m                                                                                                                       [0m
[7m[38;2;0;0;0m [0m[38;2;0;0;0;48;2;0;0;0m                                                                                                                       [0m
[7m[38;2;0;0;0m [0m[38;2;0;0;0;48;2;0;0;0m                                                                                                                       [0m
[7m[38;2;0;0;0m [0m[38;2;0;0;0;48;2;0;0;0m                                                                                                                       [0m
[7m[38;2;0;0;0m [0m[38;2;0;0;0;48;2;0;0;0m                                                                                                                       [0m
[7m[38;2;0;0;0m [0m[38;2;0;0;0;48;2;0;0;0m                                                                                                                       [0m
[7m[38;2;0;0;0m [0m[38;2;0;0;0;48;2;0;0;0m                                                                                                                       [0m
[7m[38;2;0;0;0m [0m[38;2;0;0;0;48;2;0;0;0m                                                                                                                       [0m
[7m[38;2;0;0;0m [0m[38;2;0;0;0;48;2;0;0;0m                                                                                                                       [0m
[7m[38;2;0;0;0m [0m[38;2;0;0;0;48;2;0;0;0m                                                                                                                       [0m
[7m[38;2;0;0;0m [0m[38;2;0;0;0;48;2;0;0;0m                                                                                                                       [0m
[7m[38;2;0;0;0m [0m[38;2;0;0;0;48;2;0;0;0m                                                                                                                       [0m
[7m[38;2;0;0;0m [0m[38;2;0;0;0;48;2;0;0;0m                                                                                                                       [0m
[7m[38;2;0;0;0m [0m[38;2;0;0;0;48;2;0;0;0m                                                                                                                       [0m
[7m[38;2;0;0;0m [0m[38;2;0;0;0;48;2;0;0;0m                                                                                                                       [0m
[?25h