[?25l[0m[7m[38;2;252;252;252m [0m[38;2;0;0;0;48;2;252;252;252m                                                                                                                       [0m
[7m[38;2;252;252;252m [0m[38;2;0;0;0;48;2;252;252;252m                                                                                                                       [0m
[7m[38;2;252;252;252m [0m[38;2;0;0;0;48;2;252;252;252m                                                                                                                       [0m
[7m[38;2;252;252;252m [0m[38;2;0;0;0;48;2;252;252;252m                                                                                       [38;2;252;252;252;48;2;251;251;251m:[38;2;245;245;245m_[38;2;249;249;249m_ [48;2;252;252;252m                            [0m
[7m[38;2;252;252;252m [0m[38;2;0;0;0;48;2;252;252;252m                                                                                     [48;2;251;251;251m [38;2;253;253;253;48;2;252;252;252m:[38;2;210;210;210;48;2;237;237;237m_[38;2;110;110;110;48;2;175;175;175my[38;2;102;102;102;48;2;186;186;186m_[38;2;187;187;187;48;2;226;226;226m_[38;2;205;205;205;48;2;239;239;239m_[38;2;220;220;220;48;2;245;245;245m_[38;2;240;240;240;48;2;249;249;249m_[38;2;249;249;249;48;2;251;251;251my [48;2;252;252;252m                       [0m
[7m[38;2;252;252;252m [0m[38;2;0;0;0;48;2;252;252;252m                                                                                     [48;2;250;250;250m [38;2;253;253;253;48;2;249;249;249m`[38;2;158;158;158;48;2;180;180;180my[38;2;85;85;85;48;2;57;57;57mF[38;2;80;80;80;48;2;52;52;52m~[38;2;119;119;119;48;2;143;143;143mL[38;2;146;146;146;48;2;168;168;168my[38;2;167;167;167;48;2;186;186;186my[38;2;209;209;209;48;2;221;221;221mL[38;2;241;241;241;48;2;244;244;244mL[38;2;251;251;251;48;2;250;250;250m:[48;2;252;252;252m                       [0m
[7m[38;2;252;252;252m [0m[38;2;0;0;0;48;2;252;252;252m                                                                                     [38;2;251;251;251;48;2;250;250;250my[38;2;253;253;253;48;2;248;248;248m:[38;2;121;121;121;48;2;147;147;147m4[38;2;48;48;48;48;2;28;28;28mF[38;2;0;0;0;48;2;8;8;8m:[38;2;93;93;93;48;2;67;67;67m~[38;2;85;85;85;48;2;108;108;108m_[38;2;134;134;134;48;2;145;145;145mL[38;2;191;191;191;48;2;203;203;203mL[38;2;235;235;235;48;2;241;241;241mL[38;2;249;249;249;48;2;250;250;250m,[48;2;252;252;252m                       [0m
[7m[38;2;252;252;252m [0m[38;2;0;0;0;48;2;252;252;252m                                                                                      [38;2;253;253;253;48;2;248;248;248m:[38;2;149;149;149;48;2;120;120;120ml[38;2;23;23;23;48;2;13;13;13mF[48;2;0;0;0m [38;2;32;32;32;48;2;18;18;18m~[38;2;56;56;56;48;2;70;70;70mL[38;2;112;112;112;48;2;124;124;124mL[38;2;176;176;176;48;2;189;189;189mL[38;2;229;229;229;48;2;235;235;235mL[48;2;250;250;250m [48;2;252;252;252m                       [0m
[7m[38;2;252;252;252m [0m[38;2;0;0;0;48;2;252;252;252m                                                                                    [48;2;251;251;251m [38;2;253;253;253;48;2;252;252;252m:[38;2;252;252;252;48;2;244;244;244m`[38;2;143;143;143;48;2;110;110;110ml[38;2;11;11;11;48;2;7;7;7mF[48;2;0;0;0m [38;2;0;0;0;48;2;3;3;3m:[38;2;48;48;48;48;2;42;42;42m~[38;2;95;95;95;48;2;109;109;109mL[38;2;161;161;161;48;2;173;173;173mL[38;2;220;220;220;48;2;230;230;230mL[38;2;249;249;249;48;2;251;251;251mL[48;2;252;252;252m                       [0m
[7m[38;2;252;252;252m [0m[38;2;0;0;0;48;2;252;252;252m                                                                                    [48;2;251;251;251m [38;2;253;253;253;48;2;252;252;252m`[38;2;242;242;242;48;2;230;230;230m`[38;2;71;71;71;48;2;108;108;108m4[38;2;6;6;6;48;2;2;2;2m~[48;2;0;0;0m  [38;2;18;18;18;48;2;25;25;25m:[38;2;94;94;94;48;2;87;87;87m4[38;2;147;147;147;48;2;160;160;160mL[38;2;211;211;211;48;2;220;220;220mL[38;2;245;245;245;48;2;248;248;248mL[48;2;252;252;252m                       [0m
[7m[38;2;252;252;252m [0m[38;2;0;0;0;48;2;252;252;252m                                                                                    [48;2;251;251;251m [38;2;253;253;253;48;2;252;252;252m`[38;2;232;232;232;48;2;226;226;226m'[38;2;125;125;125;48;2;90;90;90ml[38;2;2;2;2;48;2;1;1;1mF[48;2;0;0;0m  [38;2;9;9;9;48;2;15;15;15m:[38;2;82;82;82;48;2;74;74;74m4[38;2;142;142;142;48;2;150;150;150m[[38;2;207;207;207;48;2;216;216;216mL[38;2;244;244;244;48;2;248;248;248mL[48;2;252;252;252m                       [0m
[7m[38;2;252;252;252m [0m[38;2;0;0;0;48;2;252;252;252m                                                                                    [48;2;251;251;251m [38;2;253;253;253;48;2;252;252;252m`[38;2;231;231;231;48;2;225;225;225m:[38;2;125;125;125;48;2;89;89;89ml[48;2;1;1;1m [48;2;0;0;0m  [38;2;0;0;0;48;2;4;4;4m:[38;2;48;48;48;48;2;57;57;57m.[38;2;125;125;125;48;2;140;140;140mL[38;2;202;202;202;48;2;213;213;213mL[38;2;244;244;244;48;2;247;247;247mL[48;2;252;252;252m                       [0m
[7m[38;2;252;252;252m [0m[38;2;0;0;0;48;2;252;252;252m                                                                                    [48;2;251;251;251m [38;2;253;253;253;48;2;252;252;252m`[38;2;232;232;232;48;2;226;226;226m.[38;2;125;125;125;48;2;90;90;90ml[48;2;1;1;1m [48;2;0;0;0m  [38;2;0;0;0;48;2;2;2;2m:[38;2;46;46;46;48;2;40;40;40m4[38;2;114;114;114;48;2;124;124;124m[[38;2;192;192;192;48;2;204;204;204mL[38;2;240;240;240;48;2;245;245;245mL[38;2;253;253;253;48;2;252;252;252m|                      [0m
[7m[38;2;252;252;252m [0m[38;2;0;0;0;48;2;252;252;252m                                                                                    [48;2;251;251;251m [38;2;253;253;253;48;2;252;252;252m`[38;2;225;225;225;48;2;230;230;230m4[38;2;69;69;69;48;2;107;107;107m4[38;2;6;6;6;48;2;2;2;2m,[48;2;0;0;0m   [38;2;19;19;19;48;2;28;28;28m:[38;2;120;120;120;48;2;109;109;109m4[38;2;188;188;188;48;2;201;201;201mL[38;2;240;240;240;48;2;244;244;244mL[38;2;253;253;253;48;2;252;252;252m|                      [0m
[7m[38;2;252;252;252m [0m[38;2;0;0;0;48;2;252;252;252m                                                                                    [48;2;251;251;251m [38;2;253;253;253;48;2;252;252;252m`[38;2;246;246;246;48;2;240;240;240m:[38;2;139;139;139;48;2;105;105;105ml[38;2;9;9;9;48;2;6;6;6mL[48;2;0;0;0m   [48;2;17;17;17m:[38;2;99;99;99;48;2;91;91;91m4[38;2;177;177;177;48;2;192;192;192mL[38;2;238;238;238;48;2;243;243;243mL[48;2;252;252;252m                       [0m
[7m[38;2;252;252;252m [0m[38;2;0;0;0;48;2;252;252;252m                                                                                    [48;2;251;251;251m [38;2;253;253;253;48;2;252;252;252m"[38;2;250;250;250;48;2;244;244;244m:[38;2;143;143;143;48;2;109;109;109ml[38;2;11;11;11;48;2;7;7;7mL[48;2;0;0;0m  [38;2;1;1;1my[38;2;2;2;2;48;2;8;8;8m:[38;2;83;83;83;48;2;76;76;76m4[38;2;166;166;166;48;2;182;182;182mL[38;2;234;234;234;48;2;241;241;241mL[48;2;252;252;252m                       [0m
[7m[38;2;252;252;252m [0m[38;2;0;0;0;48;2;252;252;252m                                                                                     [38;2;253;253;253m~[48;2;247;247;247m:[38;2;146;146;146;48;2;113;113;113ml[38;2;15;15;15;48;2;9;9;9mL[48;2;0;0;0m  [38;2;1;1;1;48;2;2;2;2mF[48;2;4;4;4m:[38;2;63;63;63;48;2;58;58;58m4[38;2;154;154;154;48;2;171;171;171mL[38;2;231;231;231;48;2;239;239;239mL[48;2;252;252;252m                       [0m
[7m[38;2;252;252;252m [0m[38;2;0;0;0;48;2;252;252;252m                                                                                      [38;2;254;254;254;48;2;248;248;248m:[38;2;148;148;148;48;2;119;119;119ml[38;2;21;21;21;48;2;13;13;13mL[48;2;0;0;0m  [48;2;2;2;2m [38;2;1;1;1m:[38;2;26;26;26;48;2;42;42;42m.[38;2;147;147;147;48;2;164;164;164mL[38;2;228;228;228;48;2;237;237;237mL[48;2;252;252;252m                       [0m
[7m[38;2;252;252;252m [0m[38;2;0;0;0;48;2;252;252;252m                                                                                     [48;2;251;251;251m [38;2;253;253;253;48;2;248;248;248m`[38;2;150;150;150;48;2;123;123;123ml[38;2;29;29;29;48;2;17;17;17mL[48;2;0;0;0m  [48;2;2;2;2m [38;2;0;0;0;48;2;1;1;1m`[38;2;14;14;14;48;2;27;27;27m:[38;2;132;132;132;48;2;151;151;151mL[38;2;223;223;223;48;2;234;234;234mL[48;2;252;252;252m                       [0m
[7m[38;2;252;252;252m [0m[38;2;0;0;0;48;2;252;252;252m                                                                                     [48;2;251;251;251m [38;2;253;253;253;48;2;248;248;248m`[38;2;153;153;153;48;2;128;128;128ml[38;2;35;35;35;48;2;22;22;22mL[48;2;0;0;0m  [38;2;1;1;1;48;2;2;2;2mL[38;2;3;3;3;48;2;1;1;1m_[38;2;2;2;2;48;2;16;16;16m:[38;2;119;119;119;48;2;137;137;137mL[38;2;219;219;219;48;2;231;231;231mL[48;2;252;252;252m                       [0m
[7m[38;2;252;252;252m [0m[38;2;0;0;0;48;2;252;252;252m                                                                                     [48;2;250;250;250m [38;2;253;253;253;48;2;248;248;248m`[38;2;157;157;157;48;2;134;134;134ml[38;2;41;41;41;48;2;28;28;28ml[38;2;1;1;1;48;2;0;0;0m. [48;2;1;1;1m [48;2;3;3;3m [48;2;11;11;11m:[38;2;126;126;126;48;2;114;114;114m4[38;2;213;213;213;48;2;227;227;227mL[48;2;252;252;252m                       [0m
[7m[38;2;252;252;252m [0m[38;2;0;0;0;48;2;252;252;252m                                                                                     [48;2;250;250;250m [38;2;253;253;253;48;2;248;248;248m`[38;2;160;160;160;48;2;139;139;139ml[38;2;46;46;46;48;2;32;32;32ml[38;2;1;1;1;48;2;0;0;0m: [48;2;1;1;1m [38;2;4;4;4;48;2;3;3;3m:[38;2;0;0;0;48;2;8;8;8m`[38;2;103;103;103;48;2;93;93;93m4[38;2;207;207;207;48;2;223;223;223mL[48;2;252;252;252m                       [0m
[7m[38;2;252;252;252m [0m[38;2;0;0;0;48;2;252;252;252m                                                                                     [48;2;250;250;250m [38;2;253;253;253;48;2;248;248;248m:[38;2;165;165;165;48;2;146;146;146ml[38;2;54;54;54;48;2;37;37;37ml[38;2;1;1;1;48;2;0;0;0m: [48;2;1;1;1m [48;2;4;4;4m [38;2;0;0;0;48;2;6;6;6m`[38;2;63;63;63;48;2;76;76;76m:[38;2;203;203;203;48;2;221;221;221mL[48;2;252;252;252m                       [0m
[7m[38;2;252;252;252m [0m[38;2;0;0;0;48;2;252;252;252m                                                                                     [48;2;250;250;250m [38;2;253;253;253;48;2;248;248;248m:[38;2;170;170;170;48;2;154;154;154ml[38;2;62;62;62;48;2;43;43;43ml[38;2;1;1;1;48;2;0;0;0m: [48;2;1;1;1m [38;2;4;4;4;48;2;3;3;3m"[38;2;1;1;1m:[38;2;43;43;43;48;2;57;57;57m:[38;2;199;199;199;48;2;218;218;218mL[48;2;252;252;252m [38;2;253;253;253m,                     [0m
[7m[38;2;252;252;252m [0m[38;2;0;0;0;48;2;252;252;252m                                                                                     [48;2;250;250;250m [38;2;253;253;253;48;2;248;248;248m:[38;2;174;174;174;48;2;159;159;159ml[38;2;67;67;67;48;2;46;46;46ml[38;2;1;1;1;48;2;0;0;0m: [48;2;1;1;1m [38;2;3;3;3;48;2;2;2;2m"[38;2;0;0;0;48;2;1;1;1m.[38;2;18;18;18;48;2;37;37;37m:[38;2;186;186;186;48;2;207;207;207mL[38;2;247;247;247;48;2;250;250;250m,[48;2;252;252;252m                      [0m
[7m[38;2;252;252;252m [0m[38;2;0;0;0;48;2;252;252;252m                                                                                     [48;2;250;250;250m [38;2;253;253;253;48;2;248;248;248m:[38;2;175;175;175;48;2;161;161;161ml[38;2;69;69;69;48;2;47;47;47ml[38;2;1;1;1;48;2;0;0;0m: f[38;2;0;0;0;48;2;1;1;1my[48;2;0;0;0m [38;2;4;4;4;48;2;24;24;24m:[38;2;171;171;171;48;2;193;193;193mL[38;2;241;241;241;48;2;246;246;246mL[38;2;251;251;251;48;2;252;252;252my[38;2;252;252;252;48;2;251;251;251m:[48;2;252;252;252m                    [0m
[7m[38;2;252;252;252m [0m[38;2;0;0;0;48;2;252;252;252m                                                                                     [48;2;250;250;250m [48;2;249;249;249m [38;2;177;177;177;48;2;163;163;163ml[38;2;71;71;71;48;2;49;49;49ml[38;2;1;1;1;48;2;0;0;0m:    [38;2;0;0;0;48;2;16;16;16m:[38;2;143;143;143;48;2;167;167;167mL[38;2;232;232;232;48;2;238;238;238mr[38;2;252;252;252;48;2;251;251;251mF [48;2;252;252;252m                    [0m
[7m[38;2;252;252;252m [0m[38;2;0;0;0;48;2;252;252;252m                                                                                     [48;2;250;250;250m [38;2;253;253;253;48;2;248;248;248m:[38;2;173;173;173;48;2;159;159;159ml[38;2;67;67;67;48;2;46;46;46ml[38;2;1;1;1;48;2;0;0;0m`   :[38;2;0;0;0;48;2;12;12;12m:[38;2;107;107;107;48;2;128;128;128mL[38;2;215;215;215;48;2;229;229;229mL[38;2;251;251;251;48;2;250;250;250mF[38;2;250;250;250;48;2;251;251;251mL[48;2;252;252;252m                    [0m
[7m[38;2;252;252;252m [0m[38;2;0;0;0;48;2;252;252;252m                                                                                     [48;2;250;250;250m [38;2;253;253;253;48;2;248;248;248m:[38;2;172;172;172;48;2;156;156;156ml[38;2;64;64;64;48;2;44;44;44ml[48;2;0;0;0m    [48;2;1;1;1m [38;2;0;0;0;48;2;6;6;6m:[38;2;98;98;98;48;2;86;86;86m"[38;2;204;204;204;48;2;222;222;222mL[38;2;251;251;251;48;2;250;250;250mL[48;2;251;251;251m [48;2;252;252;252m                    [0m
[7m[38;2;252;252;252m [0m[38;2;0;0;0;48;2;252;252;252m                                                                                     [48;2;251;251;251m [38;2;253;253;253;48;2;248;248;248m`[38;2;164;164;164;48;2;147;147;147ml[38;2;54;54;54;48;2;38;38;38ml[48;2;0;0;0m    [38;2;1;1;1m`[38;2;0;0;0;48;2;2;2;2m:[38;2;41;41;41;48;2;56;56;56m:[38;2;197;197;197;48;2;217;217;217mL[38;2;253;253;253;48;2;252;252;252m\,                    [0m
[7m[38;2;252;252;252m [0m[38;2;0;0;0;48;2;252;252;252m                                                                                     [48;2;251;251;251m [38;2;253;253;253;48;2;248;248;248m`[38;2;159;159;159;48;2;139;139;139ml[38;2;46;46;46;48;2;32;32;32ml[48;2;0;0;0m      [38;2;13;13;13;48;2;32;32;32m:[38;2;179;179;179;48;2;203;203;203mL[38;2;242;242;242;48;2;248;248;248m,[48;2;252;252;252m                     [0m
[7m[38;2;252;252;252m [0m[38;2;0;0;0;48;2;252;252;252m                                                                                    [48;2;251;251;251m [38;2;253;253;253;48;2;252;252;252m_[38;2;252;252;252;48;2;244;244;244m`[38;2;153;153;153;48;2;131;131;131ml[38;2;39;39;39;48;2;27;27;27ml[48;2;0;0;0m      [38;2;0;0;0;48;2;17;17;17m:[38;2;150;150;150;48;2;173;173;173mL[38;2;232;232;232;48;2;240;240;240mL[48;2;251;251;251m [38;2;252;252;252m.[48;2;252;252;252m                   [0m
[7m[38;2;252;252;252m [0m[38;2;0;0;0;48;2;252;252;252m                                                                                    [48;2;251;251;251m [38;2;253;253;253;48;2;252;252;252m`[38;2;245;245;245;48;2;236;236;236m`[38;2;145;145;145;48;2;125;125;125ml[38;2;37;37;37;48;2;25;25;25ml[48;2;0;0;0m      [38;2;0;0;0;48;2;13;13;13m:[38;2;124;124;124;48;2;146;146;146mL[38;2;221;221;221;48;2;233;233;233mL[38;2;252;252;252;48;2;251;251;251m' [48;2;252;252;252m                   [0m
[7m[38;2;252;252;252m [0m[38;2;0;0;0;48;2;252;252;252m                                                                                    [48;2;251;251;251m [38;2;253;253;253;48;2;252;252;252m`[38;2;236;236;236;48;2;228;228;228m`[38;2;137;137;137;48;2;118;118;118ml[38;2;32;32;32;48;2;23;23;23ml[48;2;0;0;0m     [38;2;1;1;1m:[38;2;0;0;0;48;2;9;9;9m:[38;2;122;122;122;48;2;110;110;110m4[38;2;211;211;211;48;2;226;226;226mL[38;2;251;251;251;48;2;250;250;250mF[38;2;250;250;250;48;2;251;251;251mL[48;2;252;252;252m                   [0m
[7m[38;2;252;252;252m [0m[38;2;0;0;0;48;2;252;252;252m                                                                                    [48;2;251;251;251m [38;2;253;253;253m`[38;2;214;214;214;48;2;220;220;220m4[38;2;130;130;130;48;2;112;112;112ml[38;2;31;31;31;48;2;22;22;22ml[48;2;0;0;0m     [38;2;1;1;1m"[38;2;0;0;0;48;2;6;6;6m:[38;2;68;68;68;48;2;85;85;85m.[38;2;203;203;203;48;2;221;221;221mL[38;2;252;252;252;48;2;251;251;251m, [48;2;252;252;252m                   [0m
[7m[38;2;252;252;252m [0m[38;2;0;0;0;48;2;252;252;252m                                                                                    [48;2;251;251;251m [38;2;253;253;253m`[38;2;209;209;209;48;2;215;215;215m4[38;2;127;127;127;48;2;110;110;110ml[38;2;32;32;32;48;2;23;23;23ml[48;2;0;0;0m      [38;2;0;0;0;48;2;2;2;2m:[38;2;30;30;30;48;2;53;53;53m.[38;2;196;196;196;48;2;216;216;216mL[48;2;252;252;252m                     [0m
[?25h