[?25l[0m[7m[38;2;0;0;0m [0m[38;2;0;0;0;48;2;0;0;0m                                                         [48;2;2;2;2m:[38;2;84;84;84;48;2;60;60;60m4[38;2;214;214;214;48;2;225;225;225mL[38;2;253;253;253;48;2;251;251;251m: [48;2;252;252;252m                                                         [0m
[7m[38;2;0;0;0m [0m[38;2;0;0;0;48;2;0;0;0m                                                         [48;2;1;1;1m:[38;2;84;84;84;48;2;60;60;60m4[38;2;214;214;214;48;2;225;225;225mL[38;2;253;253;253;48;2;251;251;251m: [48;2;252;252;252m                                                         [0m
[7m[38;2;0;0;0m [0m[38;2;0;0;0;48;2;0;0;0m                                                         [48;2;1;1;1m:[38;2;84;84;84;48;2;60;60;60m4[38;2;214;214;214;48;2;225;225;225mL[38;2;253;253;253;48;2;251;251;251m: [48;2;252;252;252m                                                         [0m
[7m[38;2;0;0;0m [0m[38;2;0;0;0;48;2;0;0;0m                                                         [48;2;1;1;1m:[38;2;84;84;84;48;2;60;60;60m4[38;2;214;214;214;48;2;225;225;225mL[38;2;253;253;253;48;2;251;251;251m: [48;2;252;252;252m                                                         [0m
[7m[38;2;0;0;0m [0m[38;2;0;0;0;48;2;0;0;0m                                                         [48;2;1;1;1m:[38;2;84;84;84;48;2;60;60;60m4[38;2;214;214;214;48;2;225;225;225mL[38;2;253;253;253;48;2;251;251;251m: [48;2;252;252;252m                                                         [0m
[7m[38;2;0;0;0m [0m[38;2;0;0;0;48;2;0;0;0m                                                         [48;2;1;1;1m:[38;2;84;84;84;48;2;60;60;60m4[38;2;214;214;214;48;2;225;225;225mL[38;2;253;253;253;48;2;251;251;251m: [48;2;252;252;252m                                                         [0m
[7m[38;2;0;0;0m [0m[38;2;0;0;0;48;2;0;0;0m                                                         [48;2;1;1;1m:[38;2;84;84;84;48;2;60;60;60m4[38;2;214;214;214;48;2;225;225;225mL[38;2;253;253;253;48;2;251;251;251m: [48;2;252;252;252m                                                         [0m
[7m[38;2;0;0;0m [0m[38;2;0;0;0;48;2;0;0;0m                                                         [48;2;1;1;1m:[38;2;84;84;84;48;2;60;60;60m4[38;2;214;214;214;48;2;225;225;225mL[38;2;253;253;253;48;2;251;251;251m: [48;2;252;252;252m                                                         [0m
[7m[38;2;0;0;0m [0m[38;2;0;0;0;48;2;0;0;0m                                                         [48;2;1;1;1m:[38;2;84;84;84;48;2;60;60;60m4[38;2;214;214;214;48;2;225;225;225mL[38;2;253;253;253;48;2;251;251;251m: [48;2;252;252;252m                                                         [0m
[7m[38;2;0;0;0m [0m[38;2;0;0;0;48;2;0;0;0m                                                         [48;2;1;1;1m:[38;2;84;84;84;48;2;60;60;60m4[38;2;214;214;214;48;2;225;225;225mL[38;2;253;253;253;48;2;251;251;251m: [48;2;252;252;252m                                                         [0m
[7m[38;2;0;0;0m [0m[38;2;0;0;0;48;2;0;0;0m                                                         [48;2;1;1;1m:[38;2;84;84;84;48;2;60;60;60m4[38;2;214;214;214;48;2;225;225;225mL[38;2;253;253;253;48;2;251;251;251m: [48;2;252;252;252m                                                         [0m
[7m[38;2;0;0;0m [0m[38;2;0;0;0;48;2;0;0;0m                                                         [48;2;1;1;1m:[38;2;84;84;84;48;2;60;60;60m4[38;2;214;214;214;48;2;225;225;225mL[38;2;253;253;253;48;2;251;251;251m: [48;2;252;252;252m                                                         [0m
[7m[38;2;0;0;0m [0m[38;2;0;0;0;48;2;0;0;0m                                                         [48;2;1;1;1m:[38;2;84;84;84;48;2;60;60;60m4[38;2;213;213;213;48;2;225;225;225mL[38;2;253;253;253;48;2;251;251;251m: [48;2;252;252;252m                                                         [0m
[7m[38;2;0;0;0m [0m[38;2;0;0;0;48;2;0;0;0m                                                         [48;2;1;1;1m:[38;2;84;84;84;48;2;60;60;60m4[38;2;214;214;214;48;2;225;225;225mL[38;2;250;250;250;48;2;251;251;251mL [48;2;252;252;252m                                                         [0m
[7m[38;2;0;0;0m [0m[38;2;0;0;0;48;2;0;0;0m                                                         [48;2;1;1;1m:[38;2;84;84;84;48;2;60;60;60m4[38;2;213;213;213;48;2;224;224;224mL[38;2;250;250;250;48;2;251;251;251mL [48;2;252;252;252m                                                         [0m
[7m[38;2;0;0;0m [0m[38;2;0;0;0;48;2;0;0;0m                                                         [48;2;1;1;1m:[38;2;84;84;84;48;2;60;60;60m4[38;2;213;213;213;48;2;224;224;224mL[38;2;250;250;250;48;2;251;251;251mL [48;2;252;252;252m                                                         [0m
[7m[38;2;0;0;0m [0m[38;2;0;0;0;48;2;0;0;0m                                                         [48;2;1;1;1m:[38;2;84;84;84;48;2;60;60;60m4[38;2;213;213;213;48;2;224;224;224mL[38;2;250;250;250;48;2;251;251;251mL [48;2;252;252;252m                                                         [0m
[7m[38;2;0;0;0m [0m[38;2;0;0;0;48;2;0;0;0m                                                    [38;2;1;1;1m, [38;2;0;0;0;48;2;2;2;2m`[38;2;50;50;50m_[38;2;69;69;69;48;2;4;4;4m_[38;2;68;68;68;48;2;5;5;5m_[38;2;83;83;83;48;2;63;63;63m4[38;2;214;214;214;48;2;224;224;224mL[38;2;250;250;250;48;2;251;251;251mLww[38;2;249;249;249my[38;2;250;250;250m.[38;2;252;252;252m:[48;2;252;252;252m                                                     [0m
[7m[38;2;0;0;0m [0m[38;2;0;0;0;48;2;0;0;0m                                                 [48;2;1;1;1m`[38;2;64;64;64;48;2;13;13;13m_[38;2;178;178;178;48;2;44;44;44m_[38;2;232;232;232;48;2;86;86;86m_[38;2;2;2;2;48;2;158;158;158m~[38;2;31;31;31;48;2;190;190;190m~[38;2;76;76;76;48;2;203;203;203m~[38;2;104;104;104;48;2;209;209;209m~[38;2;105;105;105;48;2;208;208;208m~[38;2;103;103;103;48;2;194;194;194m~[38;2;91;91;91;48;2;164;164;164my[38;2;85;85;85;48;2;173;173;173my[38;2;102;102;102;48;2;183;183;183my[38;2;104;104;104;48;2;185;185;185my[38;2;64;64;64;48;2;188;188;188m_[38;2;95;95;95;48;2;213;213;213m_[38;2;149;149;149;48;2;236;236;236m_[38;2;252;252;252;48;2;249;249;249m`[38;2;253;253;253;48;2;251;251;251m_[38;2;250;250;250m_[38;2;252;252;252m:[48;2;252;252;252m                                                 [0m
[7m[38;2;0;0;0m [0m[38;2;0;0;0;48;2;0;0;0m                                               [48;2;1;1;1m:[38;2;92;92;92;48;2;27;27;27m_[38;2;37;37;37;48;2;135;135;135m~[38;2;141;141;141;48;2;220;220;220m~[38;2;211;211;211;48;2;242;242;242m~[38;2;253;253;253;48;2;250;250;250m`[38;2;250;250;250;48;2;251;251;251m=[38;2;253;253;253;48;2;252;252;252m`[38;2;250;250;250;48;2;251;251;251m` [38;2;254;254;254m:[38;2;236;236;236;48;2;223;223;223m:[38;2;97;97;97;48;2;60;60;60mL[38;2;2;2;2;48;2;1;1;1mL[38;2;1;1;1;48;2;0;0;0mrr=[38;2;0;0;0;48;2;4;4;4m:[38;2;95;95;95;48;2;31;31;31m"[38;2;201;201;201;48;2;84;84;84m~[38;2;39;39;39;48;2;185;185;185m_[38;2;168;168;168;48;2;232;232;232m_[38;2;228;228;228;48;2;248;248;248m_[38;2;248;248;248;48;2;250;250;250m,[38;2;252;252;252;48;2;251;251;251m.[48;2;252;252;252m                                               [0m
[7m[38;2;0;0;0m [0m[38;2;0;0;0;48;2;0;0;0m                                            [38;2;1;1;1m_+[38;2;55;55;55;48;2;16;16;16m_[38;2;192;192;192;48;2;86;86;86m_[38;2;115;115;115;48;2;207;207;207m~[38;2;234;234;234;48;2;248;248;248m~[38;2;252;252;252;48;2;251;251;251m`[38;2;250;250;250m`[38;2;252;252;252m:[48;2;252;252;252m   [48;2;251;251;251m [38;2;254;254;254m:[38;2;237;237;237;48;2;223;223;223m:[38;2;97;97;97;48;2;60;60;60mL[38;2;2;2;2;48;2;1;1;1mL[48;2;0;0;0m    [38;2;1;1;1m``[48;2;6;6;6m:[38;2;89;89;89;48;2;27;27;27m~[38;2;55;55;55;48;2;125;125;125my[38;2;153;153;153;48;2;223;223;223m_[38;2;239;239;239;48;2;248;248;248m,[38;2;253;253;253;48;2;251;251;251m_[38;2;250;250;250m_[38;2;252;252;252m:[48;2;252;252;252m                                            [0m
[7m[38;2;0;0;0m [0m[38;2;0;0;0;48;2;0;0;0m                                          [48;2;2;2;2m:[38;2;83;83;83;48;2;12;12;12m_[38;2;172;172;172;48;2;53;53;53m_[38;2;211;211;211;48;2;112;112;112my[38;2;117;117;117;48;2;207;207;207m~[38;2;217;217;217;48;2;243;243;243m~[38;2;254;254;254;48;2;251;251;251m`[38;2;251;251;251;48;2;252;252;252m`      [48;2;251;251;251m [38;2;254;254;254m:[38;2;237;237;237;48;2;223;223;223m:[38;2;97;97;97;48;2;60;60;60mL[38;2;3;3;3;48;2;1;1;1mL[48;2;0;0;0m       [38;2;1;1;1m~[38;2;0;0;0;48;2;5;5;5m:[38;2;101;101;101;48;2;33;33;33m~[38;2;52;52;52;48;2;129;129;129mg[38;2;36;36;36;48;2;190;190;190m_[38;2;171;171;171;48;2;233;233;233m_[38;2;237;237;237;48;2;247;247;247m,[38;2;249;249;249;48;2;251;251;251m_[38;2;252;252;252m.[48;2;252;252;252m                                          [0m
[7m[38;2;0;0;0m [0m[38;2;0;0;0;48;2;0;0;0m                                       [38;2;1;1;1m_[38;2;0;0;0;48;2;3;3;3m`[38;2;101;101;101;48;2;31;31;31m_[38;2;180;180;180;48;2;99;99;99my[38;2;123;123;123;48;2;202;202;202m~[38;2;128;128;128;48;2;210;210;210m_[38;2;148;148;148;48;2;199;199;199my[38;2;231;231;231;48;2;239;239;239mr[38;2;251;251;251;48;2;252;252;252mL        [48;2;251;251;251m [38;2;254;254;254m:[38;2;237;237;237;48;2;223;223;223m:[38;2;97;97;97;48;2;61;61;61mL[38;2;3;3;3;48;2;1;1;1mL[48;2;0;0;0m         [38;2;0;0;0;48;2;5;5;5m:[38;2;16;16;16;48;2;46;46;46m`[38;2;185;185;185;48;2;78;78;78m_[38;2;123;123;123;48;2;77;77;77m_[38;2;68;68;68;48;2;142;142;142my[38;2;124;124;124;48;2;215;215;215m_[38;2;231;231;231;48;2;246;246;246m,[38;2;253;253;253;48;2;251;251;251m_[38;2;252;252;252m:[48;2;252;252;252m                                        [0m
[7m[38;2;0;0;0m [0m[38;2;0;0;0;48;2;0;0;0m                                      [38;2;1;1;1m_[38;2;26;26;26;48;2;8;8;8m_[38;2;116;116;116;48;2;77;77;77my[38;2;143;143;143;48;2;214;214;214m~[38;2;213;213;213;48;2;226;226;226mu[38;2;112;112;112;48;2;184;184;184m=[38;2;214;214;214;48;2;142;142;142my[38;2;142;142;142;48;2;220;220;220m~[38;2;254;254;254;48;2;249;249;249m`[48;2;251;251;251m [48;2;252;252;252m        [48;2;251;251;251m :[38;2;237;237;237;48;2;223;223;223m:[38;2;97;97;97;48;2;61;61;61mL[38;2;3;3;3;48;2;1;1;1mL[48;2;0;0;0m          [38;2;0;0;0;48;2;19;19;19m:[38;2;44;44;44;48;2;110;110;110mg[38;2;35;35;35;48;2;158;158;158m_[38;2;134;134;134;48;2;106;106;106mb[38;2;47;47;47;48;2;60;60;60m'[38;2;68;68;68;48;2;141;141;141my[38;2;202;202;202;48;2;230;230;230m_[38;2;246;246;246;48;2;250;250;250m,[38;2;252;252;252;48;2;251;251;251m:[48;2;252;252;252m                                       [0m
[7m[38;2;0;0;0m [0m[38;2;0;0;0;48;2;0;0;0m                                      [38;2;1;1;1m~[38;2;4;4;4;48;2;23;23;23m.[38;2;129;129;129;48;2;100;100;100m4[38;2;110;110;110;48;2;207;207;207m_[38;2;105;105;105;48;2;205;205;205m_[38;2;74;74;74;48;2;184;184;184m_[38;2;127;127;127;48;2;185;185;185my[38;2;224;224;224;48;2;234;234;234mr[38;2;254;254;254;48;2;251;251;251m: [48;2;252;252;252m        [48;2;251;251;251m :[38;2;237;237;237;48;2;223;223;223m:[38;2;97;97;97;48;2;61;61;61mL[38;2;3;3;3;48;2;1;1;1mL[48;2;0;0;0m           [48;2;13;13;13m:[38;2;146;146;146;48;2;55;55;55m_[38;2;175;175;175;48;2;62;62;62m_[38;2;135;135;135;48;2;38;38;38m_[38;2;146;146;146;48;2;58;58;58m_[38;2;174;174;174;48;2;195;195;195mF[38;2;240;240;240;48;2;246;246;246mF[48;2;251;251;251m [38;2;252;252;252m:[48;2;252;252;252m                                      [0m
[7m[38;2;0;0;0m [0m[38;2;0;0;0;48;2;0;0;0m                                        [38;2;7;7;7;48;2;1;1;1m`[38;2;22;22;22;48;2;5;5;5m~[38;2;17;17;17;48;2;3;3;3m~[38;2;1;1;1;48;2;6;6;6m'[38;2;116;116;116;48;2;85;85;85m4[38;2;224;224;224;48;2;233;233;233m,[38;2;254;254;254;48;2;252;252;252m.[48;2;251;251;251m [48;2;252;252;252m        [48;2;251;251;251m :[38;2;237;237;237;48;2;223;223;223m:[38;2;97;97;97;48;2;61;61;61mL[38;2;3;3;3;48;2;1;1;1mL[48;2;0;0;0m           [38;2;0;0;0;48;2;34;34;34m:[38;2;156;156;156;48;2;175;175;175mF[38;2;209;209;209;48;2;234;234;234m~[38;2;184;184;184;48;2;236;236;236m~[38;2;188;188;188;48;2;238;238;238m~[38;2;231;231;231;48;2;248;248;248m~[38;2;250;250;250;48;2;252;252;252m~                                        [0m
[7m[38;2;0;0;0m [0m[38;2;0;0;0;48;2;0;0;0m                                            [38;2;70;70;70;48;2;39;39;39m`[38;2;81;81;81;48;2;154;154;154m_[38;2;198;198;198;48;2;235;235;235m_[38;2;253;253;253;48;2;250;250;250m:[38;2;252;252;252;48;2;251;251;251m:[48;2;252;252;252m       [48;2;251;251;251m [38;2;254;254;254m:[38;2;237;237;237;48;2;223;223;223m:[38;2;97;97;97;48;2;61;61;61mL[38;2;3;3;3;48;2;1;1;1mL[48;2;0;0;0m          [38;2;38;38;38;48;2;21;21;21mu[38;2;58;58;58;48;2;136;136;136m~[38;2;214;214;214;48;2;231;231;231m"[38;2;248;248;248;48;2;251;251;251m~[38;2;250;250;250m`[38;2;252;252;252m.[48;2;252;252;252m                                          [0m
[7m[38;2;0;0;0m [0m[38;2;0;0;0;48;2;0;0;0m                                            [38;2;1;1;1;48;2;2;2;2m'[38;2;78;78;78;48;2;61;61;61m4[38;2;176;176;176;48;2;202;202;202mF[38;2;254;254;254;48;2;248;248;248m:[38;2;250;250;250;48;2;251;251;251m=[38;2;252;252;252m:[48;2;252;252;252m      [48;2;251;251;251m [38;2;254;254;254m:[38;2;237;237;237;48;2;223;223;223m:[38;2;97;97;97;48;2;61;61;61mL[38;2;3;3;3;48;2;1;1;1mL[48;2;0;0;0m          [38;2;0;0;0;48;2;17;17;17m:[38;2;76;76;76;48;2;124;124;124mg[38;2;211;211;211;48;2;230;230;230m,[38;2;251;251;251;48;2;250;250;250m.[38;2;252;252;252;48;2;251;251;251m:[48;2;252;252;252m                                           [0m
[7m[38;2;0;0;0m [0m[38;2;0;0;0;48;2;0;0;0m                                           [38;2;1;1;1m.[38;2;27;27;27;48;2;17;17;17m4[38;2;135;135;135;48;2;109;109;109m4[38;2;253;253;253;48;2;241;241;241m:[48;2;251;251;251m`[38;2;252;252;252m:[48;2;252;252;252m       [48;2;251;251;251m [38;2;254;254;254m:[38;2;237;237;237;48;2;223;223;223m:[38;2;97;97;97;48;2;61;61;61mL[38;2;3;3;3;48;2;1;1;1mL[48;2;0;0;0m          [38;2;1;1;1m.[38;2;0;0;0;48;2;32;32;32m:[38;2;143;143;143;48;2;174;174;174mw[38;2;233;233;233;48;2;241;241;241m,[38;2;251;251;251;48;2;250;250;250m~[48;2;251;251;251m [48;2;252;252;252m                                          [0m
[7m[38;2;0;0;0m [0m[38;2;0;0;0;48;2;0;0;0m                                            [38;2;1;1;1;48;2;6;6;6m:[38;2;92;92;92;48;2;70;70;70m4[38;2;167;167;167;48;2;209;209;209m_[38;2;254;254;254;48;2;249;249;249m.[38;2;247;247;247;48;2;250;250;250m_[38;2;252;252;252;48;2;251;251;251m:[48;2;252;252;252m      [48;2;251;251;251m [38;2;254;254;254m:[38;2;237;237;237;48;2;223;223;223m:[38;2;97;97;97;48;2;61;61;61mL[38;2;3;3;3;48;2;1;1;1mL[48;2;0;0;0m        [38;2;1;1;1m_[38;2;0;0;0;48;2;11;11;11m:[38;2;113;113;113;48;2;50;50;50my[38;2;228;228;228;48;2;94;94;94m_[38;2;132;132;132;48;2;190;190;190m~[38;2;234;234;234;48;2;244;244;244m~[38;2;252;252;252;48;2;251;251;251mL.[48;2;252;252;252m                                          [0m
[7m[38;2;0;0;0m [0m[38;2;0;0;0;48;2;0;0;0m                                            [38;2;2;2;2m~[38;2;32;32;32;48;2;14;14;14m"[38;2;55;55;55;48;2;105;105;105mL[38;2;193;193;193;48;2;220;220;220mw[38;2;234;234;234;48;2;238;238;238mr[38;2;245;245;245;48;2;248;248;248m_[38;2;253;253;253;48;2;251;251;251m.[48;2;252;252;252m     [48;2;251;251;251m [38;2;254;254;254m:[38;2;237;237;237;48;2;223;223;223m:[38;2;97;97;97;48;2;61;61;61mL[38;2;3;3;3;48;2;1;1;1mL[48;2;0;0;0m        [38;2;1;1;1m:[38;2;37;37;37;48;2;25;25;25m4[38;2;163;163;163;48;2;148;148;148m4[38;2;232;232;232;48;2;239;239;239mF[38;2;248;248;248;48;2;249;249;249m~[48;2;251;251;251m [48;2;252;252;252m                                            [0m
[7m[38;2;0;0;0m [0m[38;2;0;0;0;48;2;0;0;0m                                             [48;2;3;3;3m'[38;2;108;108;108;48;2;73;73;73m4[38;2;199;199;199;48;2;223;223;223m_[38;2;225;225;225;48;2;232;232;232m_[38;2;237;237;237;48;2;240;240;240mL[38;2;254;254;254;48;2;252;252;252m:[38;2;252;252;252;48;2;251;251;251m`[48;2;252;252;252m    [48;2;251;251;251m [38;2;254;254;254m:[38;2;237;237;237;48;2;223;223;223m:[38;2;97;97;97;48;2;61;61;61mL[38;2;3;3;3;48;2;1;1;1mL[48;2;0;0;0m        [38;2;1;1;1m:[38;2;0;0;0;48;2;18;18;18m:[38;2;136;136;136;48;2;113;113;113m"[38;2;224;224;224;48;2;236;236;236mL[48;2;250;250;250m [48;2;251;251;251m [48;2;252;252;252m                                            [0m
[7m[38;2;0;0;0m [0m[38;2;0;0;0;48;2;0;0;0m                                              [38;2;43;43;43;48;2;14;14;14m"[38;2;148;148;148;48;2;78;78;78m~[38;2;158;158;158;48;2;181;181;181mw[38;2;207;207;207;48;2;218;218;218mL[38;2;248;248;248;48;2;250;250;250mL[38;2;250;250;250;48;2;251;251;251m.[38;2;252;252;252m:[48;2;252;252;252m   [48;2;251;251;251m [38;2;254;254;254m:[38;2;237;237;237;48;2;223;223;223m:[38;2;97;97;97;48;2;61;61;61mL[38;2;3;3;3;48;2;1;1;1mL[48;2;0;0;0m         [38;2;38;38;38;48;2;24;24;24m4[38;2;165;165;165;48;2;146;146;146m4[38;2;232;232;232;48;2;240;240;240mL[48;2;250;250;250m [48;2;251;251;251m [48;2;252;252;252m                                            [0m
[7m[38;2;0;0;0m [0m[38;2;0;0;0;48;2;0;0;0m                                              [38;2;1;1;1mi[38;2;22;22;22;48;2;50;50;50mF[38;2;144;144;144;48;2;163;163;163mF[38;2;211;211;211;48;2;237;237;237m~[38;2;254;254;254;48;2;249;249;249m`[48;2;251;251;251m [38;2;252;252;252m:[48;2;252;252;252m   [48;2;251;251;251m [38;2;254;254;254m:[38;2;237;237;237;48;2;223;223;223m:[38;2;97;97;97;48;2;61;61;61mL[38;2;3;3;3;48;2;1;1;1mL[48;2;0;0;0m        [38;2;2;2;2;48;2;1;1;1m_[38;2;35;35;35;48;2;24;24;24m4[38;2;156;156;156;48;2;145;145;145m4[38;2;231;231;231;48;2;240;240;240mL[48;2;250;250;250m [48;2;251;251;251m [48;2;252;252;252m                                            [0m
[7m[38;2;0;0;0m [0m[38;2;0;0;0;48;2;0;0;0m                                              [38;2;52;52;52;48;2;19;19;19m_[38;2;73;73;73;48;2;126;126;126mF[38;2;198;198;198;48;2;228;228;228m"[38;2;254;254;254;48;2;249;249;249m'[38;2;249;249;249;48;2;250;250;250m`[38;2;252;252;252;48;2;251;251;251m:[48;2;252;252;252m    [48;2;251;251;251m [38;2;254;254;254m:[38;2;237;237;237;48;2;223;223;223m:[38;2;97;97;97;48;2;61;61;61mL[38;2;3;3;3;48;2;1;1;1mL[48;2;0;0;0m        [38;2;5;5;5;48;2;3;3;3m?[38;2;38;38;38;48;2;26;26;26m4[38;2;148;148;148;48;2;156;156;156m$[38;2;232;232;232;48;2;240;240;240mL[48;2;250;250;250m [48;2;251;251;251m [48;2;252;252;252m                                            [0m
[7m[38;2;0;0;0m [0m[38;2;0;0;0;48;2;0;0;0m                                            [38;2;1;1;1m+[38;2;56;56;56;48;2;24;24;24m_[38;2;61;61;61;48;2;133;133;133m~[38;2;212;212;212;48;2;235;235;235m"[38;2;254;254;254;48;2;250;250;250m`[38;2;250;250;250;48;2;251;251;251m` [48;2;252;252;252m     [48;2;251;251;251m [38;2;254;254;254m:[38;2;237;237;237;48;2;223;223;223m:[38;2;97;97;97;48;2;61;61;61mL[38;2;3;3;3;48;2;1;1;1mL[48;2;0;0;0m        [38;2;1;1;1m`[38;2;35;35;35;48;2;20;20;20m4[38;2;81;81;81;48;2;143;143;143m_[38;2;246;246;246;48;2;237;237;237m`[38;2;251;251;251;48;2;250;250;250m_[48;2;251;251;251m [48;2;252;252;252m                                            [0m
[?25h