[?25l[0m[7m[38;2;0;0;0m [0m[38;2;0;0;0;48;2;0;0;0m                                                                                                                       [0m
[7m[38;2;0;0;0m [0m[38;2;0;0;0;48;2;0;0;0m                                                                                                                       [0m
[7m[38;2;0;0;0m [0m[38;2;0;0;0;48;2;0;0;0m                                                                                                                       [0m
[7m[38;2;0;0;0m [0m[38;2;0;0;0;48;2;0;0;0m                                                                                                                       [0m
[7m[38;2;0;0;0m [0m[38;2;0;0;0;48;2;0;0;0m                                                                                                                       [0m
[7m[38;2;0;0;0m [0m[38;2;0;0;0;48;2;0;0;0m                                                                                                                       [0m
[7m[38;2;0;0;0m [0m[38;2;0;0;0;48;2;0;0;0m                                                                                                                       [0m
[7m[38;2;0;0;0m [0m[38;2;0;0;0;48;2;0;0;0m                                                                                                                       [0m
[7m[38;2;0;0;0m [0m[38;2;0;0;0;48;2;0;0;0m                                                                                                                       [0m
[7m[38;2;0;0;0m [0m[38;2;0;0;0;48;2;0;0;0m                                                                                                                       [0m
[7m[38;2;0;0;0m [0m[38;2;0;0;0;48;2;0;0;0m                                                                                                                       [0m
[7m[38;2;0;0;0m [0m[38;2;0;0;0;48;2;0;0;0m                                                                                                                       [0m
[7m[38;2;0;0;0m [0m[38;2;0;0;0;48;2;0;0;0m                                                                                                                       [0m
[7m[38;2;0;0;0m [0m[38;2;0;0;0;48;2;0;0;0m                                                    [48;2;4;4;4m`[38;2;70;70;70;48;2;14;14;14m_[38;2;118;118;118;48;2;35;35;35m_[38;2;159;159;159;48;2;57;57;57m_[38;2;177;177;177;48;2;69;69;69m_[38;2;174;174;174m_[38;2;162;162;162;48;2;58;58;58m_[38;2;139;139;139;48;2;41;41;41m_[38;2;96;96;96;48;2;20;20;20m_[38;2;39;39;39;48;2;5;5;5m_[38;2;4;4;4;48;2;0;0;0m,                                                        [0m
[7m[38;2;0;0;0m [0m[38;2;0;0;0;48;2;0;0;0m                                                  [48;2;1;1;1m:[38;2;65;65;65;48;2;26;26;26m_[38;2;146;146;146;48;2;86;86;86my[38;2;95;95;95;48;2;179;179;179m~[38;2;151;151;151;48;2;220;220;220m~[38;2;199;199;199;48;2;238;238;238m~[38;2;218;218;218;48;2;243;243;243m~[38;2;215;215;215;48;2;242;242;242m~[38;2;206;206;206;48;2;239;239;239m~[38;2;186;186;186;48;2;232;232;232m~[38;2;138;138;138;48;2;211;211;211m~[38;2;202;202;202;48;2;132;132;132my[38;2;152;152;152;48;2;64;64;64m_[38;2;53;53;53;48;2;12;12;12m,[48;2;0;0;0m                                                       [0m
[7m[38;2;0;0;0m [0m[38;2;0;0;0;48;2;0;0;0m                                                  [48;2;33;33;33m:[38;2;88;88;88;48;2;143;143;143m~[38;2;208;208;208;48;2;234;234;234m"[38;2;253;253;253;48;2;252;252;252m`[48;2;253;253;253m [48;2;252;252;252m [38;2;252;252;252;48;2;251;251;251m...:[38;2;253;253;253m`[48;2;249;249;249m'[38;2;190;190;190;48;2;226;226;226m"[38;2;150;150;150;48;2;101;101;101mL[38;2;56;56;56;48;2;19;19;19m,[48;2;0;0;0m                                                      [0m
[7m[38;2;0;0;0m [0m[38;2;0;0;0;48;2;0;0;0m                                                  [38;2;63;63;63;48;2;43;43;43m4[38;2;173;173;173;48;2;179;179;179m$[38;2;243;243;243;48;2;247;247;247mL[38;2;250;250;250;48;2;251;251;251m:[38;2;253;253;253;48;2;252;252;252m"     [38;2;252;252;252;48;2;251;251;251m:[38;2;249;249;249;48;2;250;250;250m.[38;2;254;254;254;48;2;245;245;245m:[38;2;174;174;174;48;2;167;167;167m$[38;2;67;67;67;48;2;39;39;39mL[48;2;1;1;1m [48;2;0;0;0m                                                     [0m
[7m[38;2;0;0;0m [0m[38;2;0;0;0;48;2;0;0;0m                                                  [38;2;38;38;38;48;2;20;20;20m"[38;2;70;70;70;48;2;122;122;122mL[38;2;190;190;190;48;2;232;232;232m_[38;2;253;253;253;48;2;250;250;250m.[38;2;252;252;252;48;2;251;251;251m;[48;2;252;252;252m     [38;2;250;250;250;48;2;251;251;251m_[38;2;249;249;249;48;2;250;250;250m`[38;2;254;254;254;48;2;241;241;241m'[38;2;92;92;92;48;2;151;151;151m_[38;2;54;54;54;48;2;28;28;28mF[48;2;0;0;0m                                                      [0m
[7m[38;2;0;0;0m [0m[38;2;0;0;0;48;2;0;0;0m                                                  [38;2;1;1;1m`[38;2;28;28;28;48;2;13;13;13m`[38;2;134;134;134;48;2;64;64;64m~[38;2;53;53;53;48;2;173;173;173m_[38;2;122;122;122;48;2;229;229;229m_[38;2;187;187;187;48;2;242;242;242m_[38;2;229;229;229;48;2;249;249;249m_[38;2;249;249;249;48;2;251;251;251m,[38;2;253;253;253m`[38;2;228;228;228;48;2;248;248;248m_[38;2;172;172;172;48;2;238;238;238m_[38;2;105;105;105;48;2;213;213;213m_[38;2;60;60;60;48;2;138;138;138my[38;2;64;64;64;48;2;27;27;27m"[38;2;2;2;2;48;2;0;0;0m`                                                      [0m
[7m[38;2;0;0;0m [0m[38;2;0;0;0;48;2;0;0;0m                                                     [48;2;1;1;1m:[38;2;48;48;48;48;2;13;13;13m"[38;2;136;136;136;48;2;35;35;35m~[38;2;186;186;186;48;2;53;53;53m~[38;2;210;210;210;48;2;70;70;70m~[38;2;214;214;214;48;2;74;74;74m~[38;2;189;189;189;48;2;54;54;54m~[38;2;128;128;128;48;2;31;31;31m~[38;2;43;43;43;48;2;8;8;8m~[38;2;1;1;1;48;2;0;0;0m'                                                        [0m
[7m[38;2;0;0;0m [0m[38;2;0;0;0;48;2;0;0;0m                                                                                                                       [0m
[7m[38;2;0;0;0m [0m[38;2;0;0;0;48;2;0;0;0m                                                                                                                       [0m
[7m[38;2;0;0;0m [0m[38;2;0;0;0;48;2;0;0;0m                                                                                                                       [0m
[7m[38;2;0;0;0m [0m[38;2;0;0;0;48;2;0;0;0m                                                                                                                       [0m
[7m[38;2;0;0;0m [0m[38;2;0;0;0;48;2;0;0;0m                                                                                                                       [0m
[7m[38;2;0;0;0m [0m[38;2;0;0;0;48;2;0;0;0m                                                                                                                       [0m
[7m[38;2;0;0;0m [0m[38;2;0;0;0;48;2;0;0;0m                                                                                                                       [0m
[7m[38;2;0;0;0m [0m[38;2;0;0;0;48;2;0;0;0m                                                                                                                       [0m
[7m[38;2;0;0;0m [0m[38;2;0;0;0;48;2;0;0;0m                                                                                                                       [0m
[7m[38;2;0;0;0m [0m[38;2;0;0;0;48;2;0;0;0m                                                                                                                       [0m
[7m[38;2;0;0;0m [0m[38;2;0;0;0;48;2;0;0;0m                                                                                                                       [0m
[7m[38;2;0;0;0m [0m[38;2;0;0;0;48;2;0;0;0m                                                                                                                       [0m
[7m[38;2;0;0;0m [0m[38;2;0;0;0;48;2;0;0;0m                                                                                                                       [0m
[7m[38;2;0;0;0m [0m[38;2;0;0;0;48;2;0;0;0m                                                                                                                       [0m
[7m[38;2;0;0;0m [0m[38;2;0;0;0;48;2;0;0;0m                                                                                                                       [0m
[7m[38;2;0;0;0m [0m[38;2;0;0;0;48;2;0;0;0m                                                                                                                       [0m
[?25h