[?25l[0m[7m[38;2;0;0;0m [0m[38;2;0;0;0;48;2;0;0;0m                           [38;2;4;4;4;48;2;1;1;1m`[38;2;76;76;76;48;2;52;52;52m4[38;2;123;123;123;48;2;173;173;173m_[38;2;236;236;236;48;2;245;245;245m,[38;2;251;251;251;48;2;252;252;252m'[48;2;251;251;251m [48;2;252;252;252m            [38;2;252;252;252;48;2;251;251;251m.[38;2;249;249;249;48;2;250;250;250mi[38;2;252;252;252;48;2;236;236;236m:[38;2;150;150;150;48;2;119;119;119mL[38;2;36;36;36;48;2;18;18;18mL[38;2;1;1;1;48;2;0;0;0m:                                                                    [0m
[7m[38;2;0;0;0m [0m[38;2;0;0;0;48;2;0;0;0m                            [38;2;18;18;18;48;2;4;4;4m`[38;2;99;99;99;48;2;59;59;59m"[38;2;119;119;119;48;2;176;176;176m_[38;2;254;254;254;48;2;246;246;246m'[38;2;252;252;252;48;2;251;251;251m.[48;2;252;252;252m            [48;2;251;251;251m:[38;2;249;249;249;48;2;250;250;250m'[38;2;253;253;253;48;2;245;245;245m:[38;2;161;161;161;48;2;188;188;188m"[38;2;66;66;66;48;2;33;33;33mL[38;2;1;1;1;48;2;0;0;0m`                                                                    [0m
[7m[38;2;0;0;0m [0m[38;2;0;0;0;48;2;0;0;0m                             [38;2;7;7;7;48;2;1;1;1m`[38;2;109;109;109;48;2;55;55;55m`[38;2;110;110;110;48;2;174;174;174m_[38;2;234;234;234;48;2;245;245;245m,[48;2;251;251;251m [38;2;252;252;252m.[48;2;252;252;252m           [48;2;251;251;251m:[38;2;253;253;253m'[38;2;252;252;252;48;2;229;229;229m:[38;2;108;108;108;48;2;72;72;72mL[38;2;0;0;0;48;2;7;7;7m:[38;2;1;1;1;48;2;0;0;0m_                                                                   [0m
[7m[38;2;0;0;0m [0m[38;2;0;0;0;48;2;0;0;0m                              [38;2;8;8;8;48;2;1;1;1m`[38;2;103;103;103;48;2;49;49;49m`[38;2;99;99;99;48;2;163;163;163m_[38;2;211;211;211;48;2;242;242;242m_[38;2;254;254;254;48;2;251;251;251m. [48;2;252;252;252m          [38;2;252;252;252;48;2;251;251;251m.[48;2;250;250;250m [38;2;253;253;253;48;2;239;239;239m:[38;2;173;173;173;48;2;140;140;140mL[38;2;46;46;46;48;2;23;23;23mL[48;2;0;0;0m                                                                    [0m
[7m[38;2;0;0;0m [0m[38;2;0;0;0;48;2;0;0;0m                               [38;2;4;4;4;48;2;1;1;1m`[38;2;84;84;84;48;2;35;35;35m`[38;2;71;71;71;48;2;140;140;140m_[38;2;191;191;191;48;2;233;233;233m_[38;2;253;253;253;48;2;251;251;251m: [48;2;252;252;252m         [38;2;252;252;252;48;2;251;251;251m: [48;2;250;250;250m.[38;2;198;198;198;48;2;218;218;218m"[38;2;97;97;97;48;2;54;54;54mL[38;2;0;0;0;48;2;3;3;3m:[48;2;0;0;0m                                                                   [0m
[7m[38;2;0;0;0m [0m[38;2;0;0;0;48;2;0;0;0m                                [38;2;1;1;1m`[38;2;69;69;69;48;2;21;21;21m`[38;2;64;64;64;48;2;119;119;119mL[38;2;161;161;161;48;2;220;220;220m_[38;2;252;252;252;48;2;250;250;250m'[48;2;251;251;251m [48;2;252;252;252m         [48;2;251;251;251m:[38;2;249;249;249;48;2;250;250;250mI[38;2;254;254;254;48;2;238;238;238m:[38;2;167;167;167;48;2;129;129;129mL[38;2;39;39;39;48;2;22;22;22mr[38;2;1;1;1;48;2;0;0;0m.                                                                  [0m
[7m[38;2;0;0;0m [0m[38;2;0;0;0;48;2;0;0;0m                                  [38;2;37;37;37;48;2;8;8;8m`[38;2;116;116;116;48;2;70;70;70m~[38;2;114;114;114;48;2;192;192;192m_[38;2;253;253;253;48;2;246;246;246m'[38;2;252;252;252;48;2;251;251;251m:[38;2;251;251;251;48;2;252;252;252m_       [38;2;252;252;252;48;2;251;251;251m: [48;2;250;250;250m:[38;2;198;198;198;48;2;220;220;220m"[38;2;105;105;105;48;2;60;60;60mL[38;2;0;0;0;48;2;5;5;5m`[38;2;1;1;1;48;2;0;0;0m_                                                                 [0m
[7m[38;2;0;0;0m [0m[38;2;0;0;0;48;2;0;0;0m                                   [38;2;12;12;12;48;2;2;2;2m`[38;2;85;85;85;48;2;42;42;42m"[38;2;75;75;75;48;2;152;152;152m_[38;2;189;189;189;48;2;235;235;235m_[38;2;252;252;252;48;2;250;250;250m:[48;2;251;251;251m:[48;2;252;252;252m       [48;2;251;251;251m:[48;2;250;250;250m [38;2;254;254;254;48;2;241;241;241m:[38;2;126;126;126;48;2;159;159;159m~[38;2;49;49;49;48;2;30;30;30mr[38;2;1;1;1;48;2;0;0;0m`                                                                 [0m
[7m[38;2;0;0;0m [0m[38;2;0;0;0;48;2;0;0;0m                                    [38;2;1;1;1m`[38;2;58;58;58;48;2;16;16;16m`[38;2;141;141;141;48;2;83;83;83m~[38;2;117;117;117;48;2;198;198;198m_[38;2;231;231;231;48;2;245;245;245m,[38;2;253;253;253;48;2;251;251;251m.[38;2;251;251;251;48;2;252;252;252m_      [38;2;252;252;252;48;2;251;251;251m:[38;2;254;254;254;48;2;250;250;250m'[38;2;251;251;251;48;2;228;228;228m:[38;2;130;130;130;48;2;85;85;85mL[38;2;28;28;28;48;2;11;11;11m,[38;2;1;1;1;48;2;0;0;0m_                                                                [0m
[7m[38;2;0;0;0m [0m[38;2;0;0;0;48;2;0;0;0m                                      [38;2;17;17;17;48;2;4;4;4m`[38;2;91;91;91;48;2;43;43;43m"[38;2;58;58;58;48;2;144;144;144m_[38;2;165;165;165;48;2;224;224;224m_[38;2;241;241;241;48;2;248;248;248m,[38;2;252;252;252;48;2;251;251;251m:[48;2;252;252;252m     [48;2;251;251;251m:_[38;2;254;254;254;48;2;247;247;247m'[38;2;170;170;170;48;2;203;203;203m~[38;2;92;92;92;48;2;49;49;49mL[38;2;0;0;0;48;2;2;2;2m:[48;2;0;0;0m                                                                [0m
[7m[38;2;0;0;0m [0m[38;2;0;0;0;48;2;0;0;0m                                       [38;2;2;2;2m`[38;2;42;42;42;48;2;10;10;10m`[38;2;115;115;115;48;2;61;61;61m~[38;2;75;75;75;48;2;169;169;169m_[38;2;191;191;191;48;2;237;237;237m_[38;2;253;253;253;48;2;251;251;251m:[48;2;252;252;252m     [38;2;252;252;252;48;2;251;251;251m:[48;2;250;250;250m [38;2;254;254;254;48;2;241;241;241m:[38;2;116;116;116;48;2;159;159;159m~[38;2;50;50;50;48;2;31;31;31mr[38;2;1;1;1;48;2;0;0;0m`                                                               [0m
[7m[38;2;0;0;0m [0m[38;2;0;0;0;48;2;0;0;0m                                         [38;2;2;2;2m`[38;2;49;49;49;48;2;17;17;17m"[38;2;149;149;149;48;2;75;75;75m~[38;2;94;94;94;48;2;181;181;181m_[38;2;194;194;194;48;2;237;237;237m_[38;2;252;252;252;48;2;250;250;250m:[48;2;251;251;251m:[48;2;252;252;252m   [48;2;251;251;251m.[38;2;249;249;249m.[38;2;253;253;253;48;2;232;232;232m:[38;2;147;147;147;48;2;100;100;100mL[38;2;43;43;43;48;2;16;16;16m,[48;2;0;0;0m                                                               [0m
[7m[38;2;0;0;0m [0m[38;2;0;0;0;48;2;0;0;0m                                           [38;2;6;6;6;48;2;1;1;1m`[38;2;68;68;68;48;2;21;21;21m`[38;2;147;147;147;48;2;78;78;78m~[38;2;76;76;76;48;2;182;182;182m_[38;2;179;179;179;48;2;235;235;235m_[38;2;252;252;252;48;2;250;250;250m:[48;2;252;252;252m [48;2;251;251;251m:: [38;2;254;254;254;48;2;249;249;249m'[38;2;192;192;192;48;2;220;220;220m~[38;2;116;116;116;48;2;67;67;67mL[38;2;23;23;23;48;2;6;6;6m,[38;2;1;1;1;48;2;0;0;0m_                                                             [0m
[7m[38;2;0;0;0m [0m[38;2;0;0;0;48;2;0;0;0m                                             [38;2;2;2;2m`[38;2;45;45;45;48;2;14;14;14m"[38;2;137;137;137;48;2;63;63;63m~[38;2;63;63;63;48;2;164;164;164m_[38;2;155;155;155;48;2;224;224;224m_[38;2;224;224;224;48;2;247;247;247m_[38;2;252;252;252;48;2;251;251;251m` [48;2;250;250;250m [38;2;254;254;254;48;2;247;247;247m'[38;2;158;158;158;48;2;202;202;202m~[38;2;99;99;99;48;2;55;55;55mL[38;2;19;19;19;48;2;4;4;4m,[38;2;1;1;1;48;2;0;0;0m_                                                            [0m
[7m[38;2;0;0;0m [0m[38;2;0;0;0;48;2;0;0;0m                                               [38;2;2;2;2m`[38;2;38;38;38;48;2;8;8;8m`[38;2;97;97;97;48;2;41;41;41m~[38;2;66;66;66;48;2;132;132;132my[38;2;96;96;96;48;2;200;200;200m_[38;2;181;181;181;48;2;236;236;236m_[38;2;241;241;241;48;2;248;248;248m,[38;2;252;252;252;48;2;250;250;250m_[38;2;253;253;253;48;2;245;245;245m'[38;2;138;138;138;48;2;195;195;195m~[38;2;102;102;102;48;2;54;54;54mL[38;2;23;23;23;48;2;5;5;5m,[38;2;1;1;1;48;2;0;0;0m_                                                           [0m
[7m[38;2;0;0;0m [0m[38;2;0;0;0;48;2;0;0;0m                                                  [48;2;2;2;2m:[38;2;61;61;61;48;2;18;18;18m"[38;2;137;137;137;48;2;56;56;56m~[38;2;67;67;67;48;2;144;144;144my[38;2;100;100;100;48;2;194;194;194m_[38;2;168;168;168;48;2;229;229;229m_[38;2;214;214;214;48;2;241;241;241m_[38;2;165;165;165;48;2;210;210;210m~[38;2;181;181;181;48;2;86;86;86m_[38;2;61;61;61;48;2;15;15;15m,[48;2;0;0;0m                                                           [0m
[7m[38;2;0;0;0m [0m[38;2;0;0;0;48;2;0;0;0m                                                     [38;2;11;11;11;48;2;2;2;2m`[38;2;72;72;72;48;2;14;14;14m`[38;2;102;102;102;48;2;39;39;39m~[38;2;46;46;46;48;2;111;111;111my[38;2;97;97;97;48;2;182;182;182m_[38;2;202;202;202;48;2;219;219;219m_[38;2;107;107;107;48;2;70;70;70mL[38;2;0;0;0;48;2;4;4;4m`[48;2;0;0;0m                                                          [0m
[7m[38;2;0;0;0m [0m[38;2;0;0;0;48;2;0;0;0m                                                       [38;2;1;1;1m`[38;2;0;0;0;48;2;3;3;3m:[38;2;70;70;70;48;2;26;26;26m"[38;2;160;160;160;48;2;57;57;57m~[38;2;58;58;58;48;2;15;15;15m~[48;2;0;0;0m                                                           [0m
[7m[38;2;0;0;0m [0m[38;2;0;0;0;48;2;0;0;0m                                                                                                                       [0m
[7m[38;2;0;0;0m [0m[38;2;0;0;0;48;2;0;0;0m                                                                                                                       [0m
[7m[38;2;0;0;0m [0m[38;2;0;0;0;48;2;0;0;0m                                                                                                                       [0m
[7m[38;2;0;0;0m [0m[38;2;0;0;0;48;2;0;0;0m                                                                                                                       [0m
[7m[38;2;0;0;0m [0m[38;2;0;0;0;48;2;0;0;0m                                                                                                                       [0m
[7m[38;2;0;0;0m [0m[38;2;0;0;0;48;2;0;0;0m                                                                                                                       [0m
[7m[38;2;0;0;0m [0m[38;2;0;0;0;48;2;0;0;0m                                                                                                                       [0m
[7m[38;2;0;0;0m [0m[38;2;0;0;0;48;2;0;0;0m                                                                                                                       [0m
[7m[38;2;0;0;0m [0m[38;2;0;0;0;48;2;0;0;0m                                                                                                                       [0m
[7m[38;2;0;0;0m [0m[38;2;0;0;0;48;2;0;0;0m                                                                                                                       [0m
[7m[38;2;0;0;0m [0m[38;2;0;0;0;48;2;0;0;0m                                                                                                                       [0m
[7m[38;2;0;0;0m [0m[38;2;0;0;0;48;2;0;0;0m                                                                                                                       [0m
[7m[38;2;0;0;0m [0m[38;2;0;0;0;48;2;0;0;0m                                                                                                                       [0m
[7m[38;2;0;0;0m [0m[38;2;0;0;0;48;2;0;0;0m                                                                                                                       [0m
[7m[38;2;0;0;0m [0m[38;2;0;0;0;48;2;0;0;0m                                                                                                                       [0m
[7m[38;2;0;0;0m [0m[38;2;0;0;0;48;2;0;0;0m                                                                                                                       [0m
[7m[38;2;0;0;0m [0m[38;2;0;0;0;48;2;0;0;0m                                                                                                                       [0m
[7m[38;2;0;0;0m [0m[38;2;0;0;0;48;2;0;0;0m                                                                                                                       [0m
[?25h