[?25l[0m[7m[38;2;0;0;0m [0m[38;2;0;0;0;48;2;0;0;0m                                                                                                                       [0m
[7m[38;2;0;0;0m [0m[38;2;0;0;0;48;2;0;0;0m                                                                                                                       [0m
[7m[38;2;0;0;0m [0m[38;2;0;0;0;48;2;0;0;0m                                                                                                                       [0m
[7m[38;2;0;0;0m [0m[38;2;0;0;0;48;2;0;0;0m                                                                                                                       [0m
[7m[38;2;0;0;0m [0m[38;2;0;0;0;48;2;0;0;0m                                                                                                                       [0m
[7m[38;2;0;0;0m [0m[38;2;0;0;0;48;2;0;0;0m                                                                                                                       [0m
[7m[38;2;0;0;0m [0m[38;2;0;0;0;48;2;0;0;0m                                                                                                                       [0m
[7m[38;2;0;0;0m [0m[38;2;0;0;0;48;2;0;0;0m                                                                                                                       [0m
[7m[38;2;0;0;0m [0m[38;2;0;0;0;48;2;0;0;0m                                                                                                                       [0m
[7m[38;2;0;0;0m [0m[38;2;0;0;0;48;2;0;0;0m                                                                                                                       [0m
[7m[38;2;0;0;0m [0m[38;2;0;0;0;48;2;0;0;0m                                                  [38;2;1;1;1m____    __  _                                                        [0m
[7m[38;2;0;0;0m [0m[38;2;0;0;0;48;2;0;0;0m                                               [48;2;3;3;3m:[38;2;89;89;89;48;2;14;14;14m_[38;2;180;180;180;48;2;40;40;40m_[38;2;189;189;189;48;2;52;52;52m_[48;2;51;51;51m_[38;2;190;190;190;48;2;52;52;52m_[38;2;187;187;187;48;2;47;47;47m_[38;2;175;175;175;48;2;30;30;30m_[38;2;153;153;153;48;2;20;20;20m_[38;2;167;167;167;48;2;28;28;28m_[38;2;184;184;184;48;2;42;42;42m_[38;2;186;186;186;48;2;44;44;44m_[38;2;184;184;184;48;2;43;43;43m_[38;2;176;176;176;48;2;33;33;33m_[38;2;180;180;180;48;2;38;38;38m_[38;2;198;198;198;48;2;65;65;65m_[38;2;184;184;184;48;2;82;82;82my[38;2;209;209;209;48;2;99;99;99my[38;2;220;220;220;48;2;110;110;110my[38;2;224;224;224;48;2;115;115;115my[38;2;213;213;213;48;2;104;104;104my[38;2;131;131;131;48;2;53;53;53m,[38;2;26;26;26;48;2;6;6;6m,[48;2;0;0;0m                                                 [0m
[7m[38;2;0;0;0m [0m[38;2;0;0;0;48;2;0;0;0m                                               [38;2;37;37;37;48;2;20;20;20m4[38;2;145;145;145;48;2;114;114;114m4[38;2;250;250;250;48;2;237;237;237m:[38;2;230;230;230;48;2;248;248;248m`[38;2;229;229;229;48;2;249;249;249m`[38;2;230;230;230m`[38;2;229;229;229m`[38;2;221;221;221;48;2;247;247;247m`[38;2;210;210;210;48;2;241;241;241m~[48;2;244;244;244m`[38;2;227;227;227;48;2;248;248;248m`[38;2;228;228;228;48;2;249;249;249m``[38;2;218;218;218;48;2;248;248;248m`[38;2;224;224;224;48;2;249;249;249m`[38;2;232;232;232m`[38;2;242;242;242;48;2;250;250;250m`[38;2;249;249;249;48;2;251;251;251m`[38;2;252;252;252mT[38;2;253;253;253m.[48;2;237;237;237m'[38;2;135;135;135;48;2;96;96;96mF[38;2;26;26;26;48;2;13;13;13m~[38;2;1;1;1;48;2;0;0;0m"                                                [0m
[7m[38;2;0;0;0m [0m[38;2;0;0;0;48;2;0;0;0m                                               [48;2;1;1;1m'[38;2;68;68;68;48;2;48;48;48mJ[38;2;119;119;119;48;2;181;181;181m_[38;2;254;254;254;48;2;246;246;246m`[48;2;250;250;250m [38;2;252;252;252;48;2;251;251;251m.[48;2;252;252;252m  [48;2;251;251;251m :[48;2;252;252;252m   [48;2;251;251;251m::[48;2;252;252;252m  [48;2;251;251;251m:[38;2;249;249;249;48;2;250;250;250mz[38;2;254;254;254;48;2;245;245;245m`[38;2;128;128;128;48;2;171;171;171my[38;2;81;81;81;48;2;41;41;41m'[48;2;1;1;1m [48;2;0;0;0m                                                 [0m
[7m[38;2;0;0;0m [0m[38;2;0;0;0;48;2;0;0;0m                                                [38;2;8;8;8;48;2;3;3;3m`[38;2;89;89;89;48;2;50;50;50m"[38;2;65;65;65;48;2;176;176;176m_[38;2;144;144;144;48;2;232;232;232m_[38;2;214;214;214;48;2;245;245;245m_[38;2;252;252;252;48;2;251;251;251m::[48;2;252;252;252m        [48;2;251;251;251m [48;2;248;248;248m`[38;2;127;127;127;48;2;222;222;222m_[38;2;45;45;45;48;2;166;166;166m_[38;2;97;97;97;48;2;42;42;42m~[38;2;7;7;7;48;2;2;2;2m'[48;2;0;0;0m                                                  [0m
[7m[38;2;0;0;0m [0m[38;2;0;0;0;48;2;0;0;0m                                                 [38;2;1;1;1m`[38;2;29;29;29;48;2;8;8;8m"[38;2;98;98;98;48;2;50;50;50m~[38;2;138;138;138;48;2;164;164;164mm[38;2;239;239;239;48;2;245;245;245mL[38;2;249;249;249;48;2;250;250;250m1[38;2;252;252;252;48;2;251;251;251m:[48;2;252;252;252m      [48;2;251;251;251m:[38;2;249;249;249;48;2;250;250;250m![38;2;254;254;254;48;2;240;240;240m'[38;2;154;154;154;48;2;128;128;128mL[38;2;47;47;47;48;2;25;25;25mL[38;2;1;1;1;48;2;0;0;0m.                                                   [0m
[7m[38;2;0;0;0m [0m[38;2;0;0;0;48;2;0;0;0m                                                  [38;2;2;2;2m`[38;2;52;52;52;48;2;36;36;36m4[38;2;139;139;139;48;2;164;164;164mF[38;2;240;240;240;48;2;245;245;245mL[38;2;249;249;249;48;2;250;250;250m.[38;2;252;252;252;48;2;251;251;251m:[48;2;252;252;252m     [48;2;251;251;251m:[48;2;250;250;250m [38;2;254;254;254;48;2;246;246;246m:[38;2;200;200;200;48;2;181;181;181mF[38;2;75;75;75;48;2;51;51;51mF[38;2;7;7;7;48;2;3;3;3m'[48;2;0;0;0m                                                    [0m
[7m[38;2;0;0;0m [0m[38;2;0;0;0;48;2;0;0;0m                                                  [38;2;1;1;1m`[38;2;74;74;74;48;2;52;52;52m4[38;2;179;179;179;48;2;202;202;202m~[38;2;253;253;253;48;2;248;248;248m`[48;2;251;251;251m [38;2;252;252;252m:[48;2;252;252;252m     [48;2;251;251;251m:[48;2;250;250;250m [38;2;254;254;254;48;2;246;246;246m:[38;2;176;176;176;48;2;188;188;188m4[38;2;77;77;77;48;2;44;44;44mL[48;2;0;0;0m                                                     [0m
[7m[38;2;0;0;0m [0m[38;2;0;0;0;48;2;0;0;0m                                                 [48;2;4;4;4m:[38;2;70;70;70;48;2;34;34;34my[38;2;57;57;57;48;2;150;150;150m~[38;2;222;222;222;48;2;240;240;240m~[38;2;254;254;254;48;2;251;251;251m` [48;2;252;252;252m      [38;2;252;252;252;48;2;251;251;251m: [38;2;254;254;254;48;2;249;249;249m'[38;2;199;199;199;48;2;218;218;218m~[48;2;90;90;90m_[38;2;56;56;56;48;2;14;14;14m_[48;2;0;0;0m                                                    [0m
[7m[38;2;0;0;0m [0m[38;2;0;0;0;48;2;0;0;0m                                                 [48;2;5;5;5m:[38;2;80;80;80;48;2;62;62;62m"[38;2;160;160;160;48;2;192;192;192mF[38;2;253;253;253;48;2;247;247;247m:[38;2;250;250;250;48;2;251;251;251m=[38;2;252;252;252m:[48;2;252;252;252m        [48;2;251;251;251m [38;2;254;254;254m`[38;2;251;251;251;48;2;233;233;233m:[38;2;142;142;142;48;2;93;93;93mL[38;2;45;45;45;48;2;13;13;13m,[38;2;1;1;1;48;2;0;0;0m_                                                  [0m
[7m[38;2;0;0;0m [0m[38;2;0;0;0;48;2;0;0;0m                                                 [38;2;20;20;20;48;2;12;12;12mu[38;2;85;85;85;48;2;110;110;110m$[38;2;228;228;228;48;2;239;239;239m~[38;2;250;250;250;48;2;251;251;251m_[38;2;252;252;252m.[48;2;252;252;252m         [48;2;251;251;251m:[48;2;250;250;250m [38;2;254;254;254;48;2;244;244;244m:[38;2;177;177;177;48;2;152;152;152mL[38;2;61;61;61;48;2;35;35;35mL[38;2;1;1;1;48;2;0;0;0m.                                                  [0m
[7m[38;2;0;0;0m [0m[38;2;0;0;0;48;2;0;0;0m                                                [48;2;1;1;1m.[38;2;81;81;81;48;2;47;47;47m_[38;2;125;125;125;48;2;181;181;181m~[38;2;254;254;254;48;2;246;246;246m:[38;2;250;250;250;48;2;251;251;251mf[38;2;252;252;252m:[48;2;252;252;252m         [48;2;251;251;251m:_[38;2;254;254;254;48;2;249;249;249m:[38;2;182;182;182;48;2;205;205;205m~[38;2;98;98;98;48;2;57;57;57mL[38;2;0;0;0;48;2;2;2;2m`[48;2;0;0;0m                                                  [0m
[7m[38;2;0;0;0m [0m[38;2;0;0;0;48;2;0;0;0m                                               [38;2;1;1;1m:[38;2;53;53;53;48;2;32;32;32my[38;2;93;93;93;48;2;156;156;156m~[38;2;254;254;254;48;2;243;243;243m:[38;2;250;250;250;48;2;251;251;251ms[38;2;252;252;252m:[48;2;252;252;252m           [48;2;251;251;251m:[38;2;250;250;250mz[38;2;254;254;254;48;2;242;242;242m:[38;2;167;167;167;48;2;125;125;125mL[38;2;71;71;71;48;2;27;27;27m,[38;2;1;1;1;48;2;0;0;0m*                                                 [0m
[7m[38;2;0;0;0m [0m[38;2;0;0;0;48;2;0;0;0m                                              [38;2;1;1;1m_[38;2;47;47;47;48;2;22;22;22m_[38;2;84;84;84;48;2;133;133;133mF[38;2;218;218;218;48;2;239;239;239m~[38;2;248;248;248;48;2;250;250;250m,[38;2;250;250;250;48;2;251;251;251m`[48;2;252;252;252m            [38;2;252;252;252;48;2;251;251;251m:[38;2;249;249;249m`[38;2;254;254;254;48;2;250;250;250m`[38;2;200;200;200;48;2;231;231;231m"[38;2;147;147;147;48;2;96;96;96mL[38;2;42;42;42;48;2;14;14;14m_[38;2;1;1;1;48;2;0;0;0m.                                                [0m
[7m[38;2;0;0;0m [0m[38;2;0;0;0;48;2;0;0;0m                                             [38;2;1;1;1m_[38;2;37;37;37;48;2;13;13;13m_[38;2;61;61;61;48;2;113;113;113mF[38;2;205;205;205;48;2;230;230;230m"[38;2;254;254;254;48;2;250;250;250m'[38;2;249;249;249;48;2;251;251;251m~[38;2;252;252;252m:[48;2;252;252;252m             [48;2;251;251;251m:[38;2;250;250;250m~[38;2;254;254;254;48;2;250;250;250m`[38;2;193;193;193;48;2;230;230;230m`[38;2;154;154;154;48;2;98;98;98mL[38;2;68;68;68;48;2;16;16;16m,[38;2;1;1;1;48;2;0;0;0m_                                               [0m
[7m[38;2;0;0;0m [0m[38;2;0;0;0;48;2;0;0;0m                                             [38;2;31;31;31;48;2;9;9;9m_[38;2;48;48;48;48;2;101;101;101mF[38;2;174;174;174;48;2;221;221;221m~[38;2;254;254;254;48;2;249;249;249m'[38;2;249;249;249;48;2;251;251;251m"[38;2;252;252;252m:[48;2;252;252;252m               [48;2;251;251;251m:[38;2;250;250;250m~[38;2;253;253;253;48;2;250;250;250m`[38;2;197;197;197;48;2;229;229;229m"[38;2;77;77;77;48;2;118;118;118m7[38;2;73;73;73;48;2;19;19;19m,[38;2;1;1;1;48;2;0;0;0m_                                              [0m
[7m[38;2;0;0;0m [0m[38;2;0;0;0;48;2;0;0;0m                                            [48;2;3;3;3m`[38;2;96;96;96;48;2;68;68;68m4[38;2;164;164;164;48;2;216;216;216m~[38;2;254;254;254;48;2;250;250;250m:[38;2;250;250;250;48;2;251;251;251mT[38;2;252;252;252m:[48;2;252;252;252m                 [38;2;251;251;251m_[38;2;249;249;249m_[38;2;254;254;254;48;2;250;250;250m:[38;2;200;200;200;48;2;210;210;210m4[38;2;110;110;110;48;2;68;68;68mL[38;2;23;23;23;48;2;3;3;3m,[48;2;0;0;0m                                              [0m
[7m[38;2;0;0;0m [0m[38;2;0;0;0;48;2;0;0;0m                                           [48;2;6;6;6m`[38;2;97;97;97;48;2;54;54;54my[38;2;98;98;98;48;2;188;188;188m~[38;2;230;230;230;48;2;237;237;237m~[38;2;196;196;196;48;2;241;241;241m_[38;2;254;254;254;48;2;250;250;250m.[38;2;252;252;252;48;2;251;251;251m~ [48;2;252;252;252m              [48;2;251;251;251m:~[38;2;253;253;253;48;2;246;246;246m:[38;2;151;151;151;48;2;199;199;199ma[38;2;158;158;158;48;2;197;197;197ms[38;2;234;234;234;48;2;239;239;239mr[38;2;150;150;150;48;2;204;204;204m~[38;2;105;105;105;48;2;58;58;58mL[38;2;3;3;3;48;2;1;1;1m.[48;2;0;0;0m                                             [0m
[7m[38;2;0;0;0m [0m[38;2;0;0;0;48;2;0;0;0m                                           [38;2;39;39;39;48;2;22;22;22m4[38;2;146;146;146;48;2;116;116;116m4[38;2;196;196;196;48;2;237;237;237m_[38;2;210;210;210;48;2;230;230;230m_[38;2;230;230;230;48;2;204;204;204mw[38;2;197;197;197;48;2;244;244;244m_[38;2;254;254;254;48;2;251;251;251m.[38;2;252;252;252m:[48;2;252;252;252m               [48;2;251;251;251mF[38;2;254;254;254;48;2;242;242;242m.[38;2;165;165;165;48;2;186;186;186mx[38;2;101;101;101;48;2;188;188;188m_[38;2;135;135;135;48;2;221;221;221m_[38;2;74;74;74;48;2;178;178;178m_[38;2;96;96;96;48;2;49;49;49m~[38;2;3;3;3;48;2;1;1;1m~[48;2;0;0;0m                                             [0m
[7m[38;2;0;0;0m [0m[38;2;0;0;0;48;2;0;0;0m                                            [38;2;43;43;43;48;2;16;16;16m"[38;2;143;143;143;48;2;47;47;47m~[38;2;167;167;167;48;2;55;55;55m~[38;2;47;47;47;48;2;80;80;80ms[38;2;143;143;143;48;2;180;180;180mF[38;2;254;254;254;48;2;246;246;246m:[48;2;250;250;250m [38;2;252;252;252;48;2;251;251;251m:[48;2;252;252;252m             [48;2;251;251;251m:[38;2;250;250;250m"[38;2;254;254;254;48;2;249;249;249m`[38;2;194;194;194;48;2;224;224;224m~[38;2;133;133;133;48;2;86;86;86mL[38;2;63;63;63;48;2;20;20;20m`[38;2;23;23;23;48;2;3;3;3m`[38;2;1;1;1;48;2;0;0;0m`                                              [0m
[7m[38;2;0;0;0m [0m[38;2;0;0;0;48;2;0;0;0m                                             [38;2;1;1;1mB[38;2;54;54;54;48;2;28;28;28m_[38;2;100;100;100;48;2;145;145;145mF[38;2;228;228;228;48;2;243;243;243m~[38;2;249;249;249;48;2;250;250;250m.[38;2;252;252;252;48;2;251;251;251m.[48;2;252;252;252m               [48;2;251;251;251m:[38;2;251;251;251;48;2;250;250;250my[38;2;253;253;253;48;2;249;249;249m:[38;2;168;168;168;48;2;207;207;207m~[38;2;111;111;111;48;2;63;63;63mL[38;2;22;22;22;48;2;4;4;4m,[48;2;0;0;0m                                               [0m
[7m[38;2;0;0;0m [0m[38;2;0;0;0;48;2;0;0;0m                                            [38;2;1;1;1m_[38;2;39;39;39;48;2;15;15;15m_[38;2;69;69;69;48;2;120;120;120mF[38;2;213;213;213;48;2;234;234;234m"[38;2;254;254;254;48;2;250;250;250m`[38;2;250;250;250;48;2;251;251;251m`[38;2;252;252;252m:[48;2;252;252;252m                [48;2;251;251;251m:[38;2;250;250;250m=[38;2;254;254;254;48;2;247;247;247m:[38;2;138;138;138;48;2;182;182;182m~[38;2;86;86;86;48;2;47;47;47mL[38;2;4;4;4;48;2;1;1;1m,[48;2;0;0;0m                                              [0m
[7m[38;2;0;0;0m [0m[38;2;0;0;0;48;2;0;0;0m                                           [38;2;1;1;1m,[38;2;0;0;0;48;2;6;6;6m'[38;2;107;107;107;48;2;76;76;76mj[38;2;177;177;177;48;2;219;219;219m~[38;2;254;254;254;48;2;250;250;250m`[38;2;252;252;252;48;2;251;251;251m_:[48;2;252;252;252m                  [48;2;251;251;251m:[38;2;253;253;253;48;2;250;250;250m`[48;2;242;242;242m:[38;2;114;114;114;48;2;141;141;141m4[38;2;74;74;74;48;2;29;29;29m,[48;2;0;0;0m                                              [0m
[7m[38;2;0;0;0m [0m[38;2;0;0;0;48;2;0;0;0m                                            [38;2;58;58;58;48;2;42;42;42my[38;2;122;122;122;48;2;167;167;167m~[38;2;254;254;254;48;2;246;246;246m:[48;2;250;250;250m [38;2;252;252;252;48;2;251;251;251m:[48;2;252;252;252m                   [48;2;251;251;251m:[38;2;250;250;250m~[38;2;254;254;254;48;2;250;250;250m:[38;2;189;189;189;48;2;216;216;216m"[38;2;112;112;112;48;2;69;69;69mL[38;2;9;9;9;48;2;2;2;2m,[48;2;0;0;0m                                             [0m
[7m[38;2;0;0;0m [0m[38;2;0;0;0;48;2;0;0;0m                                          [38;2;1;1;1m_[38;2;38;38;38;48;2;14;14;14m_[38;2;69;69;69;48;2;118;118;118mF[38;2;215;215;215;48;2;233;233;233m"[38;2;250;250;250;48;2;251;251;251m. [48;2;252;252;252m                     [38;2;252;252;252;48;2;251;251;251m:[38;2;249;249;249;48;2;250;250;250me[38;2;253;253;253;48;2;245;245;245m:[38;2;124;124;124;48;2;156;156;156m~[38;2;65;65;65;48;2;35;35;35mL[48;2;0;0;0m                                             [0m
[7m[38;2;0;0;0m [0m[38;2;0;0;0;48;2;0;0;0m                                          [38;2;1;1;1;48;2;6;6;6m`[38;2;101;101;101;48;2;75;75;75my[38;2;167;167;167;48;2;217;217;217m~[38;2;253;253;253;48;2;250;250;250m:[38;2;250;250;250;48;2;251;251;251m"[38;2;252;252;252m:[48;2;252;252;252m                     [48;2;251;251;251m:[38;2;250;250;250m`[38;2;254;254;254m`[38;2;217;217;217;48;2;235;235;235m`[38;2;147;147;147;48;2;99;99;99mL[38;2;50;50;50;48;2;14;14;14m,[38;2;1;1;1;48;2;0;0;0m_                                           [0m
[?25h