[?25l[0m[7m[38;2;252;252;252m [0m[38;2;0;0;0;48;2;252;252;252m                                                                                                                       [0m
[7m[38;2;252;252;252m [0m[38;2;0;0;0;48;2;252;252;252m                                                                                                                       [0m
[7m[38;2;252;252;252m [0m[38;2;0;0;0;48;2;252;252;252m                                                                                                                       [0m
[7m[38;2;252;252;252m [0m[38;2;0;0;0;48;2;252;252;252m                                                                                                                       [0m
[7m[38;2;252;252;252m [0m[38;2;0;0;0;48;2;252;252;252m                                                                                                                       [0m
[7m[38;2;252;252;252m [0m[38;2;0;0;0;48;2;252;252;252m                                                                                                                       [0m
[7m[38;2;252;252;252m [0m[38;2;0;0;0;48;2;252;252;252m                                                                                                                       [0m
[7m[38;2;252;252;252m [0m[38;2;0;0;0;48;2;252;252;252m                                                                                                                       [0m
[7m[38;2;252;252;252m [0m[38;2;0;0;0;48;2;252;252;252m                                                                                                                       [0m
[7m[38;2;252;252;252m [0m[38;2;0;0;0;48;2;252;252;252m                                                                                                                       [0m
[7m[38;2;252;252;252m [0m[38;2;0;0;0;48;2;252;252;252m                                                        [38;2;252;252;252;48;2;251;251;251m.:[38;2;253;253;253;48;2;252;252;252m_[38;2;254;254;254;48;2;251;251;251m_[38;2;253;253;253;48;2;252;252;252m_[38;2;249;249;249;48;2;251;251;251m_[38;2;241;241;241;48;2;250;250;250m_[38;2;229;229;229;48;2;248;248;248m__[38;2;236;236;236;48;2;249;249;249m_[38;2;243;243;243;48;2;251;251;251m_[38;2;251;251;251;48;2;252;252;252m`[38;2;254;254;254m_[48;2;251;251;251m__[48;2;252;252;252m_ [38;2;249;249;249;48;2;251;251;251m_ [48;2;252;252;252m                                            [0m
[7m[38;2;252;252;252m [0m[38;2;0;0;0;48;2;252;252;252m                                                     [38;2;252;252;252;48;2;251;251;251m.`[48;2;249;249;249m`[38;2;185;185;185;48;2;241;241;241m_[38;2;110;110;110;48;2;210;210;210m_[38;2;96;96;96;48;2;183;183;183my[38;2;56;56;56;48;2;152;152;152my[38;2;209;209;209;48;2;92;92;92m~[38;2;196;196;196;48;2;73;73;73m~[38;2;185;185;185;48;2;60;60;60m~[38;2;174;174;174;48;2;52;52;52m~[38;2;173;173;173;48;2;50;50;50m~[38;2;178;178;178;48;2;53;53;53m~[38;2;185;185;185;48;2;58;58;58m~[38;2;193;193;193;48;2;64;64;64m~[38;2;199;199;199;48;2;76;76;76m~[38;2;34;34;34;48;2;124;124;124my[38;2;47;47;47;48;2;145;145;145my[38;2;7;7;7;48;2;161;161;161m_[38;2;39;39;39;48;2;185;185;185m_[38;2;93;93;93;48;2;205;205;205m_[38;2;153;153;153;48;2;229;229;229m_[38;2;193;193;193;48;2;245;245;245m_[38;2;221;221;221;48;2;249;249;249m_[38;2;247;247;247;48;2;251;251;251m, [38;2;252;252;252m:[48;2;252;252;252m                                       [0m
[7m[38;2;252;252;252m [0m[38;2;0;0;0;48;2;252;252;252m                                                   [38;2;252;252;252;48;2;251;251;251m. [38;2;254;254;254;48;2;248;248;248m.[38;2;111;111;111;48;2;218;218;218m_[38;2;52;52;52;48;2;141;141;141my[38;2;111;111;111;48;2;35;35;35m~[38;2;71;71;71;48;2;10;10;10m`[38;2;23;23;23;48;2;2;2;2m`[38;2;3;3;3;48;2;0;0;0m`           [38;2;2;2;2m`[38;2;16;16;16;48;2;2;2;2m`[38;2;59;59;59;48;2;6;6;6m`[38;2;103;103;103;48;2;12;12;12m`[38;2;139;139;139;48;2;34;34;34m`[38;2;172;172;172;48;2;63;63;63m~[38;2;50;50;50;48;2;145;145;145my[38;2;45;45;45;48;2;186;186;186m_[38;2;106;106;106;48;2;226;226;226m_[38;2;216;216;216;48;2;244;244;244m,[38;2;249;249;249;48;2;250;250;250m,[48;2;251;251;251m [38;2;252;252;252m:[48;2;252;252;252m                                   [0m
[7m[38;2;252;252;252m [0m[38;2;0;0;0;48;2;252;252;252m                                                 [38;2;252;252;252;48;2;251;251;251m: [38;2;254;254;254;48;2;250;250;250m.[38;2;203;203;203;48;2;235;235;235m_[38;2;74;74;74;48;2;150;150;150my[38;2;86;86;86;48;2;28;28;28m~[38;2;0;0;0;48;2;3;3;3m:[38;2;2;2;2;48;2;0;0;0m`                     [38;2;0;0;0;48;2;2;2;2m:[38;2;70;70;70;48;2;20;20;20m`[38;2;162;162;162;48;2;50;50;50m~[38;2;52;52;52;48;2;148;148;148my[38;2;116;116;116;48;2;207;207;207m_[38;2;213;213;213;48;2;243;243;243m_[38;2;246;246;246;48;2;250;250;250m,[48;2;251;251;251m [38;2;252;252;252m:[48;2;252;252;252m                                [0m
[7m[38;2;252;252;252m [0m[38;2;0;0;0;48;2;252;252;252m                                                [38;2;252;252;252;48;2;251;251;251m: [38;2;253;253;253;48;2;250;250;250m.[38;2;203;203;203;48;2;232;232;232m_[38;2;69;69;69;48;2;125;125;125my[38;2;43;43;43;48;2;16;16;16m~[38;2;1;1;1;48;2;0;0;0m`                         [38;2;2;2;2m~[38;2;0;0;0;48;2;1;1;1m`[38;2;79;79;79;48;2;16;16;16m`[38;2;169;169;169;48;2;79;79;79m~[38;2;111;111;111;48;2;201;201;201m_[38;2;225;225;225;48;2;244;244;244m,[38;2;250;250;250;48;2;251;251;251m_[38;2;252;252;252m.[48;2;252;252;252m                               [0m
[7m[38;2;252;252;252m [0m[38;2;0;0;0;48;2;252;252;252m                                               [38;2;252;252;252;48;2;251;251;251m:`[38;2;254;254;254;48;2;249;249;249m.[38;2;194;194;194;48;2;229;229;229m_[38;2;59;59;59;48;2;123;123;123my[38;2;43;43;43;48;2;14;14;14m~[48;2;0;0;0m                             [38;2;1;1;1m`[38;2;0;0;0;48;2;2;2;2m:[38;2;84;84;84;48;2;44;44;44m`[38;2;167;167;167;48;2;199;199;199mL[38;2;233;233;233;48;2;245;245;245m,[38;2;252;252;252;48;2;251;251;251mF:[48;2;252;252;252m                              [0m
[7m[38;2;252;252;252m [0m[38;2;0;0;0;48;2;252;252;252m                                               [38;2;252;252;252;48;2;251;251;251m:[38;2;249;249;249m'[38;2;254;254;254;48;2;231;231;231m'[38;2;68;68;68;48;2;117;117;117my[38;2;36;36;36;48;2;13;13;13m~[38;2;1;1;1;48;2;0;0;0m`                              .[38;2;0;0;0;48;2;17;17;17m:[38;2;129;129;129;48;2;143;143;143m@[38;2;224;224;224;48;2;235;235;235mF[38;2;251;251;251;48;2;250;250;250mL[48;2;251;251;251m [48;2;252;252;252m                              [0m
[7m[38;2;252;252;252m [0m[38;2;0;0;0;48;2;252;252;252m                                              [38;2;252;252;252;48;2;251;251;251m:[38;2;250;250;250m.[38;2;254;254;254;48;2;245;245;245m:[38;2;175;175;175;48;2;190;190;190m4[38;2;62;62;62;48;2;35;35;35mL[48;2;0;0;0m                                [38;2;0;0;0;48;2;1;1;1m:[38;2;4;4;4;48;2;47;47;47m`[38;2;168;168;168;48;2;205;205;205m~[38;2;238;238;238;48;2;248;248;248m~[38;2;250;250;250;48;2;251;251;251m` [48;2;252;252;252m                              [0m
[7m[38;2;252;252;252m [0m[38;2;0;0;0;48;2;252;252;252m                                              [38;2;252;252;252;48;2;251;251;251m: [38;2;254;254;254;48;2;246;246;246m:[38;2;183;183;183;48;2;197;197;197m4[38;2;69;69;69;48;2;36;36;36mL[48;2;0;0;0m                                [38;2;1;1;1m.[38;2;2;2;2;48;2;26;26;26m:[38;2;118;118;118;48;2;172;172;172m_[38;2;224;224;224;48;2;240;240;240m,[38;2;252;252;252;48;2;251;251;251m~ [48;2;252;252;252m                              [0m
[7m[38;2;252;252;252m [0m[38;2;0;0;0;48;2;252;252;252m                                               [38;2;252;252;252;48;2;251;251;251m.[38;2;249;249;249m,[38;2;252;252;252;48;2;229;229;229m:[38;2;123;123;123;48;2;80;80;80mL[38;2;23;23;23;48;2;9;9;9m,[38;2;1;1;1;48;2;0;0;0m+                              :[38;2;0;0;0;48;2;8;8;8m:[38;2;65;65;65;48;2;89;89;89m:[38;2;212;212;212;48;2;228;228;228mL[48;2;251;251;251m  [48;2;252;252;252m                              [0m
[7m[38;2;252;252;252m [0m[38;2;0;0;0;48;2;252;252;252m                                               [38;2;252;252;252;48;2;251;251;251m:[38;2;250;250;250mT[38;2;254;254;254;48;2;246;246;246m'[38;2;156;156;156;48;2;199;199;199m~[38;2;90;90;90;48;2;47;47;47mL[38;2;0;0;0;48;2;3;3;3m:[38;2;1;1;1;48;2;0;0;0m_                             `[38;2;0;0;0;48;2;22;22;22m`[38;2;187;187;187;48;2;142;142;142my[38;2;224;224;224;48;2;238;238;238m~[38;2;252;252;252;48;2;251;251;251m, [48;2;252;252;252m                              [0m
[7m[38;2;252;252;252m [0m[38;2;0;0;0;48;2;252;252;252m                                                [38;2;252;252;252;48;2;251;251;251m:[48;2;250;250;250m [38;2;254;254;254;48;2;240;240;240m:[38;2;118;118;118;48;2;154;154;154m~[38;2;46;46;46;48;2;28;28;28mr[38;2;1;1;1;48;2;0;0;0m`                           _[38;2;0;0;0;48;2;4;4;4m`[38;2;126;126;126;48;2;32;32;32m_[38;2;71;71;71;48;2;159;159;159m~[38;2;215;215;215;48;2;238;238;238m~[38;2;252;252;252;48;2;251;251;251m_.[48;2;252;252;252m                               [0m
[7m[38;2;252;252;252m [0m[38;2;0;0;0;48;2;252;252;252m                                                 [38;2;252;252;252;48;2;251;251;251m: [38;2;253;253;253;48;2;236;236;236m:[38;2;80;80;80;48;2;149;149;149m~[38;2;86;86;86;48;2;35;35;35m,[38;2;0;0;0;48;2;2;2;2m`[38;2;1;1;1;48;2;0;0;0m.                       [38;2;0;0;0;48;2;1;1;1m`[38;2;1;1;1;48;2;16;16;16m`[38;2;180;180;180;48;2;48;48;48m_[38;2;25;25;25;48;2;154;154;154m~[38;2;186;186;186;48;2;225;225;225m"[38;2;241;241;241;48;2;248;248;248m`[38;2;252;252;252;48;2;251;251;251m:[48;2;252;252;252m                                 [0m
[7m[38;2;252;252;252m [0m[38;2;0;0;0;48;2;252;252;252m                                                   [38;2;252;252;252;48;2;251;251;251m.[38;2;254;254;254;48;2;247;247;247m'[38;2;147;147;147;48;2;213;213;213m~[38;2;177;177;177;48;2;95;95;95my[38;2;133;133;133;48;2;26;26;26m_[38;2;66;66;66;48;2;4;4;4m_[38;2;0;0;0;48;2;1;1;1m:[38;2;1;1;1;48;2;0;0;0my,             _ [38;2;0;0;0;48;2;3;3;3m:[38;2;82;82;82;48;2;4;4;4m_[38;2;133;133;133;48;2;23;23;23m_[38;2;192;192;192;48;2;66;66;66m_[38;2;210;210;210;48;2;123;123;123my[38;2;125;125;125;48;2;218;218;218m~[38;2;212;212;212;48;2;244;244;244m~[38;2;247;247;247;48;2;250;250;250m~[38;2;250;250;250;48;2;251;251;251m"[38;2;252;252;252m:[48;2;252;252;252m                                  [0m
[7m[38;2;252;252;252m [0m[38;2;0;0;0;48;2;252;252;252m                                                    [38;2;252;252;252;48;2;251;251;251m.'[38;2;236;236;236;48;2;249;249;249m`[38;2;185;185;185;48;2;237;237;237m`[38;2;122;122;122;48;2;207;207;207m~[38;2;30;30;30;48;2;167;167;167m~[38;2;227;227;227;48;2;92;92;92m_[38;2;217;217;217;48;2;59;59;59m_[38;2;184;184;184;48;2;38;38;38m_[38;2;142;142;142;48;2;27;27;27m_[38;2;104;104;104;48;2;20;20;20m_[38;2;82;82;82;48;2;14;14;14m_[38;2;59;59;59;48;2;10;10;10m__[38;2;80;80;80;48;2;14;14;14m_[38;2;105;105;105;48;2;19;19;19m_[38;2;119;119;119;48;2;23;23;23m_[38;2;143;143;143;48;2;27;27;27m_[38;2;167;167;167;48;2;32;32;32m_[38;2;199;199;199;48;2;42;42;42m_[38;2;217;217;217;48;2;57;57;57m_[38;2;224;224;224;48;2;80;80;80m_[38;2;2;2;2;48;2;144;144;144m~[38;2;49;49;49;48;2;186;186;186m~[38;2;136;136;136;48;2;218;218;218m~[38;2;206;206;206;48;2;241;241;241m~[38;2;220;220;220;48;2;247;247;247m`[38;2;247;247;247;48;2;250;250;250m`[38;2;252;252;252;48;2;251;251;251m::[48;2;252;252;252m                                     [0m
[7m[38;2;252;252;252m [0m[38;2;0;0;0;48;2;252;252;252m                                                       [48;2;251;251;251m [38;2;249;249;249m`[38;2;254;254;254;48;2;252;252;252m`[38;2;253;253;253;48;2;251;251;251m~'[38;2;222;222;222;48;2;244;244;244m"[38;2;190;190;190;48;2;236;236;236m~[38;2;159;159;159;48;2;230;230;230m~[38;2;142;142;142;48;2;226;226;226m~[38;2;128;128;128;48;2;224;224;224m~~[38;2;139;139;139;48;2;227;227;227m~[38;2;157;157;157;48;2;230;230;230m~[38;2;168;168;168;48;2;233;233;233m~[38;2;187;187;187;48;2;237;237;237m~[38;2;207;207;207;48;2;242;242;242m~[38;2;234;234;234;48;2;248;248;248m~[38;2;252;252;252;48;2;251;251;251m:[38;2;253;253;253m~~[38;2;252;252;252m:[38;2;250;250;250m`[38;2;252;252;252m:[48;2;252;252;252m                                         [0m
[7m[38;2;252;252;252m [0m[38;2;0;0;0;48;2;252;252;252m                                                            [38;2;252;252;252;48;2;251;251;251m:.[38;2;250;250;250m`[38;2;252;252;252m........:[48;2;252;252;252m                                               [0m
[7m[38;2;252;252;252m [0m[38;2;0;0;0;48;2;252;252;252m                                                                                                                       [0m
[7m[38;2;252;252;252m [0m[38;2;0;0;0;48;2;252;252;252m                                                                                                                       [0m
[7m[38;2;252;252;252m [0m[38;2;0;0;0;48;2;252;252;252m                                                                                                                       [0m
[7m[38;2;252;252;252m [0m[38;2;0;0;0;48;2;252;252;252m                                                                                                                       [0m
[7m[38;2;252;252;252m [0m[38;2;0;0;0;48;2;252;252;252m                                                                                                                       [0m
[7m[38;2;252;252;252m [0m[38;2;0;0;0;48;2;252;252;252m                                                                                                                       [0m
[7m[38;2;252;252;252m [0m[38;2;0;0;0;48;2;252;252;252m                                                                                                                       [0m
[7m[38;2;252;252;252m [0m[38;2;0;0;0;48;2;252;252;252m                                                                                                                       [0m
[7m[38;2;252;252;252m [0m[38;2;0;0;0;48;2;252;252;252m                                                                                                                       [0m
[?25h