[?25l[0m[7m[38;2;252;252;252m [0m[38;2;0;0;0;48;2;252;252;252m                                                                                                                       [0m
[7m[38;2;252;252;252m [0m[38;2;0;0;0;48;2;252;252;252m                                                                                                                       [0m
[7m[38;2;252;252;252m [0m[38;2;0;0;0;48;2;252;252;252m                                                                                                                       [0m
[7m[38;2;252;252;252m [0m[38;2;0;0;0;48;2;252;252;252m                                                                                                                       [0m
[7m[38;2;252;252;252m [0m[38;2;0;0;0;48;2;252;252;252m                                                                                                                       [0m
[7m[38;2;252;252;252m [0m[38;2;0;0;0;48;2;252;252;252m                                                                                                                       [0m
[7m[38;2;252;252;252m [0m[38;2;0;0;0;48;2;252;252;252m                                                                                                                       [0m
[7m[38;2;252;252;252m [0m[38;2;0;0;0;48;2;252;252;252m                                                                                                                       [0m
[7m[38;2;252;252;252m [0m[38;2;0;0;0;48;2;252;252;252m                                                                                                                       [0m
[7m[38;2;252;252;252m [0m[38;2;0;0;0;48;2;252;252;252m                                                                                                                       [0m
[7m[38;2;252;252;252m [0m[38;2;0;0;0;48;2;252;252;252m                                                                                                                       [0m
[7m[38;2;252;252;252m [0m[38;2;0;0;0;48;2;252;252;252m                                                                                                                       [0m
[7m[38;2;252;252;252m [0m[38;2;0;0;0;48;2;252;252;252m                                                                                                                       [0m
[7m[38;2;252;252;252m [0m[38;2;0;0;0;48;2;252;252;252m                                                                                                                       [0m
[7m[38;2;252;252;252m [0m[38;2;0;0;0;48;2;252;252;252m                                                                                                                       [0m
[7m[38;2;252;252;252m [0m[38;2;0;0;0;48;2;252;252;252m                                                                                                                       [0m
[7m[38;2;252;252;252m [0m[38;2;0;0;0;48;2;252;252;252m                                                                                                                       [0m
[7m[38;2;252;252;252m [0m[38;2;0;0;0;48;2;252;252;252m                                                                                                                       [0m
[7m[38;2;252;252;252m [0m[38;2;0;0;0;48;2;252;252;252m                                                        [38;2;252;252;252;48;2;251;251;251m:[38;2;250;250;250m_[38;2;252;252;252m:[38;2;253;253;253;48;2;252;252;252m,[48;2;251;251;251m [38;2;252;252;252m:[48;2;252;252;252m                                                         [0m
[7m[38;2;252;252;252m [0m[38;2;0;0;0;48;2;252;252;252m                                                      [38;2;252;252;252;48;2;251;251;251m`[38;2;254;254;254;48;2;250;250;250m.[38;2;199;199;199;48;2;243;243;243m_[38;2;124;124;124;48;2;220;220;220m_[38;2;53;53;53;48;2;201;201;201m_[38;2;41;41;41;48;2;198;198;198m_[38;2;115;115;115;48;2;218;218;218m_[38;2;228;228;228;48;2;245;245;245m,[38;2;249;249;249;48;2;251;251;251m,[38;2;252;252;252m.[48;2;252;252;252m                                                       [0m
[7m[38;2;252;252;252m [0m[38;2;0;0;0;48;2;252;252;252m                                                    [38;2;252;252;252;48;2;251;251;251m:[38;2;250;250;250m$[38;2;254;254;254;48;2;243;243;243m:[38;2;121;121;121;48;2;182;182;182my[38;2;132;132;132;48;2;52;52;52m~[38;2;92;92;92;48;2;18;18;18m`[38;2;33;33;33;48;2;6;6;6m`[38;2;18;18;18;48;2;4;4;4m`[38;2;70;70;70;48;2;23;23;23m"[38;2;166;166;166;48;2;99;99;99m~[38;2;155;155;155;48;2;225;225;225m_[38;2;195;195;195;48;2;243;243;243m_[38;2;242;242;242;48;2;249;249;249m,[48;2;252;252;252m [38;2;252;252;252;48;2;251;251;251m:[48;2;252;252;252m                                                    [0m
[7m[38;2;252;252;252m [0m[38;2;0;0;0;48;2;252;252;252m                                                    [38;2;252;252;252;48;2;251;251;251m`[38;2;254;254;254m:[38;2;220;220;220;48;2;228;228;228m4[38;2;96;96;96;48;2;67;67;67mF[38;2;0;0;0;48;2;4;4;4m:[38;2;1;1;1;48;2;0;0;0m`  [38;2;0;0;0;48;2;9;9;9m:[38;2;25;25;25;48;2;58;58;58m~[38;2;67;67;67;48;2;94;94;94my[38;2;149;149;149;48;2;59;59;59m~[38;2;81;81;81;48;2;145;145;145mg[38;2;215;215;215;48;2;234;234;234m,[38;2;252;252;252;48;2;251;251;251m::[48;2;252;252;252m                                                   [0m
[7m[38;2;252;252;252m [0m[38;2;0;0;0;48;2;252;252;252m                                                    [38;2;252;252;252;48;2;251;251;251m:[38;2;250;250;250my[38;2;254;254;254;48;2;237;237;237m:[38;2;147;147;147;48;2;107;107;107mL[38;2;40;40;40;48;2;19;19;19m,[38;2;2;2;2;48;2;1;1;1mg[48;2;0;0;0m  [38;2;0;0;0;48;2;2;2;2m:[38;2;39;39;39;48;2;7;7;7m~[38;2;37;37;37;48;2;6;6;6m`[38;2;0;0;0;48;2;19;19;19m:[38;2;78;78;78;48;2;120;120;120mF[38;2;226;226;226;48;2;236;236;236m~[48;2;250;250;250m [48;2;251;251;251m [48;2;252;252;252m                                  [38;2;253;253;253m^                [0m
[7m[38;2;252;252;252m [0m[38;2;0;0;0;48;2;252;252;252m                                                    [38;2;252;252;252;48;2;251;251;251m`[38;2;254;254;254m.[48;2;240;240;240m'[38;2;75;75;75;48;2;167;167;167m_[38;2;62;62;62;48;2;30;30;30mF[38;2;2;2;2;48;2;0;0;0m`  [38;2;0;0;0;48;2;2;2;2m:[38;2;77;77;77m_[38;2;72;72;72;48;2;4;4;4m_[38;2;93;93;93;48;2;28;28;28m_[38;2;116;116;116;48;2;144;144;144ms[38;2;231;231;231;48;2;241;241;241mL[38;2;251;251;251;48;2;250;250;250m_[48;2;251;251;251m [48;2;252;252;252m                                                   [0m
[7m[38;2;252;252;252m [0m[38;2;0;0;0;48;2;252;252;252m                                                  [48;2;251;251;251m [38;2;252;252;252;48;2;250;250;250m:[38;2;175;175;175;48;2;237;237;237m_[38;2;110;110;110;48;2;187;187;187my[38;2;169;169;169;48;2;70;70;70m~[38;2;54;54;54;48;2;13;13;13m~[38;2;0;0;0;48;2;1;1;1m.[48;2;0;0;0m  [38;2;1;1;1mw[38;2;47;47;47;48;2;27;27;27m4[38;2;101;101;101;48;2;141;141;141m_[38;2;125;125;125;48;2;199;199;199m~[38;2;149;149;149;48;2;221;221;221m~[38;2;218;218;218;48;2;245;245;245m~[38;2;250;250;250;48;2;252;252;252m'[38;2;253;253;253m.                                                    [0m
[7m[38;2;252;252;252m [0m[38;2;0;0;0;48;2;252;252;252m                                                [38;2;252;252;252;48;2;251;251;251m:[38;2;249;249;249my[38;2;254;254;254;48;2;245;245;245m:[38;2;149;149;149;48;2;199;199;199my[38;2;130;130;130;48;2;58;58;58m~[38;2;27;27;27;48;2;6;6;6m~[38;2;1;1;1;48;2;0;0;0m"    " [38;2;50;50;50;48;2;20;20;20m"[38;2;60;60;60;48;2;124;124;124mg[38;2;115;115;115;48;2;212;212;212m_[38;2;196;196;196;48;2;238;238;238m_[38;2;181;181;181;48;2;235;235;235m_[38;2;179;179;179;48;2;236;236;236m_[38;2;192;192;192;48;2;239;239;239m_[38;2;209;209;209;48;2;243;243;243m_[38;2;235;235;235;48;2;249;249;249m_[38;2;252;252;252;48;2;251;251;251m`[48;2;252;252;252m                                                [0m
[7m[38;2;252;252;252m [0m[38;2;0;0;0;48;2;252;252;252m                                                [38;2;252;252;252;48;2;251;251;251m:[48;2;250;250;250m [38;2;254;254;254;48;2;236;236;236m:[38;2;133;133;133;48;2;104;104;104mL[38;2;3;3;3;48;2;17;17;17m:[38;2;1;1;1;48;2;0;0;0m_        [38;2;0;0;0;48;2;3;3;3m:[38;2;73;73;73;48;2;29;29;29m~[38;2;153;153;153;48;2;98;98;98m~[38;2;156;156;156;48;2;135;135;135m~[38;2;162;162;162;48;2;137;137;137m`[38;2;174;174;174;48;2;143;143;143m`[38;2;161;161;161;48;2;174;174;174m@[38;2;210;210;210;48;2;224;224;224mF[38;2;246;246;246;48;2;249;249;249mM[48;2;252;252;252m                                                [0m
[7m[38;2;252;252;252m [0m[38;2;0;0;0;48;2;252;252;252m                                                [38;2;252;252;252;48;2;251;251;251m:[38;2;250;250;250m^[38;2;254;254;254;48;2;246;246;246m'[38;2;160;160;160;48;2;201;201;201m~[38;2;90;90;90;48;2;50;50;50mL[38;2;0;0;0;48;2;3;3;3m:[48;2;0;0;0m         [48;2;1;1;1m:[38;2;44;44;44;48;2;34;34;34m4[38;2;115;115;115;48;2;124;124;124mL[38;2;184;184;184;48;2;155;155;155my[38;2;152;152;152;48;2;204;204;204m~[38;2;204;204;204;48;2;237;237;237m~[38;2;243;243;243;48;2;249;249;249m~[38;2;252;252;252;48;2;251;251;251m_[48;2;252;252;252m                                                [0m
[7m[38;2;252;252;252m [0m[38;2;0;0;0;48;2;252;252;252m                                                 [38;2;252;252;252;48;2;251;251;251m:[38;2;250;250;250m^[38;2;254;254;254;48;2;245;245;245m'[38;2;136;136;136;48;2;199;199;199m~[38;2;176;176;176;48;2;71;71;71m_[38;2;49;49;49;48;2;12;12;12m,[38;2;1;1;1;48;2;0;0;0m.      [38;2;0;0;0;48;2;1;1;1m`[38;2;50;50;50;48;2;11;11;11m_[38;2;87;87;87;48;2;52;52;52my[38;2;121;121;121;48;2;136;136;136mF[38;2;185;185;185;48;2;200;200;200mL[38;2;242;242;242;48;2;244;244;244mr[38;2;252;252;252;48;2;251;251;251m` [48;2;252;252;252m                                                 [0m
[7m[38;2;252;252;252m [0m[38;2;0;0;0;48;2;252;252;252m                                                  [38;2;252;252;252;48;2;251;251;251m:[38;2;249;249;249m`[38;2;253;253;253;48;2;250;250;250m'[38;2;205;205;205;48;2;238;238;238m`[38;2;28;28;28;48;2;192;192;192m`[38;2;39;39;39;48;2;138;138;138m~[38;2;125;125;125;48;2;74;74;74my[38;2;113;113;113;48;2;62;62;62my[38;2;112;112;112;48;2;59;59;59my[38;2;110;110;110;48;2;55;55;55my[38;2;111;111;111;48;2;58;58;58my[38;2;20;20;20;48;2;87;87;87m~[38;2;38;38;38;48;2;105;105;105m~[38;2;75;75;75;48;2;121;121;121m~[38;2;122;122;122;48;2;131;131;131m~[38;2;133;133;133;48;2;143;143;143m'[38;2;208;208;208;48;2;188;188;188m_[38;2;238;238;238;48;2;243;243;243mF[48;2;251;251;251m  [48;2;252;252;252m                                                 [0m
[7m[38;2;252;252;252m [0m[38;2;0;0;0;48;2;252;252;252m                                                      [38;2;252;252;252;48;2;250;250;250m'[38;2;226;226;226;48;2;241;241;241m"[38;2;174;174;174;48;2;217;217;217m~[38;2;227;227;227;48;2;185;185;185my[38;2;220;220;220;48;2;178;178;178my[38;2;227;227;227;48;2;168;168;168m_[38;2;220;220;220;48;2;161;161;161m_[38;2;217;217;217;48;2;160;160;160m_[38;2;222;222;222;48;2;161;161;161m_[38;2;232;232;232;48;2;170;170;170m_[38;2;222;222;222;48;2;181;181;181my[38;2;174;174;174;48;2;220;220;220m~[38;2;224;224;224;48;2;241;241;241m"[38;2;248;248;248;48;2;251;251;251m~[48;2;252;252;252m                                                   [0m
[7m[38;2;252;252;252m [0m[38;2;0;0;0;48;2;252;252;252m                                                        [38;2;252;252;252;48;2;251;251;251m:[38;2;251;251;251;48;2;252;252;252m`[38;2;249;249;249;48;2;251;251;251m`[38;2;241;241;241;48;2;250;250;250m`[48;2;249;249;249m~[38;2;239;239;239m~[38;2;243;243;243;48;2;250;250;250m~[38;2;247;247;247;48;2;251;251;251m`[38;2;248;248;248m`[38;2;252;252;252m:[48;2;252;252;252m                                                     [0m
[7m[38;2;252;252;252m [0m[38;2;0;0;0;48;2;252;252;252m                                                                                                                       [0m
[7m[38;2;252;252;252m [0m[38;2;0;0;0;48;2;252;252;252m                                                                                                                       [0m
[7m[38;2;252;252;252m [0m[38;2;0;0;0;48;2;252;252;252m                                                                                                                       [0m
[7m[38;2;252;252;252m [0m[38;2;0;0;0;48;2;252;252;252m                       [38;2;252;252;252;48;2;251;251;251m:[48;2;252;252;252m                                                                                               [0m
[?25h