[?25l[0m[7m[38;2;0;0;0m [0m[38;2;0;0;0;48;2;0;0;0m                                                         [48;2;2;2;2m:[38;2;84;84;84;48;2;60;60;60m4[38;2;214;214;214;48;2;225;225;225mL[38;2;253;253;253;48;2;251;251;251m: [48;2;252;252;252m                                                         [0m
[7m[38;2;0;0;0m [0m[38;2;0;0;0;48;2;0;0;0m                                                         [48;2;1;1;1m:[38;2;84;84;84;48;2;60;60;60m4[38;2;214;214;214;48;2;225;225;225mL[38;2;253;253;253;48;2;251;251;251m: [48;2;252;252;252m                                                         [0m
[7m[38;2;0;0;0m [0m[38;2;0;0;0;48;2;0;0;0m                                                         [48;2;1;1;1m:[38;2;84;84;84;48;2;60;60;60m4[38;2;214;214;214;48;2;225;225;225mL[38;2;253;253;253;48;2;251;251;251m: [48;2;252;252;252m                                                         [0m
[7m[38;2;0;0;0m [0m[38;2;0;0;0;48;2;0;0;0m                                                         [48;2;1;1;1m:[38;2;84;84;84;48;2;60;60;60m4[38;2;214;214;214;48;2;225;225;225mL[38;2;253;253;253;48;2;251;251;251m: [48;2;252;252;252m                                                         [0m
[7m[38;2;0;0;0m [0m[38;2;0;0;0;48;2;0;0;0m                                                         [48;2;1;1;1m:[38;2;84;84;84;48;2;60;60;60m4[38;2;214;214;214;48;2;225;225;225mL[38;2;253;253;253;48;2;251;251;251m: [48;2;252;252;252m                                                         [0m
[7m[38;2;0;0;0m [0m[38;2;0;0;0;48;2;0;0;0m                                                         [48;2;1;1;1m:[38;2;84;84;84;48;2;60;60;60m4[38;2;214;214;214;48;2;225;225;225mL[38;2;253;253;253;48;2;251;251;251m: [48;2;252;252;252m                                                         [0m
[7m[38;2;0;0;0m [0m[38;2;0;0;0;48;2;0;0;0m                                                         [48;2;1;1;1m:[38;2;84;84;84;48;2;60;60;60m4[38;2;214;214;214;48;2;225;225;225mL[38;2;253;253;253;48;2;251;251;251m: [48;2;252;252;252m                                                         [0m
[7m[38;2;0;0;0m [0m[38;2;0;0;0;48;2;0;0;0m                                                         [48;2;1;1;1m:[38;2;84;84;84;48;2;60;60;60m4[38;2;214;214;214;48;2;225;225;225mL[38;2;250;250;250;48;2;251;251;251mL [48;2;252;252;252m                                                         [0m
[7m[38;2;0;0;0m [0m[38;2;0;0;0;48;2;0;0;0m                                                       [38;2;1;1;1m_ [38;2;45;45;45;48;2;10;10;10m_[48;2;95;95;95mF[38;2;95;95;95;48;2;206;206;206m_[38;2;192;192;192;48;2;240;240;240m_[38;2;251;251;251;48;2;249;249;249m`[38;2;247;247;247;48;2;251;251;251m_[38;2;250;250;250m,[48;2;252;252;252m     [48;2;251;251;251m [38;2;252;252;252m:[48;2;252;252;252m                                                [0m
[7m[38;2;0;0;0m [0m[38;2;0;0;0;48;2;0;0;0m                                               [38;2;50;50;50;48;2;7;7;7m_[38;2;158;158;158;48;2;23;23;23m_[38;2;121;121;121;48;2;14;14;14m_[38;2;24;24;24;48;2;4;4;4m,[38;2;3;3;3;48;2;1;1;1m.[38;2;37;37;37;48;2;4;4;4m_[38;2;123;123;123;48;2;16;16;16m_[38;2;174;174;174;48;2;28;28;28m_[38;2;189;189;189;48;2;43;43;43m_[38;2;172;172;172;48;2;95;95;95my[38;2;138;138;138;48;2;211;211;211m~[38;2;189;189;189;48;2;215;215;215m"[38;2;101;101;101;48;2;68;68;68mF[38;2;140;140;140;48;2;53;53;53m~[38;2;42;42;42;48;2;162;162;162m_[38;2;131;131;131;48;2;217;217;217m_[38;2;167;167;167;48;2;237;237;237m_[38;2;197;197;197;48;2;246;246;246m_[38;2;238;238;238;48;2;250;250;250m_[38;2;250;250;250;48;2;251;251;251m,[38;2;252;252;252m:[38;2;210;210;210;48;2;247;247;247m_[38;2;173;173;173;48;2;239;239;239m_[38;2;212;212;212;48;2;245;245;245m_[38;2;247;247;247;48;2;251;251;251m,[48;2;252;252;252m                                               [0m
[7m[38;2;0;0;0m [0m[38;2;0;0;0;48;2;0;0;0m                                             [38;2;1;1;1m*[38;2;17;17;17;48;2;10;10;10mu[38;2;62;62;62;48;2;104;104;104m[[38;2;205;205;205;48;2;233;233;233m~[38;2;170;170;170;48;2;224;224;224m~[38;2;68;68;68;48;2;173;173;173m~[38;2;201;201;201;48;2;106;106;106my[38;2;74;74;74;48;2;196;196;196m~[38;2;165;165;165;48;2;229;229;229m~[38;2;225;225;225;48;2;246;246;246m~[38;2;231;231;231;48;2;249;249;249m`[38;2;239;239;239;48;2;250;250;250m`[38;2;254;254;254;48;2;251;251;251m:[38;2;237;237;237;48;2;223;223;223m:[38;2;97;97;97;48;2;60;60;60mL[38;2;1;1;1;48;2;2;2;2m:[38;2;14;14;14m`[38;2;85;85;85;48;2;8;8;8m`[38;2;109;109;109;48;2;17;17;17m`[38;2;115;115;115;48;2;41;41;41m~[38;2;44;44;44;48;2;130;130;130my[38;2;34;34;34;48;2;193;193;193m_[38;2;11;11;11;48;2;161;161;161m_[38;2;163;163;163;48;2;64;64;64m~[38;2;85;85;85;48;2;43;43;43m~[38;2;125;125;125;48;2;151;151;151ms[38;2;230;230;230;48;2;240;240;240mL[48;2;250;250;250m [48;2;251;251;251m [48;2;252;252;252m                                             [0m
[7m[38;2;0;0;0m [0m[38;2;0;0;0;48;2;0;0;0m                                              [48;2;6;6;6m:[38;2;50;50;50;48;2;94;94;94ml[38;2;216;216;216;48;2;233;233;233m,[38;2;248;248;248;48;2;251;251;251m`[38;2;253;253;253m``[38;2;251;251;251;48;2;252;252;252m:[38;2;249;249;249;48;2;251;251;251m` [48;2;252;252;252m [48;2;251;251;251m [38;2;254;254;254m:[38;2;237;237;237;48;2;223;223;223m:[38;2;97;97;97;48;2;61;61;61mL[38;2;3;3;3;48;2;1;1;1mL[48;2;0;0;0m   [38;2;1;1;1m` [38;2;6;6;6m`  [38;2;0;0;0;48;2;32;32;32m`[38;2;144;144;144;48;2;168;168;168mF[38;2;236;236;236;48;2;242;242;242mL[38;2;251;251;251;48;2;250;250;250m,[48;2;251;251;251m [48;2;252;252;252m                                             [0m
[7m[38;2;0;0;0m [0m[38;2;0;0;0;48;2;0;0;0m                                            [48;2;1;1;1m:[38;2;59;59;59;48;2;13;13;13m_[38;2;143;143;143;48;2;32;32;32m_[38;2;38;38;38;48;2;68;68;68m$[38;2;130;130;130;48;2;176;176;176m_[38;2;254;254;254;48;2;246;246;246m:[48;2;250;250;250m [38;2;252;252;252;48;2;251;251;251m:[48;2;252;252;252m    [48;2;251;251;251m [38;2;254;254;254m:[38;2;237;237;237;48;2;223;223;223m:[38;2;97;97;97;48;2;61;61;61mL[38;2;3;3;3;48;2;1;1;1mL[48;2;0;0;0m      [38;2;1;1;1m_[38;2;0;0;0;48;2;6;6;6m:[38;2;100;100;100;48;2;67;67;67m_[38;2;205;205;205;48;2;221;221;221m^[38;2;246;246;246;48;2;251;251;251m~[38;2;253;253;253;48;2;252;252;252m.                                              [0m
[7m[38;2;0;0;0m [0m[38;2;0;0;0;48;2;0;0;0m                                            [38;2;48;48;48;48;2;26;26;26m4[38;2;151;151;151;48;2;115;115;115m4[38;2;158;158;158;48;2;209;209;209m_[38;2;162;162;162;48;2;217;217;217m~[38;2;177;177;177;48;2;227;227;227m~[38;2;254;254;254;48;2;249;249;249m'[38;2;250;250;250;48;2;251;251;251m`[38;2;252;252;252m:[48;2;252;252;252m    [48;2;251;251;251m [38;2;254;254;254m:[38;2;237;237;237;48;2;223;223;223m:[38;2;97;97;97;48;2;61;61;61mL[38;2;3;3;3;48;2;1;1;1mL[48;2;0;0;0m      [38;2;1;1;1m^[38;2;0;0;0;48;2;11;11;11m`[38;2;94;94;94;48;2;69;69;69m~[38;2;197;197;197;48;2;117;117;117m~[38;2;87;87;87;48;2;152;152;152ms[38;2;220;220;220;48;2;235;235;235mr[48;2;252;252;252m                                              [0m
[7m[38;2;0;0;0m [0m[38;2;0;0;0;48;2;0;0;0m                                            [48;2;2;2;2m:[38;2;90;90;90;48;2;33;33;33m_[38;2;236;236;236;48;2;103;103;103m_[38;2;108;108;108;48;2;179;179;179mT[38;2;179;179;179;48;2;218;218;218mT[38;2;254;254;254;48;2;249;249;249m:[48;2;251;251;251m [48;2;252;252;252m     [48;2;251;251;251m :[38;2;237;237;237;48;2;223;223;223m:[38;2;97;97;97;48;2;61;61;61mL[38;2;3;3;3;48;2;1;1;1mL[48;2;0;0;0m       [38;2;0;0;0;48;2;13;13;13m:[38;2;104;104;104;48;2;75;75;75m4[38;2;97;97;97;48;2;189;189;189m_[38;2;188;188;188;48;2;227;227;227m~[38;2;241;241;241;48;2;249;249;249m~[48;2;252;252;252m                                              [0m
[7m[38;2;0;0;0m [0m[38;2;0;0;0;48;2;0;0;0m                                            [38;2;1;1;1;48;2;3;3;3m'[38;2;78;78;78;48;2;52;52;52m"[38;2;211;211;211;48;2;158;158;158m~[38;2;171;171;171;48;2;227;227;227m_[38;2;123;123;123;48;2;204;204;204my[38;2;198;198;198;48;2;223;223;223mw[38;2;254;254;254;48;2;249;249;249m:[38;2;250;250;250;48;2;251;251;251mi[38;2;252;252;252m:[48;2;252;252;252m   [48;2;251;251;251m [38;2;254;254;254m:[38;2;237;237;237;48;2;223;223;223m:[38;2;97;97;97;48;2;61;61;61mL[38;2;3;3;3;48;2;1;1;1mL[48;2;0;0;0m       [38;2;0;0;0;48;2;17;17;17m`[38;2;141;141;141;48;2;62;62;62my[38;2;176;176;176;48;2;72;72;72m_[38;2;82;82;82;48;2;134;134;134ms[38;2;162;162;162;48;2;218;218;218m_[38;2;239;239;239;48;2;248;248;248m,[38;2;250;250;250;48;2;251;251;251m_[38;2;252;252;252m:[48;2;252;252;252m                                           [0m
[7m[38;2;0;0;0m [0m[38;2;0;0;0;48;2;0;0;0m                                            [38;2;1;1;1m_[38;2;68;68;68;48;2;42;42;42m4[38;2;112;112;112;48;2;144;144;144m_[38;2;73;73;73;48;2;108;108;108m4[38;2;63;63;63;48;2;109;109;109m[[38;2;183;183;183;48;2;225;225;225m_[38;2;214;214;214;48;2;246;246;246m_[38;2;252;252;252;48;2;250;250;250m.[38;2;250;250;250;48;2;251;251;251m_[38;2;252;252;252m:[48;2;252;252;252m  [48;2;251;251;251m [38;2;254;254;254m:[38;2;237;237;237;48;2;223;223;223m:[38;2;97;97;97;48;2;61;61;61mL[38;2;3;3;3;48;2;1;1;1mL[48;2;0;0;0m      [38;2;35;35;35;48;2;5;5;5m_[38;2;1;1;1;48;2;22;22;22m`[38;2;71;71;71;48;2;126;126;126m+[38;2;217;217;217;48;2;225;225;225m`[38;2;162;162;162;48;2;137;137;137mr_[38;2;227;227;227;48;2;238;238;238mL[38;2;251;251;251;48;2;250;250;250m,[48;2;251;251;251m [48;2;252;252;252m                                           [0m
[7m[38;2;0;0;0m [0m[38;2;0;0;0;48;2;0;0;0m                                            [38;2;1;1;1m`[38;2;20;20;20;48;2;6;6;6m"[38;2;91;91;91;48;2;54;54;54m~[38;2;89;89;89;48;2;155;155;155m_[38;2;197;197;197;48;2;138;138;138my[38;2;54;54;54;48;2;116;116;116ma[38;2;175;175;175;48;2;95;95;95m~[38;2;92;92;92;48;2;203;203;203m_[38;2;225;225;225;48;2;243;243;243m,[38;2;238;238;238;48;2;249;249;249m_[38;2;252;252;252;48;2;251;251;251m:[48;2;252;252;252m [48;2;251;251;251m [38;2;254;254;254m:[38;2;237;237;237;48;2;223;223;223m:[38;2;97;97;97;48;2;60;60;60mL[38;2;2;2;2;48;2;1;1;1mL[48;2;0;0;0m [38;2;5;5;5m_ [38;2;3;3;3;48;2;1;1;1m.[38;2;0;0;0;48;2;9;9;9m`[38;2;130;130;130;48;2;58;58;58m_[38;2;114;114;114;48;2;195;195;195m~[38;2;128;128;128;48;2;206;206;206m~[38;2;143;143;143;48;2;184;184;184m_[38;2;108;108;108;48;2;161;161;161my[38;2;213;213;213;48;2;143;143;143m_[38;2;193;193;193;48;2;228;228;228m"[38;2;244;244;244;48;2;250;250;250m~[38;2;252;252;252;48;2;251;251;251m.:[48;2;252;252;252m                                           [0m
[7m[38;2;0;0;0m [0m[38;2;0;0;0;48;2;0;0;0m                                              [38;2;4;4;4;48;2;1;1;1m`[38;2;62;62;62;48;2;18;18;18m`[38;2;149;149;149;48;2;73;73;73m~[38;2;65;65;65;48;2;167;167;167m_[38;2;94;94;94;48;2;171;171;171m~[38;2;57;57;57;48;2;152;152;152m~[38;2;156;156;156;48;2;192;192;192mF[38;2;221;221;221;48;2;236;236;236m~[38;2;253;253;253;48;2;251;251;251m:  [38;2;254;254;254m:[38;2;237;237;237;48;2;223;223;223m'[38;2;97;97;97;48;2;60;60;60mL[38;2;1;1;1;48;2;2;2;2m:[38;2;31;31;31;48;2;19;19;19mu[38;2;121;121;121;48;2;68;68;68my[38;2;173;173;173;48;2;84;84;84my[38;2;80;80;80;48;2;37;37;37m_[38;2;65;65;65;48;2;46;46;46m4[38;2;68;68;68;48;2;150;150;150m_[38;2;87;87;87;48;2;169;169;169my[38;2;80;80;80;48;2;144;144;144m*[38;2;197;197;197;48;2;136;136;136my[38;2;147;147;147;48;2;217;217;217m~[38;2;231;231;231;48;2;246;246;246m~[38;2;249;249;249;48;2;251;251;251m' [48;2;252;252;252m                                             [0m
[7m[38;2;0;0;0m [0m[38;2;0;0;0;48;2;0;0;0m                                               [38;2;2;2;2;48;2;1;1;1m_[38;2;41;41;41;48;2;23;23;23mu[38;2;149;149;149;48;2;98;98;98my[38;2;135;135;135;48;2;201;201;201m~[38;2;251;251;251;48;2;240;240;240m`[38;2;254;254;254;48;2;251;251;251m`[38;2;253;253;253;48;2;252;252;252m`[38;2;251;251;251m` [48;2;251;251;251m [38;2;254;254;254m:[38;2;237;237;237;48;2;223;223;223m:[38;2;97;97;97;48;2;60;60;60mL[38;2;2;2;2;48;2;1;1;1mL[38;2;0;0;0;48;2;9;9;9m:[38;2;121;121;121;48;2;39;39;39m~[38;2;197;197;197;48;2;63;63;63m~[38;2;75;75;75;48;2;28;28;28m"[38;2;4;4;4;48;2;2;2;2m'[38;2;0;0;0m`[48;2;31;31;31m.[38;2;94;94;94;48;2;145;145;145my[38;2;250;250;250;48;2;238;238;238m`[48;2;251;251;251m [38;2;252;252;252m:[48;2;252;252;252m                                               [0m
[7m[38;2;0;0;0m [0m[38;2;0;0;0;48;2;0;0;0m                                               [38;2;73;73;73;48;2;22;22;22m_[38;2;218;218;218;48;2;96;96;96m_[38;2;141;141;141;48;2;208;208;208m~[38;2;254;254;254;48;2;248;248;248m`[38;2;249;249;249;48;2;251;251;251m~[38;2;252;252;252m:[48;2;252;252;252m   [48;2;251;251;251m [38;2;254;254;254m:[38;2;237;237;237;48;2;223;223;223m:[38;2;97;97;97;48;2;61;61;61mL[38;2;3;3;3;48;2;1;1;1mL[48;2;0;0;0m     [38;2;1;1;1m`[38;2;0;0;0;48;2;2;2;2m:[38;2;73;73;73;48;2;41;41;41m"[38;2;65;65;65;48;2;172;172;172m_[38;2;184;184;184;48;2;236;236;236m_[38;2;248;248;248;48;2;250;250;250m.[38;2;250;250;250;48;2;251;251;251m_[38;2;252;252;252m:[48;2;252;252;252m                                             [0m
[7m[38;2;0;0;0m [0m[38;2;0;0;0;48;2;0;0;0m                                             [48;2;1;1;1m`[38;2;88;88;88;48;2;41;41;41m_[38;2;98;98;98;48;2;169;169;169m~[38;2;254;254;254;48;2;244;244;244m:[38;2;253;253;253;48;2;250;250;250m`[48;2;251;251;251m [48;2;252;252;252m     [48;2;251;251;251m [38;2;254;254;254m:[38;2;237;237;237;48;2;223;223;223m:[38;2;97;97;97;48;2;61;61;61mL[38;2;3;3;3;48;2;1;1;1mL[48;2;0;0;0m        [38;2;0;0;0;48;2;11;11;11m:[38;2;54;54;54;48;2;99;99;99ms[38;2;173;173;173;48;2;221;221;221m_[38;2;242;242;242;48;2;249;249;249m,[38;2;250;250;250;48;2;251;251;251m_[38;2;252;252;252m:[48;2;252;252;252m                                            [0m
[7m[38;2;0;0;0m [0m[38;2;0;0;0;48;2;0;0;0m                                            [48;2;4;4;4m`[38;2;89;89;89;48;2;52;52;52my[38;2;105;105;105;48;2;187;187;187m~[38;2;253;253;253;48;2;245;245;245m:[38;2;252;252;252;48;2;251;251;251m`:[48;2;252;252;252m      [48;2;251;251;251m [38;2;254;254;254m:[38;2;237;237;237;48;2;223;223;223m:[38;2;97;97;97;48;2;61;61;61mL[38;2;3;3;3;48;2;1;1;1mL[48;2;0;0;0m         [38;2;0;0;0;48;2;9;9;9m:[38;2;124;124;124;48;2;71;71;71m~[38;2;142;142;142;48;2;210;210;210m_[38;2;236;236;236;48;2;247;247;247m,[38;2;252;252;252;48;2;251;251;251m`:[48;2;252;252;252m                                           [0m
[7m[38;2;0;0;0m [0m[38;2;0;0;0;48;2;0;0;0m                                            [38;2;53;53;53;48;2;31;31;31m4[38;2;167;167;167;48;2;138;138;138m4[38;2;254;254;254;48;2;245;245;245m:[38;2;249;249;249;48;2;250;250;250m=[38;2;252;252;252;48;2;251;251;251m:[48;2;252;252;252m       [48;2;251;251;251m [38;2;254;254;254m:[38;2;237;237;237;48;2;223;223;223m:[38;2;97;97;97;48;2;61;61;61mL[38;2;3;3;3;48;2;1;1;1mL[48;2;0;0;0m         [38;2;1;1;1m"[38;2;0;0;0;48;2;8;8;8m:[38;2;105;105;105;48;2;81;81;81m"[38;2;219;219;219;48;2;232;232;232mL[38;2;250;250;250;48;2;251;251;251m`[38;2;252;252;252m:[48;2;252;252;252m                                           [0m
[7m[38;2;0;0;0m [0m[38;2;0;0;0;48;2;0;0;0m                                           [38;2;1;1;1m+[38;2;49;49;49;48;2;26;26;26m_[38;2;94;94;94;48;2;141;141;141mF[38;2;252;252;252;48;2;242;242;242m:[38;2;250;250;250;48;2;251;251;251mg[38;2;252;252;252m:[48;2;252;252;252m       [48;2;251;251;251m [38;2;254;254;254m:[38;2;237;237;237;48;2;223;223;223m:[38;2;97;97;97;48;2;61;61;61mL[38;2;3;3;3;48;2;1;1;1mL[48;2;0;0;0m          [38;2;29;29;29;48;2;4;4;4m_[38;2;5;5;5;48;2;43;43;43m:[38;2;138;138;138;48;2;191;191;191m_[38;2;234;234;234;48;2;245;245;245m,[38;2;250;250;250;48;2;251;251;251mg[38;2;252;252;252m.[48;2;252;252;252m                                          [0m
[7m[38;2;0;0;0m [0m[38;2;0;0;0;48;2;0;0;0m                                            [38;2;89;89;89;48;2;57;57;57m4[38;2;150;150;150;48;2;195;195;195m_[38;2;154;154;154;48;2;229;229;229m_[38;2;227;227;227;48;2;244;244;244m,[38;2;254;254;254;48;2;251;251;251m.[48;2;252;252;252m       [48;2;251;251;251m :[38;2;237;237;237;48;2;223;223;223m:[38;2;97;97;97;48;2;61;61;61mL[38;2;3;3;3;48;2;1;1;1mL[48;2;0;0;0m        [38;2;1;1;1m_[38;2;32;32;32;48;2;20;20;20mu[38;2;66;66;66;48;2;123;123;123m~[38;2;137;137;137;48;2;82;82;82my[38;2;188;188;188;48;2;129;129;129m_[38;2;227;227;227;48;2;237;237;237mL[48;2;250;250;250m [48;2;251;251;251m [48;2;252;252;252m                                          [0m
[7m[38;2;0;0;0m [0m[38;2;0;0;0;48;2;0;0;0m                                            [38;2;35;35;35;48;2;7;7;7m`[38;2;95;95;95;48;2;19;19;19m~[38;2;56;56;56;48;2;93;93;93m$[38;2;195;195;195;48;2;210;210;210mL[38;2;248;248;248;48;2;250;250;250mr[38;2;252;252;252;48;2;251;251;251m":[48;2;252;252;252m     [48;2;251;251;251m [38;2;254;254;254m:[38;2;237;237;237;48;2;223;223;223m:[38;2;97;97;97;48;2;61;61;61mL[38;2;3;3;3;48;2;1;1;1mL[48;2;0;0;0m         [38;2;0;0;0;48;2;29;29;29m:[38;2;138;138;138;48;2;159;159;159mF[38;2;214;214;214;48;2;236;236;236m~[38;2;215;215;215;48;2;246;246;246m`[38;2;252;252;252;48;2;250;250;250m:[48;2;251;251;251m:[48;2;252;252;252m                                           [0m
[7m[38;2;0;0;0m [0m[38;2;0;0;0;48;2;0;0;0m                                             [38;2;1;1;1m_[38;2;23;23;23;48;2;59;59;59ml[38;2;166;166;166;48;2;186;186;186mL[38;2;244;244;244;48;2;248;248;248mL[48;2;250;250;250m [38;2;252;252;252;48;2;251;251;251m:[48;2;252;252;252m     [48;2;251;251;251m [38;2;254;254;254m:[38;2;237;237;237;48;2;223;223;223m:[38;2;97;97;97;48;2;61;61;61mL[38;2;3;3;3;48;2;1;1;1mL[48;2;0;0;0m         [38;2;49;49;49;48;2;32;32;32m4[38;2;173;173;173;48;2;190;190;190mF[38;2;241;241;241;48;2;245;245;245mL[38;2;250;250;250;48;2;251;251;251m1[38;2;252;252;252m.[48;2;252;252;252m                                            [0m
[7m[38;2;0;0;0m [0m[38;2;0;0;0;48;2;0;0;0m                                             [38;2;1;1;1m:[38;2;16;16;16;48;2;48;48;48ml[38;2;146;146;146;48;2;163;163;163m[[38;2;242;242;242;48;2;246;246;246mL[38;2;248;248;248;48;2;250;250;250m_[38;2;252;252;252;48;2;251;251;251m:[48;2;252;252;252m     [48;2;251;251;251m [38;2;254;254;254m:[38;2;237;237;237;48;2;223;223;223m:[38;2;97;97;97;48;2;61;61;61mL[38;2;3;3;3;48;2;1;1;1mL[48;2;0;0;0m        [38;2;0;0;0;48;2;1;1;1m:[38;2;61;61;61;48;2;44;44;44m4[38;2;198;198;198;48;2;212;212;212mF[38;2;247;247;247;48;2;249;249;249m~[38;2;252;252;252;48;2;251;251;251m::[48;2;252;252;252m                                            [0m
[7m[38;2;0;0;0m [0m[38;2;0;0;0;48;2;0;0;0m                                             [38;2;1;1;1m~[38;2;2;2;2;48;2;18;18;18m:[38;2;121;121;121;48;2;102;102;102m4[38;2;174;174;174;48;2;227;227;227m_[38;2;150;150;150;48;2;232;232;232m_[38;2;252;252;252;48;2;248;248;248m`[38;2;253;253;253;48;2;252;252;252m.    [48;2;251;251;251m [38;2;254;254;254m:[38;2;237;237;237;48;2;223;223;223m:[38;2;97;97;97;48;2;61;61;61mL[38;2;3;3;3;48;2;1;1;1mL[48;2;0;0;0m        [38;2;0;0;0;48;2;6;6;6m:[38;2;89;89;89;48;2;70;70;70m4[38;2;221;221;221;48;2;232;232;232mF[38;2;253;253;253;48;2;252;252;252m`[38;2;251;251;251m`                                             [0m
[7m[38;2;0;0;0m [0m[38;2;0;0;0;48;2;0;0;0m                                              [48;2;7;7;7m:[38;2;90;90;90;48;2;73;73;73m4[38;2;215;215;215;48;2;174;174;174m_[38;2;129;129;129;48;2;180;180;180mT[38;2;253;253;253;48;2;239;239;239m.[48;2;251;251;251m [38;2;252;252;252m:[48;2;252;252;252m   [48;2;251;251;251m [38;2;254;254;254m:[38;2;237;237;237;48;2;223;223;223m:[38;2;97;97;97;48;2;61;61;61mL[38;2;3;3;3;48;2;1;1;1mL[48;2;0;0;0m       [38;2;27;27;27;48;2;14;14;14mu[38;2;81;81;81;48;2;49;49;49ma[38;2;51;51;51;48;2;86;86;86m'[38;2;221;221;221;48;2;234;234;234mL[38;2;253;253;253;48;2;252;252;252m|                                              [0m
[7m[38;2;0;0;0m [0m[38;2;0;0;0;48;2;0;0;0m                                              [48;2;5;5;5m'[38;2;104;104;104;48;2;81;81;81mj[38;2;217;217;217;48;2;229;229;229mF[38;2;249;249;249;48;2;251;251;251m~ [48;2;252;252;252m     [48;2;251;251;251m [38;2;254;254;254m:[38;2;237;237;237;48;2;223;223;223m:[38;2;97;97;97;48;2;61;61;61mL[38;2;3;3;3;48;2;1;1;1mL[48;2;0;0;0m       [38;2;4;4;4;48;2;1;1;1m`[38;2;38;38;38;48;2;10;10;10m`[38;2;88;88;88;48;2;73;73;73m4[38;2;221;221;221;48;2;234;234;234mL[48;2;252;252;252m                                               [0m
[7m[38;2;0;0;0m [0m[38;2;0;0;0;48;2;0;0;0m                                            [38;2;1;1;1m,[38;2;28;28;28;48;2;5;5;5m_[38;2;129;129;129;48;2;69;69;69m_[38;2;139;139;139;48;2;206;206;206m~[38;2;253;253;253;48;2;248;248;248m:[38;2;250;250;250;48;2;251;251;251m![38;2;252;252;252m:[48;2;252;252;252m     [48;2;251;251;251m [38;2;254;254;254m:[38;2;237;237;237;48;2;223;223;223m:[38;2;97;97;97;48;2;61;61;61mL[38;2;3;3;3;48;2;1;1;1mL[48;2;0;0;0m        [38;2;0;0;0;48;2;2;2;2m`[38;2;10;10;10;48;2;48;48;48m:[38;2;122;122;122;48;2;195;195;195m_[38;2;233;233;233;48;2;246;246;246m,[38;2;250;250;250;48;2;251;251;251ma[38;2;252;252;252m:[48;2;252;252;252m                                            [0m
[7m[38;2;0;0;0m [0m[38;2;0;0;0;48;2;0;0;0m                                           [38;2;1;1;1m_[48;2;7;7;7m`[38;2;104;104;104;48;2;71;71;71my[38;2;151;151;151;48;2;212;212;212m~[38;2;253;253;253;48;2;249;249;249m'[38;2;250;250;250;48;2;251;251;251m~[38;2;252;252;252m:[48;2;252;252;252m      [48;2;251;251;251m [38;2;254;254;254m:[38;2;237;237;237;48;2;223;223;223m:[38;2;97;97;97;48;2;61;61;61mL[38;2;3;3;3;48;2;1;1;1mL[48;2;0;0;0m         [38;2;0;0;0;48;2;3;3;3m`[38;2;81;81;81;48;2;47;47;47m"[38;2;116;116;116;48;2;190;190;190m_[38;2;232;232;232;48;2;244;244;244m,[38;2;252;252;252;48;2;251;251;251m~:[48;2;252;252;252m                                           [0m
[7m[38;2;0;0;0m [0m[38;2;0;0;0;48;2;0;0;0m                                           [38;2;1;1;1m`[38;2;78;78;78;48;2;53;53;53m4[38;2;149;149;149;48;2;193;193;193m~[38;2;254;254;254;48;2;248;248;248m:[48;2;250;250;250m [38;2;252;252;252;48;2;251;251;251m:[48;2;252;252;252m       [48;2;251;251;251m [38;2;254;254;254m:[38;2;237;237;237;48;2;223;223;223m:[38;2;97;97;97;48;2;61;61;61mL[38;2;3;3;3;48;2;1;1;1mL[48;2;0;0;0m         [38;2;1;1;1m`[38;2;0;0;0;48;2;4;4;4m:[38;2;93;93;93;48;2;57;57;57m"[38;2;189;189;189;48;2;214;214;214mL[38;2;244;244;244;48;2;248;248;248m,[48;2;251;251;251m [38;2;252;252;252m:[48;2;252;252;252m                                          [0m
[7m[38;2;0;0;0m [0m[38;2;0;0;0;48;2;0;0;0m                                          [48;2;2;2;2m`[38;2;97;97;97;48;2;36;36;36m_[38;2;64;64;64;48;2;156;156;156m~[38;2;214;214;214;48;2;237;237;237m"[38;2;254;254;254;48;2;250;250;250m`[38;2;250;250;250;48;2;251;251;251m`[48;2;252;252;252m        [48;2;251;251;251m [38;2;254;254;254m:[38;2;237;237;237;48;2;223;223;223m:[38;2;97;97;97;48;2;61;61;61mL[38;2;3;3;3;48;2;1;1;1mL[48;2;0;0;0m          [38;2;1;1;1m+[38;2;0;0;0;48;2;21;21;21m:[38;2;21;21;21;48;2;133;133;133m_[38;2;162;162;162;48;2;225;225;225m_[38;2;239;239;239;48;2;248;248;248m,[48;2;251;251;251m [38;2;252;252;252m:[48;2;252;252;252m                                         [0m
[?25h