[?25l[0m[7m[38;2;0;0;0m [0m[38;2;0;0;0;48;2;0;0;0m                                                                                                                       [0m
[7m[38;2;0;0;0m [0m[38;2;0;0;0;48;2;0;0;0m                                                                                                                       [0m
[7m[38;2;0;0;0m [0m[38;2;0;0;0;48;2;0;0;0m                                                                                                                       [0m
[7m[38;2;0;0;0m [0m[38;2;0;0;0;48;2;0;0;0m                                                                                                                       [0m
[7m[38;2;0;0;0m [0m[38;2;0;0;0;48;2;0;0;0m                                                                                                                       [0m
[7m[38;2;0;0;0m [0m[38;2;0;0;0;48;2;0;0;0m                                                                                                                       [0m
[7m[38;2;0;0;0m [0m[38;2;0;0;0;48;2;0;0;0m                                                                                                                       [0m
[7m[38;2;0;0;0m [0m[38;2;0;0;0;48;2;0;0;0m                                                                                                                       [0m
[7m[38;2;0;0;0m [0m[38;2;0;0;0;48;2;0;0;0m                                                                                                                       [0m
[7m[38;2;0;0;0m [0m[38;2;0;0;0;48;2;0;0;0m                                                                                                                       [0m
[7m[38;2;0;0;0m [0m[38;2;0;0;0;48;2;0;0;0m                                                                                                                       [0m
[7m[38;2;0;0;0m [0m[38;2;0;0;0;48;2;0;0;0m                                                                                                                       [0m
[7m[38;2;0;0;0m [0m[38;2;0;0;0;48;2;0;0;0m                                                                                                                       [0m
[7m[38;2;0;0;0m [0m[38;2;0;0;0;48;2;0;0;0m                                                                                                                       [0m
[7m[38;2;0;0;0m [0m[38;2;0;0;0;48;2;0;0;0m                                                                                                                       [0m
[7m[38;2;0;0;0m [0m[38;2;0;0;0;48;2;0;0;0m                                                                                                                       [0m
[7m[38;2;0;0;0m [0m[38;2;0;0;0;48;2;0;0;0m                                                         [38;2;1;1;1m*== _                                                         [0m
[7m[38;2;0;0;0m [0m[38;2;0;0;0;48;2;0;0;0m                                                    [38;2;35;35;35;48;2;1;1;1m_[38;2;75;75;75;48;2;4;4;4m_[38;2;101;101;101;48;2;7;7;7m_[38;2;125;125;125;48;2;18;18;18m_[38;2;184;184;184;48;2;66;66;66m_[38;2;215;215;215;48;2;120;120;120my[38;2;226;226;226;48;2;144;144;144my[38;2;225;225;225my[38;2;204;204;204;48;2;111;111;111my[38;2;176;176;176;48;2;53;53;53m_[38;2;141;141;141;48;2;17;17;17m_[38;2;120;120;120;48;2;9;9;9m_[38;2;98;98;98;48;2;6;6;6m_[38;2;66;66;66;48;2;4;4;4m_[38;2;16;16;16;48;2;2;2;2m,[48;2;0;0;0m                                                    [0m
[7m[38;2;0;0;0m [0m[38;2;0;0;0;48;2;0;0;0m                                                 [38;2;45;45;45;48;2;14;14;14m_[38;2;179;179;179;48;2;69;69;69m_[38;2;7;7;7;48;2;164;164;164m~[38;2;56;56;56;48;2;194;194;194m~[38;2;112;112;112;48;2;186;186;186m~[38;2;149;149;149;48;2;193;193;193m~[38;2;180;180;180;48;2;230;230;230m~[38;2;218;218;218;48;2;246;246;246m`[38;2;252;252;252;48;2;251;251;251m:[38;2;250;250;250m7[38;2;249;249;249m~`[38;2;216;216;216;48;2;247;247;247m`[38;2;187;187;187;48;2;238;238;238m`[38;2;181;181;181;48;2;231;231;231m~[38;2;150;150;150;48;2;217;217;217m~[38;2;104;104;104;48;2;205;205;205m~[38;2;38;38;38;48;2;173;173;173m~[38;2;94;94;94;48;2;51;51;51mL[38;2;16;16;16;48;2;5;5;5m,[48;2;0;0;0m                                                  [0m
[7m[38;2;0;0;0m [0m[38;2;0;0;0;48;2;0;0;0m                                                 [38;2;43;43;43;48;2;19;19;19m"[38;2;165;165;165;48;2;84;84;84m~[38;2;10;10;10;48;2;172;172;172m_[38;2;211;211;211;48;2;110;110;110m~[38;2;147;147;147;48;2;128;128;128my[38;2;195;195;195;48;2;230;230;230m"[38;2;252;252;252;48;2;249;249;249m`[48;2;251;251;251m [48;2;252;252;252m    [48;2;251;251;251m:[48;2;250;250;250m [38;2;254;254;254;48;2;245;245;245m:[38;2;156;156;156;48;2;187;187;187m=[38;2;67;67;67;48;2;141;141;141mg[38;2;41;41;41;48;2;136;136;136my[38;2;99;99;99;48;2;36;36;36m~[38;2;12;12;12;48;2;2;2;2m~[48;2;0;0;0m                                                  [0m
[7m[38;2;0;0;0m [0m[38;2;0;0;0;48;2;0;0;0m                                                   [38;2;6;6;6;48;2;1;1;1m`[38;2;32;32;32;48;2;22;22;22m4[38;2;137;137;137;48;2;119;119;119m4[38;2;235;235;235;48;2;243;243;243mL[48;2;250;250;250m [38;2;252;252;252;48;2;251;251;251m:[48;2;252;252;252m    [48;2;251;251;251m:[38;2;249;249;249;48;2;250;250;250m^[38;2;254;254;254;48;2;247;247;247m:[38;2;183;183;183;48;2;195;195;195m4[38;2;82;82;82;48;2;47;47;47mL[38;2;1;1;1;48;2;0;0;0mT                                                    [0m
[7m[38;2;0;0;0m [0m[38;2;0;0;0;48;2;0;0;0m                                                   [48;2;1;1;1m [48;2;19;19;19m:[38;2;122;122;122;48;2;107;107;107m4[38;2;234;234;234;48;2;242;242;242mL[48;2;250;250;250m [38;2;252;252;252;48;2;251;251;251m:[48;2;252;252;252m     [48;2;251;251;251m [38;2;254;254;254m'[38;2;244;244;244;48;2;227;227;227m:[38;2;115;115;115;48;2;72;72;72mL[38;2;13;13;13;48;2;4;4;4m,[48;2;0;0;0m                                                    [0m
[7m[38;2;0;0;0m [0m[38;2;0;0;0;48;2;0;0;0m                                                   [48;2;3;3;3m:[38;2;83;83;83;48;2;57;57;57my[38;2;139;139;139;48;2;204;204;204m~[38;2;253;253;253;48;2;248;248;248m:[48;2;251;251;251m [38;2;252;252;252m:[48;2;252;252;252m     [48;2;251;251;251m:[38;2;251;251;251;48;2;250;250;250m`[38;2;254;254;254;48;2;245;245;245m:[38;2;120;120;120;48;2;168;168;168m~[38;2;100;100;100;48;2;42;42;42m,[38;2;2;2;2;48;2;1;1;1m.[48;2;0;0;0m                                                   [0m
[7m[38;2;0;0;0m [0m[38;2;0;0;0;48;2;0;0;0m                                                  [38;2;1;1;1m.[38;2;26;26;26;48;2;17;17;17m4[38;2;100;100;100;48;2;121;121;121m$[38;2;235;235;235;48;2;243;243;243mL[38;2;250;250;250;48;2;252;252;252my[38;2;252;252;252;48;2;251;251;251m~[48;2;252;252;252m      [48;2;251;251;251m:[38;2;250;250;250m:[38;2;254;254;254;48;2;249;249;249m:[38;2;199;199;199;48;2;212;212;212m4[38;2;92;92;92;48;2;61;61;61mF[38;2;0;0;0;48;2;2;2;2m.[48;2;0;0;0m                                                   [0m
[7m[38;2;0;0;0m [0m[38;2;0;0;0;48;2;0;0;0m                                                  [38;2;1;1;1m:[38;2;49;49;49;48;2;35;35;35my[38;2;125;125;125;48;2;163;163;163mF[38;2;253;253;253;48;2;244;244;244m`[48;2;249;249;249m [38;2;252;252;252;48;2;251;251;251m:[48;2;252;252;252m       [48;2;251;251;251m [38;2;254;254;254m`[38;2;218;218;218;48;2;230;230;230m"[38;2;128;128;128;48;2;80;80;80mL[38;2;30;30;30;48;2;8;8;8m,[38;2;1;1;1;48;2;0;0;0m_                                                  [0m
[7m[38;2;0;0;0m [0m[38;2;0;0;0;48;2;0;0;0m                                                 [38;2;1;1;1m_[38;2;0;0;0;48;2;15;15;15m:[38;2;64;64;64;48;2;112;112;112mF[38;2;217;217;217;48;2;236;236;236m~[38;2;248;248;248;48;2;250;250;250my[38;2;250;250;250;48;2;251;251;251m`[38;2;252;252;252m:[48;2;252;252;252m       [48;2;251;251;251m:[48;2;250;250;250m [38;2;254;254;254;48;2;247;247;247m:[38;2;149;149;149;48;2;187;187;187m~[38;2;84;84;84;48;2;47;47;47mL[38;2;0;0;0;48;2;1;1;1m:[48;2;0;0;0m                                                  [0m
[7m[38;2;0;0;0m [0m[38;2;0;0;0;48;2;0;0;0m                                                 [48;2;2;2;2m:[38;2;80;80;80;48;2;57;57;57my[38;2;158;158;158;48;2;204;204;204m~[38;2;253;253;253;48;2;248;248;248m`[38;2;248;248;248;48;2;250;250;250m~[38;2;252;252;252;48;2;251;251;251m:[48;2;252;252;252m         [48;2;251;251;251m:[48;2;250;250;250m [38;2;254;254;254;48;2;242;242;242m:[38;2;113;113;113;48;2;147;147;147m7[38;2;84;84;84;48;2;31;31;31m,[38;2;1;1;1;48;2;0;0;0m*                                                 [0m
[7m[38;2;0;0;0m [0m[38;2;0;0;0;48;2;0;0;0m                                                [38;2;1;1;1m=[38;2;50;50;50;48;2;33;33;33my[38;2;100;100;100;48;2;158;158;158m~[38;2;253;253;253;48;2;244;244;244m:[48;2;250;250;250m [38;2;252;252;252;48;2;251;251;251m:[48;2;252;252;252m          [48;2;251;251;251m:[38;2;250;250;250m`[38;2;254;254;254;48;2;250;250;250m`[38;2;215;215;215;48;2;235;235;235m"[38;2;84;84;84;48;2;118;118;118m4[38;2;63;63;63;48;2;17;17;17m,[38;2;1;1;1;48;2;0;0;0m_                                                [0m
[7m[38;2;0;0;0m [0m[38;2;0;0;0;48;2;0;0;0m                                                [38;2;36;36;36;48;2;18;18;18m_[38;2;78;78;78;48;2;123;123;123mF[38;2;219;219;219;48;2;238;238;238m~[38;2;249;249;249;48;2;251;251;251m. [48;2;252;252;252m            [38;2;252;252;252;48;2;251;251;251m:-[38;2;254;254;254;48;2;249;249;249m`[38;2;194;194;194;48;2;226;226;226m"[38;2;138;138;138;48;2;85;85;85mL[38;2;50;50;50;48;2;11;11;11m,[38;2;1;1;1;48;2;0;0;0m,                                               [0m
[7m[38;2;0;0;0m [0m[38;2;0;0;0;48;2;0;0;0m                                               [38;2;1;1;1m_[48;2;27;27;27m:[38;2;103;103;103;48;2;135;135;135me[38;2;236;236;236;48;2;243;243;243mL[38;2;248;248;248;48;2;251;251;251m_[38;2;252;252;252m.[48;2;252;252;252m            [48;2;251;251;251m:[38;2;250;250;250mj[38;2;253;253;253;48;2;248;248;248m:[38;2;198;198;198;48;2;219;219;219my[38;2;62;62;62;48;2;110;110;110my[38;2;39;39;39;48;2;15;15;15m^[38;2;1;1;1;48;2;0;0;0m"                                               [0m
[7m[38;2;0;0;0m [0m[38;2;0;0;0;48;2;0;0;0m                                                [38;2;30;30;30;48;2;18;18;18mJ[38;2;80;80;80;48;2;120;120;120mi[38;2;228;228;228;48;2;239;239;239m,[38;2;246;246;246;48;2;249;249;249mF[38;2;251;251;251;48;2;252;252;252m_            [38;2;252;252;252;48;2;251;251;251m:*[38;2;254;254;254;48;2;246;246;246m.[38;2;177;177;177;48;2;200;200;200m_[38;2;89;89;89;48;2;53;53;53mF[38;2;1;1;1;48;2;0;0;0m:                                                [0m
[7m[38;2;0;0;0m [0m[38;2;0;0;0;48;2;0;0;0m                                               [38;2;1;1;1m_[38;2;0;0;0;48;2;8;8;8m'[38;2;105;105;105;48;2;78;78;78my[38;2;208;208;208;48;2;225;225;225mF[38;2;254;254;254;48;2;250;250;250m`[48;2;251;251;251m [48;2;252;252;252m            [38;2;252;252;252;48;2;251;251;251m:[38;2;249;249;249m~[38;2;253;253;253;48;2;242;242;242m`[38;2;98;98;98;48;2;137;137;137ma[38;2;55;55;55;48;2;24;24;24m'[38;2;2;2;2;48;2;1;1;1m.[48;2;0;0;0m                                                [0m
[7m[38;2;0;0;0m [0m[38;2;0;0;0;48;2;0;0;0m                                               [38;2;1;1;1;48;2;5;5;5m:[38;2;90;90;90;48;2;60;60;60my[38;2;147;147;147;48;2;203;203;203m~[38;2;254;254;254;48;2;248;248;248m`[38;2;250;250;250;48;2;251;251;251mf[38;2;252;252;252m:[48;2;252;252;252m            [48;2;251;251;251m:[38;2;250;250;250m^[38;2;254;254;254;48;2;248;248;248m`[38;2;162;162;162;48;2;200;200;200m~[38;2;104;104;104;48;2;58;58;58mL[38;2;17;17;17;48;2;4;4;4m,[48;2;0;0;0m                                                [0m
[7m[38;2;0;0;0m [0m[38;2;0;0;0;48;2;0;0;0m                                              [48;2;1;1;1m.[38;2;65;65;65;48;2;43;43;43my[38;2;116;116;116;48;2;176;176;176m~[38;2;254;254;254;48;2;246;246;246m:[48;2;250;250;250m [38;2;252;252;252;48;2;251;251;251m:[48;2;252;252;252m              [48;2;251;251;251m:[48;2;250;250;250m [38;2;254;254;254;48;2;246;246;246m:[38;2;131;131;131;48;2;174;174;174m~[38;2;78;78;78;48;2;42;42;42mL[38;2;2;2;2;48;2;1;1;1m,[48;2;0;0;0m                                               [0m
[7m[38;2;0;0;0m [0m[38;2;0;0;0;48;2;0;0;0m                                              [38;2;43;43;43;48;2;25;25;25m_[38;2;95;95;95;48;2;137;137;137mF[38;2;231;231;231;48;2;242;242;242m~[38;2;250;250;250;48;2;251;251;251my[38;2;252;252;252m:[48;2;252;252;252m                [48;2;251;251;251m.[38;2;250;250;250my[38;2;253;253;253;48;2;241;241;241m:[38;2;105;105;105;48;2;134;134;134m4[38;2;70;70;70;48;2;25;25;25m,[48;2;0;0;0m                                               [0m
[7m[38;2;0;0;0m [0m[38;2;0;0;0;48;2;0;0;0m                                             [48;2;4;4;4m:[38;2;99;99;99;48;2;72;72;72mj[38;2;178;178;178;48;2;217;217;217m~[38;2;254;254;254;48;2;250;250;250m'[38;2;250;250;250;48;2;251;251;251m~[38;2;252;252;252m:[48;2;252;252;252m                [48;2;251;251;251m:[38;2;250;250;250m~[38;2;253;253;253;48;2;250;250;250m:[38;2;186;186;186;48;2;215;215;215m"[38;2;115;115;115;48;2;69;69;69mL[38;2;14;14;14;48;2;3;3;3m,[48;2;0;0;0m                                              [0m
[?25h