[?25l[0m[7m[38;2;0;0;0m [0m[38;2;0;0;0;48;2;0;0;0m                                                                                                                       [0m
[7m[38;2;0;0;0m [0m[38;2;0;0;0;48;2;0;0;0m                                                                                                                       [0m
[7m[38;2;0;0;0m [0m[38;2;0;0;0;48;2;0;0;0m                                                                                                                       [0m
[7m[38;2;0;0;0m [0m[38;2;0;0;0;48;2;0;0;0m                                                                                                                       [0m
[7m[38;2;0;0;0m [0m[38;2;0;0;0;48;2;0;0;0m                                                                                                                       [0m
[7m[38;2;0;0;0m [0m[38;2;0;0;0;48;2;0;0;0m                                                                                                                       [0m
[7m[38;2;0;0;0m [0m[38;2;0;0;0;48;2;0;0;0m                                                              [48;2;2;2;2m:[38;2;57;57;57;48;2;14;14;14m_[38;2;112;112;112;48;2;27;27;27m_[38;2;75;75;75;48;2;12;12;12m_[38;2;42;42;42;48;2;2;2;2m_[38;2;24;24;24;48;2;0;0;0m_[38;2;0;0;0;48;2;4;4;4m`[38;2;69;69;69;48;2;12;12;12m_[38;2;114;114;114;48;2;31;31;31m_[38;2;41;41;41;48;2;11;11;11m_[38;2;7;7;7;48;2;0;0;0m_[38;2;1;1;1m,                                             [0m
[7m[38;2;0;0;0m [0m[38;2;0;0;0;48;2;0;0;0m                                                             [48;2;2;2;2m.[38;2;5;5;5;48;2;13;13;13m`[38;2;14;14;14;48;2;62;62;62m.[38;2;82;82;82;48;2;168;168;168m_[38;2;154;154;154;48;2;216;216;216m`[38;2;132;132;132;48;2;209;209;209m~[38;2;97;97;97;48;2;193;193;193m~[38;2;88;88;88m~[38;2;159;159;159;48;2;222;222;222m~[38;2;210;210;210;48;2;164;164;164my[38;2;175;175;175;48;2;101;101;101my[38;2;186;186;186;48;2;109;109;109my[38;2;210;210;210;48;2;94;94;94m_[38;2;139;139;139;48;2;36;36;36m_[38;2;69;69;69;48;2;9;9;9m_[38;2;15;15;15;48;2;2;2;2m,[48;2;0;0;0m                                          [0m
[7m[38;2;0;0;0m [0m[38;2;0;0;0;48;2;0;0;0m                                                            [48;2;3;3;3m:[48;2;36;36;36m`[38;2;190;190;190;48;2;82;82;82m_[38;2;235;235;235;48;2;90;90;90m_[38;2;72;72;72;48;2;167;167;167m~[38;2;210;210;210;48;2;237;237;237m~[38;2;252;252;252;48;2;250;250;250m`[48;2;251;251;251m_[38;2;249;249;249m~ [38;2;248;248;248m`[38;2;242;242;242;48;2;250;250;250m`[38;2;245;245;245;48;2;251;251;251m`[38;2;238;238;238;48;2;249;249;249m`[38;2;187;187;187;48;2;232;232;232m~[38;2;120;120;120;48;2;214;214;214m~[38;2;52;52;52;48;2;149;149;149m~[38;2;117;117;117;48;2;42;42;42m,[38;2;5;5;5;48;2;1;1;1m,[48;2;0;0;0m                                        [0m
[7m[38;2;0;0;0m [0m[38;2;0;0;0;48;2;0;0;0m                                                            [48;2;1;1;1m'[38;2;48;48;48;48;2;26;26;26m"[38;2;88;88;88;48;2;130;130;130mK[38;2;206;206;206;48;2;223;223;223m^[38;2;253;253;253;48;2;249;249;249m`[48;2;251;251;251m [48;2;252;252;252m       [38;2;252;252;252;48;2;251;251;251m:[38;2;248;248;248;48;2;250;250;250m`[38;2;230;230;230;48;2;249;249;249m_[38;2;220;220;220;48;2;239;239;239m_[38;2;95;95;95;48;2;125;125;125m4[38;2;38;38;38;48;2;19;19;19m_[48;2;0;0;0m                                        [0m
[7m[38;2;0;0;0m [0m[38;2;0;0;0;48;2;0;0;0m                                                           [38;2;1;1;1ma[38;2;0;0;0;48;2;16;16;16m:[38;2;61;61;61;48;2;112;112;112mF[38;2;200;200;200;48;2;227;227;227m"[38;2;251;251;251;48;2;249;249;249m`[38;2;250;250;250;48;2;251;251;251m`[38;2;252;252;252m:[48;2;252;252;252m      [48;2;251;251;251m [38;2;249;249;249m=[38;2;253;253;253;48;2;245;245;245m'[38;2;118;118;118;48;2;167;167;167my[38;2;186;186;186;48;2;78;78;78m~[38;2;151;151;151;48;2;56;56;56m~[38;2;58;58;58;48;2;19;19;19m~[38;2;1;1;1;48;2;0;0;0m'                                       [0m
[7m[38;2;0;0;0m [0m[38;2;0;0;0;48;2;0;0;0m                                                          [38;2;1;1;1m_[38;2;0;0;0;48;2;10;10;10m:[38;2;46;46;46;48;2;94;94;94mF[38;2;183;183;183;48;2;222;222;222m~[38;2;251;251;251;48;2;249;249;249m`[38;2;250;250;250;48;2;251;251;251m`[38;2;252;252;252m:[48;2;252;252;252m      [48;2;251;251;251m:[38;2;254;254;254;48;2;249;249;249m.[38;2;157;157;157;48;2;222;222;222m_[38;2;69;69;69;48;2;141;141;141my[38;2;88;88;88;48;2;27;27;27m~[38;2;5;5;5;48;2;0;0;0m~                                          [0m
[7m[38;2;0;0;0m [0m[38;2;0;0;0;48;2;0;0;0m                                                         [38;2;1;1;1m_[38;2;0;0;0;48;2;5;5;5m:[38;2;100;100;100;48;2;60;60;60m_[38;2;150;150;150;48;2;204;204;204m~[38;2;251;251;251;48;2;247;247;247m:[38;2;250;250;250;48;2;251;251;251m7[38;2;252;252;252m:[48;2;252;252;252m     [48;2;251;251;251m:[38;2;250;250;250m_[38;2;253;253;253m:[38;2;211;211;211;48;2;229;229;229my[38;2;123;123;123;48;2;84;84;84mF[38;2;26;26;26;48;2;7;7;7m~[48;2;0;0;0m                                            [0m
[7m[38;2;0;0;0m [0m[38;2;0;0;0;48;2;0;0;0m                                                        [38;2;1;1;1m_[38;2;0;0;0;48;2;6;6;6m:[38;2;123;123;123;48;2;55;55;55m_[38;2;130;130;130;48;2;194;194;194m~[38;2;251;251;251;48;2;246;246;246m:[38;2;250;250;250;48;2;251;251;251m?[38;2;252;252;252m:[48;2;252;252;252m      [48;2;251;251;251m:[38;2;250;250;250m7[38;2;253;253;253;48;2;248;248;248m:[38;2;178;178;178;48;2;201;201;201m?[38;2;161;161;161;48;2;98;98;98my[38;2;118;118;118;48;2;31;31;31m_[38;2;28;28;28;48;2;3;3;3m_[48;2;0;0;0m    [38;2;4;4;4m_[38;2;5;5;5m_[38;2;1;1;1m,                                    [0m
[7m[38;2;0;0;0m [0m[38;2;0;0;0;48;2;0;0;0m                                                      [38;2;1;1;1m_[38;2;0;0;0;48;2;2;2;2m`[38;2;2;2;2;48;2;33;33;33m`[38;2;185;185;185;48;2;101;101;101my[38;2;152;152;152;48;2;221;221;221m~[38;2;251;251;251;48;2;248;248;248m:[38;2;250;250;250;48;2;251;251;251m^[38;2;252;252;252m:[48;2;252;252;252m          [38;2;247;247;247;48;2;250;250;250m`[38;2;234;234;234;48;2;246;246;246m`[38;2;154;154;154;48;2;182;182;182m"[38;2;86;86;86;48;2;51;51;51mL[38;2;1;1;1;48;2;0;0;0m=[38;2;0;0;0;48;2;8;8;8m:[38;2;162;162;162;48;2;38;38;38m_[38;2;170;170;170;48;2;49;49;49m_[38;2;90;90;90;48;2;32;32;32m,[38;2;24;24;24;48;2;17;17;17mg[38;2;10;10;10;48;2;5;5;5m,[48;2;0;0;0m                                    [0m
[7m[38;2;0;0;0m [0m[38;2;0;0;0;48;2;0;0;0m                                                     [38;2;1;1;1m.[38;2;0;0;0;48;2;16;16;16m:[38;2;133;133;133;48;2;78;78;78my[38;2;144;144;144;48;2;211;211;211m~[38;2;251;251;251;48;2;247;247;247m:[38;2;250;250;250;48;2;251;251;251mr[38;2;252;252;252m:[48;2;252;252;252m           [38;2;253;253;253m=[38;2;252;252;252;48;2;251;251;251m:[38;2;254;254;254m:[38;2;197;197;197;48;2;219;219;219m"[38;2;69;69;69;48;2;114;114;114m7[38;2;180;180;180;48;2;93;93;93my[38;2;112;112;112;48;2;199;199;199m~[38;2;197;197;197;48;2;235;235;235m~[38;2;201;201;201;48;2;229;229;229m~[38;2;161;161;161;48;2;120;120;120mL[38;2;53;53;53;48;2;38;38;38mL[38;2;9;9;9;48;2;6;6;6m~[48;2;0;0;0m                                    [0m
[7m[38;2;0;0;0m [0m[38;2;0;0;0;48;2;0;0;0m                                                     [48;2;1;1;1m'[38;2;53;53;53;48;2;32;32;32m"[38;2;89;89;89;48;2;139;139;139mw[38;2;218;218;218;48;2;230;230;230mF[38;2;249;249;249;48;2;251;251;251mL[38;2;252;252;252m`[48;2;252;252;252m     [38;2;253;253;253m_[38;2;252;252;252;48;2;251;251;251m:[38;2;249;249;249m_[38;2;252;252;252m:[48;2;252;252;252m     [38;2;253;253;253m`[38;2;252;252;252;48;2;250;250;250m:[38;2;206;206;206;48;2;239;239;239m~[38;2;232;232;232;48;2;248;248;248m~[38;2;250;250;250;48;2;251;251;251m`[38;2;251;251;251;48;2;248;248;248m_[38;2;253;253;253;48;2;241;241;241m`[38;2;164;164;164;48;2;129;129;129mF[38;2;52;52;52;48;2;28;28;28mF[38;2;1;1;1;48;2;0;0;0m`                                    [0m
[7m[38;2;0;0;0m [0m[38;2;0;0;0;48;2;0;0;0m                                                     [48;2;1;1;1m.[38;2;3;3;3;48;2;46;46;46m:[38;2;116;116;116;48;2;178;178;178m~[38;2;252;252;252;48;2;245;245;245m:[48;2;250;250;250m [48;2;251;251;251m:[48;2;252;252;252m  [48;2;251;251;251m:[38;2;250;250;250m,[38;2;254;254;254;48;2;250;250;250m:[38;2;186;186;186;48;2;232;232;232m_[38;2;219;219;219;48;2;237;237;237m_[38;2;251;251;251;48;2;250;250;250m:[48;2;252;252;252m       [38;2;252;252;252;48;2;251;251;251m`[38;2;226;226;226m_[38;2;217;217;217;48;2;249;249;249m_[38;2;177;177;177;48;2;235;235;235m_[38;2;64;64;64;48;2;185;185;185m_[38;2;193;193;193;48;2;78;78;78m~[38;2;80;80;80;48;2;17;17;17m~[38;2;3;3;3;48;2;0;0;0m~                                     [0m
[7m[38;2;0;0;0m [0m[38;2;0;0;0;48;2;0;0;0m                                                    [38;2;1;1;1m_[38;2;0;0;0;48;2;8;8;8m:[38;2;106;106;106;48;2;84;84;84m4[38;2;229;229;229;48;2;237;237;237m~[48;2;252;252;252m [48;2;251;251;251m [48;2;252;252;252m  [38;2;252;252;252;48;2;251;251;251m: [38;2;253;253;253;48;2;250;250;250m:[38;2;195;195;195;48;2;233;233;233m_[38;2;162;162;162;48;2;175;175;175m$[38;2;213;213;213;48;2;229;229;229m~[38;2;195;195;195;48;2;242;242;242m_[38;2;238;238;238;48;2;248;248;248m,[48;2;252;252;252m    [38;2;252;252;252;48;2;251;251;251m:[38;2;253;253;253;48;2;252;252;252m"[38;2;252;252;252;48;2;242;242;242m:[38;2;117;117;117;48;2;152;152;152ma[38;2;145;145;145;48;2;63;63;63m~[38;2;97;97;97;48;2;25;25;25m~[38;2;50;50;50;48;2;6;6;6m`[38;2;1;1;1;48;2;0;0;0m`                                       [0m
[7m[38;2;0;0;0m [0m[38;2;0;0;0;48;2;0;0;0m                                                    [38;2;1;1;1m"[38;2;0;0;0;48;2;7;7;7m:[38;2;64;64;64;48;2;96;96;96m$[38;2;206;206;206;48;2;231;231;231m_[38;2;233;233;233;48;2;249;249;249m_[38;2;253;253;253;48;2;251;251;251m.[48;2;252;252;252m [38;2;250;250;250;48;2;251;251;251m,[38;2;253;253;253;48;2;250;250;250m:[38;2;188;188;188;48;2;234;234;234m_[38;2;178;178;178;48;2;225;225;225my[38;2;234;234;234;48;2;204;204;204my[38;2;171;171;171;48;2;219;219;219m~[38;2;254;254;254;48;2;240;240;240m.[38;2;195;195;195;48;2;228;228;228m~[38;2;238;238;238;48;2;247;247;247m~[48;2;252;252;252m    [38;2;252;252;252;48;2;251;251;251m:[48;2;250;250;250m [38;2;253;253;253;48;2;247;247;247m`[38;2;151;151;151;48;2;173;173;173m~[38;2;80;80;80;48;2;45;45;45mL[38;2;1;1;1;48;2;0;0;0m?                                         [0m
[7m[38;2;0;0;0m [0m[38;2;0;0;0;48;2;0;0;0m                                                      [48;2;33;33;33m:[38;2;92;92;92;48;2;139;139;139mw[38;2;162;162;162;48;2;198;198;198m+[38;2;253;253;253;48;2;246;246;246m`[38;2;250;250;250;48;2;251;251;251m*[48;2;245;245;245m`[38;2;147;147;147;48;2;217;217;217m_[38;2;166;166;166;48;2;155;155;155m`[38;2;149;149;149;48;2;208;208;208m~[38;2;251;251;251;48;2;247;247;247m.[48;2;251;251;251m [48;2;252;252;252m       [38;2;252;252;252;48;2;251;251;251m:[48;2;250;250;250m [38;2;253;253;253;48;2;248;248;248m`[38;2;173;173;173;48;2;196;196;196m4[38;2;91;91;91;48;2;58;58;58mL[38;2;3;3;3;48;2;1;1;1m,[48;2;0;0;0m                                         [0m
[7m[38;2;0;0;0m [0m[38;2;0;0;0;48;2;0;0;0m                                                     [48;2;6;6;6m:[38;2;95;95;95;48;2;62;62;62my[38;2;129;129;129;48;2;207;207;207m~[38;2;231;231;231;48;2;247;247;247m~[38;2;243;243;243;48;2;250;250;250m_[38;2;229;229;229;48;2;249;249;249m_[38;2;199;199;199;48;2;218;218;218m_[38;2;73;73;73;48;2;111;111;111m1[38;2;79;79;79;48;2;147;147;147m_[38;2;166;166;166;48;2;226;226;226m_[38;2;228;228;228;48;2;246;246;246m_[38;2;252;252;252;48;2;251;251;251m::[48;2;252;252;252m       [48;2;251;251;251m:[48;2;250;250;250m~[38;2;253;253;253;48;2;242;242;242m:[38;2;113;113;113;48;2;140;140;140m4[38;2;76;76;76;48;2;29;29;29m,[48;2;0;0;0m                                         [0m
[7m[38;2;0;0;0m [0m[38;2;0;0;0;48;2;0;0;0m                                                    [38;2;1;1;1m~[38;2;16;16;16;48;2;8;8;8m"[38;2;65;65;65;48;2;95;95;95m$[38;2;187;187;187;48;2;225;225;225m_[38;2;253;253;253;48;2;240;240;240m'[38;2;111;111;111;48;2;175;175;175my[38;2;72;72;72;48;2;132;132;132my[38;2;41;41;41;48;2;110;110;110my[38;2;59;59;59;48;2;22;22;22m~[38;2;1;1;1;48;2;30;30;30m:[38;2;85;85;85;48;2;132;132;132mF[38;2;214;214;214;48;2;231;231;231m~[38;2;253;253;253;48;2;250;250;250m`[38;2;252;252;252;48;2;251;251;251m:[48;2;252;252;252m       [48;2;251;251;251m:_[38;2;253;253;253;48;2;250;250;250m:[38;2;192;192;192;48;2;218;218;218m"[38;2;120;120;120;48;2;74;74;74mL[38;2;14;14;14;48;2;3;3;3m,[48;2;0;0;0m                                        [0m
[7m[38;2;0;0;0m [0m[38;2;0;0;0;48;2;0;0;0m                                                      [38;2;36;36;36;48;2;14;14;14m"[38;2;149;149;149;48;2;63;63;63m~[38;2;211;211;211;48;2;94;94;94m~[38;2;71;71;71;48;2;25;25;25m~[38;2;0;0;0;48;2;1;1;1m`[38;2;3;3;3;48;2;2;2;2m:[38;2;0;0;0;48;2;22;22;22m:[38;2;158;158;158;48;2;96;96;96my[38;2;182;182;182;48;2;225;225;225m~[38;2;251;251;251;48;2;249;249;249m:[38;2;250;250;250;48;2;251;251;251m~[38;2;252;252;252m:[48;2;252;252;252m        [48;2;251;251;251m:[38;2;250;250;250my[38;2;253;253;253;48;2;246;246;246m:[38;2;115;115;115;48;2;144;144;144m4[38;2;51;51;51;48;2;28;28;28mL[48;2;0;0;0m                                        [0m
[7m[38;2;0;0;0m [0m[38;2;0;0;0;48;2;0;0;0m                                                         [38;2;1;1;1m`^[38;2;0;0;0;48;2;8;8;8m:[38;2;102;102;102;48;2;74;74;74m4[38;2;196;196;196;48;2;222;222;222m_[38;2;252;252;252;48;2;251;251;251m`[48;2;252;252;252m           [48;2;251;251;251m:[48;2;250;250;250m [38;2;253;253;253;48;2;249;249;249m`[38;2;181;181;181;48;2;203;203;203m~[38;2;109;109;109;48;2;68;68;68mL[38;2;11;11;11;48;2;2;2;2m,[48;2;0;0;0m                                       [0m
[7m[38;2;0;0;0m [0m[38;2;0;0;0;48;2;0;0;0m                                                          [38;2;1;1;1m.[38;2;0;0;0;48;2;17;17;17m:[38;2;59;59;59;48;2;113;113;113mF[38;2;190;190;190;48;2;224;224;224m"[38;2;252;252;252;48;2;250;250;250m:[38;2;250;250;250;48;2;251;251;251m`[38;2;252;252;252m:[48;2;252;252;252m          [48;2;251;251;251m:[38;2;254;254;254m`[38;2;253;253;253;48;2;244;244;244m:[38;2;120;120;120;48;2;146;146;146m4[38;2;55;55;55;48;2;30;30;30mL[38;2;1;1;1;48;2;0;0;0m.                                      [0m
[7m[38;2;0;0;0m [0m[38;2;0;0;0;48;2;0;0;0m                                                         [48;2;1;1;1m`[48;2;29;29;29m'[38;2;49;49;49;48;2;137;137;137m~[38;2;204;204;204;48;2;231;231;231m"[38;2;252;252;252;48;2;250;250;250m`[48;2;251;251;251m [48;2;252;252;252m            [48;2;251;251;251m:_[38;2;253;253;253;48;2;250;250;250m`[38;2;189;189;189;48;2;217;217;217m"[38;2;132;132;132;48;2;87;87;87mL[38;2;45;45;45;48;2;14;14;14m,[38;2;3;3;3;48;2;1;1;1m,[48;2;0;0;0m                                     [0m
[7m[38;2;0;0;0m [0m[38;2;0;0;0;48;2;0;0;0m                                                        [48;2;4;4;4m`[38;2;109;109;109;48;2;45;45;45m_[38;2;88;88;88;48;2;176;176;176m~[38;2;250;250;250;48;2;242;242;242m:[38;2;253;253;253;48;2;251;251;251m`[38;2;252;252;252m:[48;2;252;252;252m              [48;2;251;251;251m: [38;2;253;253;253;48;2;249;249;249m`[38;2;158;158;158;48;2;195;195;195m~[38;2;110;110;110;48;2;69;69;69mL[38;2;20;20;20;48;2;10;10;10m_[38;2;0;0;0;48;2;1;1;1m`[48;2;0;0;0m                                    [0m
[7m[38;2;0;0;0m [0m[38;2;0;0;0;48;2;0;0;0m                                                      [38;2;1;1;1m-[38;2;0;0;0;48;2;13;13;13m:[38;2;162;162;162;48;2;78;78;78m_[38;2;149;149;149;48;2;213;213;213m~[38;2;251;251;251;48;2;247;247;247m:[48;2;251;251;251m [38;2;252;252;252m:[48;2;252;252;252m                 [48;2;250;250;250m`[38;2;253;253;253;48;2;247;247;247m.[38;2;137;137;137;48;2;170;170;170m~[38;2;79;79;79;48;2;45;45;45mL[38;2;1;1;1;48;2;0;0;0m`                                    [0m
[7m[38;2;0;0;0m [0m[38;2;0;0;0;48;2;0;0;0m                                                     [38;2;3;3;3m_[38;2;0;0;0;48;2;23;23;23m`[38;2;47;47;47;48;2;121;121;121m~[38;2;194;194;194;48;2;228;228;228m"[38;2;253;253;253;48;2;251;251;251m:[38;2;251;251;251;48;2;252;252;252m~                 [38;2;252;252;252;48;2;251;251;251m:[38;2;250;250;250my[38;2;253;253;253;48;2;250;250;250m:[38;2;198;198;198;48;2;225;225;225my[38;2;89;89;89;48;2;153;153;153my[38;2;90;90;90;48;2;35;35;35m~[38;2;3;3;3;48;2;0;0;0m~                                    [0m
[7m[38;2;0;0;0m [0m[38;2;0;0;0;48;2;0;0;0m                                                    [48;2;1;1;1m:[38;2;6;6;6;48;2;23;23;23m`[38;2;71;71;71;48;2;114;114;114mF[38;2;204;204;204;48;2;228;228;228m"[38;2;253;253;253;48;2;250;250;250m`[48;2;252;252;252m [38;2;254;254;254m`                 [38;2;252;252;252;48;2;251;251;251m:[48;2;250;250;250m [38;2;253;253;253;48;2;249;249;249m`[38;2;186;186;186;48;2;196;196;196m4[38;2;93;93;93;48;2;66;66;66ml[38;2;3;3;3;48;2;2;2;2m^[48;2;0;0;0m                                     [0m
[7m[38;2;0;0;0m [0m[38;2;0;0;0;48;2;0;0;0m                                                    [48;2;1;1;1m:[38;2;66;66;66;48;2;48;48;48m4[38;2;155;155;155;48;2;188;188;188m~[38;2;252;252;252;48;2;246;246;246m:[48;2;251;251;251m :[48;2;252;252;252m                  [48;2;251;251;251m:[48;2;250;250;250m [38;2;253;253;253m`[38;2;198;198;198;48;2;206;206;206m4[38;2;102;102;102;48;2;72;72;72ml[38;2;5;5;5;48;2;2;2;2m,[48;2;0;0;0m                                     [0m
[7m[38;2;0;0;0m [0m[38;2;0;0;0;48;2;0;0;0m                                                    [48;2;6;6;6m:[38;2;105;105;105;48;2;78;78;78m4[38;2;222;222;222;48;2;233;233;233m~[38;2;253;253;253;48;2;252;252;252m:[38;2;252;252;252;48;2;251;251;251m:[48;2;252;252;252m                    [48;2;251;251;251m_[38;2;253;253;253m.[38;2;209;209;209;48;2;220;220;220m"[38;2;134;134;134;48;2;95;95;95mL[38;2;48;48;48;48;2;16;16;16m,[38;2;2;2;2;48;2;0;0;0m.                                    [0m
[7m[38;2;0;0;0m [0m[38;2;0;0;0;48;2;0;0;0m                                                    [48;2;3;3;3m:[38;2;89;89;89;48;2;67;67;67m4[38;2;207;207;207;48;2;218;218;218mL[38;2;253;253;253;48;2;250;250;250m:[38;2;252;252;252mL[38;2;250;250;250;48;2;251;251;251m=[38;2;253;253;253;48;2;252;252;252m,[38;2;249;249;249;48;2;251;251;251m___ [38;2;253;253;253;48;2;252;252;252m__     [38;2;252;252;252;48;2;251;251;251m:[38;2;253;253;253;48;2;252;252;252m,[38;2;250;250;250;48;2;251;251;251m===[38;2;253;253;253;48;2;252;252;252m, [38;2;250;250;250m=[38;2;253;253;253;48;2;250;250;250m.[38;2;211;211;211;48;2;241;241;241m_[38;2;151;151;151;48;2;179;179;179m"[38;2;92;92;92;48;2;60;60;60mL[38;2;5;5;5;48;2;3;3;3mr[48;2;0;0;0m                                    [0m
[7m[38;2;0;0;0m [0m[38;2;0;0;0;48;2;0;0;0m                                                    [38;2;1;1;1m`[38;2;68;68;68;48;2;46;46;46mJ[38;2;74;74;74;48;2;173;173;173m_[38;2;85;85;85;48;2;176;176;176my[38;2;44;44;44;48;2;136;136;136my[38;2;53;53;53;48;2;153;153;153my[38;2;32;32;32;48;2;176;176;176m_[38;2;69;69;69;48;2;192;192;192m_[38;2;89;89;89;48;2;200;200;200m_[38;2;86;86;86m_[38;2;65;65;65;48;2;190;190;190m_[38;2;95;95;95;48;2;187;187;187my[38;2;162;162;162;48;2;206;206;206mw[38;2;252;252;252;48;2;245;245;245m`[38;2;250;250;250;48;2;251;251;251m_[38;2;252;252;252m::[38;2;250;250;250mi[38;2;254;254;254;48;2;248;248;248m:[38;2;166;166;166;48;2;208;208;208my[38;2;63;63;63;48;2;141;141;141my[38;2;39;39;39;48;2;132;132;132my[38;2;53;53;53;48;2;156;156;156my[38;2;19;19;19;48;2;170;170;170m_[38;2;34;34;34;48;2;178;178;178m_[38;2;61;61;61;48;2;167;167;167my[38;2;202;202;202;48;2;84;84;84m~[38;2;157;157;157;48;2;42;42;42m~[38;2;118;118;118;48;2;22;22;22m~[38;2;54;54;54;48;2;9;9;9m'[38;2;1;1;1;48;2;0;0;0m`                                    [0m
[7m[38;2;0;0;0m [0m[38;2;0;0;0;48;2;0;0;0m                                                     [38;2;3;3;3;48;2;1;1;1m`[38;2;46;46;46;48;2;4;4;4m`[38;2;13;13;13;48;2;1;1;1m`[38;2;4;4;4m'[38;2;1;1;1;48;2;0;0;0m`[38;2;11;11;11;48;2;1;1;1m`[38;2;40;40;40;48;2;4;4;4m`[38;2;53;53;53;48;2;5;5;5m`[38;2;51;51;51m`[38;2;0;0;0;48;2;25;25;25m:[38;2;59;59;59;48;2;120;120;120m~[38;2;196;196;196;48;2;226;226;226m"[38;2;251;251;251;48;2;249;249;249m`[48;2;251;251;251m [38;2;252;252;252m: [38;2;253;253;253;48;2;250;250;250m:[38;2;185;185;185;48;2;224;224;224m_[38;2;127;127;127;48;2;86;86;86mF[38;2;27;27;27;48;2;11;11;11m^[38;2;1;1;1;48;2;0;0;0m~ [38;2;6;6;6m`[38;2;12;12;12;48;2;1;1;1m`[38;2;2;2;2;48;2;0;0;0m`                                         [0m
[?25h