[?25l[0m[7m[38;2;0;0;0m [0m[38;2;0;0;0;48;2;0;0;0m                                                                                                                       [0m
[7m[38;2;0;0;0m [0m[38;2;0;0;0;48;2;0;0;0m                                                                                                                       [0m
[7m[38;2;0;0;0m [0m[38;2;0;0;0;48;2;0;0;0m                                                                                                                       [0m
[7m[38;2;0;0;0m [0m[38;2;0;0;0;48;2;0;0;0m                                                                                                                       [0m
[7m[38;2;0;0;0m [0m[38;2;0;0;0;48;2;0;0;0m                                                                                                                       [0m
[7m[38;2;0;0;0m [0m[38;2;0;0;0;48;2;0;0;0m                                                                                                                       [0m
[7m[38;2;0;0;0m [0m[38;2;0;0;0;48;2;0;0;0m                                                                                                                       [0m
[7m[38;2;0;0;0m [0m[38;2;0;0;0;48;2;0;0;0m                                                                                                                       [0m
[7m[38;2;0;0;0m [0m[38;2;0;0;0;48;2;0;0;0m                                                                                                                       [0m
[7m[38;2;0;0;0m [0m[38;2;0;0;0;48;2;0;0;0m                                                                                                                       [0m
[7m[38;2;0;0;0m [0m[38;2;0;0;0;48;2;0;0;0m                                                                                                                       [0m
[7m[38;2;0;0;0m [0m[38;2;0;0;0;48;2;0;0;0m                                                                                                                       [0m
[7m[38;2;0;0;0m [0m[38;2;0;0;0;48;2;0;0;0m                                                         [38;2;1;1;1m_  _                                                          [0m
[7m[38;2;0;0;0m [0m[38;2;0;0;0;48;2;0;0;0m                                                    [38;2;1;1;1m, [38;2;6;6;6m_[38;2;0;0;0;48;2;7;7;7m`[38;2;119;119;119;48;2;28;28;28m_[38;2;193;193;193;48;2;66;66;66m_[38;2;161;161;161;48;2;70;70;70my[38;2;164;164;164;48;2;71;71;71my[38;2;185;185;185;48;2;57;57;57m_[38;2;101;101;101;48;2;19;19;19m_[38;2;48;48;48;48;2;4;4;4m_[38;2;25;25;25;48;2;1;1;1m_[38;2;9;9;9;48;2;0;0;0m_ [38;2;1;1;1m.                                                    [0m
[7m[38;2;0;0;0m [0m[38;2;0;0;0;48;2;0;0;0m                                                 [48;2;11;11;11m`[38;2;152;152;152;48;2;38;38;38m_[38;2;238;238;238;48;2;78;78;78m_[38;2;11;11;11;48;2;140;140;140m~[38;2;24;24;24;48;2;160;160;160m~[38;2;35;35;35;48;2;173;173;173m~[38;2;60;60;60;48;2;199;199;199m~[38;2;157;157;157;48;2;227;227;227m~[38;2;234;234;234;48;2;247;247;247m~[38;2;235;235;235;48;2;250;250;250m`[38;2;236;236;236m`[38;2;225;225;225;48;2;246;246;246m`[38;2;151;151;151;48;2;222;222;222m~[38;2;85;85;85;48;2;207;207;207m~[38;2;59;59;59;48;2;200;200;200m~[38;2;40;40;40;48;2;187;187;187m~[38;2;24;24;24;48;2;164;164;164m~[38;2;238;238;238;48;2;98;98;98m_[38;2;125;125;125;48;2;41;41;41m,[38;2;29;29;29;48;2;5;5;5m,[38;2;1;1;1;48;2;0;0;0m_                                                 [0m
[7m[38;2;0;0;0m [0m[38;2;0;0;0;48;2;0;0;0m                                                 [38;2;72;72;72;48;2;40;40;40m4[38;2;84;84;84;48;2;175;175;175m_[38;2;157;157;157;48;2;223;223;223m_[38;2;105;105;105;48;2;183;183;183my[38;2;109;109;109;48;2;154;154;154m=[38;2;196;196;196;48;2;220;220;220mF[38;2;253;253;253;48;2;248;248;248m`[48;2;251;251;251m [38;2;252;252;252m:[48;2;252;252;252m  [48;2;251;251;251m:[38;2;250;250;250m`j[38;2;254;254;254;48;2;248;248;248m:[38;2;182;182;182;48;2;214;214;214my[38;2;102;102;102;48;2;190;190;190my[38;2;74;74;74m_[38;2;116;116;116;48;2;70;70;70mF[38;2;25;25;25;48;2;10;10;10m~[38;2;1;1;1;48;2;0;0;0m"                                                 [0m
[7m[38;2;0;0;0m [0m[38;2;0;0;0;48;2;0;0;0m                                                 [38;2;3;3;3;48;2;1;1;1m`[38;2;55;55;55;48;2;6;6;6m`[38;2;122;122;122;48;2;11;11;11m`[38;2;0;0;0;48;2;41;41;41m.[38;2;130;130;130;48;2;157;157;157mL[38;2;238;238;238;48;2;245;245;245mL[38;2;249;249;249;48;2;250;250;250m.[38;2;252;252;252;48;2;251;251;251m:[48;2;252;252;252m    [48;2;251;251;251m:_[38;2;254;254;254;48;2;249;249;249m:[38;2;199;199;199;48;2;210;210;210m4[38;2;93;93;93;48;2;56;56;56mL[38;2;56;56;56;48;2;6;6;6m`[38;2;5;5;5;48;2;1;1;1m`[48;2;0;0;0m                                                   [0m
[7m[38;2;0;0;0m [0m[38;2;0;0;0;48;2;0;0;0m                                                   [38;2;1;1;1m"[38;2;0;0;0;48;2;23;23;23m:[38;2;102;102;102;48;2;130;130;130m$[38;2;235;235;235;48;2;243;243;243mL[48;2;251;251;251m [38;2;252;252;252m:[48;2;252;252;252m      [38;2;251;251;251m.[38;2;252;252;252;48;2;236;236;236m:[38;2;126;126;126;48;2;87;87;87mL[38;2;28;28;28;48;2;9;9;9m,[48;2;0;0;0m                                                    [0m
[7m[38;2;0;0;0m [0m[38;2;0;0;0;48;2;0;0;0m                                                   [48;2;2;2;2m:[38;2;69;69;69;48;2;50;50;50m4[38;2;147;147;147;48;2;181;181;181m~[38;2;252;252;252;48;2;246;246;246m:[48;2;251;251;251m :[48;2;252;252;252m     [48;2;251;251;251m:[48;2;250;250;250m [38;2;254;254;254;48;2;246;246;246m:[38;2;126;126;126;48;2;175;175;175m`[38;2;83;83;83;48;2;49;49;49mL[38;2;1;1;1;48;2;3;3;3m`[48;2;0;0;0m                                                   [0m
[7m[38;2;0;0;0m [0m[38;2;0;0;0;48;2;0;0;0m                                                  [38;2;1;1;1m+[38;2;0;0;0;48;2;11;11;11m:[38;2;109;109;109;48;2;88;88;88my[38;2;215;215;215;48;2;231;231;231m"[38;2;253;253;253;48;2;251;251;251m` [38;2;252;252;252m:[48;2;252;252;252m     [48;2;251;251;251m:[38;2;251;251;251;48;2;250;250;250m_[38;2;254;254;254;48;2;246;246;246m:[38;2;164;164;164;48;2;179;179;179m4[38;2;74;74;74;48;2;43;43;43mL[38;2;1;1;1;48;2;0;0;0m'                                                   [0m
[7m[38;2;0;0;0m [0m[38;2;0;0;0;48;2;0;0;0m                                                  [38;2;1;1;1m:[38;2;42;42;42;48;2;29;29;29m4[38;2;130;130;130;48;2;145;145;145m$[38;2;237;237;237;48;2;244;244;244mL[38;2;250;250;250;48;2;249;249;249m~[38;2;252;252;252;48;2;251;251;251m:[48;2;252;252;252m       [48;2;251;251;251m [38;2;254;254;254m'[38;2;239;239;239;48;2;224;224;224m:[38;2;111;111;111;48;2;69;69;69mL[38;2;0;0;0;48;2;3;3;3m`[48;2;0;0;0m                                                   [0m
[7m[38;2;0;0;0m [0m[38;2;0;0;0;48;2;0;0;0m                                                  [48;2;2;2;2m:[38;2;77;77;77;48;2;56;56;56my[38;2;160;160;160;48;2;203;203;203m~[38;2;253;253;253;48;2;248;248;248m:[38;2;251;251;251;48;2;250;250;250my[38;2;252;252;252;48;2;251;251;251m:[48;2;252;252;252m       [48;2;251;251;251m:"[38;2;254;254;254;48;2;242;242;242m:[38;2;111;111;111;48;2;140;140;140m4[38;2;73;73;73;48;2;27;27;27m,[48;2;0;0;0m                                                   [0m
[7m[38;2;0;0;0m [0m[38;2;0;0;0;48;2;0;0;0m                                                  [38;2;45;45;45;48;2;30;30;30my[38;2;113;113;113;48;2;153;153;153mF[38;2;253;253;253;48;2;243;243;243m:[38;2;248;248;248;48;2;249;249;249ml[38;2;252;252;252;48;2;251;251;251m:[48;2;252;252;252m        [48;2;251;251;251m:_[38;2;254;254;254;48;2;250;250;250m`[38;2;202;202;202;48;2;226;226;226m"[38;2;129;129;129;48;2;78;78;78mL[38;2;35;35;35;48;2;8;8;8m,[38;2;1;1;1;48;2;0;0;0m_                                                 [0m
[7m[38;2;0;0;0m [0m[38;2;0;0;0;48;2;0;0;0m                                                [38;2;1;1;1m_[38;2;0;0;0;48;2;11;11;11m:[38;2;52;52;52;48;2;102;102;102mF[38;2;209;209;209;48;2;229;229;229m"[48;2;251;251;251m [38;2;249;249;249m`[38;2;252;252;252m:[48;2;252;252;252m         [48;2;251;251;251m:[48;2;250;250;250m [38;2;254;254;254;48;2;248;248;248m:[38;2;158;158;158;48;2;197;197;197m~[38;2;95;95;95;48;2;53;53;53mL[38;2;11;11;11;48;2;2;2;2m,[48;2;0;0;0m                                                 [0m
[7m[38;2;0;0;0m [0m[38;2;0;0;0;48;2;0;0;0m                                                [48;2;3;3;3m:[38;2;81;81;81;48;2;57;57;57my[38;2;148;148;148;48;2;201;201;201m~[38;2;253;253;253;48;2;248;248;248m:[38;2;250;250;250;48;2;251;251;251mT[38;2;252;252;252m:[48;2;252;252;252m           [48;2;251;251;251m:[48;2;250;250;250m [38;2;254;254;254;48;2;245;245;245m:[38;2;124;124;124;48;2;167;167;167m~[38;2;73;73;73;48;2;39;39;39mL[38;2;1;1;1;48;2;0;0;0m:                                                [0m
[7m[38;2;0;0;0m [0m[38;2;0;0;0;48;2;0;0;0m                                                [38;2;56;56;56;48;2;37;37;37mu[38;2;105;105;105;48;2;164;164;164m~[38;2;254;254;254;48;2;245;245;245m:[38;2;251;251;251;48;2;250;250;250m~[38;2;252;252;252;48;2;251;251;251m:[48;2;252;252;252m             [48;2;251;251;251m:[38;2;254;254;254;48;2;250;250;250m`[38;2;253;253;253;48;2;242;242;242m:[38;2;107;107;107;48;2;149;149;149m~[38;2;90;90;90;48;2;33;33;33m,[48;2;0;0;0m                                                [0m
[7m[38;2;0;0;0m [0m[38;2;0;0;0;48;2;0;0;0m                                                [38;2;5;5;5;48;2;35;35;35m.[38;2;120;120;120;48;2;152;152;152mF[38;2;239;239;239;48;2;245;245;245mL[38;2;249;249;249;48;2;250;250;250m_[38;2;252;252;252;48;2;251;251;251m:[48;2;252;252;252m             [48;2;251;251;251m [38;2;253;253;253m:[38;2;247;247;247;48;2;226;226;226m`[38;2;75;75;75;48;2;118;118;118my[38;2;57;57;57;48;2;18;18;18m'[48;2;0;0;0m                                                [0m
[7m[38;2;0;0;0m [0m[38;2;0;0;0;48;2;0;0;0m                                                [38;2;1;1;1;48;2;24;24;24m:[38;2;87;87;87;48;2;128;128;128mL[38;2;224;224;224;48;2;237;237;237m,[38;2;248;248;248;48;2;250;250;250m`[48;2;251;251;251m [48;2;252;252;252m             [48;2;251;251;251m [38;2;252;252;252;48;2;248;248;248m:[38;2;167;167;167;48;2;214;214;214m_[38;2;103;103;103;48;2;62;62;62mF[38;2;5;5;5;48;2;2;2;2m~[48;2;0;0;0m                                                [0m
[7m[38;2;0;0;0m [0m[38;2;0;0;0;48;2;0;0;0m                                               [38;2;1;1;1m_[38;2;37;37;37;48;2;14;14;14m_[38;2;65;65;65;48;2;116;116;116mF[38;2;217;217;217;48;2;234;234;234m~[38;2;254;254;254;48;2;250;250;250m`[38;2;252;252;252;48;2;251;251;251m.[48;2;252;252;252m            [48;2;251;251;251m:[38;2;250;250;250m_[38;2;253;253;253;48;2;242;242;242m`[38;2;93;93;93;48;2;135;135;135m4[38;2;56;56;56;48;2;24;24;24m,[38;2;1;1;1;48;2;0;0;0m,                                                [0m
[7m[38;2;0;0;0m [0m[38;2;0;0;0;48;2;0;0;0m                                               [38;2;1;1;1;48;2;9;9;9m`[38;2;110;110;110;48;2;78;78;78mj[38;2;174;174;174;48;2;220;220;220m~[38;2;254;254;254;48;2;249;249;249m`[38;2;250;250;250;48;2;251;251;251m"[38;2;252;252;252m:[48;2;252;252;252m            [48;2;251;251;251m:[38;2;250;250;250m"[38;2;254;254;254;48;2;249;249;249m`[38;2;183;183;183;48;2;216;216;216m~[38;2;122;122;122;48;2;74;74;74mL[38;2;33;33;33;48;2;7;7;7m,[38;2;1;1;1;48;2;0;0;0m_                                               [0m
[7m[38;2;0;0;0m [0m[38;2;0;0;0;48;2;0;0;0m                                              [38;2;1;1;1;48;2;2;2;2m:[38;2;83;83;83;48;2;57;57;57my[38;2;142;142;142;48;2;199;199;199m~[38;2;254;254;254;48;2;248;248;248m`[38;2;250;250;250;48;2;251;251;251m"[38;2;252;252;252m:[48;2;252;252;252m              [48;2;251;251;251m:[48;2;250;250;250m [38;2;254;254;254;48;2;248;248;248m`[38;2;159;159;159;48;2;197;197;197m~[38;2;99;99;99;48;2;56;56;56mL[38;2;10;10;10;48;2;2;2;2m,[48;2;0;0;0m                                               [0m
[7m[38;2;0;0;0m [0m[38;2;0;0;0;48;2;0;0;0m                                              [38;2;51;51;51;48;2;33;33;33my[38;2;102;102;102;48;2;155;155;155m~[38;2;254;254;254;48;2;244;244;244m:[48;2;250;250;250m [38;2;252;252;252;48;2;251;251;251m:[48;2;252;252;252m                [48;2;251;251;251m:[48;2;250;250;250m~[38;2;253;253;253;48;2;244;244;244m:[38;2;94;94;94;48;2;149;149;149m`[38;2;60;60;60;48;2;32;32;32mL[38;2;1;1;1;48;2;0;0;0m=                                              [0m
[7m[38;2;0;0;0m [0m[38;2;0;0;0;48;2;0;0;0m                                            [38;2;1;1;1m,[38;2;0;0;0;48;2;9;9;9m'[38;2;117;117;117;48;2;87;87;87mj[38;2;210;210;210;48;2;230;230;230m"[38;2;254;254;254;48;2;251;251;251m`[38;2;250;250;250m`[38;2;252;252;252m:[48;2;252;252;252m                [48;2;251;251;251m:[38;2;250;250;250m`[38;2;254;254;254m`[38;2;209;209;209;48;2;230;230;230m"[38;2;131;131;131;48;2;83;83;83mL[38;2;23;23;23;48;2;6;6;6m_[38;2;1;1;1;48;2;0;0;0m,                                             [0m
[7m[38;2;0;0;0m [0m[38;2;0;0;0;48;2;0;0;0m                                            [48;2;1;1;1m [38;2;77;77;77;48;2;53;53;53my[38;2;133;133;133;48;2;191;191;191m~[38;2;254;254;254;48;2;248;248;248m.[48;2;250;250;250m [38;2;252;252;252;48;2;251;251;251m:[48;2;252;252;252m                  [48;2;251;251;251m:[48;2;250;250;250m [38;2;253;253;253;48;2;248;248;248m'[38;2;151;151;151;48;2;189;189;189m~[38;2;92;92;92;48;2;52;52;52mL[38;2;5;5;5;48;2;1;1;1m,[48;2;0;0;0m                                             [0m
[7m[38;2;0;0;0m [0m[38;2;0;0;0;48;2;0;0;0m                                            [38;2;42;42;42;48;2;27;27;27my[38;2;106;106;106;48;2;143;143;143mF[38;2;254;254;254;48;2;242;242;242m:[38;2;253;253;253;48;2;250;250;250m`[38;2;252;252;252;48;2;251;251;251m:[48;2;252;252;252m         [48;2;251;251;251m..[48;2;252;252;252m         [48;2;251;251;251m:[38;2;253;253;253;48;2;250;250;250m`[48;2;242;242;242m:[38;2;168;168;168;48;2;128;128;128mL[38;2;51;51;51;48;2;27;27;27mL[48;2;0;0;0m                                             [0m
[7m[38;2;0;0;0m [0m[38;2;0;0;0;48;2;0;0;0m                                            [38;2;47;47;47;48;2;29;29;29mJ[38;2;59;59;59;48;2;140;140;140m_[38;2;188;188;188;48;2;235;235;235m_[38;2;253;253;253;48;2;249;249;249m.[38;2;252;252;252;48;2;251;251;251m:[48;2;252;252;252m       [48;2;251;251;251m:[48;2;250;250;250m:[38;2;175;175;175;48;2;239;239;239m_[38;2;176;176;176;48;2;240;240;240m_[38;2;251;251;251;48;2;250;250;250m:[48;2;251;251;251m [38;2;252;252;252m:[48;2;252;252;252m      [48;2;251;251;251m [48;2;249;249;249m.[38;2;186;186;186;48;2;235;235;235m_[38;2;55;55;55;48;2;137;137;137m_[38;2;53;53;53;48;2;28;28;28m~[48;2;0;0;0m                                             [0m
[?25h