[?25l[0m[7m[38;2;0;0;0m [0m[38;2;0;0;0;48;2;0;0;0m                                       [48;2;1;1;1m  [48;2;2;2;2m  [48;2;3;3;3m  [48;2;4;4;4m    [38;2;7;7;7;48;2;6;6;6m:[48;2;7;7;7m [48;2;8;8;8m  [48;2;9;9;9m  [48;2;10;10;10m [48;2;11;11;11m   [48;2;12;12;12m [48;2;14;14;14m [48;2;15;15;15m  [48;2;16;16;16m [48;2;17;17;17m [48;2;18;18;18m   [48;2;21;21;21m [48;2;22;22;22m [48;2;23;23;23m [48;2;24;24;24m  [48;2;25;25;25m [48;2;26;26;26m [48;2;27;27;27m [38;2;29;29;29;48;2;28;28;28m:[38;2;30;30;30;48;2;29;29;29m`[38;2;31;31;31;48;2;30;30;30m`[38;2;32;32;32;48;2;31;31;31m`[48;2;33;33;33m [48;2;34;34;34m  [48;2;37;37;37m [48;2;38;38;38m [48;2;40;40;40m [38;2;41;41;41m`[38;2;42;42;42;48;2;41;41;41m~[38;2;43;43;43;48;2;44;44;44mL [48;2;45;45;45m [48;2;47;47;47m [38;2;47;47;47;48;2;48;48;48m.[38;2;50;50;50;48;2;49;49;49m?[38;2;49;49;49;48;2;50;50;50my[38;2;50;50;50;48;2;51;51;51m,[48;2;53;53;53m  [48;2;54;54;54m [48;2;56;56;56m [48;2;58;58;58m [48;2;60;60;60m  [38;2;62;62;62;48;2;61;61;61m`[38;2;64;64;64;48;2;63;63;63m`[38;2;63;63;63;48;2;64;64;64m_[48;2;65;65;65m [48;2;66;66;66m [38;2;68;68;68;48;2;67;67;67m~~ [38;2;69;69;69;48;2;70;70;70mL[38;2;73;73;73;48;2;72;72;72m:[38;2;74;74;74;48;2;73;73;73m`[38;2;75;75;75;48;2;74;74;74m`[48;2;75;75;75m [38;2;76;76;76m.[48;2;77;77;77m.[38;2;77;77;77;48;2;78;78;78m_[0m
[7m[38;2;0;0;0m [0m[38;2;0;0;0;48;2;0;0;0m                                       [38;2;1;1;1m:[48;2;1;1;1m [48;2;2;2;2m [38;2;3;3;3m`:[38;2;4;4;4;48;2;3;3;3m`:[48;2;4;4;4m   [38;2;6;6;6;48;2;5;5;5m`[48;2;7;7;7m  [48;2;8;8;8m  [48;2;9;9;9m [48;2;10;10;10m [48;2;11;11;11m   [48;2;12;12;12m [38;2;14;14;14;48;2;13;13;13m~[48;2;14;14;14m [48;2;15;15;15m [38;2;16;16;16m"[38;2;17;17;17;48;2;16;16;16m`[48;2;17;17;17m [48;2;18;18;18m  [38;2;21;21;21;48;2;20;20;20m:[48;2;22;22;22m [38;2;23;23;23m`[48;2;23;23;23m [48;2;24;24;24m [48;2;25;25;25m [48;2;26;26;26m [38;2;27;27;27m`[48;2;28;28;28my [48;2;30;30;30m [48;2;31;31;31m [38;2;33;33;33;48;2;32;32;32m:[48;2;33;33;33m [38;2;34;34;34m`[38;2;35;35;35;48;2;36;36;36m_[38;2;37;37;37;48;2;38;38;38m,[38;2;40;40;40;48;2;39;39;39m` [48;2;41;41;41m [38;2;43;43;43;48;2;42;42;42m"[48;2;43;43;43m [38;2;45;45;45;48;2;44;44;44m"[48;2;46;46;46m.[38;2;47;47;47m"[38;2;48;48;48;48;2;47;47;47m^[38;2;49;49;49;48;2;48;48;48m~[38;2;51;51;51;48;2;50;50;50m`[48;2;51;51;51m [48;2;52;52;52m [48;2;53;53;53m [38;2;55;55;55;48;2;54;54;54m`[48;2;57;57;57m [38;2;60;60;60;48;2;58;58;58m~[48;2;59;59;59m~ [38;2;62;62;62;48;2;61;61;61m~[38;2;63;63;63m~[38;2;64;64;64;48;2;62;62;62m~[48;2;65;65;65mL[38;2;67;67;67;48;2;66;66;66m~[48;2;67;67;67m  [38;2;69;69;69;48;2;68;68;68m?[38;2;72;72;72;48;2;70;70;70m~[38;2;69;69;69;48;2;71;71;71m_[38;2;71;71;71;48;2;73;73;73m_[38;2;72;72;72m_[38;2;75;75;75;48;2;74;74;74m~[38;2;74;74;74;48;2;75;75;75mg[38;2;75;75;75;48;2;76;76;76my[0m
[7m[38;2;0;0;0m [0m[38;2;0;0;0;48;2;0;0;0m                                        [48;2;1;1;1m [38;2;2;2;2m:[48;2;2;2;2m  [48;2;3;3;3m  [48;2;4;4;4m   [48;2;5;5;5m [38;2;7;7;7;48;2;6;6;6m:[48;2;7;7;7m [38;2;8;8;8m.[48;2;8;8;8m [48;2;9;9;9m [38;2;10;10;10m:[48;2;10;10;10m [38;2;11;11;11m.[48;2;11;11;11m  [48;2;12;12;12m [48;2;14;14;14m [48;2;15;15;15m  [48;2;16;16;16m [48;2;17;17;17m [48;2;18;18;18m  [48;2;20;20;20m [48;2;21;21;21m [48;2;22;22;22m [48;2;23;23;23m [48;2;24;24;24m [38;2;25;25;25m`[38;2;26;26;26;48;2;25;25;25m~ [48;2;26;26;26m [48;2;27;27;27m.[38;2;30;30;30;48;2;29;29;29m`[48;2;30;30;30m [38;2;32;32;32;48;2;31;31;31m`[38;2;33;33;33;48;2;32;32;32m:[48;2;33;33;33m [48;2;34;34;34m [38;2;37;37;37;48;2;36;36;36mJ[38;2;39;39;39;48;2;38;38;38m`:[48;2;40;40;40m [38;2;42;42;42;48;2;41;41;41m~[48;2;43;43;43m [48;2;44;44;44m [38;2;46;46;46;48;2;45;45;45m:[38;2;47;47;47;48;2;46;46;46m=[48;2;47;47;47m [38;2;48;48;48m:[48;2;48;48;48m [38;2;51;51;51;48;2;50;50;50m`[38;2;52;52;52;48;2;51;51;51m"[38;2;53;53;53;48;2;52;52;52m`[38;2;54;54;54;48;2;53;53;53m`[38;2;57;57;57;48;2;55;55;55m`~~[38;2;58;58;58;48;2;57;57;57m~[48;2;60;60;60m [38;2;61;61;61m.:[38;2;63;63;63;48;2;62;62;62mJ[38;2;64;64;64;48;2;65;65;65my[48;2;66;66;66m_[38;2;67;67;67m~ [38;2;68;68;68;48;2;67;67;67m`[38;2;69;69;69;48;2;68;68;68m`[38;2;71;71;71;48;2;70;70;70m`[48;2;71;71;71m [38;2;73;73;73;48;2;72;72;72m" [38;2;74;74;74;48;2;73;73;73m`[0m
[7m[38;2;0;0;0m [0m[38;2;0;0;0;48;2;0;0;0m                                       [38;2;1;1;1m`~[38;2;2;2;2;48;2;1;1;1m`[48;2;2;2;2m [38;2;3;3;3m` [48;2;3;3;3m  [48;2;4;4;4m  [38;2;5;5;5m`[38;2;6;6;6m`[38;2;7;7;7;48;2;5;5;5m`[48;2;7;7;7m [38;2;8;8;8m~`[48;2;9;9;9m [48;2;10;10;10m  [48;2;11;11;11m  [48;2;12;12;12m [38;2;13;13;13m`[38;2;14;14;14m`[48;2;14;14;14m [48;2;15;15;15m [48;2;16;16;16m [38;2;18;18;18;48;2;17;17;17m`[48;2;18;18;18m [48;2;19;19;19m [38;2;20;20;20m`[38;2;22;22;22;48;2;21;21;21m`[38;2;23;23;23;48;2;22;22;22m``~[38;2;25;25;25;48;2;24;24;24m`[48;2;25;25;25m [38;2;26;26;26m``[38;2;28;28;28;48;2;27;27;27m`[38;2;30;30;30;48;2;28;28;28m`[38;2;31;31;31;48;2;30;30;30m`[38;2;32;32;32;48;2;31;31;31m``[38;2;33;33;33;48;2;32;32;32m"[38;2;34;34;34;48;2;35;35;35my[38;2;37;37;37;48;2;36;36;36m`[38;2;38;38;38;48;2;37;37;37m:[48;2;39;39;39m [48;2;40;40;40m [38;2;42;42;42;48;2;41;41;41m~[38;2;43;43;43;48;2;42;42;42m~[38;2;44;44;44;48;2;43;43;43m~[38;2;45;45;45;48;2;44;44;44m~[38;2;47;47;47;48;2;45;45;45m`[48;2;46;46;46m~[38;2;48;48;48;48;2;47;47;47m`[38;2;49;49;49;48;2;48;48;48m`[48;2;50;50;50mL[38;2;51;51;51m`[38;2;53;53;53;48;2;51;51;51m`[38;2;54;54;54;48;2;53;53;53m`[38;2;55;55;55;48;2;54;54;54m~ [38;2;56;56;56;48;2;55;55;55m?[38;2;59;59;59;48;2;57;57;57m~[48;2;58;58;58m~[38;2;60;60;60;48;2;59;59;59m`[48;2;61;61;61m_[38;2;63;63;63;48;2;62;62;62m~[38;2;64;64;64m``[38;2;65;65;65;48;2;64;64;64m~[48;2;65;65;65m [38;2;67;67;67;48;2;66;66;66m~[38;2;66;66;66;48;2;67;67;67my[38;2;69;69;69;48;2;68;68;68m~[38;2;70;70;70;48;2;69;69;69m"[38;2;71;71;71m~[38;2;72;72;72;48;2;71;71;71m~[0m
[7m[38;2;0;0;0m [0m[38;2;0;0;0;48;2;0;0;0m                                         [48;2;1;1;1m [38;2;2;2;2m..[38;2;3;3;3;48;2;2;2;2m`.[48;2;3;3;3m [38;2;4;4;4m..[48;2;4;4;4m  [48;2;5;5;5m [38;2;5;5;5;48;2;6;6;6m_[48;2;7;7;7m  [38;2;7;7;7;48;2;9;9;9m_[38;2;8;8;8m_[48;2;10;10;10m [38;2;11;11;11m.[48;2;11;11;11m [38;2;12;12;12m~ [48;2;12;12;12m [48;2;13;13;13m_[48;2;15;15;15m [38;2;16;16;16m`[38;2;17;17;17;48;2;16;16;16m~[38;2;18;18;18;48;2;17;17;17m~[48;2;18;18;18m [48;2;19;19;19m [38;2;19;19;19;48;2;20;20;20m_[48;2;21;21;21m [38;2;22;22;22m.[48;2;22;22;22m [38;2;24;24;24;48;2;23;23;23m`[48;2;24;24;24m [48;2;25;25;25m  [48;2;26;26;26m [48;2;27;27;27m [38;2;29;29;29;48;2;28;28;28m4[38;2;28;28;28;48;2;30;30;30m_[38;2;31;31;31m`[38;2;32;32;32;48;2;31;31;31m`[38;2;34;34;34;48;2;33;33;33m`[38;2;36;36;36;48;2;34;34;34m~[38;2;33;33;33;48;2;36;36;36m_[38;2;37;37;37;48;2;38;38;38m_[38;2;39;39;39m.[48;2;39;39;39m [38;2;41;41;41;48;2;40;40;40m`[38;2;42;42;42;48;2;41;41;41m`[38;2;43;43;43;48;2;42;42;42m~[48;2;43;43;43m [38;2;45;45;45;48;2;44;44;44m`[38;2;47;47;47;48;2;46;46;46m~[48;2;47;47;47m [38;2;49;49;49m`[38;2;50;50;50;48;2;49;49;49m"~[38;2;52;52;52;48;2;51;51;51m7[38;2;53;53;53;48;2;52;52;52m~[38;2;51;51;51my[38;2;53;53;53;48;2;54;54;54mL[38;2;56;56;56;48;2;55;55;55m~[38;2;58;58;58;48;2;56;56;56m~[38;2;56;56;56;48;2;57;57;57m,[38;2;59;59;59;48;2;58;58;58m~[38;2;61;61;61;48;2;59;59;59m~[48;2;60;60;60m~~[38;2;62;62;62;48;2;61;61;61m~[38;2;63;63;63;48;2;62;62;62m~[38;2;64;64;64;48;2;63;63;63m~[38;2;66;66;66;48;2;64;64;64m~[38;2;67;67;67;48;2;66;66;66m~~[38;2;65;65;65;48;2;67;67;67my[38;2;64;64;64m_[0m
[7m[38;2;0;0;0m [0m[38;2;0;0;0;48;2;0;0;0m                                        [38;2;1;1;1m`:[38;2;2;2;2;48;2;1;1;1m___:[48;2;3;3;3m   [48;2;4;4;4m   [38;2;5;5;5m`[38;2;7;7;7;48;2;6;6;6m:[48;2;7;7;7m  [48;2;8;8;8m [48;2;9;9;9m [38;2;11;11;11;48;2;10;10;10m_  [48;2;11;11;11m  [48;2;12;12;12m [38;2;15;15;15;48;2;14;14;14m.[38;2;16;16;16;48;2;15;15;15m_ [48;2;16;16;16m [48;2;17;17;17m [38;2;19;19;19;48;2;18;18;18m`[48;2;19;19;19m [38;2;21;21;21;48;2;20;20;20m^[48;2;21;21;21m [38;2;22;22;22m`[38;2;23;23;23;48;2;22;22;22m`[38;2;24;24;24;48;2;23;23;23m"[38;2;25;25;25;48;2;24;24;24m`~[38;2;26;26;26;48;2;25;25;25m.[48;2;26;26;26m [48;2;27;27;27m [38;2;28;28;28m?[38;2;30;30;30;48;2;29;29;29m`[38;2;31;31;31;48;2;30;30;30m:[38;2;32;32;32;48;2;31;31;31m.[48;2;32;32;32m [48;2;33;33;33m [38;2;36;36;36;48;2;35;35;35m^[38;2;38;38;38;48;2;36;36;36m~[38;2;36;36;36;48;2;38;38;38m_[38;2;39;39;39m~[38;2;40;40;40;48;2;39;39;39m"[38;2;41;41;41;48;2;40;40;40m~[38;2;42;42;42;48;2;41;41;41m~[38;2;43;43;43m`[38;2;45;45;45;48;2;44;44;44m`[38;2;46;46;46;48;2;45;45;45m~[38;2;47;47;47;48;2;46;46;46m"[38;2;48;48;48;48;2;47;47;47m`[38;2;49;49;49;48;2;48;48;48m`[38;2;50;50;50;48;2;49;49;49m"[38;2;51;51;51m~[38;2;49;49;49;48;2;50;50;50m_[38;2;50;50;50;48;2;52;52;52m_[38;2;52;52;52;48;2;53;53;53m_[38;2;55;55;55;48;2;54;54;54m"[38;2;56;56;56;48;2;55;55;55m~[38;2;57;57;57m`[48;2;56;56;56m~[38;2;56;56;56;48;2;57;57;57m_[38;2;59;59;59;48;2;58;58;58m`[38;2;60;60;60;48;2;59;59;59m`[38;2;61;61;61;48;2;60;60;60m`~[38;2;63;63;63;48;2;61;61;61m~[38;2;64;64;64;48;2;62;62;62m`[48;2;63;63;63m"[48;2;62;62;62m``[0m
[7m[38;2;0;0;0m [0m[38;2;0;0;0;48;2;0;0;0m                                        [38;2;1;1;1m`"[38;2;2;2;2;48;2;1;1;1m~ :[48;2;2;2;2m  [38;2;3;3;3m.[48;2;3;3;3m  [48;2;4;4;4m   [38;2;6;6;6;48;2;5;5;5m~[38;2;4;4;4;48;2;6;6;6m_[48;2;7;7;7m [48;2;9;9;9m [48;2;10;10;10m [38;2;11;11;11m~[38;2;9;9;9m_[38;2;11;11;11m.[48;2;11;11;11m  [38;2;12;12;12m`[38;2;14;14;14;48;2;13;13;13m`[48;2;15;15;15m_[38;2;16;16;16m~`[38;2;17;17;17;48;2;16;16;16m`[38;2;18;18;18;48;2;17;17;17m~[38;2;19;19;19;48;2;18;18;18m~`[38;2;20;20;20;48;2;19;19;19m~[38;2;21;21;21m~[38;2;22;22;22;48;2;21;21;21m"`[48;2;22;22;22m [48;2;23;23;23m [38;2;25;25;25m~[38;2;26;26;26;48;2;25;25;25m"[38;2;27;27;27;48;2;26;26;26m~`[38;2;28;28;28;48;2;27;27;27m~[48;2;29;29;29m [38;2;31;31;31;48;2;30;30;30m:[48;2;31;31;31m [38;2;33;33;33;48;2;32;32;32m~[38;2;34;34;34;48;2;33;33;33m"[38;2;35;35;35;48;2;34;34;34m`[48;2;36;36;36m [48;2;37;37;37m [38;2;39;39;39;48;2;38;38;38m` [38;2;40;40;40;48;2;39;39;39m`[38;2;41;41;41;48;2;40;40;40m`[38;2;42;42;42;48;2;41;41;41m~[38;2;44;44;44;48;2;43;43;43m"[38;2;45;45;45;48;2;44;44;44m~[48;2;45;45;45m [38;2;47;47;47;48;2;46;46;46m~[38;2;46;46;46;48;2;47;47;47m_ [48;2;48;48;48m [38;2;50;50;50;48;2;49;49;49m`[38;2;49;49;49;48;2;50;50;50m,[38;2;53;53;53;48;2;51;51;51m`[38;2;54;54;54;48;2;52;52;52m~[48;2;53;53;53m~[38;2;52;52;52m_[38;2;53;53;53;48;2;54;54;54m,[38;2;56;56;56;48;2;55;55;55m~[38;2;58;58;58;48;2;56;56;56m~[38;2;59;59;59;48;2;58;58;58m~~[38;2;60;60;60;48;2;59;59;59m?[38;2;61;61;61;48;2;60;60;60m~[38;2;60;60;60;48;2;61;61;61myyy[0m
[7m[38;2;0;0;0m [0m[38;2;0;0;0;48;2;0;0;0m                                           [48;2;1;1;1m [38;2;2;2;2m` [48;2;2;2;2m  [48;2;3;3;3m   [48;2;4;4;4m    [48;2;7;7;7m [38;2;9;9;9;48;2;8;8;8m..[48;2;9;9;9m [38;2;10;10;10m:[38;2;11;11;11;48;2;10;10;10m.[48;2;11;11;11m   [48;2;12;12;12m.[38;2;12;12;12;48;2;13;13;13m,[48;2;14;14;14m [38;2;13;13;13m_[38;2;16;16;16;48;2;15;15;15m~[48;2;16;16;16m [48;2;17;17;17m [38;2;18;18;18m.[48;2;18;18;18m [48;2;19;19;19m [48;2;20;20;20m [48;2;21;21;21m [38;2;22;22;22m:[38;2;23;23;23;48;2;22;22;22m"[48;2;23;23;23m [48;2;24;24;24m [38;2;26;26;26;48;2;25;25;25m` [38;2;27;27;27;48;2;26;26;26m"[38;2;28;28;28;48;2;27;27;27m?[48;2;29;29;29my[48;2;30;30;30m [38;2;31;31;31m~[48;2;31;31;31m [38;2;34;34;34;48;2;32;32;32m`[38;2;35;35;35;48;2;33;33;33m~[38;2;34;34;34;48;2;35;35;35my[48;2;36;36;36m [38;2;38;38;38;48;2;37;37;37m":[38;2;39;39;39;48;2;38;38;38m`[38;2;40;40;40;48;2;39;39;39m~[38;2;41;41;41;48;2;40;40;40m`[38;2;43;43;43;48;2;41;41;41m`[48;2;42;42;42m~[38;2;44;44;44m~[38;2;45;45;45;48;2;44;44;44m~[38;2;46;46;46;48;2;45;45;45m~[38;2;47;47;47m~[38;2;45;45;45;48;2;46;46;46m_[38;2;49;49;49;48;2;47;47;47m~[48;2;48;48;48m [38;2;50;50;50;48;2;49;49;49m`[38;2;49;49;49;48;2;50;50;50mL[38;2;50;50;50;48;2;51;51;51m_[38;2;51;51;51;48;2;52;52;52m_[38;2;54;54;54;48;2;53;53;53m~~[38;2;56;56;56;48;2;55;55;55m`[38;2;57;57;57;48;2;56;56;56m"[38;2;55;55;55;48;2;57;57;57m_[38;2;56;56;56;48;2;58;58;58m_[38;2;59;59;59m~~~[0m
[7m[38;2;0;0;0m [0m[38;2;0;0;0;48;2;0;0;0m                                           [38;2;1;1;1m` [48;2;1;1;1m  [48;2;2;2;2m  [48;2;3;3;3m  [48;2;4;4;4m    [38;2;7;7;7;48;2;6;6;6m:[38;2;8;8;8;48;2;7;7;7m``[38;2;9;9;9m`[38;2;10;10;10;48;2;8;8;8m`[48;2;9;9;9m`[38;2;11;11;11m`[48;2;10;10;10m [48;2;11;11;11m  [38;2;12;12;12m` [38;2;13;13;13;48;2;12;12;12m`[48;2;14;14;14m [48;2;15;15;15m [38;2;16;16;16m`[38;2;17;17;17;48;2;16;16;16m`[48;2;17;17;17m [48;2;18;18;18m [48;2;19;19;19m [38;2;20;20;20m`[38;2;21;21;21;48;2;20;20;20m~[38;2;22;22;22;48;2;21;21;21m~[38;2;23;23;23m~[48;2;22;22;22m~[38;2;24;24;24;48;2;23;23;23m~:[38;2;25;25;25;48;2;24;24;24m~[48;2;25;25;25m [38;2;27;27;27;48;2;26;26;26m`[38;2;28;28;28;48;2;27;27;27m~[38;2;29;29;29;48;2;28;28;28m:[38;2;30;30;30;48;2;29;29;29m`[38;2;31;31;31;48;2;30;30;30m`[38;2;32;32;32;48;2;31;31;31m`[38;2;33;33;33;48;2;32;32;32m:[38;2;36;36;36;48;2;34;34;34m~[38;2;34;34;34;48;2;36;36;36m__[38;2;36;36;36;48;2;37;37;37m_[38;2;39;39;39;48;2;38;38;38m`[38;2;40;40;40;48;2;39;39;39m`"[38;2;41;41;41;48;2;40;40;40m~[38;2;42;42;42m`[38;2;43;43;43;48;2;41;41;41m~[38;2;41;41;41;48;2;43;43;43m__[38;2;43;43;43;48;2;44;44;44m,[38;2;47;47;47;48;2;45;45;45m`[48;2;46;46;46m [38;2;48;48;48;48;2;47;47;47m"[38;2;49;49;49m`[38;2;48;48;48m~[38;2;49;49;49;48;2;48;48;48m~[38;2;51;51;51;48;2;49;49;49m~[38;2;50;50;50;48;2;52;52;52m_[38;2;54;54;54;48;2;53;53;53m~[38;2;52;52;52m__[38;2;55;55;55;48;2;54;54;54m~[38;2;56;56;56m`[48;2;55;55;55m~[38;2;57;57;57m`[0m
[7m[38;2;0;0;0m [0m[38;2;0;0;0;48;2;0;0;0m                         [38;2;1;1;1m.[38;2;2;2;2ma[48;2;1;1;1muw[38;2;4;4;4m_[38;2;2;2;2my[38;2;3;3;3mwww[38;2;2;2;2mwyw[38;2;3;3;3m_[38;2;4;4;4m_[38;2;3;3;3m_y[38;2;4;4;4m_[38;2;2;2;2;48;2;0;0;0m_ [38;2;1;1;1m`.[48;2;1;1;1m [48;2;2;2;2m  [38;2;3;3;3m~[38;2;4;4;4;48;2;3;3;3m~ [48;2;4;4;4m   [48;2;6;6;6my_[38;2;5;5;5m_[48;2;7;7;7m  [38;2;8;8;8m"[48;2;8;8;8m [38;2;10;10;10;48;2;9;9;9m~[38;2;11;11;11;48;2;10;10;10m~ [48;2;11;11;11m  [48;2;12;12;12m [38;2;14;14;14;48;2;13;13;13m~[38;2;15;15;15m~[38;2;12;12;12;48;2;14;14;14my[38;2;14;14;14;48;2;15;15;15m_[38;2;15;15;15;48;2;16;16;16m_[48;2;17;17;17m [48;2;18;18;18m [38;2;19;19;19m`[38;2;20;20;20;48;2;19;19;19m"[38;2;21;21;21;48;2;20;20;20m~:[38;2;20;20;20;48;2;21;21;21m_[38;2;23;23;23;48;2;22;22;22m" [48;2;23;23;23m [38;2;25;25;25;48;2;24;24;24m`[48;2;25;25;25m [38;2;27;27;27;48;2;26;26;26m`[38;2;28;28;28;48;2;27;27;27m~[48;2;28;28;28m [38;2;30;30;30;48;2;29;29;29m.[38;2;31;31;31;48;2;30;30;30m`[48;2;31;31;31m [48;2;33;33;33m_[38;2;32;32;32m_[38;2;34;34;34m`[48;2;35;35;35my[38;2;36;36;36;48;2;37;37;37my [48;2;38;38;38m [38;2;38;38;38;48;2;39;39;39m.[38;2;40;40;40m~`[38;2;41;41;41;48;2;40;40;40m"`[38;2;43;43;43;48;2;42;42;42m"[48;2;44;44;44my [38;2;46;46;46;48;2;45;45;45m"~~[48;2;46;46;46m [38;2;48;48;48;48;2;47;47;47m`[38;2;50;50;50;48;2;48;48;48m`[48;2;49;49;49m~[38;2;49;49;49;48;2;50;50;50m__[38;2;52;52;52;48;2;51;51;51m"[38;2;53;53;53m~[48;2;52;52;52m~[38;2;54;54;54;48;2;53;53;53m^[0m
[7m[38;2;0;0;0m [0m[38;2;0;0;0;48;2;0;0;0m                   [38;2;1;1;1m,  [38;2;0;0;0;48;2;3;3;3m`[38;2;72;72;72;48;2;17;17;17m_[38;2;152;152;152;48;2;40;40;40m_[38;2;216;216;216;48;2;63;63;63m_[38;2;248;248;248;48;2;89;89;89m_[38;2;252;252;252;48;2;114;114;114m_[38;2;32;32;32;48;2;157;157;157m~[38;2;37;37;37;48;2;162;162;162m~[38;2;31;31;31;48;2;151;151;151m~[38;2;249;249;249;48;2;110;110;110m_[38;2;246;246;246;48;2;101;101;101m_[38;2;245;245;245;48;2;94;94;94m_[38;2;236;236;236;48;2;84;84;84m_[38;2;216;216;216;48;2;68;68;68m_[38;2;196;196;196;48;2;59;59;59m_[38;2;168;168;168;48;2;50;50;50m_[38;2;132;132;132;48;2;37;37;37m_[38;2;87;87;87;48;2;23;23;23m_[38;2;60;60;60;48;2;16;16;16m_[38;2;34;34;34;48;2;9;9;9m_[38;2;14;14;14;48;2;5;5;5m_[38;2;0;0;0;48;2;1;1;1m`[48;2;0;0;0m [48;2;1;1;1m [38;2;3;3;3;48;2;2;2;2m,_   [48;2;3;3;3m [38;2;4;4;4m.[48;2;4;4;4m    [38;2;5;5;5m`[48;2;6;6;6m_[48;2;7;7;7m   [38;2;9;9;9;48;2;8;8;8m:[38;2;10;10;10;48;2;9;9;9m:[38;2;9;9;9;48;2;10;10;10m_[38;2;11;11;11m.[48;2;11;11;11m [48;2;12;12;12m    [48;2;14;14;14m [48;2;15;15;15m [48;2;16;16;16m [48;2;17;17;17m  [48;2;18;18;18m  [38;2;20;20;20;48;2;19;19;19m``[38;2;19;19;19;48;2;20;20;20m_[48;2;21;21;21m [48;2;22;22;22m [38;2;24;24;24;48;2;23;23;23m^[38;2;26;26;26;48;2;24;24;24m~[48;2;25;25;25m~`[38;2;27;27;27;48;2;26;26;26m`[38;2;28;28;28;48;2;27;27;27m~[38;2;27;27;27;48;2;28;28;28m_[38;2;28;28;28;48;2;29;29;29m,[38;2;31;31;31;48;2;30;30;30m`[38;2;32;32;32;48;2;31;31;31m~`[38;2;31;31;31;48;2;32;32;32m_[38;2;34;34;34;48;2;33;33;33m`[38;2;36;36;36;48;2;34;34;34m~[38;2;37;37;37;48;2;35;35;35m"[38;2;34;34;34mg[38;2;37;37;37;48;2;36;36;36m~[48;2;38;38;38m_[38;2;40;40;40m`~[48;2;39;39;39m [48;2;40;40;40m [38;2;43;43;43;48;2;41;41;41m~[38;2;44;44;44;48;2;42;42;42m"~[48;2;43;43;43m~[48;2;44;44;44m [38;2;47;47;47;48;2;45;45;45m~[38;2;46;46;46;48;2;47;47;47my[38;2;48;48;48;48;2;46;46;46m~[48;2;47;47;47m"[38;2;49;49;49m`[48;2;48;48;48m~~[38;2;51;51;51m~[48;2;49;49;49m^[0m
[7m[38;2;0;0;0m [0m[38;2;0;0;0;48;2;0;0;0m               [38;2;1;1;1m.[38;2;16;16;16;48;2;1;1;1m_[38;2;79;79;79;48;2;9;9;9m_[38;2;149;149;149;48;2;26;26;26m_[38;2;197;197;197;48;2;62;62;62m_[48;2;97;97;97my[38;2;67;67;67;48;2;179;179;179m~[38;2;132;132;132;48;2;214;214;214m~[38;2;179;179;179;48;2;237;237;237m~[38;2;206;206;206;48;2;243;243;243m~[38;2;234;234;234;48;2;248;248;248m~[38;2;252;252;252;48;2;251;251;251m:[38;2;250;250;250m= [38;2;253;253;253m`[48;2;252;252;252m` [38;2;250;250;250;48;2;251;251;251m"[38;2;249;249;249m`[38;2;244;244;244;48;2;250;250;250m`[38;2;236;236;236;48;2;249;249;249m~[38;2;224;224;224;48;2;246;246;246m"[38;2;212;212;212;48;2;243;243;243m"[38;2;195;195;195;48;2;238;238;238m"[38;2;177;177;177;48;2;232;232;232m~[38;2;155;155;155;48;2;222;222;222m~[38;2;130;130;130;48;2;208;208;208m~[38;2;98;98;98;48;2;189;189;189m~[38;2;218;218;218;48;2;137;137;137my[38;2;190;190;190;48;2;105;105;105my[38;2;200;200;200;48;2;79;79;79m_[38;2;160;160;160;48;2;47;47;47m_[38;2;115;115;115;48;2;23;23;23m_[38;2;69;69;69;48;2;12;12;12m_[38;2;31;31;31;48;2;10;10;10m_[38;2;10;10;10;48;2;7;7;7m;[38;2;4;4;4;48;2;3;3;3mL[38;2;3;3;3;48;2;2;2;2m`[38;2;4;4;4;48;2;3;3;3m" [48;2;4;4;4m   [38;2;5;5;5m`[38;2;7;7;7;48;2;5;5;5m``[48;2;7;7;7m [38;2;8;8;8m`[38;2;9;9;9;48;2;8;8;8m"`[38;2;10;10;10;48;2;9;9;9m"[38;2;11;11;11m`[48;2;10;10;10m~[38;2;12;12;12;48;2;11;11;11m~~`[38;2;14;14;14;48;2;12;12;12m`[38;2;15;15;15;48;2;14;14;14m`[38;2;16;16;16;48;2;15;15;15m`[48;2;16;16;16m [48;2;17;17;17m [38;2;18;18;18m~~~[48;2;18;18;18m [48;2;19;19;19m [38;2;21;21;21;48;2;20;20;20m:[48;2;21;21;21m [38;2;23;23;23;48;2;22;22;22m`[38;2;24;24;24;48;2;23;23;23m`[48;2;24;24;24m  [38;2;26;26;26;48;2;25;25;25m"[38;2;27;27;27;48;2;26;26;26m`~[38;2;28;28;28m~[38;2;29;29;29;48;2;27;27;27m`~[38;2;27;27;27;48;2;29;29;29mg [38;2;32;32;32;48;2;31;31;31m~[38;2;33;33;33m~[48;2;32;32;32m [38;2;34;34;34;48;2;33;33;33m~`[38;2;35;35;35;48;2;34;34;34m~[38;2;36;36;36m~[38;2;37;37;37;48;2;35;35;35m~[38;2;35;35;35;48;2;37;37;37m_[38;2;39;39;39;48;2;38;38;38m~[38;2;40;40;40;48;2;39;39;39m~[38;2;41;41;41;48;2;40;40;40m" :[38;2;42;42;42;48;2;41;41;41m~[38;2;43;43;43m~[38;2;44;44;44;48;2;42;42;42m~[38;2;45;45;45;48;2;43;43;43m~[48;2;44;44;44m~[38;2;43;43;43;48;2;45;45;45my_[38;2;46;46;46m~~~[0m
[7m[38;2;0;0;0m [0m[38;2;0;0;0;48;2;0;0;0m           [38;2;1;1;1m_ [38;2;62;62;62;48;2;13;13;13m_[38;2;168;168;168;48;2;43;43;43m_[38;2;244;244;244;48;2;95;95;95m_[38;2;45;45;45;48;2;176;176;176m~[38;2;114;114;114;48;2;218;218;218m~[38;2;200;200;200;48;2;236;236;236m"[38;2;232;232;232;48;2;249;249;249m`[38;2;244;244;244;48;2;250;250;250m`[48;2;251;251;251m [38;2;250;250;250m^[48;2;252;252;252m               [38;2;252;252;252;48;2;251;251;251m:___:[38;2;250;250;250m`[38;2;243;243;243;48;2;250;250;250m`[38;2;229;229;229;48;2;246;246;246m`[38;2;208;208;208;48;2;232;232;232m~[38;2;161;161;161;48;2;198;198;198m~[38;2;148;148;148;48;2;116;116;116mm[38;2;74;74;74;48;2;53;53;53m=[38;2;24;24;24;48;2;15;15;15mr[38;2;3;3;3;48;2;4;4;4m:[48;2;2;2;2m [48;2;3;3;3m  [48;2;4;4;4m    [38;2;5;5;5m:[48;2;5;5;5m [48;2;6;6;6m_[48;2;7;7;7m_[38;2;8;8;8m.[48;2;8;8;8m [38;2;7;7;7m_[48;2;9;9;9m [48;2;10;10;10m [38;2;11;11;11m..[48;2;11;11;11m [48;2;12;12;12m [38;2;12;12;12;48;2;13;13;13m_[38;2;14;14;14;48;2;15;15;15m_[38;2;16;16;16m:[38;2;15;15;15;48;2;16;16;16m_ [38;2;17;17;17m.[48;2;17;17;17m [48;2;18;18;18m [48;2;19;19;19m [38;2;19;19;19;48;2;20;20;20m___[48;2;21;21;21m [38;2;23;23;23;48;2;22;22;22m~[38;2;24;24;24;48;2;23;23;23m~`[38;2;25;25;25;48;2;24;24;24m~[38;2;26;26;26m`[48;2;25;25;25m~ .[38;2;27;27;27;48;2;26;26;26m`[38;2;28;28;28;48;2;27;27;27m~[48;2;29;29;29m_[38;2;31;31;31;48;2;30;30;30m~`[38;2;32;32;32;48;2;31;31;31m~[38;2;30;30;30;48;2;32;32;32m_[38;2;33;33;33m~~~[38;2;35;35;35;48;2;33;33;33m`[38;2;36;36;36;48;2;34;34;34m~[38;2;35;35;35;48;2;36;36;36my[48;2;37;37;37m [48;2;38;38;38m [38;2;40;40;40m~~~[48;2;39;39;39m [48;2;40;40;40m [38;2;42;42;42m~~[38;2;43;43;43;48;2;41;41;41m~[38;2;44;44;44;48;2;42;42;42m~~~[0m
[7m[38;2;0;0;0m [0m[38;2;0;0;0;48;2;0;0;0m       [38;2;1;1;1m_.[38;2;58;58;58;48;2;5;5;5m_[38;2;140;140;140;48;2;32;32;32m_[38;2;166;166;166;48;2;76;76;76my[38;2;70;70;70;48;2;181;181;181m~[38;2;151;151;151;48;2;223;223;223m~[38;2;209;209;209;48;2;244;244;244m~[38;2;252;252;252;48;2;251;251;251m: [38;2;250;250;250m` [48;2;252;252;252m                          [38;2;252;252;252;48;2;251;251;251m:[38;2;251;251;251;48;2;244;244;244m.[38;2;194;194;194;48;2;213;213;213m?[38;2;180;180;180;48;2;131;131;131my[38;2;129;129;129;48;2;62;62;62m_[38;2;55;55;55;48;2;20;20;20m_[38;2;4;4;4;48;2;5;5;5m:[38;2;3;3;3;48;2;2;2;2m`[38;2;4;4;4;48;2;3;3;3m,   [48;2;4;4;4m     [38;2;5;5;5m`[38;2;7;7;7;48;2;5;5;5m`[48;2;6;6;6m:[48;2;7;7;7m [48;2;8;8;8m [48;2;9;9;9m [38;2;10;10;10m~ [48;2;10;10;10m [48;2;11;11;11m [48;2;12;12;12m [38;2;14;14;14m`[48;2;13;13;13m~[38;2;15;15;15;48;2;14;14;14m~`[38;2;16;16;16;48;2;15;15;15m~[38;2;17;17;17;48;2;16;16;16m`:[38;2;18;18;18;48;2;17;17;17m~~[48;2;18;18;18m [38;2;19;19;19m`[38;2;20;20;20;48;2;19;19;19m`[38;2;21;21;21;48;2;20;20;20m~[48;2;21;21;21m [38;2;23;23;23;48;2;22;22;22m" [38;2;24;24;24;48;2;23;23;23m"~[38;2;25;25;25;48;2;24;24;24m`:[38;2;26;26;26;48;2;25;25;25m:[48;2;26;26;26m [38;2;27;27;27m~[38;2;29;29;29;48;2;28;28;28m~[38;2;30;30;30m~~[38;2;27;27;27;48;2;29;29;29m_[38;2;31;31;31;48;2;30;30;30m`~~[38;2;32;32;32;48;2;31;31;31m~[48;2;32;32;32m [38;2;34;34;34;48;2;33;33;33m`[38;2;35;35;35;48;2;34;34;34m~[38;2;37;37;37;48;2;35;35;35m~[38;2;34;34;34;48;2;36;36;36my[38;2;33;33;33;48;2;35;35;35m__[38;2;35;35;35;48;2;37;37;37m_[38;2;38;38;38m~[38;2;39;39;39m~[48;2;38;38;38m~[38;2;40;40;40;48;2;39;39;39m"[38;2;38;38;38m_[48;2;40;40;40m__[0m
[7m[38;2;0;0;0m [0m[38;2;0;0;0;48;2;0;0;0m     [38;2;1;1;1m.[38;2;8;8;8;48;2;2;2;2m_[38;2;124;124;124;48;2;27;27;27m_[38;2;220;220;220;48;2;96;96;96m_[38;2;82;82;82;48;2;194;194;194m~[38;2;187;187;187;48;2;231;231;231m"[38;2;236;236;236;48;2;249;249;249m`[38;2;252;252;252;48;2;251;251;251m:[38;2;250;250;250m^[38;2;252;252;252m:[48;2;252;252;252m                               [48;2;251;251;251m.[48;2;250;250;250m'[38;2;223;223;223;48;2;236;236;236m`[38;2;201;201;201;48;2;175;175;175mL[38;2;115;115;115;48;2;93;93;93mL[38;2;43;43;43;48;2;30;30;30mW[38;2;3;3;3;48;2;6;6;6m`[38;2;5;5;5;48;2;4;4;4m,[38;2;4;4;4;48;2;3;3;3m_[38;2;3;3;3;48;2;2;2;2m:~[38;2;4;4;4;48;2;3;3;3m~ [48;2;4;4;4m    [48;2;5;5;5m [38;2;6;6;6m~[38;2;7;7;7;48;2;6;6;6m~[38;2;8;8;8;48;2;7;7;7m~[38;2;9;9;9;48;2;8;8;8m~~`[48;2;10;10;10m [48;2;11;11;11m [38;2;12;12;12m~~`[38;2;13;13;13;48;2;12;12;12m`~[48;2;14;14;14my[38;2;15;15;15m~[38;2;16;16;16m`[48;2;15;15;15m~[38;2;17;17;17m~[48;2;16;16;16mF[38;2;18;18;18;48;2;17;17;17m~[48;2;18;18;18m [38;2;20;20;20;48;2;19;19;19m`~[38;2;21;21;21m~~~[38;2;22;22;22;48;2;20;20;20m~[38;2;23;23;23;48;2;21;21;21m~[38;2;21;21;21;48;2;23;23;23m_[38;2;25;25;25;48;2;24;24;24m~[38;2;23;23;23;48;2;25;25;25my[38;2;26;26;26m~`[38;2;27;27;27;48;2;26;26;26m```[38;2;29;29;29;48;2;27;27;27m`[38;2;27;27;27;48;2;28;28;28myg[38;2;30;30;30m~[38;2;31;31;31;48;2;30;30;30m`~[38;2;32;32;32;48;2;31;31;31m~[38;2;34;34;34;48;2;32;32;32m`[38;2;33;33;33m~~~[48;2;33;33;33m [48;2;34;34;34m  [38;2;34;34;34;48;2;35;35;35m_[38;2;35;35;35;48;2;36;36;36m_[38;2;34;34;34m__[38;2;35;35;35m_[0m
[7m[38;2;0;0;0m [0m[38;2;0;0;0;48;2;0;0;0m   [38;2;3;3;3m_[38;2;87;87;87;48;2;10;10;10m_[38;2;142;142;142;48;2;62;62;62my[38;2;80;80;80;48;2;181;181;181m~[38;2;176;176;176;48;2;233;233;233m~[38;2;235;235;235;48;2;248;248;248m~[38;2;252;252;252;48;2;251;251;251m_[38;2;250;250;250m`[48;2;252;252;252m                                    [38;2;252;252;252;48;2;251;251;251m_[38;2;245;245;245;48;2;247;247;247m4[38;2;210;210;210;48;2;217;217;217m4[38;2;116;116;116;48;2;146;146;146m`[38;2;81;81;81;48;2;55;55;55mL[38;2;3;3;3;48;2;10;10;10m:[38;2;4;4;4;48;2;5;5;5my[38;2;3;3;3;48;2;4;4;4m_[38;2;2;2;2;48;2;3;3;3m.[48;2;2;2;2m [38;2;3;3;3m:[48;2;3;3;3m [38;2;4;4;4m:[48;2;4;4;4m   [48;2;5;5;5m    [48;2;7;7;7m [38;2;8;8;8m:[48;2;8;8;8m [48;2;9;9;9m [48;2;10;10;10m  [38;2;11;11;11m~ [48;2;11;11;11m [38;2;12;12;12m~[38;2;11;11;11;48;2;12;12;12m.[38;2;14;14;14;48;2;13;13;13m"[38;2;13;13;13;48;2;12;12;12m~[38;2;14;14;14m`[48;2;13;13;13m~[38;2;13;13;13;48;2;14;14;14m_[48;2;15;15;15m [48;2;16;16;16m [48;2;17;17;17m [38;2;19;19;19;48;2;18;18;18m~~:[48;2;19;19;19m   [38;2;21;21;21;48;2;20;20;20m`[38;2;20;20;20;48;2;21;21;21m_[38;2;21;21;21;48;2;22;22;22my[48;2;23;23;23m_[38;2;25;25;25;48;2;24;24;24m~[38;2;26;26;26m~~~[48;2;25;25;25m   ~[38;2;28;28;28;48;2;26;26;26m~[38;2;27;27;27;48;2;28;28;28my[38;2;28;28;28;48;2;29;29;29my[38;2;31;31;31;48;2;30;30;30m~ ~~[38;2;32;32;32;48;2;31;31;31m~[38;2;33;33;33m~~[48;2;32;32;32m [38;2;34;34;34m~`[38;2;33;33;33m~[38;2;34;34;34m~[0m
[7m[38;2;0;0;0m [0m[38;2;0;0;0;48;2;0;0;0m  [38;2;46;46;46;48;2;8;8;8m_[38;2;137;137;137;48;2;67;67;67my[38;2;127;127;127;48;2;188;188;188m"[38;2;217;217;217;48;2;243;243;243m~[38;2;249;249;249;48;2;251;251;251m`[38;2;250;250;250m'[38;2;252;252;252m:[48;2;252;252;252m                                      [48;2;251;251;251m:[38;2;247;247;247;48;2;250;250;250m_[38;2;241;241;241;48;2;231;231;231m:[38;2;146;146;146;48;2;165;165;165m_[38;2;91;91;91;48;2;70;70;70mF[38;2;25;25;25;48;2;18;18;18m~[38;2;6;6;6;48;2;4;4;4m_[38;2;3;3;3;48;2;2;2;2m_[38;2;2;2;2;48;2;1;1;1m````[38;2;4;4;4;48;2;2;2;2m``[48;2;3;3;3m` [38;2;5;5;5;48;2;4;4;4m``` [38;2;6;6;6;48;2;5;5;5m`[38;2;7;7;7m~[48;2;6;6;6m~[48;2;7;7;7m [38;2;10;10;10;48;2;8;8;8m`[38;2;9;9;9m"[38;2;10;10;10m``[38;2;11;11;11;48;2;10;10;10m`~`[38;2;12;12;12m`[48;2;11;11;11m```[38;2;13;13;13;48;2;12;12;12m`[38;2;12;12;12;48;2;13;13;13m_[48;2;14;14;14m [38;2;16;16;16;48;2;15;15;15m`[38;2;17;17;17;48;2;16;16;16m``[38;2;18;18;18;48;2;17;17;17m`[38;2;19;19;19m``[48;2;18;18;18m` [38;2;20;20;20;48;2;19;19;19m``[38;2;21;21;21;48;2;20;20;20m~[38;2;23;23;23;48;2;22;22;22m`[38;2;24;24;24m`[38;2;23;23;23m~[38;2;24;24;24m`[48;2;23;23;23m~~~[38;2;25;25;25m`[48;2;24;24;24m~[38;2;26;26;26;48;2;25;25;25m~[38;2;27;27;27;48;2;26;26;26m~[38;2;28;28;28m`[48;2;27;27;27m~~ ~[38;2;30;30;30;48;2;28;28;28m~[48;2;29;29;29m~[38;2;31;31;31;48;2;30;30;30m"~~~~[0m
[7m[38;2;0;0;0m [0m[38;2;13;13;13;48;2;0;0;0m_[38;2;130;130;130;48;2;43;43;43m_[38;2;85;85;85;48;2;165;165;165m~[38;2;194;194;194;48;2;238;238;238m~[38;2;252;252;252;48;2;251;251;251mF [48;2;252;252;252m                                        [48;2;251;251;251m:[48;2;243;243;243m'[38;2;160;160;160;48;2;214;214;214m_[38;2;77;77;77;48;2;149;149;149my[38;2;124;124;124;48;2;46;46;46m~[38;2;37;37;37;48;2;11;11;11m~[38;2;7;7;7;48;2;5;5;5m~[38;2;3;3;3ma[38;2;4;4;4;48;2;3;3;3mF[38;2;1;1;1;48;2;2;2;2m.[48;2;1;1;1m   [48;2;2;2;2m   [38;2;2;2;2;48;2;3;3;3m.   [48;2;4;4;4m   [38;2;4;4;4;48;2;5;5;5m.[38;2;5;5;5;48;2;6;6;6my[48;2;7;7;7m_  [48;2;8;8;8m [38;2;9;9;9m~[38;2;10;10;10;48;2;9;9;9m~~`[48;2;10;10;10m  [48;2;11;11;11m  [38;2;12;12;12m`[38;2;13;13;13;48;2;12;12;12m~[48;2;14;14;14m_[38;2;15;15;15m`[38;2;16;16;16;48;2;15;15;15m~~[38;2;17;17;17;48;2;16;16;16m~~`[38;2;18;18;18;48;2;17;17;17m"~[48;2;18;18;18m [38;2;19;19;19m`[48;2;20;20;20my__[48;2;21;21;21my[38;2;20;20;20m_  [38;2;23;23;23;48;2;22;22;22m":[38;2;24;24;24;48;2;23;23;23m"[38;2;25;25;25;48;2;24;24;24m"~[38;2;26;26;26m~[38;2;23;23;23my[38;2;24;24;24;48;2;25;25;25my [38;2;27;27;27;48;2;26;26;26m~[38;2;28;28;28m~[38;2;26;26;26;48;2;28;28;28m_[38;2;27;27;27myyyy[0m
[38;2;9;9;9;48;2;1;1;1m_[38;2;124;124;124;48;2;68;68;68my[38;2;162;162;162;48;2;196;196;196m^[38;2;237;237;237;48;2;250;250;250m`[38;2;252;252;252;48;2;251;251;251m`:[48;2;252;252;252m                                         [48;2;250;250;250m'[38;2;224;224;224;48;2;234;234;234m~[38;2;146;146;146;48;2;197;197;197m~[38;2;49;49;49;48;2;153;153;153m~[38;2;5;5;5;48;2;133;133;133m~[38;2;1;1;1m~[38;2;4;4;4;48;2;144;144;144m~[38;2;15;15;15;48;2;127;127;127m~[38;2;63;63;63;48;2;42;42;42mr[38;2;1;1;1;48;2;5;5;5m`[38;2;2;2;2;48;2;1;1;1m,[38;2;1;1;1;48;2;0;0;0m:`[38;2;2;2;2;48;2;1;1;1m~  `[38;2;3;3;3;48;2;2;2;2m" `[38;2;4;4;4;48;2;3;3;3m`[48;2;4;4;4m    [38;2;5;5;5m"[38;2;6;6;6;48;2;5;5;5m~[38;2;5;5;5;48;2;6;6;6m,[38;2;8;8;8m``[48;2;7;7;7m `[38;2;9;9;9;48;2;8;8;8m`[38;2;10;10;10;48;2;9;9;9m``[38;2;11;11;11;48;2;10;10;10m` [48;2;11;11;11m  [38;2;13;13;13m`[48;2;12;12;12m~[38;2;14;14;14m~[48;2;13;13;13m~[38;2;15;15;15m`[48;2;14;14;14m [38;2;16;16;16;48;2;15;15;15m` [38;2;17;17;17;48;2;16;16;16m``[38;2;18;18;18m`[48;2;17;17;17m~[38;2;19;19;19m``[38;2;17;17;17;48;2;18;18;18m_[48;2;19;19;19m [38;2;20;20;20m``[38;2;21;21;21m~[38;2;22;22;22;48;2;20;20;20m~[48;2;21;21;21m~~ [38;2;23;23;23m`[48;2;22;22;22m``[38;2;24;24;24;48;2;23;23;23m~[38;2;25;25;25m`[48;2;24;24;24m~[38;2;26;26;26;48;2;25;25;25m~~~~~[0m
[38;2;109;109;109;48;2;62;62;62my[38;2;148;148;148;48;2;192;192;192m~[38;2;242;242;242;48;2;250;250;250m~[38;2;250;250;250;48;2;251;251;251m=[38;2;252;252;252m:[48;2;252;252;252m                                           [48;2;251;251;251m.:[48;2;252;252;252m [38;2;251;251;251m=[38;2;248;248;248;48;2;250;250;250m=[38;2;253;253;253;48;2;243;243;243m'[38;2;165;165;165;48;2;184;184;184my[38;2;81;81;81;48;2;58;58;58mF[38;2;0;0;0;48;2;5;5;5m:[48;2;1;1;1my[38;2;1;1;1;48;2;0;0;0m`[48;2;1;1;1m [48;2;0;0;0m ~~`[38;2;2;2;2;48;2;1;1;1m~ [48;2;2;2;2m  [38;2;4;4;4;48;2;3;3;3m"  [48;2;4;4;4m     [48;2;5;5;5m  [38;2;6;6;6m"[48;2;6;6;6m [48;2;7;7;7m [38;2;8;8;8m`[38;2;9;9;9;48;2;8;8;8m`[38;2;10;10;10;48;2;9;9;9m~~[38;2;11;11;11;48;2;10;10;10m~~~~[38;2;12;12;12;48;2;11;11;11m~`[38;2;13;13;13;48;2;12;12;12m~[38;2;14;14;14m~[48;2;13;13;13m~[38;2;15;15;15;48;2;14;14;14m~[38;2;16;16;16m`[48;2;15;15;15m`~~ [38;2;17;17;17;48;2;16;16;16m`~[38;2;18;18;18;48;2;17;17;17m~~ [48;2;18;18;18m   [38;2;20;20;20;48;2;19;19;19m~[38;2;21;21;21m``[48;2;20;20;20m~[38;2;20;20;20;48;2;21;21;21m_[38;2;23;23;23;48;2;22;22;22m"~~~[38;2;22;22;22;48;2;23;23;23my__[0m
[38;2;129;129;129;48;2;154;154;154mF[38;2;232;232;232;48;2;244;244;244m"[38;2;253;253;253;48;2;252;252;252mF[48;2;251;251;251m [48;2;252;252;252m                                                [48;2;251;251;251m [38;2;250;250;250;48;2;244;244;244m'[38;2;178;178;178;48;2;211;211;211m~[38;2;83;83;83;48;2;150;150;150m~[38;2;95;95;95;48;2;57;57;57my[38;2;30;30;30;48;2;11;11;11m,[38;2;1;1;1;48;2;0;0;0m= '   [48;2;1;1;1m   [48;2;2;2;2m [38;2;3;3;3m~~`[38;2;4;4;4;48;2;3;3;3m:[48;2;4;4;4m    [48;2;5;5;5m    [38;2;5;5;5;48;2;6;6;6m_[38;2;7;7;7m`[48;2;7;7;7m [38;2;8;8;8m`[48;2;8;8;8m [38;2;9;9;9m`[38;2;8;8;8;48;2;9;9;9m,[38;2;10;10;10m.[48;2;10;10;10m    [48;2;11;11;11m [38;2;12;12;12m:[38;2;13;13;13;48;2;12;12;12m~[38;2;14;14;14m~~~[38;2;12;12;12;48;2;13;13;13m_[48;2;14;14;14m_[38;2;13;13;13m,[38;2;16;16;16;48;2;15;15;15m```:[38;2;17;17;17;48;2;16;16;16m`[38;2;18;18;18m`[48;2;17;17;17m``[38;2;19;19;19m`[48;2;18;18;18m``[38;2;20;20;20m`[48;2;19;19;19m`[38;2;21;21;21m``~[48;2;20;20;20m"""[0m
[38;2;156;156;156;48;2;179;179;179mF[38;2;253;253;253;48;2;252;252;252mF[38;2;250;250;250;48;2;251;251;251mL[48;2;252;252;252m                                                 [48;2;251;251;251m [48;2;250;250;250m [38;2;254;254;254;48;2;247;247;247m:[38;2;173;173;173;48;2;204;204;204m_[38;2;68;68;68;48;2;98;98;98mg[38;2;28;28;28;48;2;12;12;12m~[48;2;0;0;0m         [48;2;1;1;1m [38;2;2;2;2m..[48;2;2;2;2m [38;2;3;3;3m:[48;2;3;3;3m    [48;2;4;4;4m    [38;2;5;5;5m~`[38;2;6;6;6;48;2;5;5;5m"[38;2;7;7;7m~[48;2;6;6;6m:[48;2;7;7;7m [38;2;8;8;8m`[38;2;9;9;9;48;2;8;8;8m"~`[48;2;9;9;9m  [38;2;10;10;10m`[38;2;11;11;11;48;2;10;10;10m~~ [48;2;11;11;11m    [38;2;13;13;13;48;2;12;12;12m"[38;2;14;14;14m~~~[48;2;13;13;13m [38;2;15;15;15;48;2;14;14;14m~[38;2;16;16;16;48;2;15;15;15m~~~[38;2;17;17;17m`~~[48;2;16;16;16m~[48;2;17;17;17m [38;2;19;19;19;48;2;18;18;18m~~~~~~[0m
[38;2;147;147;147;48;2;175;175;175mL[38;2;253;253;253;48;2;252;252;252m.[48;2;251;251;251m [38;2;252;252;252m:[48;2;252;252;252m                                                [48;2;251;251;251m :[38;2;251;251;251;48;2;241;241;241m'[38;2;170;170;170;48;2;193;193;193m7[38;2;168;168;168;48;2;106;106;106my[38;2;114;114;114;48;2;52;52;52m_[38;2;33;33;33;48;2;13;13;13m,[38;2;5;5;5;48;2;3;3;3mw[38;2;1;1;1;48;2;0;0;0mr      ~  "[38;2;2;2;2;48;2;1;1;1m~[48;2;2;2;2m   [38;2;3;3;3m"[48;2;3;3;3m    [48;2;4;4;4m   [38;2;5;5;5m`[38;2;6;6;6;48;2;5;5;5m~[38;2;7;7;7m~~[48;2;6;6;6m~[38;2;8;8;8m~~[38;2;6;6;6;48;2;7;7;7m_[48;2;8;8;8m_ [38;2;10;10;10m~~[38;2;8;8;8;48;2;9;9;9mg[38;2;11;11;11m~[48;2;10;10;10m ~[48;2;9;9;9m~[48;2;10;10;10m [38;2;12;12;12;48;2;11;11;11m`` [38;2;13;13;13m`[48;2;12;12;12m~~~[38;2;14;14;14;48;2;13;13;13m"[38;2;15;15;15m~~[38;2;13;13;13;48;2;14;14;14my[38;2;14;14;14;48;2;15;15;15my[38;2;16;16;16m~[38;2;17;17;17m``````[0m
[38;2;168;168;168;48;2;208;208;208m~[48;2;252;252;252m [38;2;250;250;250;48;2;251;251;251mr[48;2;252;252;252m                                                 [48;2;251;251;251m [38;2;251;251;251;48;2;250;250;250m:[38;2;249;249;249m~[38;2;253;253;253;48;2;247;247;247m.[38;2;208;208;208;48;2;215;215;215m4[38;2;122;122;122;48;2;105;105;105mL[38;2;33;33;33;48;2;23;23;23m,[38;2;6;6;6;48;2;5;5;5mF[38;2;1;1;1;48;2;0;0;0mL           [38;2;2;2;2;48;2;1;1;1m"~~ [48;2;2;2;2m [38;2;3;3;3m~ [48;2;3;3;3m  [38;2;4;4;4m...[48;2;4;4;4m  [38;2;5;5;5m.[48;2;5;5;5m     [38;2;7;7;7;48;2;6;6;6m"[38;2;8;8;8;48;2;7;7;7m~~`[38;2;9;9;9;48;2;8;8;8m":[48;2;9;9;9m   [38;2;10;10;10m:[48;2;10;10;10m     [48;2;11;11;11m [38;2;12;12;12m~~~~[38;2;13;13;13;48;2;12;12;12m~[38;2;14;14;14;48;2;13;13;13m~[38;2;12;12;12m__[48;2;14;14;14m____[0m
[38;2;242;242;242;48;2;250;250;250m`[48;2;252;252;252m [38;2;252;252;252;48;2;251;251;251m:[48;2;252;252;252m                                                   [48;2;251;251;251m [38;2;250;250;250;48;2;248;248;248m`[38;2;220;220;220;48;2;229;229;229m"[38;2;180;180;180;48;2;152;152;152mL[38;2;72;72;72;48;2;45;45;45mL[38;2;6;6;6;48;2;4;4;4mr[38;2;1;1;1;48;2;0;0;0m:           ~~~~~[38;2;2;2;2;48;2;1;1;1m~~ [38;2;3;3;3;48;2;2;2;2m`~~~[38;2;4;4;4;48;2;3;3;3m.[48;2;4;4;4m  [38;2;5;5;5m~~~ `[38;2;6;6;6m~[48;2;5;5;5m~[38;2;5;5;5;48;2;6;6;6my[38;2;7;7;7;48;2;5;5;5m`[48;2;6;6;6m`[38;2;6;6;6;48;2;7;7;7m_[38;2;8;8;8m~~[38;2;9;9;9;48;2;8;8;8m`~~~[38;2;10;10;10;48;2;9;9;9m"  ~[38;2;11;11;11m~[48;2;10;10;10m~~~`[38;2;12;12;12;48;2;11;11;11m~~~~~~~[0m
[7m[38;2;252;252;252m [0m[38;2;0;0;0;48;2;252;252;252m                                                 [38;2;252;252;252;48;2;251;251;251m:[38;2;250;250;250m.[38;2;248;248;248m_[38;2;234;234;234;48;2;250;250;250m_[38;2;214;214;214;48;2;246;246;246m_[38;2;140;140;140;48;2;224;224;224m_[38;2;27;27;27;48;2;177;177;177m_[38;2;178;178;178;48;2;74;74;74m~[38;2;61;61;61;48;2;17;17;17m~[38;2;0;0;0;48;2;1;1;1m.[38;2;1;1;1;48;2;0;0;0m~                  [38;2;0;0;0;48;2;1;1;1m.___[38;2;2;2;2m`[38;2;3;3;3;48;2;2;2;2m~`[38;2;4;4;4;48;2;3;3;3m~~~ ..:[38;2;5;5;5;48;2;4;4;4m~~~ ..:[38;2;7;7;7;48;2;6;6;6m~[38;2;5;5;5;48;2;7;7;7m___[38;2;6;6;6m_[38;2;8;8;8m:[38;2;9;9;9;48;2;8;8;8m~~ ...[48;2;9;9;9m [38;2;10;10;10m...:[48;2;10;10;10m   [0m
[7m[38;2;252;252;252m [0m[38;2;0;0;0;48;2;252;252;252m                                                [38;2;252;252;252;48;2;251;251;251m:[48;2;248;248;248m:[38;2;156;156;156;48;2;225;225;225m_[38;2;73;73;73;48;2;166;166;166my[38;2;176;176;176;48;2;66;66;66m~[38;2;142;142;142;48;2;34;34;34m~[38;2;92;92;92;48;2;17;17;17m~[38;2;22;22;22;48;2;3;3;3m~[48;2;0;0;0m                          [38;2;1;1;1m~[38;2;2;2;2;48;2;1;1;1m`  [48;2;2;2;2m   [48;2;3;3;3m   [48;2;4;4;4m       [38;2;5;5;5m~~~~[38;2;6;6;6;48;2;5;5;5m`~[38;2;5;5;5;48;2;6;6;6my [38;2;8;8;8;48;2;7;7;7m"~~~ [38;2;9;9;9;48;2;8;8;8m~~~`[38;2;10;10;10m~~~[0m
[7m[38;2;252;252;252m [0m[38;2;0;0;0;48;2;252;252;252m                                               [38;2;252;252;252;48;2;251;251;251m`[38;2;254;254;254;48;2;247;247;247m:[38;2;184;184;184;48;2;207;207;207my[38;2;113;113;113;48;2;85;85;85m"[38;2;23;23;23;48;2;11;11;11m~[38;2;5;5;5;48;2;1;1;1m~[38;2;3;3;3m~[38;2;2;2;2;48;2;0;0;0m~                            [38;2;1;1;1m`~`~[38;2;2;2;2;48;2;1;1;1m~`~[38;2;3;3;3;48;2;2;2;2m~~ :[38;2;4;4;4;48;2;3;3;3m~"   [48;2;4;4;4m    [38;2;5;5;5m~~~~~~~`[38;2;7;7;7;48;2;5;5;5m`~~[48;2;6;6;6m~[38;2;5;5;5m_[48;2;7;7;7m___[0m
[7m[38;2;252;252;252m [0m[38;2;0;0;0;48;2;252;252;252m                                                [38;2;253;253;253;48;2;248;248;248m:[38;2;198;198;198;48;2;212;212;212m"[38;2;135;135;135;48;2;115;115;115mF[38;2;49;49;49;48;2;33;33;33mF[38;2;0;0;0;48;2;3;3;3m`[48;2;0;0;0m                                  [38;2;1;1;1m:[48;2;1;1;1m  [48;2;0;0;0m.[48;2;1;1;1m [38;2;2;2;2m~.[48;2;2;2;2m    [38;2;3;3;3m`[38;2;4;4;4;48;2;3;3;3m~~~~~~~~.[48;2;4;4;4m   [38;2;5;5;5m~~~~    [0m
[7m[38;2;252;252;252m [0m[38;2;0;0;0;48;2;252;252;252m                                               [38;2;252;252;252;48;2;251;251;251m:[48;2;241;241;241m'[38;2;192;192;192;48;2;169;169;169mF[38;2;76;76;76;48;2;54;54;54mF[38;2;0;0;0;48;2;5;5;5m:[38;2;1;1;1;48;2;0;0;0m_                                   ``  ````[38;2;2;2;2m`[48;2;1;1;1m``[48;2;2;2;2m [38;2;3;3;3m```````[48;2;3;3;3m [38;2;4;4;4m```........[0m
[7m[38;2;252;252;252m [0m[38;2;0;0;0;48;2;252;252;252m                                               [38;2;252;252;252;48;2;251;251;251m`[38;2;248;248;248;48;2;240;240;240m'[38;2;162;162;162;48;2;197;197;197m~[38;2;185;185;185;48;2;115;115;115my[38;2;203;203;203;48;2;84;84;84m_[38;2;182;182;182;48;2;60;60;60m_[38;2;145;145;145;48;2;36;36;36m_[38;2;116;116;116;48;2;19;19;19m_[48;2;15;15;15m_[38;2;134;134;134;48;2;18;18;18m_[38;2;160;160;160;48;2;24;24;24m_[38;2;167;167;167;48;2;29;29;29m_[38;2;169;169;169;48;2;34;34;34m_[38;2;137;137;137;48;2;27;27;27m_[38;2;82;82;82;48;2;12;12;12m_[38;2;26;26;26;48;2;4;4;4m,[38;2;4;4;4;48;2;1;1;1m,[38;2;3;3;3m_[38;2;1;1;1;48;2;0;0;0m,                               ~`[48;2;1;1;1m       [38;2;2;2;2m`[48;2;2;2;2m            [0m
[7m[38;2;252;252;252m [0m[38;2;0;0;0;48;2;252;252;252m                                               [38;2;252;252;252;48;2;251;251;251m: [38;2;250;250;250m`[38;2;243;243;243;48;2;250;250;250m`[38;2;235;235;235;48;2;246;246;246m~[38;2;220;220;220;48;2;242;242;242m~[38;2;189;189;189;48;2;235;235;235m~[38;2;163;163;163;48;2;230;230;230m~[38;2;162;162;162m~[38;2;178;178;178;48;2;234;234;234m~[38;2;203;203;203;48;2;240;240;240m~[38;2;212;212;212;48;2;242;242;242m~[48;2;239;239;239m~[38;2;182;182;182;48;2;231;231;231m~[38;2;127;127;127;48;2;203;203;203m~[38;2;66;66;66;48;2;147;147;147m~[38;2;82;82;82;48;2;55;55;55mm[38;2;20;20;20;48;2;10;10;10mr[38;2;2;2;2;48;2;1;1;1mL[48;2;0;0;0m                                  [38;2;1;1;1m```````[48;2;1;1;1m [38;2;2;2;2m~~ ........[0m
[7m[38;2;252;252;252m [0m[38;2;0;0;0;48;2;252;252;252m                                                      [38;2;252;252;252;48;2;251;251;251m:....[48;2;252;252;252m [38;2;253;253;253m`[38;2;246;246;246;48;2;237;237;237m`[38;2;160;160;160;48;2;185;185;185m?[38;2;155;155;155;48;2;97;97;97my[38;2;159;159;159;48;2;49;49;49m_[38;2;102;102;102;48;2;22;22;22m_[38;2;40;40;40;48;2;6;6;6m_[38;2;5;5;5;48;2;2;2;2m,[38;2;1;1;1;48;2;0;0;0mw._                                     ```~~~~~~~~[0m
[7m[38;2;252;252;252m [0m[38;2;0;0;0;48;2;252;252;252m                                                             [38;2;253;253;253m'[38;2;243;243;243;48;2;248;248;248m`[38;2;228;228;228;48;2;242;242;242m~[38;2;201;201;201;48;2;235;235;235m~[38;2;147;147;147;48;2;214;214;214m~[38;2;81;81;81;48;2;174;174;174m~[38;2;217;217;217;48;2;102;102;102m_[38;2;157;157;157;48;2;55;55;55m_[38;2;79;79;79;48;2;21;21;21m_[38;2;22;22;22;48;2;5;5;5m,[48;2;0;0;0m                                                [0m
[7m[38;2;252;252;252m [0m[38;2;0;0;0;48;2;252;252;252m                                                               [38;2;252;252;252;48;2;251;251;251m:. [38;2;251;251;251;48;2;249;249;249m:[38;2;228;228;228;48;2;244;244;244m`[38;2;204;204;204;48;2;235;235;235m~[38;2;155;155;155;48;2;214;214;214m~[38;2;86;86;86;48;2;168;168;168m~[38;2;156;156;156;48;2;84;84;84my[38;2;152;152;152;48;2;43;43;43m_[38;2;85;85;85;48;2;14;14;14m_[38;2;26;26;26;48;2;3;3;3m_[48;2;0;0;0m                                            [0m
[7m[38;2;252;252;252m [0m[38;2;0;0;0;48;2;252;252;252m                                                                  [38;2;252;252;252;48;2;251;251;251m:[38;2;250;250;250m"[38;2;249;249;249m~[38;2;248;248;248;48;2;250;250;250m~[38;2;242;242;242;48;2;248;248;248m"[38;2;227;227;227;48;2;244;244;244m"[38;2;197;197;197;48;2;236;236;236m~[38;2;132;132;132;48;2;212;212;212m~[38;2;65;65;65;48;2;167;167;167m~[38;2;214;214;214;48;2;89;89;89m_[38;2;133;133;133;48;2;40;40;40m_[38;2;57;57;57;48;2;12;12;12m,[38;2;3;3;3;48;2;0;0;0m,                                        [0m
[?25h