[?25l[0m[7m[38;2;252;252;252m [0m[38;2;0;0;0;48;2;252;252;252m                                                                                                                       [0m
[7m[38;2;252;252;252m [0m[38;2;0;0;0;48;2;252;252;252m                                           [38;2;243;243;243;48;2;251;251;251m_[38;2;240;240;240m_[38;2;253;253;253m.[38;2;250;250;250ma[38;2;252;252;252m_[38;2;251;251;251;48;2;252;252;252m_                                                                      [0m
[7m[38;2;252;252;252m [0m[38;2;0;0;0;48;2;252;252;252m                                     [38;2;252;252;252;48;2;251;251;251m:[38;2;250;250;250m_[38;2;253;253;253;48;2;252;252;252m.[38;2;248;248;248;48;2;251;251;251m_[38;2;244;244;244m_[38;2;252;252;252;48;2;246;246;246m'[38;2;180;180;180;48;2;221;221;221m=[38;2;105;105;105;48;2;189;189;189m=[38;2;234;234;234;48;2;126;126;126m~[38;2;19;19;19;48;2;169;169;169m_[38;2;94;94;94;48;2;219;219;219m_[38;2;232;232;232;48;2;245;245;245m,[38;2;253;253;253;48;2;251;251;251m. [38;2;252;252;252m:[48;2;252;252;252m                                                                   [0m
[7m[38;2;252;252;252m [0m[38;2;0;0;0;48;2;252;252;252m                                   [38;2;252;252;252;48;2;251;251;251m`[48;2;250;250;250m`[38;2;179;179;179;48;2;239;239;239m_[38;2;98;98;98;48;2;203;203;203m_[38;2;69;69;69;48;2;173;173;173my[38;2;39;39;39;48;2;141;141;141my[38;2;30;30;30;48;2;120;120;120my[38;2;184;184;184;48;2;68;68;68m~[38;2;175;175;175;48;2;59;59;59m~[38;2;156;156;156;48;2;53;53;53m~[38;2;77;77;77;48;2;29;29;29m~[38;2;18;18;18;48;2;6;6;6m~[38;2;66;66;66;48;2;23;23;23m"[38;2;176;176;176;48;2;87;87;87m~[38;2;84;84;84;48;2;192;192;192m_[38;2;172;172;172;48;2;238;238;238m_[38;2;251;251;251;48;2;249;249;249m:[48;2;251;251;251m  [48;2;252;252;252m                                                                 [0m
[7m[38;2;252;252;252m [0m[38;2;0;0;0;48;2;252;252;252m                               [48;2;251;251;251m [38;2;252;252;252m:L`[48;2;240;240;240m`[38;2;107;107;107;48;2;183;183;183m_[38;2;126;126;126;48;2;51;51;51m~[38;2;31;31;31;48;2;7;7;7m~[38;2;3;3;3;48;2;0;0;0m` [38;2;1;1;1m~~~~   `[38;2;34;34;34;48;2;7;7;7m`[38;2;100;100;100;48;2;41;41;41m"[38;2;27;27;27;48;2;147;147;147m_[38;2;128;128;128;48;2;224;224;224m_[38;2;216;216;216;48;2;245;245;245m_[38;2;248;248;248;48;2;250;250;250m,[38;2;250;250;250;48;2;251;251;251m,[38;2;252;252;252m:[48;2;252;252;252m                                                              [0m
[7m[38;2;252;252;252m [0m[38;2;0;0;0;48;2;252;252;252m                            [38;2;252;252;252;48;2;251;251;251m:`[48;2;249;249;249m`[38;2;200;200;200;48;2;232;232;232m_[38;2;107;107;107;48;2;195;195;195my[38;2;57;57;57;48;2;165;165;165my[38;2;49;49;49;48;2;156;156;156my[38;2;42;42;42;48;2;138;138;138my[38;2;82;82;82;48;2;38;38;38m"[38;2;0;0;0;48;2;3;3;3m:[38;2;1;1;1;48;2;0;0;0m`            [38;2;13;13;13;48;2;5;5;5m`[38;2;83;83;83;48;2;24;24;24m~[38;2;74;74;74;48;2;118;118;118m$[38;2;190;190;190;48;2;214;214;214mM[38;2;252;252;252;48;2;248;248;248m:[48;2;251;251;251m :[48;2;252;252;252m                                                             [0m
[7m[38;2;252;252;252m [0m[38;2;0;0;0;48;2;252;252;252m                            [38;2;252;252;252;48;2;251;251;251m: [38;2;247;247;247;48;2;249;249;249m"[38;2;200;200;200;48;2;230;230;230m"[38;2;75;75;75;48;2;176;176;176m~[38;2;176;176;176;48;2;98;98;98my[38;2;84;84;84;48;2;51;51;51mm[38;2;0;0;0;48;2;6;6;6m:[48;2;0;0;0m               [48;2;7;7;7m:[38;2;94;94;94;48;2;65;65;65m=[38;2;130;130;130;48;2;200;200;200m~[38;2;252;252;252;48;2;247;247;247m.[38;2;250;250;250;48;2;251;251;251m_[38;2;252;252;252m:[48;2;252;252;252m                                                              [0m
[7m[38;2;252;252;252m [0m[38;2;0;0;0;48;2;252;252;252m                              [38;2;252;252;252;48;2;251;251;251m:[38;2;251;251;251;48;2;250;250;250m:[38;2;212;212;212;48;2;228;228;228m4[38;2;76;76;76;48;2;125;125;125m4[38;2;6;6;6;48;2;22;22;22m:[38;2;0;0;0;48;2;2;2;2m`[48;2;0;0;0m               [48;2;1;1;1m:[38;2;75;75;75;48;2;56;56;56m4[38;2;182;182;182;48;2;207;207;207mF[38;2;253;253;253;48;2;248;248;248m:[38;2;250;250;250;48;2;251;251;251m7[38;2;252;252;252m:[48;2;252;252;252m                                                              [0m
[7m[38;2;252;252;252m [0m[38;2;0;0;0;48;2;252;252;252m                              [38;2;252;252;252;48;2;251;251;251m: [38;2;243;243;243;48;2;249;249;249m`[38;2;186;186;186;48;2;233;233;233m"[38;2;89;89;89;48;2;201;201;201m~[38;2;203;203;203;48;2;113;113;113my[38;2;232;232;232;48;2;74;74;74m_[38;2;87;87;87;48;2;25;25;25m_[38;2;0;0;0;48;2;3;3;3m:[48;2;0;0;0m            [38;2;1;1;1m`[38;2;37;37;37;48;2;74;74;74m$[38;2;190;190;190;48;2;209;209;209mL[38;2;254;254;254;48;2;249;249;249m`[38;2;250;250;250;48;2;251;251;251m.[38;2;252;252;252m:[48;2;252;252;252m                                                              [0m
[7m[38;2;252;252;252m [0m[38;2;0;0;0;48;2;252;252;252m                                [38;2;253;253;253m` [48;2;251;251;251m [38;2;252;252;252;48;2;250;250;250m`[38;2;246;246;246;48;2;233;233;233m:[38;2;152;152;152;48;2;127;127;127mL[38;2;34;34;34;48;2;16;16;16mL[48;2;0;0;0m            [38;2;1;1;1mi[38;2;60;60;60;48;2;39;39;39m4[38;2;140;140;140;48;2;173;173;173m_[38;2;234;234;234;48;2;243;243;243m,[38;2;248;248;248;48;2;249;249;249mz[38;2;252;252;252;48;2;251;251;251m..[48;2;252;252;252m                                                             [0m
[7m[38;2;252;252;252m [0m[38;2;0;0;0;48;2;252;252;252m                                  [48;2;251;251;251m [48;2;250;250;250m [38;2;232;232;232;48;2;238;238;238m4[38;2;155;155;155;48;2;148;148;148m$[38;2;40;40;40;48;2;19;19;19mL[48;2;0;0;0m            [38;2;1;1;1m`[38;2;0;0;0;48;2;8;8;8m:[38;2;102;102;102;48;2;37;37;37m~[38;2;204;204;204;48;2;85;85;85m~[38;2;24;24;24;48;2;173;173;173m_[38;2;103;103;103;48;2;226;226;226m_[38;2;224;224;224;48;2;245;245;245m,[38;2;252;252;252;48;2;250;250;250m`[38;2;250;250;250;48;2;251;251;251m_ [48;2;252;252;252m                                                          [0m
[7m[38;2;252;252;252m [0m[38;2;0;0;0;48;2;252;252;252m                                  [48;2;251;251;251m [48;2;250;250;250m [38;2;247;247;247;48;2;234;234;234m'[38;2;156;156;156;48;2;134;134;134mF[38;2;35;35;35;48;2;17;17;17mL[48;2;0;0;0m                [38;2;0;0;0;48;2;3;3;3m:[38;2;71;71;71;48;2;19;19;19m"[38;2;166;166;166;48;2;55;55;55m~[38;2;61;61;61;48;2;152;152;152my[38;2;96;96;96;48;2;203;203;203m_[38;2;192;192;192;48;2;244;244;244m_[38;2;233;233;233;48;2;250;250;250m_[38;2;252;252;252;48;2;251;251;251m`:[48;2;252;252;252m                                                       [0m
[7m[38;2;252;252;252m [0m[38;2;0;0;0;48;2;252;252;252m                                 [38;2;252;252;252;48;2;251;251;251m: [38;2;251;251;251;48;2;240;240;240m`[38;2;87;87;87;48;2;179;179;179m_[48;2;47;47;47m^[38;2;0;0;0;48;2;4;4;4m:[48;2;0;0;0m                   [38;2;4;4;4;48;2;2;2;2m`[38;2;59;59;59;48;2;12;12;12m`[38;2;139;139;139;48;2;64;64;64m`[38;2;138;138;138;48;2;192;192;192m=[38;2;252;252;252;48;2;245;245;245m`[48;2;251;251;251m :[48;2;252;252;252m                                                      [0m
[7m[38;2;252;252;252m [0m[38;2;0;0;0;48;2;252;252;252m                                [38;2;252;252;252;48;2;251;251;251m.[38;2;250;250;250mL[38;2;252;252;252;48;2;245;245;245m'[38;2;168;168;168;48;2;198;198;198my[38;2;78;78;78;48;2;43;43;43m~[38;2;0;0;0;48;2;2;2;2m:[48;2;0;0;0m                   [38;2;1;1;1m.[48;2;15;15;15m`[38;2;173;173;173;48;2;74;74;74m_[38;2;127;127;127;48;2;202;202;202m~[38;2;233;233;233;48;2;246;246;246m~[38;2;252;252;252;48;2;251;251;251m_:[48;2;252;252;252m                                                       [0m
[7m[38;2;252;252;252m [0m[38;2;0;0;0;48;2;252;252;252m                                [48;2;251;251;251m [38;2;250;250;250m:[38;2;233;233;233;48;2;239;239;239m4[38;2;175;175;175;48;2;154;154;154mL[38;2;40;40;40;48;2;19;19;19mL[48;2;0;0;0m                   [38;2;1;1;1m*[38;2;37;37;37;48;2;21;21;21mu[38;2;58;58;58;48;2;130;130;130m~[38;2;212;212;212;48;2;235;235;235m~[38;2;252;252;252;48;2;250;250;250m`[48;2;251;251;251m.[48;2;252;252;252m                                                         [0m
[7m[38;2;252;252;252m [0m[38;2;0;0;0;48;2;252;252;252m                                [48;2;251;251;251m [38;2;251;251;251;48;2;250;250;250m`[38;2;245;245;245;48;2;235;235;235m:[38;2;163;163;163;48;2;139;139;139mF[38;2;35;35;35;48;2;17;17;17mL[38;2;1;1;1;48;2;0;0;0m,                   [38;2;72;72;72;48;2;49;49;49m4[38;2;175;175;175;48;2;206;206;206m~[38;2;252;252;252;48;2;248;248;248m:[48;2;251;251;251m :[48;2;252;252;252m                                                         [0m
[7m[38;2;252;252;252m [0m[38;2;0;0;0;48;2;252;252;252m                                [38;2;252;252;252;48;2;251;251;251m. [38;2;243;243;243;48;2;229;229;229m:[38;2;128;128;128;48;2;106;106;106mF[38;2;24;24;24;48;2;11;11;11mL[48;2;0;0;0m                   [38;2;0;0;0;48;2;9;9;9m:[38;2;127;127;127;48;2;81;81;81m_[38;2;215;215;215;48;2;229;229;229m~[38;2;253;253;253;48;2;251;251;251m`[38;2;252;252;252m.[48;2;252;252;252m                                                          [0m
[7m[38;2;252;252;252m [0m[38;2;0;0;0;48;2;252;252;252m                              [38;2;252;252;252;48;2;251;251;251m: [38;2;253;253;253m.[38;2;202;202;202;48;2;237;237;237m_[38;2;90;90;90;48;2;166;166;166my[38;2;77;77;77;48;2;29;29;29m~[38;2;0;0;0;48;2;2;2;2m`[38;2;1;1;1;48;2;0;0;0m`                [38;2;0;0;0;48;2;6;6;6m`[38;2;70;70;70;48;2;39;39;39my[38;2;76;76;76;48;2;148;148;148m~[38;2;156;156;156;48;2;227;227;227m`[38;2;252;252;252;48;2;249;249;249m:[38;2;250;250;250;48;2;251;251;251m~[38;2;252;252;252m:[48;2;252;252;252m                                                          [0m
[7m[38;2;252;252;252m [0m[38;2;0;0;0;48;2;252;252;252m                             [38;2;252;252;252;48;2;251;251;251m: [38;2;250;250;250;48;2;243;243;243m`[38;2;107;107;107;48;2;200;200;200m_[38;2;160;160;160;48;2;73;73;73m~[38;2;31;31;31;48;2;11;11;11m`[48;2;0;0;0m                   [38;2;39;39;39;48;2;25;25;25m4[38;2;138;138;138;48;2;120;120;120mu[38;2;166;166;166;48;2;213;213;213m~[38;2;252;252;252;48;2;245;245;245m`[48;2;251;251;251m [48;2;252;252;252m                                                            [0m
[7m[38;2;252;252;252m [0m[38;2;0;0;0;48;2;252;252;252m                           [38;2;252;252;252;48;2;251;251;251m: [38;2;251;251;251;48;2;247;247;247m`[38;2;167;167;167;48;2;222;222;222m_[38;2;53;53;53;48;2;140;140;140my[38;2;62;62;62;48;2;25;25;25m`[38;2;0;0;0;48;2;1;1;1m:[38;2;1;1;1;48;2;0;0;0m`                   [38;2;0;0;0;48;2;19;19;19m:[38;2;80;80;80;48;2;117;117;117ml[38;2;234;234;234;48;2;241;241;241mL[38;2;252;252;252;48;2;250;250;250my[48;2;251;251;251m:[48;2;252;252;252m                                                            [0m
[7m[38;2;252;252;252m [0m[38;2;0;0;0;48;2;252;252;252m                          [38;2;252;252;252;48;2;251;251;251m: [48;2;240;240;240m`[38;2;133;133;133;48;2;187;187;187my[38;2;118;118;118;48;2;46;46;46m~[38;2;1;1;1;48;2;5;5;5m:[48;2;0;0;0m'                     [38;2;0;0;0;48;2;3;3;3m:[38;2;92;92;92;48;2;69;69;69m4[38;2;217;217;217;48;2;229;229;229mL[38;2;253;253;253;48;2;251;251;251m:[38;2;252;252;252m`[48;2;252;252;252m                                                            [0m
[7m[38;2;252;252;252m [0m[38;2;0;0;0;48;2;252;252;252m                          [48;2;251;251;251m  [38;2;243;243;243;48;2;232;232;232m:[38;2;197;197;197;48;2;132;132;132m_[38;2;0;0;0;48;2;21;21;21m`[38;2;1;1;1;48;2;0;0;0m`                      [38;2;0;0;0;48;2;1;1;1m:[38;2;86;86;86;48;2;61;61;61m4[38;2;213;213;213;48;2;224;224;224mL[38;2;250;250;250;48;2;251;251;251mL [48;2;252;252;252m                                                            [0m
[7m[38;2;252;252;252m [0m[38;2;0;0;0;48;2;252;252;252m                           [38;2;252;252;252;48;2;251;251;251m.[38;2;248;248;248m`[38;2;220;220;220;48;2;236;236;236m"[38;2;88;88;88;48;2;166;166;166m~[38;2;115;115;115;48;2;37;37;37m_[38;2;0;0;0;48;2;4;4;4m`[38;2;1;1;1;48;2;0;0;0m*:+[38;2;0;0;0;48;2;2;2;2m`[38;2;40;40;40;48;2;5;5;5m_[38;2;0;0;0;48;2;1;1;1m`[48;2;0;0;0m               [48;2;9;9;9m:[38;2;111;111;111;48;2;86;86;86m4[38;2;232;232;232;48;2;238;238;238mL[38;2;251;251;251;48;2;252;252;252mv                                                             [0m
[7m[38;2;252;252;252m [0m[38;2;0;0;0;48;2;252;252;252m                            [38;2;252;252;252;48;2;251;251;251m:[38;2;250;250;250m"[38;2;237;237;237;48;2;247;247;247m`[38;2;169;169;169;48;2;228;228;228m~[38;2;92;92;92;48;2;191;191;191m~[38;2;217;217;217;48;2;128;128;128my[38;2;213;213;213;48;2;120;120;120my[38;2;219;219;219;48;2;132;132;132my[38;2;81;81;81;48;2;173;173;173m~[38;2;118;118;118;48;2;85;85;85mr[38;2;22;22;22;48;2;10;10;10mL[48;2;0;0;0m               [38;2;0;0;0;48;2;5;5;5m:[38;2;100;100;100;48;2;76;76;76m4[38;2;222;222;222;48;2;234;234;234mL[38;2;253;253;253;48;2;252;252;252m:[38;2;252;252;252;48;2;251;251;251m`[48;2;252;252;252m                                                            [0m
[7m[38;2;252;252;252m [0m[38;2;0;0;0;48;2;252;252;252m                               [38;2;252;252;252;48;2;251;251;251m: [38;2;250;250;250m?[38;2;252;252;252;48;2;250;250;250m`[48;2;247;247;247m`[38;2;192;192;192;48;2;209;209;209my[38;2;80;80;80;48;2;50;50;50m~[38;2;0;0;0;48;2;2;2;2m:[38;2;1;1;1;48;2;0;0;0m`              [38;2;0;0;0;48;2;1;1;1m:[38;2;79;79;79;48;2;55;55;55m4[38;2;194;194;194;48;2;211;211;211mL[38;2;253;253;253;48;2;249;249;249m`[38;2;250;250;250;48;2;251;251;251m.[38;2;252;252;252m:[48;2;252;252;252m                                                           [0m
[7m[38;2;252;252;252m [0m[38;2;0;0;0;48;2;252;252;252m                                 [38;2;252;252;252;48;2;251;251;251m. [38;2;247;247;247;48;2;232;232;232m'[38;2;93;93;93;48;2;136;136;136my[38;2;0;0;0;48;2;18;18;18m:[48;2;0;0;0m                [38;2;1;1;1m.[38;2;63;63;63;48;2;41;41;41m4[38;2;163;163;163;48;2;183;183;183mL[38;2;242;242;242;48;2;246;246;246mL[48;2;250;250;250m [38;2;252;252;252;48;2;251;251;251m:[48;2;252;252;252m                                                           [0m
[7m[38;2;252;252;252m [0m[38;2;0;0;0;48;2;252;252;252m                                [38;2;252;252;252;48;2;251;251;251m: [48;2;243;243;243m'[38;2;142;142;142;48;2;188;188;188m_[38;2;70;70;70;48;2;35;35;35m~[38;2;0;0;0;48;2;1;1;1m:[48;2;0;0;0m                [38;2;2;2;2;48;2;1;1;1m^[38;2;44;44;44;48;2;29;29;29m4[38;2;134;134;134;48;2;150;150;150m$[38;2;236;236;236;48;2;243;243;243mL[38;2;249;249;249;48;2;250;250;250m.[38;2;252;252;252;48;2;251;251;251m:[48;2;252;252;252m                                                           [0m
[7m[38;2;252;252;252m [0m[38;2;0;0;0;48;2;252;252;252m                                [38;2;252;252;252;48;2;251;251;251m:[38;2;251;251;251;48;2;250;250;250m:[38;2;200;200;200;48;2;222;222;222m_[38;2;126;126;126;48;2;81;81;81m~[38;2;0;0;0;48;2;9;9;9m:[48;2;0;0;0m                  [48;2;18;18;18m:[38;2;93;93;93;48;2;119;119;119m$[38;2;233;233;233;48;2;241;241;241mL[38;2;252;252;252;48;2;251;251;251m_:[48;2;252;252;252m                                                           [0m
[7m[38;2;252;252;252m [0m[38;2;0;0;0;48;2;252;252;252m                               [38;2;252;252;252;48;2;251;251;251m: [38;2;246;246;246;48;2;235;235;235m`[38;2;119;119;119;48;2;154;154;154my[38;2;1;1;1;48;2;23;23;23m:[48;2;0;0;0m                   [38;2;0;0;0;48;2;5;5;5m:[38;2;98;98;98;48;2;73;73;73m4[38;2;218;218;218;48;2;232;232;232mL[38;2;253;253;253;48;2;252;252;252m:[38;2;251;251;251m.                                                           [0m
[7m[38;2;252;252;252m [0m[38;2;0;0;0;48;2;252;252;252m                              [38;2;252;252;252;48;2;251;251;251m:[38;2;250;250;250m,[38;2;252;252;252;48;2;247;247;247m`[38;2;184;184;184;48;2;206;206;206my[38;2;78;78;78;48;2;53;53;53m^[38;2;0;0;0;48;2;3;3;3m:[48;2;0;0;0m                    [38;2;72;72;72;48;2;49;49;49m4[38;2;185;185;185;48;2;203;203;203mL[38;2;253;253;253;48;2;248;248;248m`[48;2;251;251;251m [38;2;252;252;252m:[48;2;252;252;252m                                                          [0m
[7m[38;2;252;252;252m [0m[38;2;0;0;0;48;2;252;252;252m                              [38;2;252;252;252;48;2;251;251;251m. [38;2;242;242;242;48;2;230;230;230m`[38;2;161;161;161;48;2;116;116;116m~[38;2;0;0;0;48;2;15;15;15m:[38;2;1;1;1;48;2;0;0;0m,                   *[38;2;54;54;54;48;2;36;36;36m4[38;2;143;143;143;48;2;167;167;167mL[38;2;238;238;238;48;2;245;245;245mL[48;2;250;250;250m [38;2;252;252;252;48;2;251;251;251m:[48;2;252;252;252m                                                          [0m
[7m[38;2;252;252;252m [0m[38;2;0;0;0;48;2;252;252;252m                             [38;2;252;252;252;48;2;251;251;251m: [48;2;245;245;245m`[38;2;159;159;159;48;2;195;195;195m_[38;2;6;6;6;48;2;44;44;44m.[38;2;0;0;0;48;2;1;1;1m:[48;2;0;0;0m                    [48;2;1;1;1m [38;2;35;35;35;48;2;23;23;23m4[38;2;116;116;116;48;2;135;135;135m$[38;2;234;234;234;48;2;242;242;242mL[48;2;250;250;250m [38;2;252;252;252;48;2;251;251;251m:[48;2;252;252;252m                                                          [0m
[7m[38;2;252;252;252m [0m[38;2;0;0;0;48;2;252;252;252m                             [38;2;252;252;252;48;2;251;251;251m: [38;2;241;241;241;48;2;230;230;230m:[38;2;101;101;101;48;2;129;129;129my[38;2;0;0;0;48;2;15;15;15m:[48;2;0;0;0m                      [48;2;14;14;14m:[38;2;116;116;116;48;2;96;96;96m4[38;2;232;232;232;48;2;240;240;240mL[38;2;252;252;252;48;2;251;251;251m_:[48;2;252;252;252m                                                          [0m
[7m[38;2;252;252;252m [0m[38;2;0;0;0;48;2;252;252;252m                             [38;2;252;252;252;48;2;251;251;251m:[38;2;251;251;251;48;2;249;249;249m:[38;2;198;198;198;48;2;209;209;209my[38;2;69;69;69;48;2;59;59;59mL[38;2;0;0;0;48;2;4;4;4m:[48;2;0;0;0m                      [48;2;4;4;4m:[38;2;98;98;98;48;2;74;74;74m4[38;2;225;225;225;48;2;237;237;237mL[38;2;254;254;254;48;2;253;253;253m:[48;2;252;252;252m                                                           [0m
[7m[38;2;252;252;252m [0m[38;2;0;0;0;48;2;252;252;252m                            [38;2;252;252;252;48;2;251;251;251m. [38;2;246;246;246;48;2;240;240;240m`[38;2;162;162;162;48;2;174;174;174my[38;2;40;40;40;48;2;25;25;25mL[48;2;0;0;0m                       [38;2;0;0;0;48;2;1;1;1m:[38;2;80;80;80;48;2;56;56;56m4[38;2;201;201;201;48;2;217;217;217mL[38;2;253;253;253;48;2;250;250;250m`[48;2;251;251;251m [38;2;252;252;252m:[48;2;252;252;252m                                                         [0m
[7m[38;2;252;252;252m [0m[38;2;0;0;0;48;2;252;252;252m                            [48;2;251;251;251m  [38;2;230;230;230;48;2;237;237;237m4[38;2;141;141;141;48;2;154;154;154m4[38;2;33;33;33;48;2;15;15;15mL[48;2;0;0;0m                        [38;2;76;76;76;48;2;52;52;52m4[38;2;202;202;202;48;2;213;213;213mF[38;2;248;248;248;48;2;250;250;250mL[48;2;251;251;251m [38;2;252;252;252m:[48;2;252;252;252m                                                         [0m
[?25h