[?25l[0m[7m[38;2;0;0;0m [0m[38;2;0;0;0;48;2;0;0;0m                                                          [48;2;1;1;1m   [48;2;2;2;2m   [48;2;3;3;3m   [48;2;4;4;4m      [48;2;5;5;5m [38;2;7;7;7;48;2;6;6;6m:[48;2;7;7;7m [48;2;8;8;8m  [48;2;9;9;9m  [48;2;10;10;10m  [48;2;11;11;11m   [48;2;12;12;12m  [38;2;14;14;14;48;2;13;13;13m:[48;2;15;15;15m  [48;2;16;16;16m [48;2;17;17;17m   [48;2;18;18;18m [48;2;19;19;19m  [48;2;20;20;20m [48;2;22;22;22m  [48;2;23;23;23m [48;2;24;24;24m [48;2;25;25;25m  [48;2;26;26;26m  [48;2;27;27;27m  [48;2;28;28;28m [38;2;30;30;30;48;2;29;29;29m:[38;2;31;31;31;48;2;30;30;30m:[38;2;32;32;32;48;2;31;31;31m:[48;2;32;32;32m [38;2;33;33;33m:[48;2;33;33;33m [38;2;34;34;34m:[48;2;34;34;34m [48;2;36;36;36m [48;2;37;37;37m [0m
[7m[38;2;0;0;0m [0m[38;2;0;0;0;48;2;0;0;0m                                                          [48;2;1;1;1m    [48;2;2;2;2m   [48;2;3;3;3m  [48;2;4;4;4m      [48;2;5;5;5m [38;2;7;7;7;48;2;6;6;6m"[48;2;7;7;7m  [48;2;8;8;8m  [48;2;9;9;9m  [48;2;10;10;10m [48;2;11;11;11m    [48;2;12;12;12m [38;2;14;14;14;48;2;13;13;13m:[48;2;14;14;14m [48;2;15;15;15m [38;2;16;16;16m`[48;2;16;16;16m [48;2;17;17;17m  [48;2;18;18;18m [48;2;19;19;19m  [38;2;20;20;20m~[38;2;22;22;22;48;2;21;21;21m~[48;2;22;22;22m [38;2;23;23;23m:[48;2;23;23;23m [38;2;25;25;25;48;2;24;24;24m.[48;2;25;25;25m [38;2;26;26;26m:[48;2;26;26;26m [48;2;27;27;27m  [38;2;28;28;28m^[38;2;30;30;30;48;2;28;28;28m`[48;2;29;29;29m:[38;2;32;32;32;48;2;31;31;31m`:[38;2;33;33;33;48;2;32;32;32m.[48;2;33;33;33m [38;2;34;34;34m" [38;2;35;35;35;48;2;34;34;34m?[38;2;37;37;37;48;2;35;35;35m~[0m
[7m[38;2;0;0;0m [0m[38;2;0;0;0;48;2;0;0;0m                                                          [38;2;1;1;1m.[48;2;1;1;1m   [48;2;2;2;2m   [48;2;3;3;3m  [38;2;4;4;4m`[48;2;4;4;4m     [48;2;5;5;5m  [38;2;7;7;7;48;2;6;6;6m:[48;2;7;7;7m [48;2;8;8;8m  [48;2;9;9;9m  [48;2;10;10;10m  [48;2;11;11;11m   [48;2;12;12;12m [38;2;14;14;14;48;2;13;13;13m.[48;2;14;14;14m [48;2;15;15;15m  [48;2;16;16;16m [48;2;17;17;17m  [48;2;18;18;18m [48;2;19;19;19m   [48;2;20;20;20m [38;2;22;22;22;48;2;21;21;21m:[48;2;22;22;22m [48;2;23;23;23m [48;2;24;24;24m [38;2;25;25;25m:[38;2;26;26;26;48;2;25;25;25m=:[38;2;27;27;27;48;2;26;26;26m:[48;2;27;27;27m  [48;2;28;28;28m.[38;2;29;29;29m.[48;2;30;30;30m [38;2;32;32;32;48;2;31;31;31m":[38;2;33;33;33;48;2;32;32;32m":[48;2;33;33;33m [38;2;34;34;34m:[48;2;34;34;34m [0m
[7m[38;2;0;0;0m [0m[38;2;0;0;0;48;2;0;0;0m                                                           [48;2;1;1;1m    [48;2;2;2;2m   [48;2;3;3;3m  [48;2;4;4;4m      [38;2;6;6;6;48;2;5;5;5m_[38;2;7;7;7;48;2;6;6;6m:[48;2;7;7;7m [48;2;8;8;8m  [38;2;9;9;9m:[48;2;9;9;9m  [48;2;10;10;10m [38;2;11;11;11m~[48;2;11;11;11m  [38;2;12;12;12m~[38;2;13;13;13;48;2;12;12;12m`[38;2;14;14;14;48;2;13;13;13m:[38;2;15;15;15;48;2;14;14;14m"[48;2;15;15;15m [38;2;16;16;16m"[38;2;17;17;17;48;2;16;16;16m`:[38;2;18;18;18;48;2;17;17;17m"[38;2;19;19;19;48;2;18;18;18m`:[48;2;19;19;19m [38;2;20;20;20m`[38;2;21;21;21;48;2;20;20;20m`[38;2;22;22;22;48;2;21;21;21m~[38;2;23;23;23;48;2;22;22;22m`[48;2;23;23;23m [38;2;24;24;24m`[38;2;25;25;25;48;2;24;24;24m~[48;2;25;25;25m [48;2;26;26;26m [38;2;27;27;27m~[48;2;27;27;27m  [38;2;28;28;28m"[38;2;29;29;29;48;2;28;28;28m`[38;2;30;30;30;48;2;29;29;29m`[38;2;31;31;31;48;2;30;30;30m^[48;2;31;31;31m [38;2;33;33;33;48;2;32;32;32m^.[38;2;34;34;34;48;2;33;33;33m" [0m
[7m[38;2;0;0;0m [0m[38;2;0;0;0;48;2;0;0;0m                                                           [38;2;1;1;1m.[48;2;1;1;1m   [48;2;2;2;2m   [48;2;3;3;3m  [48;2;4;4;4m      [38;2;6;6;6;48;2;5;5;5m~[38;2;5;5;5;48;2;6;6;6m_[48;2;7;7;7m  [38;2;8;8;8m:[38;2;9;9;9;48;2;8;8;8m~ [48;2;9;9;9m [38;2;10;10;10m.[48;2;10;10;10m  [38;2;11;11;11m.[48;2;11;11;11m [38;2;12;12;12m:[48;2;12;12;12m [48;2;13;13;13m_[48;2;14;14;14m [38;2;15;15;15m:[48;2;15;15;15m [38;2;16;16;16m:[38;2;17;17;17;48;2;16;16;16m`[38;2;18;18;18;48;2;17;17;17m`[48;2;18;18;18m [38;2;19;19;19m.:[38;2;21;21;21;48;2;20;20;20m`[38;2;19;19;19m_[38;2;20;20;20;48;2;21;21;21m_[38;2;22;22;22m:[48;2;22;22;22m [48;2;23;23;23m [48;2;24;24;24m [38;2;24;24;24;48;2;25;25;25m_ [48;2;26;26;26m [38;2;27;27;27m.:[48;2;28;28;28m [38;2;29;29;29m.[48;2;29;29;29m [48;2;30;30;30m [38;2;32;32;32;48;2;31;31;31m` [38;2;31;31;31;48;2;32;32;32m_ [0m
[7m[38;2;0;0;0m [0m[38;2;0;0;0;48;2;0;0;0m                                                        [38;2;1;1;1m_:[38;2;2;2;2;48;2;1;1;1mw[38;2;0;0;0m'[38;2;29;29;29;48;2;4;4;4m_[38;2;69;69;69;48;2;10;10;10m_[38;2;101;101;101;48;2;15;15;15m_[38;2;132;132;132;48;2;18;18;18m_[38;2;151;151;151;48;2;20;20;20m_[38;2;156;156;156;48;2;21;21;21m_[38;2;148;148;148m_[38;2;130;130;130;48;2;19;19;19m_[38;2;96;96;96;48;2;15;15;15m_[38;2;52;52;52;48;2;9;9;9m_[38;2;12;12;12;48;2;5;5;5m,[38;2;6;6;6;48;2;4;4;4ma[38;2;5;5;5my, [48;2;5;5;5m [38;2;6;6;6m_[38;2;7;7;7;48;2;6;6;6m:[48;2;7;7;7m  [48;2;8;8;8m [48;2;9;9;9m  [48;2;10;10;10m   [48;2;11;11;11m   [48;2;12;12;12m [38;2;14;14;14;48;2;13;13;13m"[48;2;14;14;14m [48;2;15;15;15m  [48;2;16;16;16m [48;2;17;17;17m [38;2;18;18;18m:[48;2;18;18;18m  [48;2;19;19;19m  [38;2;20;20;20m`[48;2;20;20;20m [38;2;22;22;22;48;2;21;21;21m:[38;2;23;23;23;48;2;22;22;22m`[38;2;24;24;24;48;2;23;23;23m` [48;2;24;24;24m [48;2;25;25;25m  [38;2;27;27;27;48;2;26;26;26m`.[38;2;28;28;28;48;2;27;27;27m`[48;2;28;28;28m [38;2;30;30;30;48;2;29;29;29m` [38;2;31;31;31;48;2;30;30;30m`~[48;2;31;31;31m [0m
[7m[38;2;0;0;0m [0m[38;2;0;0;0;48;2;0;0;0m                                                     [38;2;3;3;3m_[38;2;0;0;0;48;2;2;2;2m`[38;2;70;70;70;48;2;13;13;13m_[38;2;155;155;155;48;2;45;45;45m_[38;2;234;234;234;48;2;82;82;82m_[38;2;204;204;204;48;2;112;112;112my[38;2;51;51;51;48;2;179;179;179m~[38;2;84;84;84;48;2;207;207;207m~[38;2;116;116;116;48;2;218;218;218m~[38;2;146;146;146;48;2;225;225;225m~[38;2;175;175;175;48;2;233;233;233m~[38;2;196;196;196;48;2;238;238;238m~[38;2;202;202;202;48;2;239;239;239m~[38;2;195;195;195;48;2;237;237;237m~[38;2;177;177;177;48;2;232;232;232m~[38;2;145;145;145;48;2;224;224;224m~[38;2;107;107;107;48;2;214;214;214m~[38;2;64;64;64;48;2;184;184;184m~[38;2;197;197;197;48;2;104;104;104my[38;2;169;169;169;48;2;58;58;58m_[38;2;62;62;62;48;2;18;18;18m_[38;2;11;11;11;48;2;7;7;7m,[38;2;7;7;7;48;2;6;6;6m_[38;2;6;6;6;48;2;5;5;5m~[38;2;7;7;7m~[38;2;5;5;5;48;2;6;6;6m_[48;2;7;7;7m [48;2;8;8;8m  [48;2;9;9;9m  [38;2;10;10;10m.[48;2;10;10;10m [38;2;11;11;11m:[48;2;11;11;11m   [48;2;12;12;12m [38;2;14;14;14;48;2;13;13;13m:[48;2;15;15;15m  [48;2;16;16;16m [38;2;17;17;17m~`[38;2;18;18;18;48;2;17;17;17m"`[38;2;19;19;19;48;2;18;18;18m.[48;2;19;19;19m  [38;2;21;21;21;48;2;20;20;20m`:[48;2;22;22;22m  [48;2;23;23;23m [48;2;24;24;24m [38;2;25;25;25m"~:[48;2;25;25;25m [38;2;27;27;27;48;2;26;26;26m"[38;2;28;28;28m~[38;2;29;29;29;48;2;27;27;27m~~[48;2;28;28;28m~[38;2;30;30;30;48;2;29;29;29m~~[0m
[7m[38;2;0;0;0m [0m[38;2;0;0;0;48;2;0;0;0m                                                    [38;2;1;1;1;48;2;10;10;10m:[38;2;152;152;152;48;2;48;48;48m_[38;2;47;47;47;48;2;161;161;161m~[38;2;156;156;156;48;2;223;223;223m~[38;2;208;208;208;48;2;243;243;243m~[38;2;242;242;242;48;2;250;250;250m~[38;2;250;250;250;48;2;251;251;251mF=  [38;2;249;249;249m"[38;2;250;250;250m` [38;2;252;252;252m..[38;2;250;250;250m``[38;2;252;252;252m:[38;2;250;250;250m?[38;2;253;253;253;48;2;250;250;250m`[38;2;201;201;201;48;2;240;240;240m`[38;2;130;130;130;48;2;201;201;201m~[38;2;212;212;212;48;2;99;99;99m_[38;2;96;96;96;48;2;31;31;31m_[38;2;23;23;23;48;2;9;9;9m,[38;2;7;7;7;48;2;6;6;6myy[48;2;7;7;7m [48;2;8;8;8m  [38;2;9;9;9m.[48;2;9;9;9m   [38;2;11;11;11;48;2;10;10;10m.[48;2;11;11;11m   [48;2;12;12;12m [38;2;12;12;12;48;2;13;13;13m,[38;2;15;15;15;48;2;14;14;14m"[38;2;13;13;13m_[38;2;14;14;14;48;2;15;15;15m_[38;2;16;16;16m.[48;2;16;16;16m [38;2;17;17;17m.[48;2;17;17;17m [38;2;19;19;19;48;2;18;18;18m`.[48;2;19;19;19m [38;2;20;20;20m`[48;2;20;20;20m [38;2;22;22;22;48;2;21;21;21m.[48;2;22;22;22m  [38;2;24;24;24;48;2;23;23;23m~  [38;2;25;25;25;48;2;24;24;24m` [38;2;26;26;26;48;2;25;25;25m` :[48;2;26;26;26m [38;2;28;28;28;48;2;27;27;27m"[38;2;29;29;29m``[0m
[7m[38;2;0;0;0m [0m[38;2;0;0;0;48;2;0;0;0m                                                  [48;2;1;1;1m`[38;2;61;61;61;48;2;27;27;27m_[38;2;52;52;52;48;2;140;140;140m~[38;2;188;188;188;48;2;228;228;228m"[38;2;251;251;251;48;2;249;249;249m:[38;2;249;249;249;48;2;251;251;251m~[38;2;252;252;252m:[48;2;252;252;252m               [48;2;251;251;251m `[38;2;241;241;241;48;2;248;248;248m`[38;2;142;142;142;48;2;203;203;203m~[38;2;122;122;122;48;2;71;71;71mL[38;2;38;38;38;48;2;12;12;12m,[38;2;6;6;6;48;2;7;7;7m,[38;2;8;8;8m,```[48;2;8;8;8m [38;2;9;9;9m`[48;2;9;9;9m [38;2;10;10;10m`[38;2;11;11;11;48;2;10;10;10m``[48;2;11;11;11m [38;2;12;12;12m```[38;2;13;13;13;48;2;12;12;12m``[38;2;14;14;14;48;2;13;13;13m:[48;2;15;15;15m [48;2;16;16;16m [38;2;17;17;17m`:[38;2;18;18;18;48;2;17;17;17m`:[38;2;19;19;19;48;2;18;18;18m``[38;2;20;20;20;48;2;19;19;19m~[38;2;21;21;21m~~[38;2;22;22;22;48;2;21;21;21m"[48;2;22;22;22m  [48;2;23;23;23m  [48;2;24;24;24m [38;2;25;25;25m":[48;2;25;25;25m [38;2;26;26;26m:[38;2;27;27;27;48;2;26;26;26m"~[0m
[7m[38;2;0;0;0m [0m[38;2;0;0;0;48;2;0;0;0m                                                 [38;2;1;1;1;48;2;2;2;2m`[38;2;76;76;76;48;2;39;39;39m_[38;2;95;95;95;48;2;167;167;167m~[38;2;225;225;225;48;2;243;243;243m~[38;2;250;250;250;48;2;251;251;251m:[48;2;252;252;252m                   [38;2;252;252;252;48;2;251;251;251m:[38;2;250;250;250m?[38;2;253;253;253;48;2;249;249;249m`[38;2;166;166;166;48;2;203;203;203m~[38;2;113;113;113;48;2;67;67;67mL[38;2;23;23;23;48;2;8;8;8m,[38;2;8;8;8;48;2;6;6;6m` [38;2;5;5;5my_[48;2;7;7;7m [38;2;8;8;8m`[48;2;8;8;8m [48;2;9;9;9m  [48;2;10;10;10m  [48;2;11;11;11m    [38;2;12;12;12m`[38;2;13;13;13;48;2;12;12;12m~[48;2;14;14;14mL[38;2;16;16;16;48;2;15;15;15m"[48;2;16;16;16m  [38;2;17;17;17m"?[48;2;17;17;17m [38;2;18;18;18m~[38;2;17;17;17;48;2;18;18;18my [48;2;19;19;19m [38;2;20;20;20m?[38;2;19;19;19;48;2;21;21;21my[38;2;20;20;20m_[38;2;22;22;22m~[38;2;23;23;23;48;2;22;22;22m~[38;2;24;24;24;48;2;23;23;23m^ ~[38;2;25;25;25;48;2;24;24;24m~~[38;2;26;26;26;48;2;25;25;25m~[38;2;24;24;24my[0m
[7m[38;2;0;0;0m [0m[38;2;0;0;0;48;2;0;0;0m                                                 [48;2;8;8;8m'[38;2;105;105;105;48;2;73;73;73m4[38;2;154;154;154;48;2;217;217;217m_[38;2;253;253;253;48;2;249;249;249m:[38;2;250;250;250;48;2;251;251;251m_[38;2;252;252;252m:[48;2;252;252;252m                   [48;2;251;251;251m:[38;2;249;249;249;48;2;250;250;250m*[38;2;253;253;253;48;2;247;247;247m:[38;2;139;139;139;48;2;170;170;170m~[38;2;78;78;78;48;2;45;45;45mL[38;2;4;4;4;48;2;6;6;6mL[38;2;6;6;6;48;2;5;5;5m~  [38;2;7;7;7;48;2;6;6;6m:[48;2;7;7;7m [48;2;8;8;8m  [48;2;9;9;9m [48;2;10;10;10m  [38;2;11;11;11m.[48;2;11;11;11m     [48;2;13;13;13m [38;2;13;13;13;48;2;14;14;14m,[38;2;16;16;16;48;2;15;15;15m``  [38;2;17;17;17;48;2;16;16;16m:[48;2;17;17;17m   [48;2;18;18;18m [48;2;19;19;19m  [48;2;20;20;20m [48;2;21;21;21m  [48;2;22;22;22m [38;2;23;23;23m:[48;2;23;23;23m [38;2;24;24;24m:[48;2;24;24;24m   [0m
[7m[38;2;0;0;0m [0m[38;2;0;0;0;48;2;0;0;0m                                                 [38;2;1;1;1mF[38;2;29;29;29;48;2;14;14;14m"[38;2;127;127;127;48;2;85;85;85m~[38;2;125;125;125;48;2;207;207;207m_[38;2;230;230;230;48;2;245;245;245m,[38;2;235;235;235;48;2;251;251;251m_[38;2;247;247;247;48;2;252;252;252m_                  [38;2;252;252;252;48;2;251;251;251m: [38;2;253;253;253m:[38;2;211;211;211;48;2;223;223;223m"[38;2;115;115;115;48;2;83;83;83mi[38;2;10;10;10;48;2;5;5;5m, [38;2;6;6;6m: [38;2;7;7;7;48;2;6;6;6m:[48;2;7;7;7m [38;2;8;8;8m~ [38;2;9;9;9;48;2;8;8;8m`[38;2;10;10;10m`[48;2;9;9;9m"~[38;2;11;11;11m`[48;2;10;10;10m"[48;2;11;11;11m   [38;2;12;12;12m~[38;2;13;13;13;48;2;12;12;12m`~[38;2;14;14;14m~`[48;2;13;13;13m~[48;2;15;15;15m [38;2;17;17;17;48;2;16;16;16m~ [48;2;17;17;17m [38;2;18;18;18m`[38;2;19;19;19;48;2;18;18;18m`~[38;2;20;20;20m~[38;2;21;21;21;48;2;19;19;19m``[48;2;20;20;20m`[38;2;22;22;22;48;2;21;21;21m`[38;2;23;23;23m`~[48;2;22;22;22m~[38;2;24;24;24;48;2;23;23;23m~~[0m
[7m[38;2;0;0;0m [0m[38;2;0;0;0;48;2;0;0;0m                                                   [38;2;11;11;11;48;2;3;3;3m`[38;2;77;77;77;48;2;30;30;30m"[38;2;37;37;37;48;2;113;113;113my[38;2;211;211;211;48;2;114;114;114m~[38;2;143;143;143;48;2;199;199;199m+[38;2;242;242;242;48;2;248;248;248mr[38;2;252;252;252;48;2;251;251;251m~:[48;2;252;252;252m                [48;2;251;251;251m.[38;2;253;253;253;48;2;252;252;252m.[38;2;251;251;251;48;2;243;243;243m:[38;2;131;131;131;48;2;106;106;106ml[38;2;18;18;18;48;2;11;11;11mL[48;2;5;5;5m   [38;2;5;5;5;48;2;6;6;6m_  [38;2;7;7;7m`[48;2;7;7;7m [48;2;8;8;8m [38;2;9;9;9m..[48;2;9;9;9m [38;2;10;10;10m:[48;2;10;10;10m  [38;2;11;11;11m..[48;2;11;11;11m [38;2;12;12;12m..[48;2;12;12;12m  [48;2;14;14;14m [38;2;14;14;14;48;2;15;15;15m_ [38;2;15;15;15;48;2;16;16;16my_[38;2;18;18;18m`[48;2;17;17;17m ~[38;2;19;19;19;48;2;18;18;18m" [38;2;20;20;20;48;2;19;19;19m~[38;2;19;19;19;48;2;20;20;20m__ [38;2;21;21;21;48;2;19;19;19m~[38;2;22;22;22;48;2;20;20;20m`"[0m
[7m[38;2;0;0;0m [0m[38;2;0;0;0;48;2;0;0;0m                                                    [38;2;1;1;1m![38;2;28;28;28;48;2;15;15;15mJ[38;2;125;125;125;48;2;83;83;83m4[38;2;137;137;137;48;2;204;204;204m_[38;2;252;252;252;48;2;246;246;246m`[48;2;251;251;251m :[48;2;252;252;252m                 [48;2;253;253;253m [38;2;253;253;253;48;2;244;244;244m:[38;2;132;132;132;48;2;107;107;107ml[38;2;18;18;18;48;2;11;11;11mL[48;2;5;5;5m  [48;2;4;4;4m [48;2;5;5;5m    [38;2;7;7;7;48;2;6;6;6m:[48;2;7;7;7m [48;2;8;8;8m  [48;2;9;9;9m    [48;2;10;10;10m  [38;2;11;11;11m~ [48;2;11;11;11m [38;2;12;12;12m~[48;2;12;12;12m [38;2;13;13;13m`[38;2;14;14;14;48;2;13;13;13m.[48;2;14;14;14m  [38;2;15;15;15m"[38;2;16;16;16;48;2;15;15;15m`:[38;2;17;17;17;48;2;16;16;16m" [48;2;17;17;17m [48;2;18;18;18m  [38;2;19;19;19m~[48;2;19;19;19m    [0m
[7m[38;2;0;0;0m [0m[38;2;0;0;0;48;2;0;0;0m                                                     [38;2;1;1;1m~[38;2;0;0;0;48;2;5;5;5m'[38;2;101;101;101;48;2;49;49;49m"[38;2;65;65;65;48;2;169;169;169m_[38;2;199;199;199;48;2;238;238;238m_[38;2;252;252;252;48;2;249;249;249m`[48;2;251;251;251m:[48;2;252;252;252m               [48;2;251;251;251m`[38;2;254;254;254;48;2;252;252;252m.[38;2;252;252;252;48;2;238;238;238m`[38;2;125;125;125;48;2;99;99;99ml[38;2;13;13;13;48;2;8;8;8m~[38;2;6;6;6;48;2;4;4;4m"[38;2;5;5;5m~[38;2;4;4;4;48;2;3;3;3m`[38;2;5;5;5;48;2;4;4;4m~~ [48;2;5;5;5m [38;2;6;6;6m~[38;2;7;7;7m~[38;2;8;8;8;48;2;6;6;6m~[38;2;6;6;6;48;2;7;7;7my[38;2;9;9;9;48;2;8;8;8m~~~`[38;2;10;10;10;48;2;9;9;9m~~~`[38;2;11;11;11;48;2;10;10;10m~[48;2;11;11;11m [38;2;12;12;12m~:[38;2;13;13;13;48;2;12;12;12m~[38;2;14;14;14m~~[48;2;13;13;13m [38;2;13;13;13;48;2;14;14;14m,[38;2;16;16;16m`[48;2;15;15;15m~.[38;2;17;17;17;48;2;16;16;16m``[38;2;18;18;18m`[48;2;17;17;17m"[38;2;19;19;19;48;2;18;18;18m"~~~[0m
[7m[38;2;0;0;0m [0m[38;2;0;0;0;48;2;0;0;0m                                                       [38;2;1;1;1m![38;2;39;39;39;48;2;17;17;17m"[38;2;159;159;159;48;2;80;80;80m~[38;2;45;45;45;48;2;185;185;185m_[38;2;182;182;182;48;2;221;221;221my[38;2;252;252;252;48;2;247;247;247m`[38;2;250;250;250;48;2;251;251;251m_[38;2;252;252;252m:[48;2;252;252;252m            [48;2;251;251;251m [38;2;254;254;254;48;2;252;252;252m:[38;2;239;239;239;48;2;229;229;229m'[38;2;117;117;117;48;2;86;86;86ml[38;2;5;5;5;48;2;4;4;4mL[48;2;3;3;3m   [48;2;4;4;4m    :[48;2;5;5;5m   [38;2;7;7;7;48;2;6;6;6m"[48;2;7;7;7m [38;2;8;8;8m.[48;2;8;8;8m [38;2;9;9;9m.[48;2;9;9;9m   [48;2;10;10;10m  [38;2;11;11;11m.[48;2;11;11;11m   [38;2;12;12;12m~[48;2;12;12;12m [38;2;14;14;14;48;2;13;13;13m`[38;2;12;12;12myy[38;2;13;13;13;48;2;14;14;14m_[38;2;14;14;14;48;2;15;15;15m_  [38;2;16;16;16m.[38;2;17;17;17;48;2;16;16;16m~   [0m
[7m[38;2;0;0;0m [0m[38;2;0;0;0;48;2;0;0;0m                                                        [38;2;1;1;1m`[38;2;4;4;4;48;2;1;1;1m`[38;2;65;65;65;48;2;47;47;47m4[38;2;164;164;164;48;2;196;196;196m~[38;2;251;251;251;48;2;247;247;247m`[48;2;250;250;250m [38;2;252;252;252;48;2;251;251;251m:[48;2;252;252;252m            [48;2;251;251;251m [38;2;254;254;254;48;2;252;252;252m.[38;2;233;233;233;48;2;225;225;225m'[38;2;114;114;114;48;2;84;84;84ml[38;2;4;4;4;48;2;3;3;3mF[48;2;2;2;2m [48;2;3;3;3m` ````[48;2;4;4;4m [38;2;5;5;5m```[38;2;6;6;6;48;2;5;5;5m```[38;2;7;7;7;48;2;6;6;6m:[38;2;8;8;8;48;2;7;7;7m``[38;2;9;9;9;48;2;8;8;8m` [38;2;10;10;10;48;2;9;9;9m````[48;2;10;10;10m [38;2;11;11;11m``[48;2;11;11;11m [38;2;12;12;12m`.[48;2;12;12;12m [38;2;13;13;13m`[38;2;14;14;14;48;2;13;13;13m~[38;2;15;15;15;48;2;14;14;14m```~[38;2;16;16;16m`[48;2;15;15;15m``[0m
[7m[38;2;0;0;0m [0m[38;2;0;0;0;48;2;0;0;0m                                                       [48;2;3;3;3m:[38;2;106;106;106;48;2;18;18;18m_[38;2;189;189;189;48;2;66;66;66m_[38;2;57;57;57;48;2;159;159;159m~[38;2;218;218;218;48;2;238;238;238m~[38;2;253;253;253;48;2;251;251;251m` [48;2;252;252;252m             [48;2;251;251;251m [38;2;254;254;254m:[38;2;233;233;233;48;2;224;224;224m'[38;2;113;113;113;48;2;83;83;83ml[38;2;5;5;5;48;2;3;3;3mL[38;2;3;3;3;48;2;2;2;2m`   [48;2;3;3;3m      [38;2;4;4;4m`[48;2;4;4;4m  [38;2;5;5;5m`[38;2;7;7;7;48;2;5;5;5m`[38;2;5;5;5;48;2;6;6;6my_[48;2;7;7;7m [48;2;8;8;8m    [38;2;9;9;9m`[48;2;9;9;9m  [38;2;10;10;10m`[38;2;9;9;9;48;2;10;10;10m_ [48;2;11;11;11m    [38;2;13;13;13;48;2;12;12;12m~~[38;2;11;11;11;48;2;13;13;13my[38;2;12;12;12m___[38;2;15;15;15;48;2;14;14;14m~[0m
[7m[38;2;0;0;0m [0m[38;2;0;0;0;48;2;0;0;0m                                                    [38;2;1;1;1m+[38;2;0;0;0;48;2;17;17;17m`[38;2;192;192;192;48;2;65;65;65m_[38;2;28;28;28;48;2;163;163;163m~[38;2;147;147;147;48;2;220;220;220m~[38;2;230;230;230;48;2;246;246;246m~[38;2;248;248;248;48;2;251;251;251m`[38;2;252;252;252m.[48;2;252;252;252m               [48;2;251;251;251m [38;2;254;254;254;48;2;252;252;252m`[38;2;241;241;241;48;2;231;231;231m:[38;2;119;119;119;48;2;89;89;89ml[38;2;6;6;6;48;2;4;4;4mr[48;2;1;1;1m [48;2;2;2;2m   [38;2;3;3;3m`~~[48;2;3;3;3m    [48;2;4;4;4m   [48;2;5;5;5m   [38;2;7;7;7;48;2;6;6;6m:[38;2;8;8;8;48;2;7;7;7m```[48;2;8;8;8m  [48;2;9;9;9m    [48;2;10;10;10m [38;2;11;11;11m` [48;2;11;11;11m      [48;2;12;12;12m  [38;2;13;13;13m`[0m
[7m[38;2;0;0;0m [0m[38;2;0;0;0;48;2;0;0;0m                                                    [48;2;1;1;1m [38;2;53;53;53;48;2;39;39;39m4[38;2;146;146;146;48;2;174;174;174mm[38;2;240;240;240;48;2;246;246;246mL[48;2;250;250;250m [38;2;252;252;252;48;2;251;251;251m:[48;2;252;252;252m                 [48;2;251;251;251m: [38;2;253;253;253;48;2;244;244;244m:[38;2;140;140;140;48;2;117;117;117mi[38;2;32;32;32;48;2;17;17;17mL[48;2;2;2;2m  [48;2;1;1;1m  [48;2;2;2;2m    [48;2;3;3;3m   [38;2;4;4;4m~~`[38;2;5;5;5;48;2;4;4;4m" `[38;2;7;7;7;48;2;5;5;5m`~~[38;2;5;5;5;48;2;6;6;6my[38;2;6;6;6;48;2;7;7;7m_ [38;2;9;9;9;48;2;8;8;8m`~~~[38;2;10;10;10m`[48;2;9;9;9m~~[38;2;11;11;11m`[48;2;10;10;10m`~   [38;2;12;12;12;48;2;11;11;11m`~~[0m
[7m[38;2;0;0;0m [0m[38;2;0;0;0;48;2;0;0;0m                                                   [38;2;1;1;1m:[48;2;22;22;22m:[38;2;157;157;157;48;2;96;96;96my[38;2;181;181;181;48;2;226;226;226m~[38;2;253;253;253;48;2;249;249;249m`[48;2;251;251;251m [38;2;252;252;252m:[48;2;252;252;252m                 [48;2;251;251;251m:[48;2;250;250;250m [38;2;253;253;253;48;2;246;246;246m`[38;2;132;132;132;48;2;154;154;154m4[38;2;59;59;59;48;2;36;36;36mL[38;2;2;2;2;48;2;3;3;3mL[48;2;1;1;1m~  ~~[48;2;2;2;2m  [38;2;3;3;3m~[48;2;3;3;3m     [48;2;4;4;4m [38;2;4;4;4;48;2;3;3;3m:[38;2;5;5;5;48;2;4;4;4m~.:~~[38;2;6;6;6;48;2;5;5;5m`~~[38;2;7;7;7;48;2;6;6;6m~[38;2;8;8;8m~~[48;2;7;7;7m~[48;2;8;8;8m [38;2;9;9;9m~~.[48;2;9;9;9m [38;2;10;10;10m:[48;2;10;10;10m   [38;2;11;11;11m:[48;2;11;11;11m [0m
[7m[38;2;0;0;0m [0m[38;2;0;0;0;48;2;0;0;0m                                                  [38;2;1;1;1mi[38;2;39;39;39;48;2;25;25;25mu[38;2;75;75;75;48;2;134;134;134m~[38;2;213;213;213;48;2;238;238;238m~[38;2;249;249;249;48;2;250;250;250m:[48;2;251;251;251m [38;2;252;252;252m:[48;2;252;252;252m                  [48;2;251;251;251m:[48;2;250;250;250m [38;2;253;253;253;48;2;248;248;248m`[38;2;167;167;167;48;2;182;182;182m4[38;2;83;83;83;48;2;52;52;52mL[38;2;1;1;1;48;2;2;2;2m_[48;2;1;1;1m [48;2;0;0;0m....[48;2;1;1;1m  [38;2;2;2;2m.[48;2;2;2;2m [38;2;3;3;3m:[48;2;3;3;3m      [48;2;4;4;4m     [38;2;5;5;5m~ ..:[38;2;7;7;7;48;2;6;6;6m`[38;2;5;5;5m___[48;2;7;7;7m [38;2;9;9;9;48;2;8;8;8m~~~~[38;2;10;10;10;48;2;9;9;9m`~~[0m
[7m[38;2;0;0;0m [0m[38;2;0;0;0;48;2;0;0;0m                                                 [38;2;1;1;1m+[38;2;43;43;43;48;2;17;17;17m_[38;2;62;62;62;48;2;119;119;119mF[38;2;183;183;183;48;2;226;226;226m~[38;2;253;253;253;48;2;249;249;249m`[38;2;252;252;252;48;2;251;251;251my:[48;2;252;252;252m                   [48;2;251;251;251m:[38;2;251;251;251;48;2;250;250;250m:[38;2;253;253;253m`[38;2;202;202;202;48;2;213;213;213m"[38;2;106;106;106;48;2;73;73;73ml[38;2;2;2;2;48;2;1;1;1m.[38;2;1;1;1;48;2;0;0;0m`      `[48;2;1;1;1m [38;2;3;3;3;48;2;2;2;2m`~ [48;2;3;3;3m     [48;2;4;4;4m         [48;2;5;5;5m    [38;2;6;6;6m~[38;2;7;7;7m~~~[48;2;6;6;6m~[38;2;8;8;8;48;2;7;7;7m`[38;2;9;9;9m~~[0m
[7m[38;2;0;0;0m [0m[38;2;0;0;0;48;2;0;0;0m                                                [38;2;1;1;1m_[38;2;0;0;0;48;2;13;13;13m:[38;2;59;59;59;48;2;107;107;107mF[38;2;206;206;206;48;2;232;232;232m"[38;2;253;253;253;48;2;250;250;250m`[38;2;249;249;249;48;2;251;251;251m`[38;2;252;252;252m:[48;2;252;252;252m                     [48;2;251;251;251m [38;2;254;254;254;48;2;252;252;252m:[38;2;244;244;244;48;2;232;232;232m.[38;2;121;121;121;48;2;89;89;89ml[38;2;6;6;6;48;2;4;4;4mr[48;2;0;0;0m        [38;2;1;1;1m`[38;2;2;2;2;48;2;1;1;1m" .:[38;2;3;3;3;48;2;2;2;2m~~~~..:[38;2;2;2;2;48;2;3;3;3m_ [48;2;4;4;4m      [38;2;5;5;5m~~..[48;2;5;5;5m  [48;2;6;6;6m [38;2;7;7;7m.[48;2;7;7;7m  [0m
[7m[38;2;0;0;0m [0m[38;2;0;0;0;48;2;0;0;0m                                                [38;2;1;1;1m:[38;2;55;55;55;48;2;36;36;36m4[38;2;143;143;143;48;2;163;163;163mF[38;2;241;241;241;48;2;245;245;245mL[38;2;249;249;249;48;2;250;250;250m:[38;2;252;252;252;48;2;251;251;251m:[48;2;252;252;252m                      [48;2;251;251;251m [48;2;253;253;253m [38;2;245;245;245;48;2;237;237;237m:[38;2;125;125;125;48;2;94;94;94ml[38;2;8;8;8;48;2;5;5;5mL[48;2;0;0;0m            [48;2;1;1;1m [38;2;2;2;2m~~~~[48;2;2;2;2m    [48;2;3;3;3m     [48;2;4;4;4m      [38;2;5;5;5m"~~`[38;2;6;6;6m``[0m
[7m[38;2;0;0;0m [0m[38;2;0;0;0;48;2;0;0;0m                                                 [48;2;29;29;29m:[38;2;102;102;102;48;2;137;137;137mL[38;2;238;238;238;48;2;244;244;244mL[48;2;250;250;250m [38;2;252;252;252;48;2;251;251;251m:[48;2;252;252;252m                      [48;2;251;251;251m [38;2;253;253;253;48;2;252;252;252m.[38;2;247;247;247;48;2;239;239;239m:[38;2;127;127;127;48;2;97;97;97ml[38;2;10;10;10;48;2;5;5;5mL[48;2;0;0;0m             [38;2;1;1;1m...:[48;2;1;1;1m [38;2;2;2;2m.[48;2;2;2;2m  [38;2;3;3;3m~~~~ [48;2;3;3;3m    [38;2;4;4;4m....[48;2;4;4;4m    [0m
[7m[38;2;0;0;0m [0m[38;2;0;0;0;48;2;0;0;0m                                                 [48;2;3;3;3m:[38;2;85;85;85;48;2;61;61;61m4[38;2;167;167;167;48;2;211;211;211m_[38;2;253;253;253;48;2;249;249;249m:[38;2;252;252;252;48;2;251;251;251m":[48;2;252;252;252m                     [48;2;251;251;251m [38;2;253;253;253;48;2;252;252;252m"[38;2;251;251;251;48;2;243;243;243m:[38;2;132;132;132;48;2;105;105;105ml[38;2;16;16;16;48;2;9;9;9mL[48;2;0;0;0m                  [48;2;1;1;1m [38;2;2;2;2m~~~ [48;2;2;2;2m   [38;2;3;3;3m~ [48;2;3;3;3m          [0m
[7m[38;2;0;0;0m [0m[38;2;0;0;0;48;2;0;0;0m                                                  [48;2;21;21;21m:[38;2;82;82;82;48;2;122;122;122mL[38;2;253;253;253;48;2;239;239;239m`[48;2;251;251;251m_[38;2;252;252;252m:[48;2;252;252;252m                     [48;2;251;251;251m [38;2;253;253;253;48;2;252;252;252m#[38;2;249;249;249;48;2;240;240;240m`[38;2;128;128;128;48;2;100;100;100ml[38;2;11;11;11;48;2;7;7;7mL[38;2;1;1;1;48;2;0;0;0m_                 `~~ [48;2;1;1;1m  [38;2;2;2;2m~~~`[38;2;3;3;3;48;2;2;2;2m" ..~~~~~~[0m
[7m[38;2;0;0;0m [0m[38;2;0;0;0;48;2;0;0;0m                                                  [38;2;1;1;1m`[38;2;74;74;74;48;2;51;51;51m4[38;2;177;177;177;48;2;201;201;201mL[38;2;254;254;254;48;2;248;248;248m`[38;2;250;250;250;48;2;251;251;251m:[38;2;252;252;252m:[48;2;252;252;252m                    [48;2;251;251;251m [38;2;253;253;253;48;2;252;252;252m"[38;2;252;252;252;48;2;243;243;243m:[38;2;133;133;133;48;2;107;107;107ml[38;2;23;23;23;48;2;11;11;11m,[38;2;1;1;1;48;2;0;0;0m:                         [48;2;1;1;1m    [38;2;2;2;2m.[48;2;2;2;2m       [0m
[7m[38;2;0;0;0m [0m[38;2;0;0;0;48;2;0;0;0m                                                  [38;2;1;1;1m:[38;2;54;54;54;48;2;36;36;36m4[38;2;141;141;141;48;2;163;163;163mL[38;2;240;240;240;48;2;245;245;245mL[38;2;249;249;249;48;2;250;250;250m.[38;2;252;252;252;48;2;251;251;251m:[48;2;252;252;252m                     [48;2;251;251;251m [38;2;254;254;254;48;2;246;246;246m`[38;2;142;142;142;48;2;121;121;121ml[38;2;34;34;34;48;2;20;20;20mL[38;2;1;1;1;48;2;0;0;0m:                         ````[48;2;1;1;1m [38;2;2;2;2m``     [0m
[7m[38;2;0;0;0m [0m[38;2;0;0;0;48;2;0;0;0m                                                  [48;2;1;1;1m [38;2;40;40;40;48;2;27;27;27m4[38;2;123;123;123;48;2;142;142;142m$[38;2;237;237;237;48;2;244;244;244mL[48;2;250;250;250m [38;2;252;252;252;48;2;251;251;251m:[48;2;252;252;252m                    [48;2;251;251;251m:[48;2;250;250;250m [38;2;253;253;253;48;2;246;246;246m`[38;2;155;155;155;48;2;138;138;138mi[38;2;50;50;50;48;2;31;31;31mL[38;2;1;1;1;48;2;0;0;0m:                             ~       [0m
[7m[38;2;0;0;0m [0m[38;2;0;0;0;48;2;0;0;0m                                                  [38;2;1;1;1m`[38;2;0;0;0;48;2;18;18;18m:[38;2;92;92;92;48;2;120;120;120m$[38;2;235;235;235;48;2;243;243;243mL[48;2;251;251;251m [38;2;252;252;252m:[48;2;252;252;252m                    [48;2;251;251;251m:[48;2;250;250;250m [38;2;253;253;253;48;2;246;246;246m`[38;2;159;159;159;48;2;146;146;146ml[38;2;54;54;54;48;2;37;37;37ml[38;2;1;1;1;48;2;0;0;0m:                                 ``  [0m
[7m[38;2;0;0;0m [0m[38;2;0;0;0;48;2;0;0;0m                                                  [38;2;1;1;1m.[38;2;0;0;0;48;2;11;11;11m:[38;2;113;113;113;48;2;93;93;93m4[38;2;234;234;234;48;2;242;242;242mL[48;2;251;251;251m [48;2;252;252;252m                     [38;2;252;252;252;48;2;251;251;251m:[48;2;250;250;250m [38;2;253;253;253;48;2;246;246;246m`[38;2;154;154;154;48;2;139;139;139ml[38;2;47;47;47;48;2;33;33;33ml[38;2;1;1;1;48;2;0;0;0m:                                     [0m
[7m[38;2;0;0;0m [0m[38;2;0;0;0;48;2;0;0;0m                                                  [38;2;1;1;1m:[38;2;0;0;0;48;2;32;32;32m:[38;2;111;111;111;48;2;148;148;148mF[38;2;253;253;253;48;2;243;243;243m`[48;2;250;250;250m [38;2;252;252;252;48;2;251;251;251m:[48;2;252;252;252m                    [48;2;251;251;251m:[48;2;250;250;250m [38;2;253;253;253;48;2;246;246;246m`[38;2;154;154;154;48;2;140;140;140ml[38;2;48;48;48;48;2;33;33;33ml[38;2;1;1;1;48;2;0;0;0m:                                     [0m
[7m[38;2;0;0;0m [0m[38;2;0;0;0;48;2;0;0;0m                                                 [38;2;1;1;1m,[38;2;0;0;0;48;2;8;8;8m:[38;2;105;105;105;48;2;75;75;75my[38;2;190;190;190;48;2;224;224;224m~[38;2;253;253;253;48;2;250;250;250m`[38;2;252;252;252;48;2;251;251;251my:[48;2;252;252;252m                    [48;2;251;251;251m:[38;2;249;249;249;48;2;250;250;250m"[38;2;253;253;253;48;2;246;246;246m`[38;2;148;148;148;48;2;133;133;133ml[38;2;45;45;45;48;2;26;26;26mF[38;2;1;1;1;48;2;0;0;0m:                                     [0m
[7m[38;2;0;0;0m [0m[38;2;0;0;0;48;2;0;0;0m                                                 [38;2;1;1;1m`[38;2;61;61;61;48;2;45;45;45mu[38;2;131;131;131;48;2;181;181;181m~[38;2;253;253;253;48;2;246;246;246m:[48;2;251;251;251m_[38;2;254;254;254;48;2;253;253;253m,[48;2;252;252;252m                     [38;2;251;251;251m_[38;2;253;253;253m_[38;2;254;254;254;48;2;243;243;243m`[38;2;132;132;132;48;2;107;107;107ml[38;2;21;21;21;48;2;11;11;11m~[48;2;0;0;0m                                      [0m
[?25h