[?25l[0m[7m[38;2;252;252;252m [0m[38;2;0;0;0;48;2;252;252;252m                                                                        [38;2;253;253;253;48;2;251;251;251m~[48;2;248;248;248m:[38;2;126;126;126;48;2;194;194;194m"[38;2;103;103;103;48;2;57;57;57mL[38;2;11;11;11;48;2;2;2;2m,[48;2;0;0;0m       [38;2;0;0;0;48;2;2;2;2m:[38;2;74;74;74;48;2;29;29;29m`[38;2;56;56;56;48;2;124;124;124mg[38;2;69;69;69;48;2;186;186;186m_[38;2;155;155;155;48;2;227;227;227m_[38;2;223;223;223;48;2;246;246;246m_[38;2;247;247;247;48;2;251;251;251m_[38;2;252;252;252m: [48;2;252;252;252m                          [0m
[7m[38;2;252;252;252m [0m[38;2;0;0;0;48;2;252;252;252m                              [38;2;252;252;252;48;2;251;251;251m:[48;2;252;252;252m                                          [48;2;251;251;251m`[38;2;253;253;253;48;2;245;245;245m:[38;2;129;129;129;48;2;155;155;155m~[38;2;66;66;66;48;2;36;36;36mL[48;2;1;1;1m [38;2;1;1;1;48;2;0;0;0m:        [38;2;46;46;46;48;2;15;15;15m"[38;2;110;110;110;48;2;46;46;46m~[38;2;55;55;55;48;2;121;121;121my[38;2;67;67;67;48;2;167;167;167m_[38;2;107;107;107;48;2;203;203;203m_[38;2;157;157;157;48;2;228;228;228m_[38;2;223;223;223;48;2;243;243;243m_[38;2;248;248;248;48;2;250;250;250m,[48;2;252;252;252m                        [0m
[7m[38;2;252;252;252m [0m[38;2;0;0;0;48;2;252;252;252m                                                                         [48;2;251;251;251m [38;2;253;253;253m:[38;2;203;203;203;48;2;221;221;221m"[38;2;120;120;120;48;2;92;92;92m[[38;2;32;32;32;48;2;11;11;11m,[48;2;1;1;1m [48;2;0;0;0m        [38;2;1;1;1m`[38;2;2;2;2;48;2;1;1;1m`[38;2;5;5;5;48;2;3;3;3m`[38;2;27;27;27;48;2;12;12;12m`[38;2;100;100;100;48;2;45;45;45m_[38;2;216;216;216;48;2;139;139;139m_[38;2;210;210;210;48;2;231;231;231m~[38;2;249;249;249;48;2;252;252;252m~[38;2;253;253;253m`                       [0m
[7m[38;2;252;252;252m [0m[38;2;0;0;0;48;2;252;252;252m                                                                         [48;2;251;251;251m [38;2;254;254;254;48;2;252;252;252m`[38;2;249;249;249;48;2;235;235;235m.[38;2;164;164;164;48;2;125;125;125mL[38;2;82;82;82;48;2;32;32;32m,[38;2;7;7;7;48;2;2;2;2m,[48;2;0;0;0m        [38;2;0;0;0;48;2;6;6;6m`[38;2;111;111;111;48;2;26;26;26m_[38;2;171;171;171;48;2;82;82;82my[38;2;52;52;52;48;2;176;176;176m~[38;2;165;165;165;48;2;228;228;228m~[38;2;232;232;232;48;2;248;248;248m~[38;2;252;252;252;48;2;251;251;251m:[48;2;252;252;252m                         [0m
[7m[38;2;252;252;252m [0m[38;2;0;0;0;48;2;252;252;252m                                                                          [48;2;251;251;251m [38;2;252;252;252m.[38;2;201;201;201;48;2;230;230;230m"[38;2;100;100;100;48;2;146;146;146m~[38;2;75;75;75;48;2;43;43;43mL[38;2;20;20;20;48;2;6;6;6m_[38;2;3;3;3;48;2;0;0;0m_[38;2;1;1;1m,_[38;2;3;3;3;48;2;1;1;1m.[38;2;16;16;16m_[38;2;41;41;41m_[38;2;46;46;46;48;2;14;14;14m_[38;2;43;43;43;48;2;72;72;72m~[38;2;133;133;133;48;2;121;121;121m"[38;2;158;158;158;48;2;194;194;194my[38;2;200;200;200;48;2;236;236;236m_[38;2;242;242;242;48;2;250;250;250m,[48;2;252;252;252m                           [0m
[7m[38;2;252;252;252m [0m[38;2;0;0;0;48;2;252;252;252m                                                                           [38;2;252;252;252;48;2;251;251;251m:[38;2;253;253;253m:[38;2;199;199;199;48;2;225;225;225m"[38;2;102;102;102;48;2;176;176;176m~[38;2;190;190;190;48;2;100;100;100my[38;2;177;177;177;48;2;82;82;82my[38;2;175;175;175;48;2;80;80;80my[38;2;177;177;177;48;2;82;82;82my[38;2;8;8;8;48;2;142;142;142m~[38;2;57;57;57;48;2;177;177;177m~[38;2;102;102;102;48;2;194;194;194m~[38;2;170;170;170;48;2;133;133;133mw[38;2;109;109;109;48;2;100;100;100mw[38;2;102;102;102;48;2;99;99;99m`[38;2;144;144;144;48;2;115;115;115m_[38;2;151;151;151;48;2;171;171;171mm[38;2;219;219;219;48;2;231;231;231mL[38;2;250;250;250;48;2;251;251;251mF[48;2;252;252;252m                          [0m
[7m[38;2;252;252;252m [0m[38;2;0;0;0;48;2;252;252;252m                                                                             [38;2;253;253;253m`7[38;2;247;247;247;48;2;251;251;251m`[38;2;246;246;246m`[48;2;250;250;250m``[38;2;249;249;249;48;2;251;251;251m`[38;2;253;253;253;48;2;252;252;252m~[38;2;252;252;252;48;2;249;249;249m:[38;2;193;193;193;48;2;223;223;223m~[38;2;130;130;130;48;2;199;199;199m~[38;2;129;129;129;48;2;212;212;212m~[38;2;173;173;173;48;2;232;232;232m~[38;2;219;219;219;48;2;243;243;243m"[38;2;245;245;245;48;2;250;250;250m~[48;2;252;252;252m                           [0m
[7m[38;2;252;252;252m [0m[38;2;0;0;0;48;2;252;252;252m                                                                                      [38;2;253;253;253m.:::                             [0m
[7m[38;2;252;252;252m [0m[38;2;0;0;0;48;2;252;252;252m                                                                                                                       [0m
[7m[38;2;252;252;252m [0m[38;2;0;0;0;48;2;252;252;252m                                                      [38;2;252;252;252;48;2;251;251;251m:[48;2;252;252;252m                                                                [0m
[7m[38;2;252;252;252m [0m[38;2;0;0;0;48;2;252;252;252m                                                                                                                       [0m
[7m[38;2;252;252;252m [0m[38;2;0;0;0;48;2;252;252;252m                                                                                                                       [0m
[7m[38;2;252;252;252m [0m[38;2;0;0;0;48;2;252;252;252m                                                                                                                       [0m
[7m[38;2;252;252;252m [0m[38;2;0;0;0;48;2;252;252;252m                                                                                                                       [0m
[7m[38;2;252;252;252m [0m[38;2;0;0;0;48;2;252;252;252m                                                                                                                       [0m
[7m[38;2;252;252;252m [0m[38;2;0;0;0;48;2;252;252;252m                                                                                                                       [0m
[7m[38;2;252;252;252m [0m[38;2;0;0;0;48;2;252;252;252m                                                                                                                       [0m
[7m[38;2;252;252;252m [0m[38;2;0;0;0;48;2;252;252;252m                                                                                                                       [0m
[7m[38;2;252;252;252m [0m[38;2;0;0;0;48;2;252;252;252m                                                                                                                       [0m
[7m[38;2;252;252;252m [0m[38;2;0;0;0;48;2;252;252;252m                                                                                                                       [0m
[7m[38;2;252;252;252m [0m[38;2;0;0;0;48;2;252;252;252m                                                                                                                       [0m
[7m[38;2;252;252;252m [0m[38;2;0;0;0;48;2;252;252;252m                                                                                                                       [0m
[7m[38;2;252;252;252m [0m[38;2;0;0;0;48;2;252;252;252m                                                                                                                       [0m
[7m[38;2;252;252;252m [0m[38;2;0;0;0;48;2;252;252;252m                                                                                                                       [0m
[7m[38;2;252;252;252m [0m[38;2;0;0;0;48;2;252;252;252m                                                                                                                       [0m
[7m[38;2;252;252;252m [0m[38;2;0;0;0;48;2;252;252;252m                                                                                                                       [0m
[7m[38;2;252;252;252m [0m[38;2;0;0;0;48;2;252;252;252m                                                                                                                       [0m
[7m[38;2;252;252;252m [0m[38;2;0;0;0;48;2;252;252;252m                                                                                                                       [0m
[7m[38;2;252;252;252m [0m[38;2;0;0;0;48;2;252;252;252m                                                                                                                       [0m
[7m[38;2;252;252;252m [0m[38;2;0;0;0;48;2;252;252;252m                                                                                                                       [0m
[7m[38;2;252;252;252m [0m[38;2;0;0;0;48;2;252;252;252m                                                                                                                       [0m
[7m[38;2;252;252;252m [0m[38;2;0;0;0;48;2;252;252;252m                                                                                                                       [0m
[7m[38;2;252;252;252m [0m[38;2;0;0;0;48;2;252;252;252m                                                                                                                       [0m
[7m[38;2;252;252;252m [0m[38;2;0;0;0;48;2;252;252;252m                                                                                                                       [0m
[7m[38;2;252;252;252m [0m[38;2;0;0;0;48;2;252;252;252m                                                                                                                       [0m
[7m[38;2;252;252;252m [0m[38;2;0;0;0;48;2;252;252;252m                                                                                                                       [0m
[?25h