[?25l[0m[7m[38;2;0;0;0m [0m[38;2;0;0;0;48;2;0;0;0m                                                                                                                       [0m
[7m[38;2;0;0;0m [0m[38;2;0;0;0;48;2;0;0;0m                                                                                                                       [0m
[7m[38;2;0;0;0m [0m[38;2;0;0;0;48;2;0;0;0m                                                                                                                       [0m
[7m[38;2;0;0;0m [0m[38;2;0;0;0;48;2;0;0;0m                                                             [38;2;5;5;5m_[38;2;3;3;3m_                                                        [0m
[7m[38;2;0;0;0m [0m[38;2;0;0;0;48;2;0;0;0m                                                         [38;2;2;2;2m.[38;2;0;0;0;48;2;8;8;8m`[38;2;127;127;127;48;2;42;42;42m_[38;2;193;193;193;48;2;103;103;103my[38;2;47;47;47;48;2;129;129;129m~[38;2;57;57;57;48;2;29;29;29mL[48;2;0;0;0m                                                        [0m
[7m[38;2;0;0;0m [0m[38;2;0;0;0;48;2;0;0;0m                                        [48;2;1;1;1m`[38;2;33;33;33;48;2;2;2;2m_[38;2;7;7;7;48;2;1;1;1m,[38;2;1;1;1;48;2;0;0;0m.       -  [38;2;11;11;11;48;2;1;1;1m_[38;2;25;25;25;48;2;2;2;2m_[38;2;68;68;68;48;2;12;12;12m_[38;2;177;177;177;48;2;59;59;59m_[38;2;70;70;70;48;2;180;180;180m~[38;2;178;178;178;48;2;236;236;236m`[38;2;250;250;250;48;2;237;237;237m'[38;2;146;146;146;48;2;115;115;115mF[38;2;39;39;39;48;2;22;22;22m~[48;2;0;0;0m                                                        [0m
[7m[38;2;0;0;0m [0m[38;2;0;0;0;48;2;0;0;0m                                        [38;2;18;18;18;48;2;9;9;9m4[38;2;95;95;95;48;2;63;63;63m4[38;2;59;59;59;48;2;145;145;145m~[38;2;233;233;233;48;2;94;94;94m_[38;2;139;139;139;48;2;41;41;41m_[38;2;63;63;63;48;2;8;8;8m_[38;2;74;74;74;48;2;11;11;11m_[38;2;126;126;126;48;2;34;34;34m_[38;2;183;183;183;48;2;54;54;54m_[38;2;232;232;232;48;2;75;75;75m_[38;2;252;252;252;48;2;96;96;96m_[38;2;204;204;204;48;2;112;112;112my[38;2;43;43;43;48;2;168;168;168m~[38;2;55;55;55;48;2;186;186;186m~[38;2;70;70;70;48;2;200;200;200m~[38;2;85;85;85;48;2;211;211;211m~[38;2;115;115;115;48;2;221;221;221m~[38;2;211;211;211;48;2;243;243;243m~[38;2;249;249;249;48;2;250;250;250m:[38;2;254;254;254;48;2;247;247;247m:[38;2;143;143;143;48;2;198;198;198m_[38;2;88;88;88;48;2;61;61;61mF[38;2;71;71;71;48;2;12;12;12m_[38;2;79;79;79m_[38;2;78;78;78m_[38;2;69;69;69;48;2;6;6;6m_[38;2;61;61;61;48;2;3;3;3m_[38;2;38;38;38;48;2;1;1;1m_[38;2;6;6;6m,[48;2;0;0;0m                                                  [0m
[7m[38;2;0;0;0m [0m[38;2;0;0;0;48;2;0;0;0m                                        [38;2;1;1;1m`[38;2;23;23;23;48;2;5;5;5m"[38;2;109;109;109;48;2;47;47;47m~[38;2;61;61;61;48;2;159;159;159m_[38;2;184;184;184;48;2;219;219;219m_[38;2;165;165;165;48;2;226;226;226m~[38;2;176;176;176;48;2;233;233;233m~[38;2;202;202;202;48;2;242;242;242m~[38;2;209;209;209;48;2;245;245;245m`[38;2;241;241;241;48;2;250;250;250m`[38;2;253;253;253;48;2;251;251;251m`[38;2;250;250;250m== [48;2;252;252;252m [38;2;253;253;253m`  [38;2;252;252;252;48;2;251;251;251m:[48;2;248;248;248m:[38;2;184;184;184;48;2;228;228;228m~[38;2;168;168;168;48;2;229;229;229m~[38;2;182;182;182;48;2;236;236;236m~[38;2;163;163;163;48;2;234;234;234m`[48;2;227;227;227m`[38;2;155;155;155;48;2;209;209;209m_[38;2;83;83;83;48;2;169;169;169m_[38;2;132;132;132;48;2;84;84;84mF[38;2;47;47;47;48;2;25;25;25m^[38;2;0;0;0;48;2;1;1;1m.[48;2;0;0;0m                                                 [0m
[7m[38;2;0;0;0m [0m[38;2;0;0;0;48;2;0;0;0m                                          [38;2;2;2;2;48;2;1;1;1m"[38;2;51;51;51;48;2;40;40;40my[38;2;125;125;125;48;2;163;163;163mF[38;2;242;242;242;48;2;246;246;246mL[38;2;249;249;249;48;2;250;250;250mT[38;2;252;252;252;48;2;251;251;251m:[48;2;252;252;252m            [48;2;251;251;251m [48;2;250;250;250m:[38;2;189;189;189;48;2;239;239;239m_[38;2;111;111;111;48;2;214;214;214m_[38;2;54;54;54;48;2;162;162;162m_[38;2;104;104;104;48;2;72;72;72m+[38;2;45;45;45;48;2;17;17;17m`[38;2;5;5;5;48;2;1;1;1m`[48;2;0;0;0m                                                   [0m
[7m[38;2;0;0;0m [0m[38;2;0;0;0;48;2;0;0;0m                                        [38;2;30;30;30;48;2;3;3;3m_[38;2;90;90;90;48;2;11;11;11m_[38;2;148;148;148;48;2;19;19;19m_[38;2;49;49;49;48;2;111;111;111mF[38;2;191;191;191;48;2;217;217;217m~[38;2;254;254;254;48;2;250;250;250m:[38;2;252;252;252;48;2;251;251;251m_:[48;2;252;252;252m           [48;2;251;251;251m:_[38;2;254;254;254;48;2;248;248;248m'[38;2;187;187;187;48;2;210;210;210m?[38;2;166;166;166;48;2;97;97;97m_[38;2;60;60;60;48;2;24;24;24m,[38;2;6;6;6;48;2;1;1;1m~[48;2;0;0;0m                                                     [0m
[7m[38;2;0;0;0m [0m[38;2;0;0;0;48;2;0;0;0m                                      [48;2;3;3;3m`[38;2;72;72;72;48;2;37;37;37m=[38;2;158;158;158;48;2;95;95;95ma[38;2;30;30;30;48;2;154;154;154m_[38;2;22;22;22;48;2;167;167;167m_[38;2;82;82;82;48;2;186;186;186m_[38;2;250;250;250;48;2;236;236;236m'[38;2;253;253;253;48;2;251;251;251m: [48;2;252;252;252m             [38;2;252;252;252;48;2;251;251;251m:g[38;2;254;254;254;48;2;250;250;250m'[38;2;197;197;197;48;2;228;228;228m"[38;2;150;150;150;48;2;98;98;98mL[38;2;59;59;59;48;2;17;17;17m,[48;2;0;0;0m                                                     [0m
[7m[38;2;0;0;0m [0m[38;2;0;0;0;48;2;0;0;0m                                       [38;2;2;2;2m`[38;2;3;3;3m~ [38;2;0;0;0;48;2;5;5;5m'[38;2;118;118;118;48;2;82;82;82m4[38;2;198;198;198;48;2;235;235;235m_[38;2;245;245;245;48;2;250;250;250m,[38;2;250;250;250;48;2;251;251;251mi[38;2;252;252;252m.[48;2;252;252;252m             [48;2;251;251;251m:[38;2;250;250;250m`[38;2;254;254;254;48;2;250;250;250m'[38;2;190;190;190;48;2;223;223;223m"[38;2;134;134;134;48;2;86;86;86mL[38;2;43;43;43;48;2;12;12;12m,[48;2;0;0;0m                                                    [0m
[7m[38;2;0;0;0m [0m[38;2;0;0;0;48;2;0;0;0m                                           [38;2;48;48;48;48;2;11;11;11m`[38;2;125;125;125;48;2;47;47;47m~[38;2;53;53;53;48;2;140;140;140my[38;2;103;103;103;48;2;200;200;200m_[38;2;251;251;251;48;2;246;246;246m:[48;2;252;252;252m [38;2;252;252;252;48;2;251;251;251m:[48;2;252;252;252m            [48;2;251;251;251m:[38;2;250;250;250mT[38;2;254;254;254;48;2;247;247;247m:[38;2;159;159;159;48;2;188;188;188m~[38;2;90;90;90;48;2;51;51;51mL[38;2;0;0;0;48;2;2;2;2m`[48;2;0;0;0m                                                   [0m
[7m[38;2;0;0;0m [0m[38;2;0;0;0;48;2;0;0;0m                                            [38;2;3;3;3m`[48;2;1;1;1m`[38;2;37;37;37;48;2;77;77;77ml[38;2;188;188;188;48;2;214;214;214m_[38;2;254;254;254;48;2;250;250;250m:[48;2;251;251;251m [38;2;252;252;252m:[48;2;252;252;252m  [38;2;253;253;253m_         [38;2;252;252;252;48;2;251;251;251m:[38;2;250;250;250m_[38;2;254;254;254;48;2;239;239;239m:[38;2;152;152;152;48;2;115;115;115mL[38;2;53;53;53;48;2;23;23;23m,[48;2;0;0;0m                                                   [0m
[7m[38;2;0;0;0m [0m[38;2;0;0;0;48;2;0;0;0m                                             [38;2;2;2;2;48;2;1;1;1m+[38;2;51;51;51;48;2;35;35;35mJ[38;2;122;122;122;48;2;154;154;154mL[38;2;254;254;254;48;2;244;244;244m:[38;2;249;249;249;48;2;250;250;250m:[38;2;252;252;252;48;2;249;249;249m:[38;2;180;180;180;48;2;239;239;239m_[38;2;140;140;140;48;2;225;225;225m_[38;2;254;254;254;48;2;244;244;244m`[48;2;252;252;252m         [38;2;252;252;252;48;2;251;251;251m:[48;2;250;250;250m [38;2;254;254;254;48;2;246;246;246m:[38;2;164;164;164;48;2;184;184;184m~[38;2;86;86;86;48;2;51;51;51mL[38;2;7;7;7;48;2;3;3;3m,[48;2;0;0;0m                                                  [0m
[7m[38;2;0;0;0m [0m[38;2;0;0;0;48;2;0;0;0m                                             [38;2;1;1;1m"[48;2;11;11;11m:[38;2;56;56;56;48;2;105;105;105mi[38;2;225;225;225;48;2;238;238;238mW[38;2;253;253;253;48;2;251;251;251m:[38;2;254;254;254;48;2;246;246;246m'[38;2;185;185;185;48;2;221;221;221m~[38;2;168;168;168;48;2;226;226;226m~[38;2;245;245;245;48;2;248;248;248m`[38;2;251;251;251;48;2;252;252;252m:         [48;2;251;251;251m [38;2;254;254;254m`[38;2;221;221;221;48;2;232;232;232m"[38;2;134;134;134;48;2;97;97;97mL[38;2;39;39;39;48;2;18;18;18m,[38;2;2;2;2;48;2;0;0;0m,                                                 [0m
[7m[38;2;0;0;0m [0m[38;2;0;0;0;48;2;0;0;0m                                             [38;2;52;52;52;48;2;16;16;16m_[38;2;150;150;150;48;2;87;87;87my[38;2;140;140;140;48;2;218;218;218m~[38;2;247;247;247;48;2;249;249;249m`[48;2;251;251;251m [48;2;252;252;252m [38;2;252;252;252;48;2;251;251;251m.[38;2;251;251;251;48;2;252;252;252mT           [38;2;252;252;252;48;2;251;251;251m:[48;2;250;250;250m [38;2;254;254;254;48;2;245;245;245m:[38;2;142;142;142;48;2;170;170;170m7[38;2;100;100;100;48;2;49;49;49m,[38;2;8;8;8;48;2;4;4;4m,[48;2;0;0;0m                                                 [0m
[7m[38;2;0;0;0m [0m[38;2;0;0;0;48;2;0;0;0m                                            [38;2;25;25;25;48;2;11;11;11m_[38;2;63;63;63;48;2;109;109;109mF[38;2;209;209;209;48;2;232;232;232m"[38;2;254;254;254;48;2;251;251;251m`[38;2;250;250;250m"[38;2;252;252;252m:[48;2;252;252;252m               [48;2;251;251;251m [38;2;253;253;253;48;2;250;250;250m`[38;2;254;254;254;48;2;239;239;239m:[38;2;117;117;117;48;2;147;147;147m7[38;2;68;68;68;48;2;35;35;35m_[38;2;7;7;7;48;2;2;2;2m,[48;2;0;0;0m                                                [0m
[7m[38;2;0;0;0m [0m[38;2;0;0;0;48;2;0;0;0m                                           [38;2;1;1;1m:[38;2;52;52;52;48;2;35;35;35m4[38;2;164;164;164;48;2;146;146;146m4[38;2;241;241;241;48;2;246;246;246mL[38;2;249;249;249;48;2;250;250;250m:[38;2;252;252;252;48;2;251;251;251m:[48;2;252;252;252m                 [48;2;251;251;251m  [38;2;218;218;218;48;2;238;238;238m`[38;2;99;99;99;48;2;155;155;155m~[38;2;105;105;105;48;2;43;43;43m,[38;2;20;20;20;48;2;6;6;6m_[38;2;4;4;4;48;2;1;1;1m,[48;2;0;0;0m                                              [0m
[7m[38;2;0;0;0m [0m[38;2;0;0;0;48;2;0;0;0m                                           [38;2;1;1;1m~[38;2;25;25;25;48;2;41;41;41m$[38;2;118;118;118;48;2;149;149;149mL[38;2;241;241;241;48;2;246;246;246mL[48;2;250;250;250m [38;2;252;252;252;48;2;251;251;251m:[48;2;252;252;252m                  [38;2;251;251;251m`[38;2;252;252;252;48;2;251;251;251m'[38;2;254;254;254;48;2;241;241;241m:[38;2;118;118;118;48;2;164;164;164m~[38;2;109;109;109;48;2;56;56;56m,[38;2;28;28;28;48;2;15;15;15m_[38;2;8;8;8;48;2;3;3;3m,[48;2;0;0;0m                                             [0m
[7m[38;2;0;0;0m [0m[38;2;0;0;0;48;2;0;0;0m                                            [38;2;1;1;1;48;2;9;9;9m:[38;2;62;62;62;48;2;102;102;102ml[38;2;225;225;225;48;2;236;236;236m,[38;2;254;254;254;48;2;252;252;252m.[48;2;251;251;251m [48;2;252;252;252m                   [48;2;251;251;251m [38;2;250;250;250my[38;2;252;252;252;48;2;240;240;240m:[38;2;164;164;164;48;2;125;125;125mL[38;2;70;70;70;48;2;40;40;40m,[38;2;12;12;12;48;2;18;18;18m~[38;2;10;10;10;48;2;4;4;4m_[48;2;0;0;0m                                            [0m
[7m[38;2;0;0;0m [0m[38;2;0;0;0;48;2;0;0;0m                                             [38;2;39;39;39;48;2;75;75;75ml[38;2;197;197;197;48;2;212;212;212mL[38;2;254;254;254;48;2;250;250;250m:[38;2;250;250;250;48;2;251;251;251m:[48;2;252;252;252m                   [38;2;252;252;252;48;2;249;249;249m`[38;2;199;199;199;48;2;237;237;237m_[38;2;209;209;209;48;2;241;241;241m_[38;2;192;192;192;48;2;180;180;180m$[38;2;91;91;91;48;2;61;61;61mL[38;2;28;28;28;48;2;23;23;23mf[38;2;17;17;17;48;2;14;14;14mL[38;2;3;3;3;48;2;2;2;2mW[48;2;0;0;0m                                           [0m
[7m[38;2;0;0;0m [0m[38;2;0;0;0;48;2;0;0;0m                                            [38;2;1;1;1m_[38;2;32;32;32;48;2;65;65;65ml[38;2;179;179;179;48;2;195;195;195mL[38;2;254;254;254;48;2;248;248;248m:[48;2;250;250;250m [38;2;252;252;252;48;2;251;251;251m:[48;2;252;252;252m                 [48;2;251;251;251m [38;2;253;253;253;48;2;248;248;248m`[38;2;179;179;179;48;2;203;203;203m7[38;2;94;94;94;48;2;128;128;128ma[38;2;143;143;143;48;2;76;76;76m~[38;2;57;57;57;48;2;34;34;34m^[38;2;11;11;11;48;2;5;5;5m~[38;2;9;9;9;48;2;2;2;2m~[38;2;3;3;3;48;2;0;0;0m~                                           [0m
[7m[38;2;0;0;0m [0m[38;2;0;0;0;48;2;0;0;0m                                           [38;2;3;3;3m_[38;2;6;6;6;48;2;1;1;1m_[38;2;24;24;24;48;2;57;57;57ml[38;2;158;158;158;48;2;179;179;179mL[38;2;243;243;243;48;2;247;247;247mL[38;2;249;249;249;48;2;250;250;250m:[38;2;252;252;252;48;2;251;251;251m:[48;2;252;252;252m                  [48;2;251;251;251m_[48;2;249;249;249m:[38;2;166;166;166;48;2;211;211;211m~[38;2;131;131;131;48;2;87;87;87mL[38;2;53;53;53;48;2;25;25;25m,[38;2;2;2;2;48;2;3;3;3m`[48;2;0;0;0m                                             [0m
[7m[38;2;0;0;0m [0m[38;2;0;0;0;48;2;0;0;0m                                         [38;2;46;46;46;48;2;10;10;10m_[38;2;154;154;154;48;2;43;43;43m_[38;2;220;220;220;48;2;79;79;79m_[38;2;12;12;12;48;2;134;134;134m~[38;2;52;52;52;48;2;169;169;169m~[38;2;173;173;173;48;2;223;223;223m~[38;2;254;254;254;48;2;250;250;250m`[38;2;250;250;250;48;2;251;251;251m"[38;2;252;252;252m:[48;2;252;252;252m                  [48;2;251;251;251m:[38;2;250;250;250m^[38;2;254;254;254;48;2;249;249;249m`[38;2;175;175;175;48;2;211;211;211m~[38;2;128;128;128;48;2;82;82;82mL[38;2;38;38;38;48;2;16;16;16m_[38;2;8;8;8;48;2;2;2;2m_[48;2;0;0;0m                                            [0m
[7m[38;2;0;0;0m [0m[38;2;0;0;0;48;2;0;0;0m                                        [38;2;1;1;1m_[38;2;87;87;87;48;2;55;55;55m4[38;2;162;162;162;48;2;195;195;195m_[38;2;254;254;254;48;2;248;248;248m:[38;2;252;252;252m~[38;2;253;253;253;48;2;250;250;250m~[38;2;252;252;252;48;2;251;251;251m~[48;2;252;252;252m                      [48;2;251;251;251m [38;2;253;253;253;48;2;250;250;250m.[38;2;218;218;218;48;2;241;241;241m_[38;2;154;154;154;48;2;175;175;175m_[38;2;96;96;96;48;2;64;64;64mL[38;2;27;27;27;48;2;16;16;16m,[38;2;4;4;4;48;2;2;2;2mL[48;2;0;0;0m                                           [0m
[7m[38;2;0;0;0m [0m[38;2;0;0;0;48;2;0;0;0m                                      [38;2;7;7;7;48;2;1;1;1m_[38;2;21;21;21;48;2;6;6;6m_[38;2;53;53;53;48;2;16;16;16m_[38;2;122;122;122;48;2;49;49;49m_[38;2;109;109;109;48;2;151;151;151mF[38;2;227;227;227;48;2;240;240;240mW[38;2;250;250;250;48;2;251;251;251m`[38;2;253;253;253;48;2;252;252;252m_                      [38;2;252;252;252;48;2;251;251;251m:[38;2;249;249;249;48;2;250;250;250m#[38;2;254;254;254;48;2;247;247;247m`[38;2;159;159;159;48;2;183;183;183m4[38;2;117;117;117;48;2;70;70;70m~[38;2;61;61;61;48;2;29;29;29m~[38;2;20;20;20;48;2;12;12;12m^[38;2;8;8;8;48;2;5;5;5mF[38;2;0;0;0;48;2;1;1;1m`[48;2;0;0;0m                                          [0m
[7m[38;2;0;0;0m [0m[38;2;0;0;0;48;2;0;0;0m                                    [48;2;1;1;1m`[38;2;45;45;45;48;2;13;13;13m_[38;2;140;140;140;48;2;52;52;52m_[38;2;193;193;193;48;2;112;112;112my[38;2;95;95;95;48;2;199;199;199m~[38;2;162;162;162;48;2;232;232;232m~[38;2;230;230;230;48;2;248;248;248m~[38;2;253;253;253;48;2;251;251;251m`[38;2;252;252;252m:[38;2;253;253;253;48;2;252;252;252m"~                .[38;2;244;244;244;48;2;251;251;251m_[38;2;241;241;241;48;2;252;252;252m_[38;2;250;250;250m_[48;2;251;251;251m__[38;2;254;254;254m:[38;2;208;208;208;48;2;235;235;235m_[38;2;108;108;108;48;2;181;181;181m_[38;2;81;81;81;48;2;97;97;97mJ[38;2;39;39;39;48;2;25;25;25mL[38;2;5;5;5;48;2;9;9;9m~[48;2;2;2;2m_[48;2;0;0;0m                                           [0m
[7m[38;2;0;0;0m [0m[38;2;0;0;0;48;2;0;0;0m                                   [48;2;2;2;2m`[38;2;79;79;79;48;2;38;38;38my[38;2;71;71;71;48;2;161;161;161m~[38;2;193;193;193;48;2;231;231;231m"[38;2;242;242;242;48;2;249;249;249m~[48;2;251;251;251m [48;2;252;252;252m                     [38;2;252;252;252;48;2;251;251;251m:[38;2;253;253;253m^[48;2;241;241;241m.[38;2;164;164;164;48;2;193;193;193m4[38;2;112;112;112;48;2;185;185;185my[38;2;132;132;132;48;2;220;220;220m_[38;2;169;169;169;48;2;239;239;239m_[38;2;150;150;150;48;2;227;227;227m_[38;2;92;92;92;48;2;145;145;145my[38;2;91;91;91;48;2;48;48;48m~[38;2;70;70;70;48;2;28;28;28m~[38;2;32;32;32;48;2;13;13;13m'[38;2;5;5;5;48;2;2;2;2m~[38;2;6;6;6m~[38;2;1;1;1;48;2;0;0;0m'                                          [0m
[7m[38;2;0;0;0m [0m[38;2;0;0;0;48;2;0;0;0m                                  [38;2;1;1;1m;[38;2;47;47;47;48;2;33;33;33ma[38;2;123;123;123;48;2;152;152;152mF[38;2;254;254;254;48;2;246;246;246m:[48;2;250;250;250m [38;2;252;252;252;48;2;251;251;251m:[48;2;252;252;252m                       [48;2;251;251;251m.[48;2;250;250;250m~[38;2;253;253;253;48;2;244;244;244m:[38;2;118;118;118;48;2;175;175;175m~[38;2;94;94;94;48;2;60;60;60m_[38;2;86;86;86;48;2;36;36;36m~[38;2;71;71;71;48;2;35;35;35m~[38;2;39;39;39;48;2;31;31;31m^[38;2;6;6;6;48;2;17;17;17m_[48;2;2;2;2m~[38;2;1;1;1;48;2;0;0;0m`                                             [0m
[7m[38;2;0;0;0m [0m[38;2;0;0;0;48;2;0;0;0m                                  [48;2;1;1;1m [38;2;41;41;41;48;2;27;27;27mJ[38;2;97;97;97;48;2;139;139;139mL[38;2;212;212;212;48;2;243;243;243m_[38;2;249;249;249;48;2;250;250;250m'[38;2;252;252;252;48;2;251;251;251m.[48;2;252;252;252m                        [48;2;251;251;251m:[38;2;250;250;250m<[38;2;253;253;253;48;2;246;246;246m:[38;2;138;138;138;48;2;186;186;186m~[38;2;95;95;95;48;2;50;50;50mL[38;2;18;18;18;48;2;4;4;4m,[38;2;12;12;12;48;2;1;1;1m`[38;2;3;3;3;48;2;0;0;0m`                                               [0m
[7m[38;2;0;0;0m [0m[38;2;0;0;0;48;2;0;0;0m                                   [38;2;46;46;46;48;2;14;14;14m_[38;2;60;60;60;48;2;114;114;114mF[38;2;182;182;182;48;2;219;219;219m~[38;2;253;253;253;48;2;250;250;250m'[38;2;252;252;252;48;2;251;251;251m_[48;2;252;252;252m                         [48;2;251;251;251m:[38;2;250;250;250mt[38;2;253;253;253;48;2;246;246;246m:[38;2;136;136;136;48;2;186;186;186m~[38;2;91;91;91;48;2;49;49;49mL[38;2;10;10;10;48;2;2;2;2m,[48;2;0;0;0m                                                [0m
[7m[38;2;0;0;0m [0m[38;2;0;0;0;48;2;0;0;0m                                 [48;2;3;3;3m`[38;2;78;78;78;48;2;23;23;23m_[38;2;81;81;81;48;2;132;132;132mF[38;2;197;197;197;48;2;231;231;231m"[38;2;254;254;254;48;2;251;251;251m' [48;2;252;252;252m                           [38;2;252;252;252;48;2;251;251;251m:[48;2;250;250;250m [38;2;253;253;253;48;2;246;246;246m:[38;2;134;134;134;48;2;179;179;179m~[38;2;91;91;91;48;2;49;49;49mL[38;2;22;22;22;48;2;3;3;3m,[48;2;0;0;0m                                               [0m
[7m[38;2;0;0;0m [0m[38;2;0;0;0;48;2;0;0;0m                               [38;2;1;1;1m_[38;2;51;51;51;48;2;16;16;16m_[38;2;156;156;156;48;2;78;78;78m_[38;2;102;102;102;48;2;180;180;180m~[38;2;209;209;209;48;2;232;232;232m"[38;2;254;254;254;48;2;252;252;252m:[38;2;251;251;251m`                              [48;2;251;251;251m [38;2;253;253;253;48;2;248;248;248m:[38;2;146;146;146;48;2;208;208;208m~[38;2;173;173;173;48;2;96;96;96my[38;2;118;118;118;48;2;37;37;37m,[38;2;26;26;26;48;2;5;5;5m,[48;2;0;0;0m                                             [0m
[7m[38;2;0;0;0m [0m[38;2;0;0;0;48;2;0;0;0m                              [38;2;1;1;1m,[38;2;48;48;48;48;2;18;18;18m_[38;2;77;77;77;48;2;127;127;127mF[38;2;192;192;192;48;2;231;231;231m~[38;2;228;228;228;48;2;241;241;241m~[38;2;245;245;245;48;2;249;249;249m"[38;2;253;253;253;48;2;252;252;252m`                               [38;2;252;252;252;48;2;251;251;251m`[38;2;254;254;254;48;2;250;250;250m:[38;2;210;210;210;48;2;224;224;224ma[38;2;191;191;191;48;2;203;203;203m4[38;2;115;115;115;48;2;83;83;83mL[38;2;30;30;30;48;2;10;10;10m,[48;2;0;0;0m                                             [0m
[7m[38;2;0;0;0m [0m[38;2;0;0;0;48;2;0;0;0m                              [48;2;1;1;1m:[38;2;98;98;98;48;2;72;72;72m4[38;2;171;171;171;48;2;209;209;209m~[38;2;254;254;254;48;2;250;250;250m:[38;2;249;249;249m`[38;2;252;252;252;48;2;251;251;251m:[48;2;252;252;252m                                 [38;2;254;254;254;48;2;251;251;251m`[38;2;232;232;232;48;2;245;245;245m`[38;2;206;206;206;48;2;225;225;225m_[38;2;135;135;135;48;2;153;153;153m_[38;2;81;81;81;48;2;50;50;50mL[38;2;29;29;29;48;2;10;10;10m_[38;2;7;7;7;48;2;2;2;2m,[48;2;0;0;0m                                           [0m
[?25h