[?25l[0m[7m[38;2;0;0;0m [0m[38;2;0;0;0;48;2;0;0;0m                                                                                                                       [0m
[7m[38;2;0;0;0m [0m[38;2;0;0;0;48;2;0;0;0m                                                                                                                       [0m
[7m[38;2;0;0;0m [0m[38;2;0;0;0;48;2;0;0;0m                                                                                                                       [0m
[7m[38;2;0;0;0m [0m[38;2;0;0;0;48;2;0;0;0m                                                                                                                       [0m
[7m[38;2;0;0;0m [0m[38;2;0;0;0;48;2;0;0;0m                                                                                                                       [0m
[7m[38;2;0;0;0m [0m[38;2;0;0;0;48;2;0;0;0m                                                                                                                       [0m
[7m[38;2;0;0;0m [0m[38;2;0;0;0;48;2;0;0;0m                                                                                                                       [0m
[7m[38;2;0;0;0m [0m[38;2;0;0;0;48;2;0;0;0m                                                                                                                       [0m
[7m[38;2;0;0;0m [0m[38;2;0;0;0;48;2;0;0;0m                                                                                                                       [0m
[7m[38;2;0;0;0m [0m[38;2;0;0;0;48;2;0;0;0m                                                                                                                       [0m
[7m[38;2;0;0;0m [0m[38;2;0;0;0;48;2;0;0;0m                                                                                                                       [0m
[7m[38;2;0;0;0m [0m[38;2;0;0;0;48;2;0;0;0m                                                                                                                       [0m
[7m[38;2;0;0;0m [0m[38;2;0;0;0;48;2;0;0;0m                                                                                                                       [0m
[7m[38;2;0;0;0m [0m[38;2;0;0;0;48;2;0;0;0m                                                                                                                       [0m
[7m[38;2;0;0;0m [0m[38;2;0;0;0;48;2;0;0;0m                                                                                                   [38;2;15;15;15;48;2;2;2;2m_[38;2;23;23;23;48;2;3;3;3m_[38;2;13;13;13;48;2;2;2;2m_[38;2;3;3;3;48;2;0;0;0m,  [38;2;1;1;1m+==-     ___  [0m
[7m[38;2;0;0;0m [0m[38;2;0;0;0;48;2;0;0;0m                                                                                              [48;2;3;3;3m`[38;2;137;137;137;48;2;21;21;21m_[38;2;198;198;198;48;2;71;71;71m_[38;2;207;207;207;48;2;114;114;114my[38;2;96;96;96;48;2;193;193;193m~[38;2;139;139;139;48;2;220;220;220m~[38;2;152;152;152;48;2;227;227;227m~[38;2;145;145;145;48;2;222;222;222m~[38;2;134;134;134;48;2;215;215;215m~[38;2;122;122;122;48;2;207;207;207m~[38;2;109;109;109;48;2;199;199;199m~[38;2;93;93;93;48;2;189;189;189m~[38;2;228;228;228;48;2;148;148;148my[38;2;225;225;225;48;2;134;134;134my[38;2;222;222;222;48;2;122;122;122my[38;2;220;220;220;48;2;113;113;113my[38;2;213;213;213;48;2;103;103;103my[38;2;195;195;195;48;2;89;89;89my[38;2;177;177;177;48;2;78;78;78my[38;2;164;164;164;48;2;71;71;71my[38;2;200;200;200m_[38;2;187;187;187;48;2;57;57;57m_[38;2;177;177;177;48;2;45;45;45m_[38;2;172;172;172;48;2;36;36;36m_[38;2;165;165;165;48;2;27;27;27m_[0m
[7m[38;2;0;0;0m [0m[38;2;0;0;0;48;2;0;0;0m                                                                                              [38;2;3;3;3;48;2;18;18;18m:[38;2;50;50;50;48;2;151;151;151m_[38;2;130;130;130;48;2;221;221;221m_[38;2;224;224;224;48;2;246;246;246m,[38;2;254;254;254;48;2;251;251;251m_[38;2;252;252;252m_   [38;2;250;250;250mTTTTT[38;2;252;252;252m=~F[38;2;244;244;244m`[38;2;238;238;238;48;2;250;250;250m`[38;2;234;234;234;48;2;249;249;249m`[38;2;229;229;229m`[38;2;224;224;224;48;2;248;248;248m`[38;2;220;220;220m`[38;2;218;218;218m`[38;2;212;212;212;48;2;247;247;247m`[0m
[7m[38;2;0;0;0m [0m[38;2;0;0;0;48;2;0;0;0m                                                                                               [48;2;1;1;1m:[38;2;78;78;78;48;2;21;21;21m~[38;2;179;179;179;48;2;62;62;62m~[38;2;51;51;51;48;2;153;153;153my[38;2;22;22;22;48;2;180;180;180m_[38;2;44;44;44;48;2;195;195;195m_[38;2;49;49;49;48;2;197;197;197m_[38;2;51;51;51m_[38;2;52;52;52;48;2;198;198;198m_[38;2;53;53;53m__[38;2;54;54;54m_[38;2;60;60;60;48;2;199;199;199m_[38;2;58;58;58m_[38;2;54;54;54;48;2;198;198;198m_[38;2;53;53;53m_[38;2;50;50;50;48;2;197;197;197m_[38;2;49;49;49m_[38;2;50;50;50m__[38;2;49;49;49m__[38;2;50;50;50m__[0m
[7m[38;2;0;0;0m [0m[38;2;0;0;0;48;2;0;0;0m                                                                                                 [38;2;1;1;1m" [38;2;11;11;11;48;2;1;1;1m`[38;2;29;29;29;48;2;3;3;3m`[38;2;35;35;35m`[38;2;36;36;36m`[38;2;37;37;37;48;2;4;4;4m`[38;2;38;38;38m```[38;2;42;42;42;48;2;5;5;5m`[38;2;41;41;41;48;2;4;4;4m`[38;2;38;38;38m``[38;2;36;36;36m`[38;2;35;35;35;48;2;3;3;3m```[38;2;34;34;34m`[38;2;35;35;35m```[0m
[7m[38;2;0;0;0m [0m[38;2;0;0;0;48;2;0;0;0m                                                                                                                       [0m
[7m[38;2;0;0;0m [0m[38;2;0;0;0;48;2;0;0;0m                                                                                                                       [0m
[7m[38;2;0;0;0m [0m[38;2;0;0;0;48;2;0;0;0m                                                                                                                       [0m
[7m[38;2;0;0;0m [0m[38;2;0;0;0;48;2;0;0;0m                                                                                                                       [0m
[7m[38;2;0;0;0m [0m[38;2;0;0;0;48;2;0;0;0m                                                                                                                       [0m
[7m[38;2;0;0;0m [0m[38;2;0;0;0;48;2;0;0;0m                                                                                                                       [0m
[7m[38;2;0;0;0m [0m[38;2;0;0;0;48;2;0;0;0m                                                                                                                       [0m
[7m[38;2;0;0;0m [0m[38;2;0;0;0;48;2;0;0;0m                                                                                                                       [0m
[7m[38;2;0;0;0m [0m[38;2;0;0;0;48;2;0;0;0m                                                                                                                       [0m
[7m[38;2;0;0;0m [0m[38;2;0;0;0;48;2;0;0;0m                                                                                                                       [0m
[7m[38;2;0;0;0m [0m[38;2;0;0;0;48;2;0;0;0m                                                                                                                       [0m
[7m[38;2;0;0;0m [0m[38;2;0;0;0;48;2;0;0;0m                                                                                                                       [0m
[7m[38;2;0;0;0m [0m[38;2;0;0;0;48;2;0;0;0m                                                                                                                       [0m
[7m[38;2;0;0;0m [0m[38;2;0;0;0;48;2;0;0;0m                                                                                                                       [0m
[7m[38;2;0;0;0m [0m[38;2;0;0;0;48;2;0;0;0m                                                                                                                       [0m
[7m[38;2;0;0;0m [0m[38;2;0;0;0;48;2;0;0;0m                                                                                                                       [0m
[7m[38;2;0;0;0m [0m[38;2;0;0;0;48;2;0;0;0m                                                                                                                       [0m
[?25h