[?25l[0m[7m[38;2;0;0;0m [0m[38;2;0;0;0;48;2;0;0;0m                                                                                                                       [0m
[7m[38;2;0;0;0m [0m[38;2;0;0;0;48;2;0;0;0m                                                                                                                       [0m
[7m[38;2;0;0;0m [0m[38;2;0;0;0;48;2;0;0;0m                                                                                                                       [0m
[7m[38;2;0;0;0m [0m[38;2;0;0;0;48;2;0;0;0m                                                                                                                       [0m
[7m[38;2;0;0;0m [0m[38;2;0;0;0;48;2;0;0;0m                                                                                                                       [0m
[7m[38;2;0;0;0m [0m[38;2;0;0;0;48;2;0;0;0m                                                                                                                       [0m
[7m[38;2;0;0;0m [0m[38;2;0;0;0;48;2;0;0;0m                                                                                                                       [0m
[7m[38;2;0;0;0m [0m[38;2;0;0;0;48;2;0;0;0m                                                                                                                       [0m
[7m[38;2;0;0;0m [0m[38;2;0;0;0;48;2;0;0;0m                                                                                                                       [0m
[7m[38;2;0;0;0m [0m[38;2;0;0;0;48;2;0;0;0m                                                                                                                       [0m
[7m[38;2;0;0;0m [0m[38;2;0;0;0;48;2;0;0;0m                                                                                                                       [0m
[7m[38;2;0;0;0m [0m[38;2;0;0;0;48;2;0;0;0m                                                                                                                       [0m
[7m[38;2;0;0;0m [0m[38;2;0;0;0;48;2;0;0;0m                                                                                                                       [0m
[7m[38;2;0;0;0m [0m[38;2;0;0;0;48;2;0;0;0m                                                                                                                       [0m
[7m[38;2;0;0;0m [0m[38;2;0;0;0;48;2;0;0;0m                                                                                                                       [0m
[7m[38;2;0;0;0m [0m[38;2;0;0;0;48;2;0;0;0m                                                                                                                       [0m
[7m[38;2;0;0;0m [0m[38;2;0;0;0;48;2;0;0;0m                                                                                                                       [0m
[7m[38;2;0;0;0m [0m[38;2;0;0;0;48;2;0;0;0m                                                                                            [48;2;1;1;1m:[38;2;72;72;72;48;2;4;4;4m_[38;2;129;129;129;48;2;13;13;13m_[38;2;164;164;164;48;2;37;37;37m_[38;2;194;194;194;48;2;65;65;65m_[38;2;178;178;178;48;2;79;79;79my[38;2;205;205;205;48;2;102;102;102my[38;2;213;213;213;48;2;109;109;109my[38;2;206;206;206;48;2;100;100;100my[38;2;185;185;185;48;2;83;83;83my[38;2;203;203;203;48;2;73;73;73m_[38;2;176;176;176;48;2;47;47;47m_[38;2;153;153;153;48;2;24;24;24m_[38;2;121;121;121;48;2;11;11;11m_[38;2;86;86;86;48;2;5;5;5m_[38;2;46;46;46;48;2;2;2;2m_[38;2;11;11;11;48;2;0;0;0m_[38;2;1;1;1m,         [0m
[7m[38;2;0;0;0m [0m[38;2;0;0;0;48;2;0;0;0m                                                                                           [48;2;8;8;8m`[38;2;109;109;109;48;2;66;66;66ma[38;2;105;105;105;48;2;183;183;183m~[38;2;186;186;186;48;2;232;232;232m~[38;2;209;209;209;48;2;245;245;245m`[38;2;225;225;225;48;2;249;249;249m`[38;2;237;237;237;48;2;250;250;250m`[38;2;247;247;247;48;2;251;251;251m`[48;2;252;252;252m [38;2;248;248;248;48;2;251;251;251m`[38;2;240;240;240;48;2;250;250;250m`[38;2;229;229;229;48;2;249;249;249m`[38;2;217;217;217;48;2;248;248;248m`[38;2;200;200;200;48;2;243;243;243m`[38;2;183;183;183;48;2;231;231;231m~[38;2;133;133;133;48;2;216;216;216m~[38;2;78;78;78;48;2;198;198;198m~[38;2;27;27;27;48;2;174;174;174m~[38;2;5;5;5;48;2;142;142;142m~[38;2;235;235;235;48;2;88;88;88m_[38;2;212;212;212;48;2;63;63;63m_[38;2;168;168;168;48;2;38;38;38m_[38;2;114;114;114;48;2;24;24;24m_[38;2;60;60;60;48;2;11;11;11m_[38;2;14;14;14;48;2;2;2;2m_[48;2;0;0;0m   [0m
[7m[38;2;0;0;0m [0m[38;2;0;0;0;48;2;0;0;0m                                                                                            [38;2;43;43;43;48;2;13;13;13m`[38;2;143;143;143;48;2;58;58;58m~[38;2;58;58;58;48;2;167;167;167m_[38;2;169;169;169;48;2;229;229;229m_[38;2;230;230;230;48;2;249;249;249m_[38;2;249;249;249;48;2;252;252;252m_      [38;2;252;252;252;48;2;251;251;251m: [38;2;250;250;250m`[48;2;252;252;252m [38;2;253;253;253;48;2;251;251;251m~[38;2;254;254;254m`[38;2;253;253;253m`[38;2;234;234;234;48;2;248;248;248m`[38;2;210;210;210;48;2;242;242;242m~[38;2;174;174;174;48;2;234;234;234m"[38;2;150;150;150;48;2;226;226;226m~[38;2;118;118;118;48;2;206;206;206m~[38;2;84;84;84;48;2;183;183;183m~[38;2;214;214;214;48;2;124;124;124my[38;2;190;190;190;48;2;93;93;93my[0m
[7m[38;2;0;0;0m [0m[38;2;0;0;0;48;2;0;0;0m                                                                                              [38;2;41;41;41;48;2;7;7;7m`[38;2;99;99;99;48;2;34;34;34m~[38;2;50;50;50;48;2;128;128;128my[38;2;70;70;70;48;2;183;183;183m_[38;2;118;118;118;48;2;220;220;220m_[38;2;157;157;157;48;2;237;237;237m_[38;2;182;182;182;48;2;243;243;243m_[38;2;200;200;200;48;2;245;245;245m_[38;2;224;224;224;48;2;248;248;248m_[38;2;241;241;241;48;2;251;251;251m_[38;2;245;245;245m_[38;2;250;250;250m,[38;2;253;253;253;48;2;252;252;252m_[38;2;254;254;254m__ [38;2;252;252;252;48;2;251;251;251m:...:  [38;2;250;250;250;48;2;252;252;252m`[38;2;243;243;243;48;2;251;251;251m`[0m
[7m[38;2;0;0;0m [0m[38;2;0;0;0;48;2;0;0;0m                                                                                                 [38;2;8;8;8;48;2;2;2;2m`[38;2;48;48;48;48;2;12;12;12m~[38;2;96;96;96;48;2;26;26;26m~[38;2;131;131;131;48;2;37;37;37m~[38;2;156;156;156;48;2;52;52;52m~[38;2;187;187;187;48;2;73;73;73m~[38;2;209;209;209;48;2;89;89;89m~[38;2;52;52;52;48;2;138;138;138my[38;2;26;26;26;48;2;154;154;154m_[38;2;47;47;47;48;2;176;176;176m_[38;2;67;67;67;48;2;190;190;190m_[38;2;95;95;95;48;2;206;206;206m_[38;2;124;124;124;48;2;220;220;220m_[38;2;148;148;148;48;2;228;228;228m_[38;2;169;169;169;48;2;234;234;234m_[38;2;188;188;188;48;2;239;239;239m_[38;2;208;208;208;48;2;245;245;245m_[38;2;227;227;227;48;2;250;250;250m_[38;2;235;235;235;48;2;251;251;251m_[38;2;240;240;240m_[38;2;244;244;244;48;2;252;252;252m_[38;2;245;245;245;48;2;251;251;251m_[0m
[7m[38;2;0;0;0m [0m[38;2;0;0;0;48;2;0;0;0m                                                                                                  [38;2;1;1;1m~"~~  [38;2;5;5;5m`[38;2;15;15;15;48;2;1;1;1m`[38;2;34;34;34;48;2;4;4;4m`[38;2;50;50;50;48;2;7;7;7m`[38;2;53;53;53;48;2;11;11;11m~[38;2;74;74;74;48;2;19;19;19m~[38;2;93;93;93;48;2;28;28;28m~[38;2;112;112;112;48;2;38;38;38m~[38;2;132;132;132;48;2;51;51;51m~[38;2;155;155;155;48;2;68;68;68m~[38;2;43;43;43;48;2;112;112;112my[38;2;59;59;59;48;2;130;130;130my[38;2;81;81;81;48;2;149;149;149my[38;2;101;101;101;48;2;167;167;167my[38;2;78;78;78;48;2;174;174;174m_[0m
[7m[38;2;0;0;0m [0m[38;2;0;0;0;48;2;0;0;0m                                                                                                                    [38;2;8;8;8;48;2;1;1;1m`[38;2;17;17;17;48;2;4;4;4m~[38;2;30;30;30;48;2;7;7;7m~[0m
[7m[38;2;0;0;0m [0m[38;2;0;0;0;48;2;0;0;0m                                                                                                                       [0m
[7m[38;2;0;0;0m [0m[38;2;0;0;0;48;2;0;0;0m                                                                                                                       [0m
[7m[38;2;0;0;0m [0m[38;2;0;0;0;48;2;0;0;0m                                                                                                                       [0m
[7m[38;2;0;0;0m [0m[38;2;0;0;0;48;2;0;0;0m                                                                                                                       [0m
[7m[38;2;0;0;0m [0m[38;2;0;0;0;48;2;0;0;0m                                                                                                                       [0m
[7m[38;2;0;0;0m [0m[38;2;0;0;0;48;2;0;0;0m                                                                                                                       [0m
[7m[38;2;0;0;0m [0m[38;2;0;0;0;48;2;0;0;0m                                                                                                                       [0m
[7m[38;2;0;0;0m [0m[38;2;0;0;0;48;2;0;0;0m                                                                                                                       [0m
[7m[38;2;0;0;0m [0m[38;2;0;0;0;48;2;0;0;0m                                                                                                                       [0m
[7m[38;2;0;0;0m [0m[38;2;0;0;0;48;2;0;0;0m                                                                                                                       [0m
[7m[38;2;0;0;0m [0m[38;2;0;0;0;48;2;0;0;0m                                                                                                                       [0m
[7m[38;2;0;0;0m [0m[38;2;0;0;0;48;2;0;0;0m                                                                                                                       [0m
[?25h