[?25l[0m[7m[38;2;252;252;252m [0m[38;2;0;0;0;48;2;252;252;252m                                                                                                                       [0m
[7m[38;2;252;252;252m [0m[38;2;0;0;0;48;2;252;252;252m                                                                                                                       [0m
[7m[38;2;252;252;252m [0m[38;2;0;0;0;48;2;252;252;252m                                                                                                                       [0m
[7m[38;2;252;252;252m [0m[38;2;0;0;0;48;2;252;252;252m                                                                                                                       [0m
[7m[38;2;252;252;252m [0m[38;2;0;0;0;48;2;252;252;252m                                                                                                                       [0m
[7m[38;2;252;252;252m [0m[38;2;0;0;0;48;2;252;252;252m                                                                                                                       [0m
[7m[38;2;252;252;252m [0m[38;2;0;0;0;48;2;252;252;252m                                                                                                                       [0m
[7m[38;2;252;252;252m [0m[38;2;0;0;0;48;2;252;252;252m                                            [38;2;252;252;252;48;2;251;251;251m:.._  [38;2;250;250;250mwaaaaaaaaaaw [38;2;253;253;253m_[38;2;252;252;252m:[38;2;250;250;250m_[38;2;252;252;252m.:[48;2;252;252;252m                                                   [0m
[7m[38;2;252;252;252m [0m[38;2;0;0;0;48;2;252;252;252m                                        [38;2;252;252;252;48;2;251;251;251m:[38;2;250;250;250m_[38;2;253;253;253m_[38;2;252;252;252;48;2;250;250;250m`[38;2;222;222;222;48;2;246;246;246m_[38;2;157;157;157;48;2;235;235;235m_[38;2;82;82;82;48;2;226;226;226m_[38;2;30;30;30;48;2;217;217;217m_[38;2;2;2;2;48;2;201;201;201m_[38;2;0;0;0;48;2;186;186;186m_[48;2;170;170;170m_[38;2;67;67;67;48;2;160;160;160my[38;2;56;56;56;48;2;153;153;153my[48;2;152;152;152my[48;2;153;153;153my[38;2;58;58;58;48;2;154;154;154my[38;2;59;59;59myyy[38;2;66;66;66;48;2;159;159;159my[38;2;0;0;0;48;2;165;165;165m_[48;2;180;180;180m_[38;2;1;1;1;48;2;195;195;195m_[38;2;17;17;17;48;2;210;210;210m_[38;2;55;55;55;48;2;222;222;222m_[38;2;107;107;107;48;2;228;228;228m_[38;2;164;164;164;48;2;236;236;236m_[38;2;215;215;215;48;2;245;245;245m_[38;2;247;247;247;48;2;250;250;250m,[38;2;249;249;249;48;2;251;251;251m=[38;2;253;253;253;48;2;252;252;252m.[38;2;250;250;250;48;2;251;251;251m_ _=[38;2;251;251;251;48;2;252;252;252m=[38;2;244;244;244;48;2;251;251;251m_[38;2;252;252;252m:[38;2;253;253;253m_ [38;2;252;252;252m:[48;2;252;252;252m                                      [0m
[7m[38;2;252;252;252m [0m[38;2;0;0;0;48;2;252;252;252m                                      [38;2;252;252;252;48;2;251;251;251m.[48;2;250;250;250m`[38;2;216;216;216;48;2;244;244;244m_[38;2;129;129;129;48;2;217;217;217m_[38;2;70;70;70;48;2;174;174;174my[38;2;198;198;198;48;2;78;78;78m~[38;2;165;165;165;48;2;41;41;41m~[38;2;116;116;116;48;2;23;23;23m~[38;2;61;61;61;48;2;11;11;11m~[38;2;19;19;19;48;2;2;2;2m~[38;2;1;1;1;48;2;0;0;0m`              [38;2;10;10;10;48;2;2;2;2m`[38;2;34;34;34;48;2;7;7;7m~[38;2;73;73;73;48;2;15;15;15m~[38;2;115;115;115;48;2;25;25;25m~[38;2;154;154;154;48;2;37;37;37m~[38;2;184;184;184;48;2;61;61;61m~[38;2;39;39;39;48;2;131;131;131my[38;2;74;74;74;48;2;176;176;176my[38;2;92;92;92;48;2;202;202;202m_[38;2;159;159;159;48;2;231;231;231m_[38;2;96;96;96;48;2;203;203;203m_[38;2;64;64;64;48;2;154;154;154my[38;2;194;194;194;48;2;78;78;78m~[38;2;180;180;180;48;2;62;62;62m~[38;2;188;188;188;48;2;73;73;73m~[38;2;76;76;76;48;2;165;165;165my[38;2;187;187;187;48;2;232;232;232m_[38;2;243;243;243;48;2;250;250;250m,[38;2;252;252;252;48;2;251;251;251m:[48;2;252;252;252m                                     [0m
[7m[38;2;252;252;252m [0m[38;2;0;0;0;48;2;252;252;252m                                     [38;2;252;252;252;48;2;251;251;251m:j[38;2;224;224;224;48;2;233;233;233mu[38;2;63;63;63;48;2;128;128;128my[38;2;81;81;81;48;2;20;20;20m`[38;2;1;1;1;48;2;2;2;2m:[48;2;0;0;0m`                        "`[38;2;4;4;4;48;2;1;1;1m`[38;2;55;55;55;48;2;5;5;5m`[38;2;108;108;108;48;2;11;11;11m`[38;2;58;58;58;48;2;8;8;8m`[38;2;17;17;17;48;2;44;44;44m`[38;2;78;78;78;48;2;159;159;159m~[38;2;101;101;101;48;2;191;191;191m~[38;2;139;139;139;48;2;100;100;100mw[38;2;61;61;61;48;2;43;43;43m,[38;2;161;161;161;48;2;121;121;121m`[38;2;221;221;221;48;2;235;235;235mL[48;2;251;251;251m [48;2;252;252;252m                                     [0m
[7m[38;2;252;252;252m [0m[38;2;0;0;0;48;2;252;252;252m                                      [38;2;252;252;252;48;2;249;249;249m:[38;2;199;199;199;48;2;209;209;209m4[38;2;66;66;66;48;2;40;40;40mL[48;2;0;0;0m [38;2;1;1;1m`                               [38;2;0;0;0;48;2;7;7;7m:[38;2;120;120;120;48;2;67;67;67m~[38;2;157;157;157;48;2;206;206;206m_[38;2;150;150;150;48;2;106;106;106mF[38;2;32;32;32;48;2;58;58;58m:[38;2;135;135;135;48;2;182;182;182m~[38;2;233;233;233;48;2;243;243;243m~[38;2;251;251;251;48;2;252;252;252mf[38;2;253;253;253m.                                    [0m
[7m[38;2;252;252;252m [0m[38;2;0;0;0;48;2;252;252;252m                                     [38;2;252;252;252;48;2;251;251;251m`[48;2;249;249;249m:[38;2;203;203;203;48;2;215;215;215m4[38;2;81;81;81;48;2;47;47;47mL[38;2;0;0;0;48;2;2;2;2m:[38;2;1;1;1;48;2;0;0;0m_                                [38;2;3;3;3;48;2;16;16;16m.[38;2;110;110;110;48;2;41;41;41m~[38;2;34;34;34;48;2;53;53;53m:[38;2;196;196;196;48;2;135;135;135my[38;2;223;223;223;48;2;239;239;239m~[48;2;252;252;252m  [38;2;253;253;253m.                                    [0m
[7m[38;2;252;252;252m [0m[38;2;0;0;0;48;2;252;252;252m                                     [38;2;252;252;252;48;2;251;251;251m: [38;2;248;248;248;48;2;233;233;233m:[38;2;156;156;156;48;2;118;118;118mL[38;2;0;0;0;48;2;21;21;21m`[38;2;1;1;1;48;2;0;0;0m`                               [38;2;0;0;0;48;2;5;5;5m`[38;2;122;122;122;48;2;28;28;28m_[38;2;167;167;167;48;2;89;89;89my[38;2;135;135;135;48;2;207;207;207m~[38;2;232;232;232;48;2;247;247;247m~[38;2;253;253;253;48;2;252;252;252m~                                       [0m
[7m[38;2;252;252;252m [0m[38;2;0;0;0;48;2;252;252;252m                                     [38;2;252;252;252;48;2;251;251;251m::[48;2;249;249;249m:[38;2;195;195;195;48;2;222;222;222m"[38;2;154;154;154;48;2;104;104;104my[38;2;63;63;63;48;2;26;26;26m,[38;2;0;0;0;48;2;1;1;1m:[48;2;0;0;0m                             [48;2;21;21;21m`[38;2;35;35;35;48;2;122;122;122m~[38;2;161;161;161;48;2;218;218;218m~[38;2;233;233;233;48;2;247;247;247m~[38;2;252;252;252;48;2;251;251;251m:[38;2;253;253;253;48;2;252;252;252m~                                        [0m
[7m[38;2;252;252;252m [0m[38;2;0;0;0;48;2;252;252;252m                                        [38;2;249;249;249;48;2;250;250;250m`[38;2;211;211;211;48;2;237;237;237m"[38;2;122;122;122;48;2;188;188;188m~[38;2;187;187;187;48;2;88;88;88m_[38;2;104;104;104;48;2;27;27;27m_[38;2;38;38;38;48;2;4;4;4m_[48;2;0;0;0m                        [38;2;0;0;0;48;2;2;2;2m:[38;2;69;69;69;48;2;12;12;12m_[38;2;151;151;151;48;2;54;54;54m_[38;2;83;83;83;48;2;163;163;163m~[38;2;214;214;214;48;2;235;235;235m"[38;2;248;248;248;48;2;252;252;252m~[38;2;251;251;251m`[38;2;252;252;252;48;2;251;251;251m:[48;2;252;252;252m                                         [0m
[7m[38;2;252;252;252m [0m[38;2;0;0;0;48;2;252;252;252m                                         [38;2;251;251;251m'[38;2;249;249;249;48;2;251;251;251m`[38;2;213;213;213;48;2;241;241;241m`[38;2;147;147;147;48;2;209;209;209m~[38;2;193;193;193;48;2;127;127;127my[38;2;153;153;153;48;2;65;65;65m_[38;2;35;35;35;48;2;13;13;13m,[48;2;0;0;0m                   [38;2;0;0;0;48;2;4;4;4m`[38;2;76;76;76;48;2;18;18;18m_[38;2;153;153;153;48;2;49;49;49m_[38;2;173;173;173;48;2;96;96;96my[38;2;94;94;94;48;2;188;188;188m~[38;2;195;195;195;48;2;231;231;231m"[38;2;241;241;241;48;2;250;250;250m~[48;2;253;253;253m [38;2;253;253;253;48;2;252;252;252m'                                           [0m
[7m[38;2;252;252;252m [0m[38;2;0;0;0;48;2;252;252;252m                                           [38;2;252;252;252;48;2;251;251;251m:'[38;2;240;240;240;48;2;247;247;247m`[38;2;187;187;187;48;2;221;221;221m"[38;2;155;155;155;48;2;100;100;100m_[38;2;0;0;0;48;2;16;16;16m:[48;2;0;0;0m                [48;2;2;2;2m:[48;2;37;37;37m`[38;2;186;186;186;48;2;116;116;116my[38;2;132;132;132;48;2;208;208;208m~[38;2;190;190;190;48;2;236;236;236m~[38;2;231;231;231;48;2;247;247;247m~[38;2;249;249;249;48;2;251;251;251m~[48;2;252;252;252m                                               [0m
[7m[38;2;252;252;252m [0m[38;2;0;0;0;48;2;252;252;252m                                            [38;2;252;252;252;48;2;251;251;251m:[48;2;250;250;250m [38;2;253;253;253;48;2;244;244;244m:[38;2;160;160;160;48;2;184;184;184m_[38;2;63;63;63;48;2;32;32;32mL[48;2;0;0;0m               [38;2;0;0;0;48;2;1;1;1m:[38;2;62;62;62;48;2;40;40;40mu[38;2;110;110;110;48;2;179;179;179m~[38;2;229;229;229;48;2;243;243;243m~[38;2;252;252;252;48;2;251;251;251m. [48;2;252;252;252m                                                 [0m
[7m[38;2;252;252;252m [0m[38;2;0;0;0;48;2;252;252;252m                                            [38;2;252;252;252;48;2;251;251;251m.[48;2;250;250;250m [48;2;235;235;235m'[38;2;133;133;133;48;2;118;118;118mL[38;2;28;28;28;48;2;19;19;19m~[48;2;0;0;0m               [38;2;0;0;0;48;2;3;3;3m:[38;2;79;79;79;48;2;58;58;58m4[38;2;198;198;198;48;2;222;222;222mL[38;2;252;252;252;48;2;250;250;250m`[48;2;251;251;251m :[48;2;252;252;252m                                                 [0m
[7m[38;2;252;252;252m [0m[38;2;0;0;0;48;2;252;252;252m                                            [38;2;252;252;252;48;2;251;251;251m: [38;2;253;253;253;48;2;246;246;246m:[38;2;158;158;158;48;2;204;204;204m~[38;2;175;175;175;48;2;106;106;106my[38;2;177;177;177;48;2;66;66;66m_[38;2;141;141;141;48;2;44;44;44m_[38;2;113;113;113;48;2;29;29;29m_[38;2;89;89;89;48;2;20;20;20m_[38;2;70;70;70;48;2;14;14;14m_[38;2;60;60;60;48;2;11;11;11m_[38;2;53;53;53;48;2;9;9;9m_[38;2;44;44;44;48;2;7;7;7m_[38;2;36;36;36;48;2;5;5;5m_[38;2;35;35;35m__[38;2;37;37;37m_[38;2;47;47;47;48;2;8;8;8m_[38;2;59;59;59;48;2;11;11;11m_[38;2;83;83;83;48;2;19;19;19m_[38;2;121;121;121;48;2;36;36;36m_[38;2;73;73;73;48;2;126;126;126mF[38;2;216;216;216;48;2;234;234;234m~[38;2;252;252;252;48;2;251;251;251m::[48;2;252;252;252m                                                  [0m
[7m[38;2;252;252;252m [0m[38;2;0;0;0;48;2;252;252;252m                                               [38;2;253;253;253m'[38;2;236;236;236;48;2;248;248;248m`[38;2;213;213;213;48;2;243;243;243m~[38;2;186;186;186;48;2;234;234;234m~[38;2;162;162;162;48;2;225;225;225m~[38;2;143;143;143;48;2;215;215;215m~[38;2;126;126;126;48;2;207;207;207m~[38;2;115;115;115;48;2;200;200;200m~[38;2;104;104;104;48;2;190;190;190m~[38;2;96;96;96;48;2;185;185;185m~[38;2;90;90;90;48;2;182;182;182m~[38;2;88;88;88m~[38;2;89;89;89;48;2;183;183;183m~[38;2;91;91;91;48;2;185;185;185m~[38;2;101;101;101;48;2;191;191;191m~[38;2;113;113;113;48;2;200;200;200m~[38;2;136;136;136;48;2;214;214;214m~[38;2;165;165;165;48;2;226;226;226m~[38;2;215;215;215;48;2;241;241;241m"[38;2;252;252;252;48;2;250;250;250m:[48;2;252;252;252m                                                    [0m
[7m[38;2;252;252;252m [0m[38;2;0;0;0;48;2;252;252;252m                                               [38;2;253;253;253m~~~[38;2;254;254;254m`[38;2;253;253;253m```` [38;2;250;250;250;48;2;251;251;251m`[48;2;252;252;252m [38;2;252;252;252;48;2;251;251;251m: _[48;2;252;252;252m [38;2;253;253;253m~`[48;2;251;251;251m [38;2;252;252;252m:[48;2;252;252;252m                                                     [0m
[7m[38;2;252;252;252m [0m[38;2;0;0;0;48;2;252;252;252m                                                                                                                       [0m
[7m[38;2;252;252;252m [0m[38;2;0;0;0;48;2;252;252;252m                                                                                                                       [0m
[7m[38;2;252;252;252m [0m[38;2;0;0;0;48;2;252;252;252m                                                                                                                       [0m
[7m[38;2;252;252;252m [0m[38;2;0;0;0;48;2;252;252;252m                                                                                                                       [0m
[7m[38;2;252;252;252m [0m[38;2;0;0;0;48;2;252;252;252m                                                                                                                       [0m
[7m[38;2;252;252;252m [0m[38;2;0;0;0;48;2;252;252;252m                                                                                                                       [0m
[7m[38;2;252;252;252m [0m[38;2;0;0;0;48;2;252;252;252m                                                                                                                       [0m
[7m[38;2;252;252;252m [0m[38;2;0;0;0;48;2;252;252;252m                                                                                                                       [0m
[7m[38;2;252;252;252m [0m[38;2;0;0;0;48;2;252;252;252m                                                                                                                       [0m
[7m[38;2;252;252;252m [0m[38;2;0;0;0;48;2;252;252;252m                                                                                                                       [0m
[7m[38;2;252;252;252m [0m[38;2;0;0;0;48;2;252;252;252m                                                                                                                       [0m
[7m[38;2;252;252;252m [0m[38;2;0;0;0;48;2;252;252;252m                                                                                                                       [0m
[7m[38;2;252;252;252m [0m[38;2;0;0;0;48;2;252;252;252m                                                                                                                       [0m
[?25h