[?25l[0m[7m[38;2;0;0;0m [0m[38;2;0;0;0;48;2;0;0;0m                                                                                        [48;2;1;1;1m   [48;2;2;2;2m    [48;2;3;3;3m  [48;2;4;4;4m       [48;2;5;5;5m [48;2;6;6;6m [48;2;7;7;7m [48;2;8;8;8m  [48;2;9;9;9m  [38;2;10;10;10m_[48;2;10;10;10m [48;2;11;11;11m      [0m
[7m[38;2;0;0;0m [0m[38;2;0;0;0;48;2;0;0;0m                                                                                         [48;2;1;1;1m  [38;2;2;2;2m~ [48;2;2;2;2m   [48;2;3;3;3m    [48;2;4;4;4m   [38;2;5;5;5m_[48;2;5;5;5m [38;2;6;6;6m~[38;2;5;5;5;48;2;6;6;6my[38;2;8;8;8m~[48;2;7;7;7m [38;2;9;9;9;48;2;8;8;8m" ~[38;2;10;10;10;48;2;9;9;9m~[38;2;11;11;11;48;2;10;10;10m~  :[48;2;11;11;11m  [0m
[7m[38;2;0;0;0m [0m[38;2;0;0;0;48;2;0;0;0m                                                                                         [48;2;1;1;1m    [48;2;2;2;2m   [48;2;3;3;3m    [48;2;4;4;4m   [38;2;5;5;5m.[48;2;5;5;5m    [38;2;7;7;7;48;2;6;6;6m:[48;2;8;8;8m    [38;2;10;10;10;48;2;9;9;9m`[48;2;10;10;10m   [48;2;11;11;11m  [0m
[7m[38;2;0;0;0m [0m[38;2;0;0;0;48;2;0;0;0m                                                               [38;2;1;1;1m___                       ~~[48;2;1;1;1m  [38;2;2;2;2m~~~[38;2;3;3;3;48;2;2;2;2m`[48;2;3;3;3m    [48;2;4;4;4m   [38;2;5;5;5m~~ [48;2;5;5;5m [38;2;6;6;6m~[38;2;8;8;8;48;2;7;7;7m"~[48;2;8;8;8m  [38;2;9;9;9m:[38;2;10;10;10;48;2;9;9;9m"~[48;2;10;10;10m [38;2;11;11;11m"~[0m
[7m[38;2;0;0;0m [0m[38;2;0;0;0;48;2;0;0;0m                                                        [38;2;2;2;2m_ [38;2;15;15;15m_[38;2;43;43;43;48;2;1;1;1m_[38;2;65;65;65;48;2;2;2;2m_[38;2;83;83;83;48;2;7;7;7m_[38;2;97;97;97;48;2;15;15;15m_[38;2;112;112;112;48;2;24;24;24m_[38;2;114;114;114;48;2;25;25;25m_[38;2;113;113;113m_[38;2;106;106;106;48;2;21;21;21m_[38;2;87;87;87;48;2;10;10;10m_[38;2;66;66;66;48;2;3;3;3m_[38;2;40;40;40;48;2;1;1;1m_[38;2;6;6;6;48;2;0;0;0m,[38;2;1;1;1m_                   ..[48;2;1;1;1m   [48;2;2;2;2m  [38;2;3;3;3m..[48;2;3;3;3m [48;2;4;4;4m      [38;2;5;5;5m.[48;2;5;5;5m [38;2;7;7;7;48;2;6;6;6m`[38;2;5;5;5m_[48;2;7;7;7m_[38;2;6;6;6m,[48;2;8;8;8m [38;2;9;9;9m~.[38;2;10;10;10;48;2;9;9;9m~..[0m
[7m[38;2;0;0;0m [0m[38;2;0;0;0;48;2;0;0;0m                                                    [48;2;1;1;1m`[38;2;45;45;45;48;2;6;6;6m_[38;2;135;135;135;48;2;21;21;21m_[38;2;198;198;198;48;2;49;49;49m_[38;2;168;168;168;48;2;76;76;76my[38;2;13;13;13;48;2;149;149;149m~[38;2;57;57;57;48;2;179;179;179m~[38;2;106;106;106;48;2;201;201;201m~[38;2;150;150;150;48;2;221;221;221m~[38;2;181;181;181;48;2;236;236;236m~[38;2;172;172;172;48;2;239;239;239m`[38;2;178;178;178;48;2;240;240;240m`[38;2;179;179;179m``[38;2;176;176;176m`[38;2;162;162;162;48;2;233;233;233m`[38;2;157;157;157;48;2;221;221;221m~[38;2;105;105;105;48;2;197;197;197m~[38;2;41;41;41;48;2;164;164;164m~[38;2;213;213;213;48;2;83;83;83m_[38;2;146;146;146;48;2;32;32;32m_[38;2;45;45;45;48;2;6;6;6m_[38;2;2;2;2;48;2;0;0;0m,                  [38;2;1;1;1m:[48;2;1;1;1m  [48;2;2;2;2m    [38;2;3;3;3m`[48;2;3;3;3m   [48;2;4;4;4m    [48;2;5;5;5m    [48;2;6;6;6m [38;2;8;8;8;48;2;7;7;7m" [48;2;8;8;8m [38;2;9;9;9m"  [0m
[7m[38;2;0;0;0m [0m[38;2;0;0;0;48;2;0;0;0m                                                 [48;2;1;1;1m`[38;2;78;78;78;48;2;17;17;17m_[38;2;194;194;194;48;2;69;69;69m_[38;2;39;39;39;48;2;159;159;159m~[38;2;96;96;96;48;2;212;212;212m~[38;2;176;176;176;48;2;234;234;234m~[38;2;240;240;240;48;2;249;249;249m~[38;2;244;244;244;48;2;250;250;250m`[38;2;252;252;252;48;2;251;251;251m'.[38;2;250;250;250m~ [38;2;252;252;252m.[48;2;252;252;252m     [48;2;251;251;251m: [38;2;250;250;250m~[38;2;251;251;251;48;2;252;252;252m-[38;2;244;244;244;48;2;248;248;248m`[38;2;188;188;188;48;2;232;232;232m"[38;2;98;98;98;48;2;190;190;190m~[38;2;240;240;240;48;2;100;100;100m_[38;2;125;125;125;48;2;36;36;36m_[38;2;30;30;30;48;2;6;6;6m_[38;2;4;4;4;48;2;1;1;1m_[48;2;0;0;0m               [38;2;1;1;1m`~`[38;2;2;2;2;48;2;1;1;1m~ [48;2;2;2;2m   [48;2;3;3;3m   [38;2;4;4;4m`~ [48;2;4;4;4m [38;2;5;5;5m~~~`[38;2;6;6;6m~[38;2;7;7;7;48;2;5;5;5m~[38;2;5;5;5;48;2;6;6;6my[38;2;8;8;8;48;2;7;7;7m~~~.[0m
[7m[38;2;0;0;0m [0m[38;2;0;0;0;48;2;0;0;0m                                               [38;2;1;1;1m.[38;2;61;61;61;48;2;21;21;21m_[38;2;163;163;163;48;2;94;94;94my[38;2;149;149;149;48;2;216;216;216m~[38;2;222;222;222;48;2;244;244;244m~[38;2;252;252;252;48;2;249;249;249m.[48;2;251;251;251m`[38;2;250;250;250m`[38;2;252;252;252m:[48;2;252;252;252m                [38;2;250;250;250;48;2;251;251;251m`[38;2;252;252;252m.[38;2;251;251;251;48;2;249;249;249m:[38;2;175;175;175;48;2;234;234;234m`[38;2;91;91;91;48;2;172;172;172m~[38;2;124;124;124;48;2;52;52;52m_[38;2;26;26;26;48;2;4;4;4m_[38;2;1;1;1;48;2;0;0;0m_                 [48;2;1;1;1m [38;2;2;2;2m~ [48;2;2;2;2m [48;2;3;3;3m      [48;2;4;4;4m       [48;2;5;5;5m [38;2;5;5;5;48;2;6;6;6m_[38;2;7;7;7m...[0m
[7m[38;2;0;0;0m [0m[38;2;0;0;0;48;2;0;0;0m                                               [38;2;62;62;62;48;2;33;33;33my[38;2;79;79;79;48;2;161;161;161m~[38;2;224;224;224;48;2;242;242;242m~[38;2;254;254;254;48;2;251;251;251m`[38;2;251;251;251;48;2;252;252;252m`                      [38;2;252;252;252;48;2;251;251;251m:[38;2;249;249;249;48;2;250;250;250m~[38;2;252;252;252;48;2;248;248;248m:[38;2;159;159;159;48;2;206;206;206m~[38;2;123;123;123;48;2;73;73;73mL[38;2;25;25;25;48;2;7;7;7m_[38;2;1;1;1;48;2;0;0;0m.                `[48;2;1;1;1m  [48;2;2;2;2m [38;2;3;3;3m````[48;2;3;3;3m  [38;2;4;4;4m``[48;2;4;4;4m     [38;2;5;5;5m``[48;2;5;5;5m [38;2;6;6;6m``[0m
[7m[38;2;0;0;0m [0m[38;2;0;0;0;48;2;0;0;0m                                             [38;2;1;1;1m:[38;2;55;55;55;48;2;32;32;32my[38;2;91;91;91;48;2;155;155;155m~[38;2;231;231;231;48;2;244;244;244m~[48;2;250;250;250m [38;2;252;252;252;48;2;251;251;251m:[48;2;252;252;252m                        [48;2;251;251;251m:[38;2;250;250;250m7[38;2;253;253;253;48;2;249;249;249m`[38;2;163;163;163;48;2;199;199;199m~[38;2;110;110;110;48;2;65;65;65mL[38;2;22;22;22;48;2;4;4;4m,[38;2;1;1;1;48;2;0;0;0m_                 `[38;2;2;2;2;48;2;1;1;1m~   `[48;2;2;2;2m   [38;2;3;3;3m`[48;2;3;3;3m   [48;2;4;4;4m       [0m
[7m[38;2;0;0;0m [0m[38;2;0;0;0;48;2;0;0;0m                                            [38;2;1;1;1m_[38;2;30;30;30;48;2;14;14;14m_[38;2;70;70;70;48;2;114;114;114mF[38;2;218;218;218;48;2;231;231;231m`[38;2;254;254;254;48;2;250;250;250m`[48;2;251;251;251m [48;2;252;252;252m                          [38;2;252;252;252;48;2;251;251;251m:[48;2;250;250;250m [38;2;253;253;253;48;2;247;247;247m:[38;2;141;141;141;48;2;174;174;174m~[38;2;83;83;83;48;2;47;47;47mL[38;2;2;2;2;48;2;1;1;1m`[48;2;0;0;0m                   [48;2;1;1;1m    [48;2;2;2;2m    [48;2;3;3;3m   [38;2;4;4;4m.[48;2;4;4;4m      [0m
[7m[38;2;0;0;0m [0m[38;2;0;0;0;48;2;0;0;0m                                            [38;2;1;1;1m`[38;2;3;3;3;48;2;18;18;18m:[38;2;114;114;114;48;2;70;70;70m~[38;2;96;96;96;48;2;161;161;161m_[38;2;233;233;233;48;2;242;242;242m,[38;2;252;252;252;48;2;250;250;250m`[38;2;253;253;253;48;2;252;252;252m,                          [48;2;251;251;251m `[38;2;223;223;223;48;2;236;236;236m`[38;2;79;79;79;48;2;114;114;114m4[38;2;26;26;26;48;2;10;10;10m_[38;2;1;1;1;48;2;0;0;0m_                  `~~ [38;2;2;2;2;48;2;1;1;1m`~~ [38;2;3;3;3;48;2;2;2;2m`~~~[38;2;4;4;4m`[38;2;3;3;3m~[38;2;4;4;4;48;2;3;3;3m~~[48;2;4;4;4m  [0m
[7m[38;2;0;0;0m [0m[38;2;0;0;0;48;2;0;0;0m                                              [48;2;2;2;2m:[38;2;72;72;72;48;2;35;35;35m"[38;2;41;41;41;48;2;140;140;140m_[38;2;149;149;149;48;2;223;223;223m_[38;2;232;232;232;48;2;246;246;246m,[38;2;242;242;242;48;2;249;249;249m_[38;2;241;241;241;48;2;250;250;250m_[38;2;247;247;247;48;2;251;251;251m_[38;2;253;253;253;48;2;252;252;252m.                      [38;2;252;252;252;48;2;251;251;251m:[48;2;250;250;250m [38;2;253;253;253;48;2;247;247;247m`[38;2;138;138;138;48;2;159;159;159m4[38;2;64;64;64;48;2;39;39;39mL[48;2;1;1;1m [48;2;0;0;0m                      [48;2;1;1;1m    [38;2;2;2;2m:[48;2;2;2;2m     [38;2;3;3;3m:[48;2;3;3;3m  [48;2;4;4;4m [0m
[7m[38;2;0;0;0m [0m[38;2;0;0;0;48;2;0;0;0m                                                [38;2;25;25;25;48;2;7;7;7m"[38;2;107;107;107;48;2;38;38;38m~[38;2;186;186;186;48;2;82;82;82m~[38;2;201;201;201;48;2;101;101;101m~[38;2;124;124;124;48;2;176;176;176mw[38;2;232;232;232;48;2;241;241;241mr[38;2;251;251;251;48;2;252;252;252mL[38;2;252;252;252;48;2;251;251;251m:[48;2;252;252;252m                     [48;2;251;251;251m:[48;2;250;250;250m [38;2;253;253;253;48;2;249;249;249m`[38;2;183;183;183;48;2;194;194;194m4[38;2;96;96;96;48;2;60;60;60m[[38;2;1;1;1;48;2;0;0;0m^                        [48;2;1;1;1m     [48;2;2;2;2m     [48;2;3;3;3m  [0m
[7m[38;2;0;0;0m [0m[38;2;0;0;0;48;2;0;0;0m                                                  [48;2;3;3;3m:[38;2;74;74;74;48;2;51;51;51mJ[38;2;75;75;75;48;2;181;181;181m_[38;2;173;173;173;48;2;236;236;236m_[38;2;251;251;251;48;2;249;249;249m:[38;2;249;249;249;48;2;251;251;251m_[38;2;252;252;252m:[48;2;252;252;252m                     [48;2;250;250;250m [38;2;253;253;253m`[38;2;204;204;204;48;2;212;212;212m4[38;2;105;105;105;48;2;72;72;72ml[48;2;0;0;0m                         [38;2;1;1;1m`~~ [48;2;1;1;1m  [48;2;2;2;2m    [38;2;3;3;3m` [0m
[7m[38;2;0;0;0m [0m[38;2;0;0;0;48;2;0;0;0m                                                    [38;2;31;31;31;48;2;13;13;13m"[38;2;135;135;135;48;2;76;76;76m~[38;2;96;96;96;48;2;199;199;199m_[38;2;212;212;212;48;2;245;245;245m_[38;2;252;252;252;48;2;250;250;250m`[48;2;251;251;251m.[48;2;252;252;252m                    [48;2;251;251;251m [38;2;254;254;254m:[38;2;220;220;220;48;2;225;225;225m4[38;2;117;117;117;48;2;83;83;83ml[38;2;3;3;3;48;2;2;2;2mr[48;2;0;0;0m                              [48;2;1;1;1m [38;2;2;2;2m~~~~~[0m
[7m[38;2;0;0;0m [0m[38;2;0;0;0;48;2;0;0;0m                                                     [38;2;4;4;4;48;2;1;1;1m`[38;2;65;65;65;48;2;18;18;18m`[38;2;149;149;149;48;2;85;85;85m~[38;2;117;117;117;48;2;213;213;213m_[38;2;234;234;234;48;2;246;246;246m,[48;2;251;251;251m [38;2;252;252;252m:[48;2;252;252;252m                  [48;2;251;251;251m [38;2;254;254;254;48;2;252;252;252m:[38;2;238;238;238;48;2;229;229;229m'[38;2;121;121;121;48;2;88;88;88ml[38;2;5;5;5;48;2;3;3;3mL[48;2;0;0;0m                               [48;2;1;1;1m [38;2;1;1;1;48;2;0;0;0m:[48;2;1;1;1m   [0m
[7m[38;2;0;0;0m [0m[38;2;0;0;0;48;2;0;0;0m                                                      [38;2;1;1;1m`[38;2;0;0;0;48;2;2;2;2m:[38;2;79;79;79;48;2;63;63;63m4[38;2;201;201;201;48;2;218;218;218mr[38;2;253;253;253;48;2;250;250;250m`[48;2;251;251;251m [38;2;252;252;252m:[48;2;252;252;252m                 [48;2;251;251;251m [38;2;254;254;254m`[38;2;218;218;218;48;2;221;221;221mu[38;2;114;114;114;48;2;80;80;80ml[38;2;3;3;3;48;2;1;1;1m~[48;2;0;0;0m                                    [0m
[7m[38;2;0;0;0m [0m[38;2;0;0;0;48;2;0;0;0m                                                      [38;2;1;1;1m_[38;2;0;0;0;48;2;9;9;9m:[38;2;105;105;105;48;2;84;84;84m4[38;2;227;227;227;48;2;236;236;236m~[38;2;251;251;251;48;2;252;252;252m_[38;2;252;252;252;48;2;251;251;251m:[48;2;252;252;252m                  [48;2;250;250;250m [38;2;253;253;253m`[38;2;211;211;211;48;2;213;213;213mu[38;2;107;107;107;48;2;73;73;73ml[48;2;0;0;0m                                     [0m
[7m[38;2;0;0;0m [0m[38;2;0;0;0;48;2;0;0;0m                                                      [48;2;5;5;5m.[38;2;115;115;115;48;2;42;42;42m_[38;2;108;108;108;48;2;171;171;171m~[38;2;251;251;251;48;2;244;244;244m`[48;2;251;251;251m [38;2;252;252;252m:[48;2;252;252;252m                  [38;2;251;251;251;48;2;250;250;250m:[38;2;253;253;253m`[38;2;204;204;204;48;2;214;214;214m4[38;2;106;106;106;48;2;73;73;73ml[38;2;1;1;1;48;2;0;0;0m,                                    [0m
[7m[38;2;0;0;0m [0m[38;2;0;0;0;48;2;0;0;0m                                                    [38;2;3;3;3m_[38;2;0;0;0;48;2;8;8;8m:[38;2;103;103;103;48;2;68;68;68my[38;2;152;152;152;48;2;215;215;215m~[38;2;238;238;238;48;2;248;248;248m~[38;2;252;252;252;48;2;251;251;251m.:[48;2;252;252;252m                   [48;2;251;251;251m [38;2;253;253;253;48;2;252;252;252m:[38;2;246;246;246;48;2;236;236;236m:[38;2;129;129;129;48;2;99;99;99ml[38;2;23;23;23;48;2;7;7;7m,[48;2;0;0;0m                                    [0m
[7m[38;2;0;0;0m [0m[38;2;0;0;0;48;2;0;0;0m                                                  [38;2;1;1;1m.[38;2;40;40;40;48;2;4;4;4m_[38;2;145;145;145;48;2;31;31;31m_[38;2;189;189;189;48;2;103;103;103my[38;2;148;148;148;48;2;217;217;217m~[38;2;252;252;252;48;2;248;248;248m`[48;2;251;251;251m_:[48;2;252;252;252m                    [48;2;251;251;251m:[38;2;250;250;250mg[38;2;253;253;253;48;2;247;247;247m:[38;2;116;116;116;48;2;144;144;144m4[38;2;48;48;48;48;2;28;28;28mL[48;2;0;0;0m                                    [0m
[7m[38;2;0;0;0m [0m[38;2;0;0;0;48;2;0;0;0m                                                 [48;2;1;1;1m:[38;2;56;56;56;48;2;32;32;32mu[38;2;65;65;65;48;2;132;132;132m~[38;2;148;148;148;48;2;201;201;201m_[38;2;241;241;241;48;2;244;244;244m`[38;2;249;249;249;48;2;251;251;251m~ [48;2;252;252;252m                      [38;2;252;252;252;48;2;251;251;251m:[48;2;250;250;250m [38;2;253;253;253;48;2;248;248;248m`[38;2;158;158;158;48;2;176;176;176m4[38;2;80;80;80;48;2;49;49;49mL[38;2;1;1;1;48;2;0;0;0m.                                   [0m
[7m[38;2;0;0;0m [0m[38;2;0;0;0;48;2;0;0;0m                                                 [48;2;1;1;1m'[38;2;39;39;39;48;2;14;14;14m_[38;2;46;46;46;48;2;104;104;104mF[38;2;152;152;152;48;2;220;220;220m~[38;2;253;253;253;48;2;249;249;249m`[38;2;250;250;250;48;2;251;251;251m`[38;2;252;252;252m:[48;2;252;252;252m                      [48;2;251;251;251m:[48;2;250;250;250m [38;2;253;253;253m`[38;2;196;196;196;48;2;208;208;208m"[38;2;105;105;105;48;2;71;71;71ml[38;2;2;2;2;48;2;0;0;0m,                                   [0m
[7m[38;2;0;0;0m [0m[38;2;0;0;0;48;2;0;0;0m                                                 [48;2;6;6;6m:[38;2;105;105;105;48;2;75;75;75m4[38;2;197;197;197;48;2;227;227;227m~[38;2;253;253;253;48;2;250;250;250m`[38;2;250;250;250;48;2;251;251;251m`[38;2;252;252;252m:[48;2;252;252;252m                        [48;2;251;251;251m [38;2;253;253;253;48;2;252;252;252m`[38;2;247;247;247;48;2;238;238;238m:[38;2;132;132;132;48;2;101;101;101ml[38;2;21;21;21;48;2;8;8;8m,[48;2;0;0;0m                                   [0m
[7m[38;2;0;0;0m [0m[38;2;0;0;0;48;2;0;0;0m                                                [38;2;1;1;1m_[38;2;50;50;50;48;2;21;21;21m_[38;2;81;81;81;48;2;135;135;135mF[38;2;223;223;223;48;2;240;240;240m~[38;2;254;254;254;48;2;251;251;251m`[38;2;252;252;252m:[48;2;252;252;252m                         [48;2;251;251;251m:[38;2;250;250;250mg[38;2;254;254;254;48;2;247;247;247m`[38;2;113;113;113;48;2;141;141;141m4[38;2;45;45;45;48;2;26;26;26mL[38;2;1;1;1;48;2;0;0;0m,                                  [0m
[7m[38;2;0;0;0m [0m[38;2;0;0;0;48;2;0;0;0m                                               [38;2;1;1;1m_[38;2;30;30;30;48;2;15;15;15m_[38;2;69;69;69;48;2;115;115;115mF[38;2;214;214;214;48;2;237;237;237m~[38;2;254;254;254;48;2;251;251;251m`[38;2;250;250;250m`[38;2;252;252;252m:[48;2;252;252;252m                         [48;2;251;251;251m:[48;2;250;250;250m [38;2;253;253;253;48;2;248;248;248m`[38;2;170;170;170;48;2;160;160;160m$[38;2;69;69;69;48;2;46;46;46ml[38;2;1;1;1;48;2;0;0;0m:                                  [0m
[7m[38;2;0;0;0m [0m[38;2;0;0;0;48;2;0;0;0m                                               [38;2;1;1;1m:[38;2;27;27;27;48;2;48;48;48m$[38;2;171;171;171;48;2;153;153;153m4[38;2;241;241;241;48;2;246;246;246mL[38;2;249;249;249;48;2;250;250;250m.[38;2;252;252;252;48;2;251;251;251m:[48;2;252;252;252m                          [48;2;251;251;251m:[48;2;250;250;250m [38;2;253;253;253;48;2;248;248;248m`[38;2;177;177;177;48;2;166;166;166ml[38;2;72;72;72;48;2;49;49;49ml[38;2;1;1;1;48;2;0;0;0m:                                  [0m
[7m[38;2;0;0;0m [0m[38;2;0;0;0;48;2;0;0;0m                                               [38;2;1;1;1m:[38;2;40;40;40;48;2;25;25;25m4[38;2;102;102;102;48;2;136;136;136mi[38;2;238;238;238;48;2;244;244;244mL[38;2;252;252;252;48;2;250;250;250m_[48;2;251;251;251m:[48;2;252;252;252m                          [48;2;251;251;251m:[48;2;250;250;250m [38;2;253;253;253;48;2;248;248;248m`[38;2;178;178;178;48;2;167;167;167ml[38;2;72;72;72;48;2;49;49;49ml[38;2;1;1;1;48;2;0;0;0m:                                  [0m
[7m[38;2;0;0;0m [0m[38;2;0;0;0;48;2;0;0;0m                                                [48;2;3;3;3m'[38;2;2;2;2;48;2;66;66;66m.[38;2;138;138;138;48;2;205;205;205m_[38;2;254;254;254;48;2;248;248;248m:[38;2;249;249;249;48;2;251;251;251my[38;2;252;252;252m:[48;2;252;252;252m                         [48;2;251;251;251m:[48;2;250;250;250m [38;2;253;253;253;48;2;248;248;248m`[38;2;188;188;188;48;2;166;166;166mF[38;2;75;75;75;48;2;50;50;50ml[38;2;1;1;1;48;2;0;0;0m:                                  [0m
[7m[38;2;0;0;0m [0m[38;2;0;0;0;48;2;0;0;0m                                                [38;2;1;1;1m`[38;2;17;17;17;48;2;7;7;7m`[38;2;92;92;92;48;2;71;71;71m4[38;2;148;148;148;48;2;212;212;212m_[38;2;253;253;253;48;2;249;249;249m.[38;2;250;250;250;48;2;251;251;251my[38;2;252;252;252m:[48;2;252;252;252m                        [48;2;251;251;251m:[48;2;250;250;250m [38;2;253;253;253;48;2;247;247;247m`[38;2;159;159;159;48;2;144;144;144ml[38;2;51;51;51;48;2;36;36;36ml[38;2;1;1;1;48;2;0;0;0m:                                  [0m
[7m[38;2;0;0;0m [0m[38;2;0;0;0;48;2;0;0;0m                                                 [38;2;1;1;1m"[38;2;21;21;21;48;2;8;8;8m"[38;2;95;95;95;48;2;75;75;75m4[38;2;166;166;166;48;2;216;216;216m_[38;2;253;253;253;48;2;249;249;249m:[38;2;249;249;249;48;2;251;251;251m_[38;2;252;252;252m:[48;2;252;252;252m                       [48;2;251;251;251m:[48;2;250;250;250m [38;2;253;253;253;48;2;248;248;248m`[38;2;151;151;151;48;2;175;175;175m4[38;2;77;77;77;48;2;48;48;48mL[38;2;1;1;1;48;2;0;0;0m;                                  [0m
[7m[38;2;0;0;0m [0m[38;2;0;0;0;48;2;0;0;0m                                                   [38;2;54;54;54;48;2;38;38;38m4[38;2;143;143;143;48;2;170;170;170mF[38;2;240;240;240;48;2;246;246;246mL[48;2;250;250;250m [38;2;252;252;252;48;2;251;251;251m:[48;2;252;252;252m                        [48;2;251;251;251m.[38;2;253;253;253m`[38;2;219;219;219;48;2;243;243;243m`[38;2;125;125;125;48;2;153;153;153mJ[38;2;116;116;116;48;2;38;38;38m,[38;2;6;6;6;48;2;1;1;1m,[48;2;0;0;0m                                 [0m
[7m[38;2;0;0;0m [0m[38;2;0;0;0;48;2;0;0;0m                                                  [48;2;1;1;1m:[38;2;81;81;81;48;2;59;59;59m4[38;2;191;191;191;48;2;215;215;215m~[38;2;253;253;253;48;2;250;250;250m:[48;2;251;251;251m [38;2;252;252;252m:[48;2;252;252;252m                         [48;2;251;251;251m.[38;2;253;253;253m`[38;2;238;238;238;48;2;246;246;246m`[38;2;108;108;108;48;2;177;177;177m"[38;2;93;93;93;48;2;50;50;50mL[38;2;8;8;8;48;2;2;2;2m,[48;2;0;0;0m                                [0m
[7m[38;2;0;0;0m [0m[38;2;0;0;0;48;2;0;0;0m                                                  [48;2;14;14;14m:[38;2;70;70;70;48;2;111;111;111mF[38;2;235;235;235;48;2;242;242;242mL[38;2;251;251;251;48;2;252;252;252my                            [38;2;252;252;252;48;2;251;251;251m:[48;2;250;250;250m [38;2;253;253;253;48;2;247;247;247m:[38;2;122;122;122;48;2;175;175;175m"[38;2;88;88;88;48;2;50;50;50mL[38;2;3;3;3;48;2;0;0;0m,                               [0m
[7m[38;2;0;0;0m [0m[38;2;0;0;0;48;2;0;0;0m                                                  [48;2;41;41;41m.[38;2;137;137;137;48;2;167;167;167mF[38;2;253;253;253;48;2;244;244;244m`[48;2;250;250;250m [38;2;252;252;252;48;2;251;251;251m:[48;2;252;252;252m                            [48;2;251;251;251m [38;2;253;253;253m"[38;2;237;237;237;48;2;245;245;245m`[38;2;120;120;120;48;2;150;150;150m4[38;2;91;91;91;48;2;33;33;33m,[38;2;1;1;1;48;2;0;0;0my                              [0m
[?25h