[?25l[0m[7m[38;2;0;0;0m [0m[38;2;0;0;0;48;2;0;0;0m                                [38;2;1;1;1m_    [38;2;52;52;52;48;2;11;11;11m_[38;2;161;161;161;48;2;70;70;70m_[38;2;89;89;89;48;2;190;190;190m~[38;2;210;210;210;48;2;241;241;241m~[38;2;254;254;254;48;2;250;250;250m`[38;2;251;251;251;48;2;247;247;247m:[38;2;154;154;154;48;2;216;216;216m~[38;2;164;164;164;48;2;92;92;92my[38;2;46;46;46;48;2;21;21;21m,[38;2;0;0;0;48;2;1;1;1m`[48;2;0;0;0m [38;2;1;1;1m__                                                                     [0m
[7m[38;2;0;0;0m [0m[38;2;0;0;0;48;2;0;0;0m                           [48;2;1;1;1m`[38;2;53;53;53;48;2;7;7;7m_[38;2;132;132;132;48;2;22;22;22m_[38;2;189;189;189;48;2;39;39;39m_[38;2;214;214;214;48;2;63;63;63m_[38;2;222;222;222;48;2;89;89;89m_[38;2;0;0;0;48;2;131;131;131m~[48;2;141;141;141m~[48;2;148;148;148m~[38;2;7;7;7;48;2;158;158;158m~[38;2;82;82;82;48;2;196;196;196m~[38;2;206;206;206;48;2;242;242;242m~[38;2;254;254;254;48;2;251;251;251m'[38;2;250;250;250m`[38;2;252;252;252m: [48;2;250;250;250m.[38;2;222;222;222;48;2;242;242;242m`[38;2;123;123;123;48;2;202;202;202m~[38;2;20;20;20;48;2;154;154;154m~[38;2;0;0;0;48;2;130;130;130m~[38;2;221;221;221;48;2;86;86;86m_[38;2;210;210;210;48;2;58;58;58m_[38;2;180;180;180;48;2;35;35;35m_[38;2;114;114;114;48;2;18;18;18m_[38;2;39;39;39;48;2;8;8;8m,[38;2;1;1;1;48;2;0;0;0m.                                                                 [0m
[7m[38;2;0;0;0m [0m[38;2;0;0;0;48;2;0;0;0m                        [38;2;21;21;21m_[38;2;99;99;99;48;2;22;22;22m_[38;2;196;196;196;48;2;74;74;74m_[38;2;44;44;44;48;2;163;163;163m~[38;2;104;104;104;48;2;215;215;215m~[38;2;173;173;173;48;2;234;234;234m~[38;2;229;229;229;48;2;247;247;247m~[38;2;250;250;250;48;2;251;251;251m`[38;2;252;252;252mT[38;2;250;250;250m= [38;2;252;252;252m~[38;2;253;253;253m~[48;2;252;252;252m~[38;2;252;252;252;48;2;251;251;251m:[48;2;252;252;252m      [48;2;251;251;251m:[38;2;250;250;250m==[38;2;252;252;252m7[38;2;248;248;248;48;2;250;250;250m`[38;2;216;216;216;48;2;243;243;243m`[38;2;166;166;166;48;2;230;230;230m~[38;2;109;109;109;48;2;212;212;212m~[38;2;50;50;50;48;2;163;163;163m~[38;2;217;217;217;48;2;81;81;81m_[38;2;112;112;112;48;2;25;25;25m_[38;2;24;24;24;48;2;4;4;4m,[38;2;2;2;2;48;2;0;0;0m_                                                             [0m
[7m[38;2;0;0;0m [0m[38;2;0;0;0;48;2;0;0;0m                      [48;2;2;2;2m`[38;2;107;107;107;48;2;30;30;30m_[38;2;179;179;179;48;2;110;110;110my[38;2;149;149;149;48;2;219;219;219m~[38;2;226;226;226;48;2;245;245;245m~[38;2;252;252;252;48;2;251;251;251m`:[38;2;250;250;250m`[38;2;252;252;252m:[48;2;252;252;252m                   [48;2;251;251;251m:  [48;2;250;250;250m.[38;2;234;234;234;48;2;247;247;247m`[38;2;188;188;188;48;2;233;233;233m"[38;2;73;73;73;48;2;177;177;177m~[38;2;191;191;191;48;2;63;63;63m_[38;2;66;66;66;48;2;13;13;13m,[38;2;1;1;1;48;2;0;0;0m.                                                      [38;2;26;26;26;48;2;10;10;10m_[38;2;136;136;136;48;2;59;59;59my[38;2;161;161;161;48;2;58;58;58m_[38;2;58;58;58;48;2;11;11;11m_[48;2;0;0;0m [0m
[7m[38;2;0;0;0m [0m[38;2;0;0;0;48;2;0;0;0m                     [38;2;26;26;26;48;2;4;4;4m_[38;2;118;118;118;48;2;72;72;72my[38;2;129;129;129;48;2;205;205;205m~[38;2;252;252;252;48;2;249;249;249m:[38;2;250;250;250;48;2;251;251;251ms [48;2;252;252;252m                           [38;2;252;252;252;48;2;251;251;251m:[38;2;250;250;250m~[38;2;249;249;249;48;2;250;250;250m+[38;2;228;228;228;48;2;241;241;241m`[38;2;109;109;109;48;2;186;186;186m~[38;2;143;143;143;48;2;62;62;62m_[38;2;41;41;41;48;2;9;9;9m,[38;2;1;1;1;48;2;0;0;0m_                                                    [38;2;30;30;30;48;2;9;9;9m`[38;2;175;175;175;48;2;92;92;92m~[38;2;184;184;184;48;2;95;95;95m~[38;2;68;68;68;48;2;37;37;37mF[48;2;0;0;0m [0m
[7m[38;2;0;0;0m [0m[38;2;0;0;0;48;2;0;0;0m                    [48;2;2;2;2m`[38;2;110;110;110;48;2;76;76;76my[38;2;155;155;155;48;2;206;206;206m~[38;2;253;253;253;48;2;251;251;251m`[38;2;250;250;250m%[48;2;252;252;252m                               [38;2;252;252;252;48;2;251;251;251m:[38;2;250;250;250m`[38;2;254;254;254;48;2;249;249;249m'[38;2;189;189;189;48;2;225;225;225m"[38;2;147;147;147;48;2;95;95;95my[38;2;65;65;65;48;2;18;18;18m,[48;2;0;0;0m                                                         [0m
[7m[38;2;0;0;0m [0m[38;2;0;0;0;48;2;0;0;0m                   [38;2;1;1;1m,[38;2;67;67;67;48;2;39;39;39my[38;2;130;130;130;48;2;168;168;168mF[38;2;253;253;253;48;2;249;249;249m:[48;2;250;250;250m [48;2;252;252;252m                                 [38;2;252;252;252;48;2;251;251;251m:[38;2;250;250;250m`[38;2;253;253;253;48;2;250;250;250m'[38;2;210;210;210;48;2;230;230;230m"[38;2;136;136;136;48;2;86;86;86mL[38;2;40;40;40;48;2;12;12;12m,[38;2;1;1;1;48;2;0;0;0m_                                                       [0m
[7m[38;2;0;0;0m [0m[38;2;0;0;0;48;2;0;0;0m                    [38;2;58;58;58;48;2;104;104;104mF[38;2;195;195;195;48;2;216;216;216m~[38;2;253;253;253;48;2;251;251;251m:[38;2;251;251;251;48;2;250;250;250m:[48;2;252;252;252m                                  [38;2;252;252;252;48;2;251;251;251m:[48;2;250;250;250m [38;2;254;254;254;48;2;246;246;246m:[38;2;146;146;146;48;2;184;184;184m`[38;2;76;76;76;48;2;42;42;42mL[38;2;1;1;1;48;2;0;0;0m"                                                       [0m
[7m[38;2;0;0;0m [0m[38;2;0;0;0;48;2;0;0;0m                   [38;2;1;1;1m_[38;2;55;55;55;48;2;109;109;109mL[38;2;213;213;213;48;2;222;222;222mL[38;2;253;253;253;48;2;251;251;251m:[38;2;251;251;251;48;2;250;250;250m:[48;2;252;252;252m                                  [38;2;252;252;252;48;2;251;251;251m:[48;2;250;250;250m [38;2;254;254;254;48;2;246;246;246m:[38;2;170;170;170;48;2;192;192;192m_[38;2;73;73;73;48;2;44;44;44mF[48;2;0;0;0m                                   [38;2;1;1;1m_                    [0m
[7m[38;2;0;0;0m [0m[38;2;0;0;0;48;2;0;0;0m             [38;2;18;18;18;48;2;1;1;1m_[38;2;39;39;39;48;2;3;3;3m_[38;2;22;22;22;48;2;1;1;1m_[38;2;23;23;23;48;2;2;2;2m_[38;2;101;101;101;48;2;13;13;13m_[38;2;179;179;179;48;2;41;41;41m_[38;2;209;209;209;48;2;76;76;76m_[38;2;75;75;75;48;2;163;163;163m~[38;2;199;199;199;48;2;226;226;226m~[38;2;253;253;253;48;2;251;251;251m`[38;2;250;250;250m~[48;2;252;252;252m                                  [48;2;251;251;251m [38;2;252;252;252m+[38;2;254;254;254;48;2;237;237;237m'[38;2;88;88;88;48;2;122;122;122m4[38;2;39;39;39;48;2;17;17;17m~[38;2;1;1;1;48;2;0;0;0m^                                [38;2;0;0;0;48;2;4;4;4m:[38;2;82;82;82;48;2;55;55;55ma[38;2;142;142;142;48;2;89;89;89ma[38;2;96;96;96;48;2;49;49;49mw[38;2;0;0;0;48;2;5;5;5m`[48;2;0;0;0m                  [0m
[7m[38;2;0;0;0m [0m[38;2;0;0;0;48;2;0;0;0m           [38;2;1;1;1m+[38;2;42;42;42;48;2;20;20;20ma[38;2;161;161;161;48;2;104;104;104ma[38;2;83;83;83;48;2;208;208;208m~[38;2;72;72;72;48;2;202;202;202m~[38;2;66;66;66;48;2;199;199;199m~[38;2;137;137;137;48;2;225;225;225m~[38;2;227;227;227;48;2;246;246;246m~[38;2;238;238;238;48;2;249;249;249m`[38;2;247;247;247;48;2;251;251;251m`[38;2;253;253;253;48;2;252;252;252m^                                    [38;2;252;252;252;48;2;251;251;251m: [38;2;253;253;253;48;2;247;247;247m'[38;2;149;149;149;48;2;205;205;205m~[38;2;125;125;125;48;2;70;70;70mL[38;2;47;47;47;48;2;10;10;10m,[38;2;1;1;1;48;2;0;0;0m_                                [38;2;43;43;43;48;2;4;4;4m`[38;2;86;86;86;48;2;11;11;11m`[38;2;56;56;56;48;2;7;7;7m`[38;2;4;4;4;48;2;0;0;0m`                  [0m
[7m[38;2;0;0;0m [0m[38;2;0;0;0;48;2;0;0;0m            [38;2;17;17;17;48;2;4;4;4m`[38;2;55;55;55;48;2;107;107;107mL[38;2;185;185;185;48;2;215;215;215mw[38;2;253;253;253;48;2;251;251;251m:[38;2;251;251;251;48;2;250;250;250m~[48;2;251;251;251m [38;2;252;252;252m.[48;2;252;252;252m                                        [48;2;251;251;251m:+[38;2;251;251;251;48;2;250;250;250m:[38;2;181;181;181;48;2;233;233;233m`[38;2;70;70;70;48;2;145;145;145m~[38;2;95;95;95;48;2;30;30;30m,[48;2;0;0;0m                                                      [0m
[7m[38;2;0;0;0m [0m[38;2;0;0;0;48;2;0;0;0m            [38;2;7;7;7;48;2;4;4;4m"[38;2;111;111;111;48;2;70;70;70m?[38;2;34;34;34;48;2;173;173;173m_[38;2;74;74;74;48;2;212;212;212m_[38;2;152;152;152;48;2;236;236;236m_[38;2;232;232;232;48;2;248;248;248m_[38;2;253;253;253;48;2;251;251;251m__[38;2;250;250;250m_ [38;2;253;253;253;48;2;252;252;252m_                                   [38;2;252;252;252;48;2;251;251;251m:[38;2;250;250;250m_[38;2;252;252;252;48;2;250;250;250m:[38;2;179;179;179;48;2;240;240;240m_[38;2;81;81;81;48;2;218;218;218m_[38;2;20;20;20;48;2;153;153;153m_[38;2;94;94;94;48;2;35;35;35m~[38;2;4;4;4;48;2;2;2;2m'[48;2;0;0;0m                                                     [0m
[7m[38;2;0;0;0m [0m[38;2;22;22;22;48;2;8;8;8m_[38;2;30;30;30;48;2;12;12;12my[38;2;11;11;11;48;2;4;4;4m_[48;2;0;0;0m            [38;2;40;40;40;48;2;7;7;7m`[38;2;100;100;100;48;2;26;26;26m~[38;2;179;179;179;48;2;59;59;59m~[38;2;42;42;42;48;2;138;138;138my[38;2;31;31;31;48;2;175;175;175m_[38;2;72;72;72;48;2;198;198;198m_[38;2;147;147;147;48;2;218;218;218m_[38;2;239;239;239;48;2;246;246;246m.[38;2;253;253;253;48;2;252;252;252m0[38;2;252;252;252;48;2;251;251;251m:[48;2;252;252;252m                                 [48;2;251;251;251m:[38;2;250;250;250;48;2;249;249;249m.[38;2;254;254;254;48;2;246;246;246m:[38;2;177;177;177;48;2;192;192;192m4[38;2;78;78;78;48;2;45;45;45mL[38;2;1;1;1;48;2;0;0;0m!                                                       [0m
[7m[38;2;0;0;0m [0m[38;2;20;20;20;48;2;6;6;6m"[38;2;36;36;36;48;2;10;10;10m~[38;2;13;13;13;48;2;3;3;3m~[48;2;0;0;0m               [38;2;1;1;1m`[38;2;16;16;16;48;2;2;2;2m`[38;2;50;50;50;48;2;35;35;35my[38;2;117;117;117;48;2;158;158;158mF[38;2;253;253;253;48;2;249;249;249m:[38;2;252;252;252;48;2;251;251;251m`[48;2;252;252;252m                                  [48;2;251;251;251m:[38;2;251;251;251;48;2;250;250;250m.[38;2;254;254;254m'[38;2;244;244;244;48;2;226;226;226m:[38;2;113;113;113;48;2;69;69;69mL[38;2;0;0;0;48;2;4;4;4m`[48;2;0;0;0m                                                       [0m
[7m[38;2;0;0;0m [0m[38;2;0;0;0;48;2;0;0;0m                   [48;2;1;1;1m:[38;2;52;52;52;48;2;100;100;100mF[38;2;177;177;177;48;2;212;212;212m~[38;2;253;253;253;48;2;251;251;251m:[48;2;250;250;250m [48;2;252;252;252m                                   [48;2;251;251;251m [38;2;249;249;249;48;2;250;250;250m:[38;2;254;254;254;48;2;240;240;240m:[38;2;143;143;143;48;2;107;107;107mL[38;2;47;47;47;48;2;18;18;18m,[48;2;0;0;0m         [38;2;0;0;0;48;2;1;1;1m`[38;2;36;36;36m_[38;2;15;15;15;48;2;0;0;0m_[38;2;1;1;1m,                                          [0m
[7m[38;2;0;0;0m [0m[38;2;0;0;0;48;2;0;0;0m                   [38;2;59;59;59;48;2;29;29;29my[38;2;121;121;121;48;2;153;153;153m^[38;2;243;243;243;48;2;248;248;248m`[38;2;252;252;252;48;2;251;251;251m~.[48;2;252;252;252m                                   [48;2;251;251;251m:[38;2;250;250;250m~[38;2;254;254;254;48;2;249;249;249m'[38;2;182;182;182;48;2;222;222;222m~[38;2;52;52;52;48;2;129;129;129m~[38;2;99;99;99;48;2;34;34;34m,[38;2;18;18;18;48;2;3;3;3m,[48;2;0;0;0m   [38;2;17;17;17;48;2;2;2;2m_[38;2;14;14;14m_[38;2;0;0;0;48;2;1;1;1m`[38;2;17;17;17;48;2;7;7;7m*[38;2;6;6;6;48;2;28;28;28m_[48;2;43;43;43m_[38;2;34;34;34;48;2;21;21;21mF[38;2;5;5;5;48;2;2;2;2mF[48;2;0;0;0m                                          [0m
[7m[38;2;0;0;0m [0m[38;2;0;0;0;48;2;0;0;0m                  [38;2;33;33;33;48;2;6;6;6m_[38;2;69;69;69;48;2;123;123;123mF[38;2;195;195;195;48;2;231;231;231m~[48;2;252;252;252m [38;2;252;252;252;48;2;251;251;251m_[48;2;252;252;252m                                     [48;2;251;251;251m:_[38;2;254;254;254;48;2;246;246;246m:[38;2;173;173;173;48;2;199;199;199m4[38;2;109;109;109;48;2;91;91;91m_[38;2;27;27;27;48;2;21;21;21m;[38;2;0;0;0;48;2;1;1;1m.[48;2;0;0;0m [48;2;6;6;6m:[48;2;44;44;44m_[38;2;1;1;1;48;2;39;39;39m_[38;2;0;0;0;48;2;8;8;8m.[48;2;0;0;0m                 [38;2;3;3;3;48;2;11;11;11m`[38;2;54;54;54;48;2;32;32;32m=[38;2;26;26;26;48;2;13;13;13mK[48;2;0;0;0m                           [0m
[7m[38;2;0;0;0m [0m[38;2;0;0;0;48;2;0;0;0m                 [38;2;4;4;4;48;2;2;2;2m.[38;2;107;107;107;48;2;72;72;72my[38;2;151;151;151;48;2;201;201;201m~[38;2;253;253;253;48;2;251;251;251m:[48;2;250;250;250m [48;2;252;252;252m                                       [38;2;252;252;252;48;2;251;251;251m=[48;2;239;239;239m:[38;2;106;106;106;48;2;150;150;150ma[38;2;33;33;33;48;2;88;88;88my[38;2;40;40;40;48;2;18;18;18m~[48;2;0;0;0m                       [38;2;1;1;1m`[38;2;8;8;8m`[38;2;2;2;2m`                           [0m
[7m[38;2;0;0;0m [0m[38;2;0;0;0;48;2;0;0;0m                 [38;2;94;94;94;48;2;56;56;56my[38;2;131;131;131;48;2;185;185;185m~[38;2;253;253;253;48;2;249;249;249m:[48;2;251;251;251m`[38;2;252;252;252m:[48;2;252;252;252m                                      [48;2;251;251;251m: [38;2;254;254;254;48;2;241;241;241m:[38;2;145;145;145;48;2;113;113;113mF[38;2;36;36;36;48;2;19;19;19mF[38;2;1;1;1;48;2;0;0;0m=                                                     [0m
[7m[38;2;0;0;0m [0m[38;2;0;0;0;48;2;0;0;0m               [48;2;3;3;3m`[38;2;101;101;101;48;2;49;49;49my[38;2;130;130;130;48;2;175;175;175m^[38;2;180;180;180;48;2;238;238;238m_[38;2;133;133;133;48;2;236;236;236m_[38;2;179;179;179;48;2;242;242;242m_[38;2;252;252;252;48;2;250;250;250m`[38;2;250;250;250;48;2;251;251;251m*[48;2;252;252;252m [48;2;251;251;251m_,[38;2;253;253;253m__[48;2;252;252;252m,[38;2;248;248;248m_[38;2;237;237;237;48;2;250;250;250m_[38;2;215;215;215;48;2;247;247;247m_[38;2;202;202;202;48;2;245;245;245m_[38;2;225;225;225;48;2;248;248;248m_[38;2;253;253;253;48;2;251;251;251m.[48;2;252;252;252m                  ,[38;2;250;250;250m_[38;2;247;247;247m_[38;2;253;253;253m_,[48;2;251;251;251m [38;2;250;250;250ma[38;2;251;251;251;48;2;249;249;249m`[38;2;203;203;203;48;2;245;245;245m_[38;2;227;227;227;48;2;238;238;238m_[38;2;153;153;153;48;2;117;117;117mL[38;2;54;54;54;48;2;23;23;23m,[38;2;1;1;1;48;2;0;0;0m_                                                     [0m
[7m[38;2;0;0;0m [0m[38;2;0;0;0;48;2;0;0;0m              [38;2;22;22;22;48;2;8;8;8m_[38;2;112;112;112;48;2;72;72;72m4[38;2;87;87;87;48;2;153;153;153m_[38;2;43;43;43;48;2;133;133;133my[38;2;136;136;136;48;2;35;35;35m~[38;2;50;50;50;48;2;13;13;13m~[38;2;119;119;119;48;2;36;36;36m~[38;2;211;211;211;48;2;86;86;86m~[38;2;16;16;16;48;2;167;167;167m_[38;2;60;60;60;48;2;205;205;205m_[38;2;91;91;91;48;2;210;210;210m_[38;2;142;142;142my[38;2;236;236;236;48;2;167;167;167m~[38;2;94;94;94;48;2;176;176;176m=[38;2;153;153;153;48;2;210;210;210m=[38;2;211;211;211;48;2;234;234;234m=[38;2;253;253;253;48;2;229;229;229m_[38;2;210;210;210;48;2;233;233;233m~[38;2;201;201;201;48;2;237;237;237m~[38;2;226;226;226;48;2;245;245;245m"[38;2;254;254;254;48;2;251;251;251m`[48;2;252;252;252m                  [38;2;253;253;253mF[48;2;245;245;245m.[38;2;199;199;199;48;2;232;232;232m=[38;2;222;222;222;48;2;234;234;234m=[38;2;192;192;192;48;2;222;222;222my[38;2;123;123;123;48;2;190;190;190my[38;2;227;227;227;48;2;118;118;118m~[38;2;208;208;208;48;2;70;70;70m~[38;2;163;163;163;48;2;48;48;48m~[38;2;62;62;62;48;2;127;127;127mg[38;2;219;219;219;48;2;174;174;174m=[38;2;68;68;68;48;2;99;99;99m7[38;2;50;50;50;48;2;15;15;15m,[38;2;1;1;1;48;2;0;0;0m_                                                    [0m
[7m[38;2;0;0;0m [0m[38;2;0;0;0;48;2;0;0;0m              [38;2;14;14;14;48;2;2;2;2m`[38;2;57;57;57;48;2;9;9;9m`[38;2;67;67;67m`[48;2;0;0;0m  [38;2;1;1;1m`` [38;2;10;10;10;48;2;4;4;4m`[38;2;97;97;97;48;2;54;54;54my[38;2;72;72;72;48;2;164;164;164m~[38;2;151;151;151;48;2;222;222;222m~[38;2;207;207;207;48;2;244;244;244m`[38;2;220;220;220;48;2;247;247;247m`[38;2;242;242;242;48;2;250;250;250m`[38;2;252;252;252;48;2;251;251;251m:[38;2;253;253;253;48;2;252;252;252m```                     ` [38;2;247;247;247;48;2;251;251;251m`[38;2;224;224;224;48;2;248;248;248m`[38;2;189;189;189;48;2;239;239;239m`[38;2;143;143;143;48;2;215;215;215m~[38;2;52;52;52;48;2;179;179;179m~[38;2;182;182;182;48;2;93;93;93my[38;2;217;217;217;48;2;68;68;68m_[38;2;121;121;121;48;2;65;65;65m`[38;2;19;19;19;48;2;63;63;63my[38;2;32;32;32;48;2;11;11;11m~[38;2;1;1;1;48;2;0;0;0m~                                                    [0m
[7m[38;2;0;0;0m [0m[38;2;0;0;0;48;2;0;0;0m                      [38;2;13;13;13;48;2;8;8;8m`[38;2;85;85;85;48;2;128;128;128mF[38;2;253;253;253;48;2;240;240;240m`[38;2;254;254;254;48;2;252;252;252m:[48;2;251;251;251m [48;2;252;252;252m                               [38;2;252;252;252;48;2;251;251;251m:[38;2;247;247;247m~[48;2;250;250;250m s[38;2;254;254;254;48;2;244;244;244m'[38;2;110;110;110;48;2;171;171;171m`[38;2;72;72;72;48;2;37;37;37mL[48;2;0;0;0m                                                      [0m
[7m[38;2;0;0;0m [0m[38;2;0;0;0;48;2;0;0;0m                      [38;2;58;58;58;48;2;24;24;24my[38;2;109;109;109;48;2;156;156;156mF[38;2;253;253;253;48;2;248;248;248m:[48;2;252;252;252m~                                  [48;2;251;251;251m [38;2;252;252;252;48;2;250;250;250m:[38;2;254;254;254;48;2;228;228;228m.[38;2;85;85;85;48;2;136;136;136m4[38;2;71;71;71;48;2;24;24;24m,[48;2;0;0;0m         [38;2;0;0;0;48;2;8;8;8m:[48;2;60;60;60m~[48;2;66;66;66m~[38;2;35;35;35;48;2;15;15;15mw[48;2;0;0;0m                                         [0m
[7m[38;2;0;0;0m [0m[38;2;0;0;0;48;2;0;0;0m                    [38;2;60;60;60;48;2;3;3;3m_[38;2;136;136;136;48;2;32;32;32m_[38;2;85;85;85;48;2;149;149;149m~[38;2;211;211;211;48;2;242;242;242m~[38;2;253;253;253;48;2;251;251;251m` [48;2;252;252;252m                                  [38;2;252;252;252;48;2;251;251;251m:[38;2;250;250;250m`[38;2;253;253;253;48;2;250;250;250m`[38;2;215;215;215;48;2;235;235;235m"[38;2;40;40;40;48;2;123;123;123m`[38;2;71;71;71;48;2;22;22;22m,[48;2;0;0;0m        [38;2;0;0;0;48;2;3;3;3m:[38;2;68;68;68;48;2;18;18;18m~[38;2;74;74;74;48;2;19;19;19m~[38;2;29;29;29;48;2;6;6;6m'[48;2;0;0;0m                                         [0m
[7m[38;2;0;0;0m [0m[38;2;0;0;0;48;2;0;0;0m                   [38;2;38;38;38;48;2;24;24;24ma[38;2;107;107;107;48;2;144;144;144mF[38;2;206;206;206;48;2;241;241;241m~[38;2;223;223;223;48;2;247;247;247m`[38;2;252;252;252;48;2;251;251;251m:.[48;2;252;252;252m                                    [48;2;251;251;251m:[38;2;250;250;250m~[38;2;254;254;254;48;2;250;250;250m'[38;2;200;200;200;48;2;225;225;225m"[38;2;120;120;120;48;2;72;72;72mL[38;2;23;23;23;48;2;5;5;5m,[48;2;0;0;0m                                                    [0m
[7m[38;2;0;0;0m [0m[38;2;0;0;0;48;2;0;0;0m                  [38;2;37;37;37;48;2;11;11;11my[38;2;123;123;123;48;2;67;67;67my[38;2;147;147;147;48;2;192;192;192mF[48;2;251;251;251m [38;2;251;251;251;48;2;250;250;250m_[48;2;252;252;252m                                       [38;2;252;252;252;48;2;251;251;251m:[38;2;251;251;251;48;2;250;250;250m_[38;2;254;254;254;48;2;245;245;245m:[38;2;131;131;131;48;2;170;170;170m~[38;2;220;220;220;48;2;89;89;89m_[38;2;142;142;142;48;2;61;61;61my[38;2;84;84;84;48;2;22;22;22m,[48;2;0;0;0m                                                  [0m
[7m[38;2;0;0;0m [0m[38;2;0;0;0;48;2;0;0;0m                  [38;2;46;46;46;48;2;24;24;24m_[38;2;97;97;97;48;2;146;146;146mL[38;2;249;249;249;48;2;242;242;242m'[38;2;253;253;253;48;2;252;252;252m+[38;2;252;252;252;48;2;251;251;251m:[48;2;252;252;252m                                         [48;2;251;251;251m`[38;2;236;236;236;48;2;250;250;250m`[38;2;240;240;240;48;2;229;229;229m'[38;2;71;71;71;48;2;117;117;117my[38;2;53;53;53;48;2;16;16;16m'[48;2;0;0;0m                                                  [0m
[7m[38;2;0;0;0m [0m[38;2;0;0;0;48;2;0;0;0m                 [48;2;1;1;1m [38;2;48;48;48;48;2;57;57;57m[[38;2;152;152;152;48;2;172;172;172m[[38;2;253;253;253;48;2;250;250;250m: [48;2;252;252;252m                                         [38;2;252;252;252;48;2;251;251;251m:[48;2;250;250;250m [38;2;254;254;254;48;2;247;247;247m:[38;2;178;178;178;48;2;193;193;193m4[38;2;75;75;75;48;2;47;47;47mF[48;2;0;0;0m                                                   [0m
[7m[38;2;0;0;0m [0m[38;2;0;0;0;48;2;0;0;0m                 [38;2;2;2;2;48;2;6;6;6m`[38;2;79;79;79;48;2;124;124;124mF[38;2;205;205;205;48;2;235;235;235m~[38;2;253;253;253;48;2;252;252;252m:[48;2;251;251;251m [48;2;252;252;252m                                         [38;2;252;252;252;48;2;251;251;251m:[38;2;250;250;250m`[38;2;252;252;252m:[38;2;212;212;212;48;2;233;233;233m"[38;2;173;173;173;48;2;112;112;112mL[38;2;105;105;105;48;2;27;27;27m_[38;2;27;27;27;48;2;4;4;4m,[48;2;0;0;0m                                                 [0m
[7m[38;2;0;0;0m [0m[38;2;0;0;0;48;2;0;0;0m                 [38;2;1;1;1m`[38;2;100;100;100;48;2;63;63;63m4[38;2;133;133;133;48;2;193;193;193m_[38;2;249;249;249;48;2;250;250;250m.[38;2;253;253;253;48;2;251;251;251m_[38;2;252;252;252m:[48;2;252;252;252m                                           [48;2;251;251;251m [38;2;253;253;253;48;2;249;249;249m:[38;2;158;158;158;48;2;221;221;221m~[38;2;70;70;70;48;2;144;144;144m~[38;2;68;68;68;48;2;39;39;39mm[38;2;6;6;6;48;2;3;3;3mL[48;2;0;0;0m                                               [0m
[7m[38;2;0;0;0m [0m[38;2;0;0;0;48;2;0;0;0m                 [38;2;48;48;48;48;2;6;6;6m_[38;2;150;150;150;48;2;66;66;66m_[38;2;129;129;129;48;2;190;190;190m~[38;2;252;252;252;48;2;250;250;250m:[48;2;251;251;251m~[48;2;252;252;252m                                           [48;2;251;251;251m::[38;2;253;253;253;48;2;245;245;245m`[38;2;119;119;119;48;2;177;177;177my[38;2;130;130;130;48;2;48;48;48m~[38;2;36;36;36;48;2;8;8;8m"[38;2;2;2;2;48;2;0;0;0m'                                               [0m
[7m[38;2;0;0;0m [0m[38;2;0;0;0;48;2;0;0;0m              [38;2;1;1;1m.[38;2;22;22;22;48;2;3;3;3m_[38;2;137;137;137;48;2;51;51;51m_[38;2;69;69;69;48;2;167;167;167m~[38;2;182;182;182;48;2;231;231;231m"[38;2;248;248;248;48;2;250;250;250m`[38;2;250;250;250;48;2;251;251;251m~[48;2;252;252;252m                                            [38;2;252;252;252;48;2;251;251;251m:[48;2;250;250;250m [38;2;254;254;254;48;2;247;247;247m:[38;2;147;147;147;48;2;186;186;186m~[38;2;85;85;85;48;2;47;47;47mL[38;2;1;1;1;48;2;0;0;0m:                                                [0m
[7m[38;2;0;0;0m [0m[38;2;0;0;0;48;2;0;0;0m            [38;2;1;1;1m_[38;2;35;35;35;48;2;3;3;3m_[38;2;134;134;134;48;2;43;43;43m_[38;2;69;69;69;48;2;157;157;157m~[38;2;187;187;187;48;2;229;229;229m"[38;2;246;246;246;48;2;249;249;249m`[38;2;252;252;252;48;2;251;251;251m`.[48;2;252;252;252m                                    [38;2;253;253;253m;[38;2;244;244;244;48;2;250;250;250m_[38;2;226;226;226;48;2;247;247;247m_[38;2;252;252;252;48;2;251;251;251m:[48;2;252;252;252m      [48;2;251;251;251m:[48;2;250;250;250m [38;2;254;254;254;48;2;242;242;242m:[38;2;110;110;110;48;2;145;145;145m7[38;2;87;87;87;48;2;30;30;30m,[38;2;1;1;1;48;2;0;0;0m;                                               [0m
[7m[38;2;0;0;0m [0m[38;2;0;0;0;48;2;0;0;0m         [48;2;2;2;2m`[38;2;33;33;33;48;2;6;6;6m_[38;2;39;39;39;48;2;8;8;8m_[38;2;136;136;136;48;2;42;42;42m_[38;2;54;54;54;48;2;157;157;157m~[38;2;170;170;170;48;2;227;227;227m"[38;2;243;243;243;48;2;250;250;250m`[38;2;250;250;250;48;2;251;251;251m~[38;2;252;252;252m:[48;2;252;252;252m                                    [48;2;251;251;251m:[38;2;250;250;250m_[38;2;254;254;254;48;2;249;249;249m:[38;2;176;176;176;48;2;221;221;221m_[38;2;152;152;152;48;2;195;195;195m_[38;2;252;252;252;48;2;244;244;244m`[48;2;251;251;251m :[48;2;252;252;252m     [48;2;251;251;251m [38;2;254;254;254;48;2;250;250;250m`[38;2;216;216;216;48;2;235;235;235m`[38;2;87;87;87;48;2;121;121;121m4[38;2;64;64;64;48;2;18;18;18m,[38;2;1;1;1;48;2;0;0;0m_                                              [0m
[?25h