[?25l[0m[7m[38;2;0;0;0m [0m[38;2;0;0;0;48;2;0;0;0m                                                                                                                       [0m
[7m[38;2;0;0;0m [0m[38;2;0;0;0;48;2;0;0;0m                                                                                                                       [0m
[7m[38;2;0;0;0m [0m[38;2;0;0;0;48;2;0;0;0m                                                                                                                       [0m
[7m[38;2;0;0;0m [0m[38;2;0;0;0;48;2;0;0;0m                                                                                                                       [0m
[7m[38;2;0;0;0m [0m[38;2;0;0;0;48;2;0;0;0m                                                                                                                       [0m
[7m[38;2;0;0;0m [0m[38;2;0;0;0;48;2;0;0;0m                                                                                                                       [0m
[7m[38;2;0;0;0m [0m[38;2;0;0;0;48;2;0;0;0m                                                                                                                       [0m
[7m[38;2;0;0;0m [0m[38;2;0;0;0;48;2;0;0;0m                                                                                                                       [0m
[7m[38;2;0;0;0m [0m[38;2;0;0;0;48;2;0;0;0m                                                                                                                       [0m
[7m[38;2;0;0;0m [0m[38;2;0;0;0;48;2;0;0;0m                                                                                                                       [0m
[7m[38;2;0;0;0m [0m[38;2;0;0;0;48;2;0;0;0m                                                                                                                       [0m
[7m[38;2;0;0;0m [0m[38;2;0;0;0;48;2;0;0;0m                                                                                                                       [0m
[7m[38;2;0;0;0m [0m[38;2;0;0;0;48;2;0;0;0m                                                                                                                       [0m
[7m[38;2;0;0;0m [0m[38;2;0;0;0;48;2;0;0;0m                                                                                                                       [0m
[7m[38;2;0;0;0m [0m[38;2;0;0;0;48;2;0;0;0m                                                                     [38;2;1;1;1m=                                                 [0m
[7m[38;2;0;0;0m [0m[38;2;0;0;0;48;2;0;0;0m                                                                [48;2;1;1;1m`[48;2;10;10;10m`[38;2;146;146;146;48;2;28;28;28m_[38;2;158;158;158;48;2;68;68;68my[38;2;211;211;211;48;2;109;109;109my[38;2;72;72;72;48;2;169;169;169m~[38;2;126;126;126;48;2;80;80;80mw[38;2;35;35;35;48;2;16;16;16mL[48;2;0;0;0m                                               [0m
[7m[38;2;0;0;0m [0m[38;2;0;0;0;48;2;0;0;0m                                                              [48;2;6;6;6m:[38;2;115;115;115;48;2;31;31;31m_[38;2;229;229;229;48;2;91;91;91m_[38;2;72;72;72;48;2;197;197;197m~[38;2;199;199;199;48;2;234;234;234m~[38;2;173;173;173;48;2;235;235;235m_[38;2;92;92;92;48;2;206;206;206m_[38;2;27;27;27;48;2;134;134;134m_[38;2;100;100;100;48;2;38;38;38m~[38;2;19;19;19;48;2;4;4;4m~[48;2;0;0;0m                                               [0m
[7m[38;2;0;0;0m [0m[38;2;0;0;0;48;2;0;0;0m                                          [48;2;5;5;5m`[38;2;42;42;42;48;2;19;19;19my[38;2;94;94;94;48;2;28;28;28m_[38;2;93;93;93;48;2;21;21;21m_[38;2;101;101;101m_[38;2;103;103;103;48;2;20;20;20m_[38;2;102;102;102;48;2;18;18;18m_[38;2;108;108;108;48;2;21;21;21m_[38;2;115;115;115;48;2;27;27;27m_[38;2;136;136;136;48;2;44;44;44m_[38;2;150;150;150;48;2;51;51;51m_[38;2;142;142;142;48;2;43;43;43m_[38;2;127;127;127;48;2;32;32;32m_[38;2;124;124;124;48;2;24;24;24m_[38;2;128;128;128;48;2;25;25;25m_[38;2;139;139;139;48;2;30;30;30m_[38;2;148;148;148;48;2;34;34;34m_[38;2;170;170;170;48;2;48;48;48m_[38;2;155;155;155;48;2;67;67;67my[38;2;205;205;205;48;2;110;110;110my[38;2;102;102;102;48;2;192;192;192m~[38;2;150;150;150;48;2;211;211;211m`[38;2;79;79;79;48;2;201;201;201m_[38;2;61;61;61;48;2;163;163;163my[38;2;200;200;200;48;2;75;75;75m~[38;2;133;133;133;48;2;34;34;34m~[38;2;47;47;47;48;2;11;11;11m'[38;2;1;1;1;48;2;0;0;0m~                                                 [0m
[7m[38;2;0;0;0m [0m[38;2;0;0;0;48;2;0;0;0m                                          [38;2;8;8;8;48;2;4;4;4m"[38;2;72;72;72;48;2;54;54;54m4[38;2;167;167;167;48;2;143;143;143ma[38;2;127;127;127;48;2;200;200;200m~[38;2;140;140;140;48;2;211;211;211m~[38;2;145;145;145;48;2;212;212;212m~[38;2;146;146;146;48;2;214;214;214m~[38;2;152;152;152;48;2;220;220;220m~[38;2;160;160;160;48;2;225;225;225m~[38;2;178;178;178;48;2;231;231;231m~[38;2;192;192;192;48;2;235;235;235m~[38;2;187;187;187;48;2;232;232;232m~[38;2;175;175;175;48;2;227;227;227m~[38;2;176;176;176;48;2;230;230;230m~[38;2;182;182;182;48;2;232;232;232m~[38;2;194;194;194;48;2;236;236;236m~[38;2;205;205;205;48;2;239;239;239m~[38;2;220;220;220;48;2;238;238;238m_[38;2;138;138;138;48;2;230;230;230m_[38;2;64;64;64;48;2;182;182;182m_[38;2;38;38;38;48;2;122;122;122my[38;2;107;107;107;48;2;31;31;31m~[38;2;52;52;52;48;2;10;10;10m`[38;2;0;0;0;48;2;1;1;1m:[48;2;0;0;0m                                                     [0m
[7m[38;2;0;0;0m [0m[38;2;0;0;0;48;2;0;0;0m                                           [38;2;31;31;31;48;2;10;10;10m"[38;2;127;127;127;48;2;50;50;50m~[38;2;54;54;54;48;2;152;152;152my[38;2;26;26;26;48;2;189;189;189m_[38;2;59;59;59;48;2;200;200;200m_[38;2;86;86;86;48;2;208;208;208m_[38;2;132;132;132;48;2;222;222;222m_[38;2;160;160;160;48;2;232;232;232m_[38;2;180;180;180;48;2;239;239;239m_[38;2;182;182;182;48;2;240;240;240m_[38;2;171;171;171;48;2;235;235;235m_[38;2;145;145;145;48;2;226;226;226m_[38;2;101;101;101;48;2;213;213;213m_[38;2;55;55;55;48;2;198;198;198m_[38;2;11;11;11;48;2;168;168;168m_[38;2;42;42;42;48;2;138;138;138my[38;2;183;183;183;48;2;56;56;56m~[38;2;78;78;78;48;2;24;24;24m"[38;2;14;14;14;48;2;3;3;3m~[38;2;1;1;1;48;2;0;0;0m~`                                                       [0m
[7m[38;2;0;0;0m [0m[38;2;0;0;0;48;2;0;0;0m                                              [38;2;13;13;13;48;2;1;1;1m`[38;2;43;43;43;48;2;5;5;5m`[38;2;62;62;62;48;2;9;9;9m`[38;2;100;100;100;48;2;15;15;15m`[38;2;122;122;122;48;2;18;18;18m`[38;2;139;139;139;48;2;21;21;21m`[38;2;140;140;140m`[38;2;132;132;132;48;2;20;20;20m`[38;2;111;111;111;48;2;16;16;16m`[38;2;75;75;75;48;2;11;11;11m`[38;2;39;39;39;48;2;5;5;5m`[38;2;4;4;4;48;2;0;0;0m`  [38;2;1;1;1m`                                                          [0m
[7m[38;2;0;0;0m [0m[38;2;0;0;0;48;2;0;0;0m                                                                                                                       [0m
[7m[38;2;0;0;0m [0m[38;2;0;0;0;48;2;0;0;0m                                                                                                                       [0m
[7m[38;2;0;0;0m [0m[38;2;0;0;0;48;2;0;0;0m                                                                                                                       [0m
[7m[38;2;0;0;0m [0m[38;2;0;0;0;48;2;0;0;0m                                                                                                                       [0m
[7m[38;2;0;0;0m [0m[38;2;0;0;0;48;2;0;0;0m                                                                                                                       [0m
[7m[38;2;0;0;0m [0m[38;2;0;0;0;48;2;0;0;0m                                                                                                                       [0m
[7m[38;2;0;0;0m [0m[38;2;0;0;0;48;2;0;0;0m                                                                                                                       [0m
[7m[38;2;0;0;0m [0m[38;2;0;0;0;48;2;0;0;0m                                                                                                                       [0m
[7m[38;2;0;0;0m [0m[38;2;0;0;0;48;2;0;0;0m                                                                                                                       [0m
[7m[38;2;0;0;0m [0m[38;2;0;0;0;48;2;0;0;0m                                                                                                                       [0m
[7m[38;2;0;0;0m [0m[38;2;0;0;0;48;2;0;0;0m                                                                                                                       [0m
[7m[38;2;0;0;0m [0m[38;2;0;0;0;48;2;0;0;0m                                                                                                                       [0m
[7m[38;2;0;0;0m [0m[38;2;0;0;0;48;2;0;0;0m                                                                                                                       [0m
[7m[38;2;0;0;0m [0m[38;2;0;0;0;48;2;0;0;0m                                                                                                                       [0m
[7m[38;2;0;0;0m [0m[38;2;0;0;0;48;2;0;0;0m                                                                                                                       [0m
[?25h