[?25l[0m[7m[38;2;252;252;252m [0m[38;2;0;0;0;48;2;252;252;252m                                                                                                                       [0m
[7m[38;2;252;252;252m [0m[38;2;0;0;0;48;2;252;252;252m                                                                                                                       [0m
[7m[38;2;252;252;252m [0m[38;2;0;0;0;48;2;252;252;252m                                                                                                                       [0m
[7m[38;2;252;252;252m [0m[38;2;0;0;0;48;2;252;252;252m                                                                                                                       [0m
[7m[38;2;252;252;252m [0m[38;2;0;0;0;48;2;252;252;252m                                                                                                                       [0m
[7m[38;2;252;252;252m [0m[38;2;0;0;0;48;2;252;252;252m                                                                                                                       [0m
[7m[38;2;252;252;252m [0m[38;2;0;0;0;48;2;252;252;252m                                                                                                                       [0m
[7m[38;2;252;252;252m [0m[38;2;0;0;0;48;2;252;252;252m                                                                                                                       [0m
[7m[38;2;252;252;252m [0m[38;2;0;0;0;48;2;252;252;252m                                                                                                                       [0m
[7m[38;2;252;252;252m [0m[38;2;0;0;0;48;2;252;252;252m                                                                                                                       [0m
[7m[38;2;252;252;252m [0m[38;2;0;0;0;48;2;252;252;252m                                                                                                                       [0m
[7m[38;2;252;252;252m [0m[38;2;0;0;0;48;2;252;252;252m                                                                                                                       [0m
[7m[38;2;252;252;252m [0m[38;2;0;0;0;48;2;252;252;252m                                                                                                                       [0m
[7m[38;2;252;252;252m [0m[38;2;0;0;0;48;2;252;252;252m                                                                                                                       [0m
[7m[38;2;252;252;252m [0m[38;2;0;0;0;48;2;252;252;252m                                                                                                                       [0m
[7m[38;2;252;252;252m [0m[38;2;0;0;0;48;2;252;252;252m                                                                                                                       [0m
[7m[38;2;252;252;252m [0m[38;2;0;0;0;48;2;252;252;252m                                                                                                                       [0m
[38;2;251;251;251;48;2;251;251;251m            [38;2;250;250;250muwwL   [38;2;252;252;252m:[48;2;252;252;252m [48;2;251;251;251m:...:[48;2;252;252;252m                                                                    [48;2;251;251;251m:..:[48;2;252;252;252m [48;2;251;251;251m; [38;2;250;250;250muwwu  [48;2;252;252;252m [38;2;253;253;253m__   ---[38;2;254;254;254m.[38;2;253;253;253mw[38;2;254;254;254m. [0m
[38;2;169;169;169;48;2;216;216;216ma[38;2;162;162;162;48;2;211;211;211ma[38;2;156;156;156;48;2;207;207;207ma[38;2;149;149;149;48;2;203;203;203ma[38;2;253;253;253;48;2;175;175;175m~[48;2;171;171;171m~[48;2;165;165;165m~[48;2;159;159;159m~[48;2;154;154;154m~[48;2;150;150;150m~[48;2;148;148;148m~[48;2;147;147;147m~[38;2;104;104;104;48;2;180;180;180my[38;2;109;109;109;48;2;185;185;185my[38;2;115;115;115;48;2;189;189;189my[38;2;76;76;76;48;2;193;193;193m_[38;2;88;88;88;48;2;205;205;205m_[38;2;98;98;98;48;2;215;215;215m_[38;2;106;106;106;48;2;223;223;223m_[38;2;116;116;116;48;2;232;232;232m_[38;2;125;125;125;48;2;236;236;236m_[38;2;134;134;134m_[38;2;145;145;145;48;2;237;237;237m_[38;2;162;162;162;48;2;239;239;239m_[38;2;183;183;183;48;2;242;242;242m_[38;2;205;205;205;48;2;245;245;245m_[38;2;219;219;219;48;2;247;247;247m_[38;2;235;235;235;48;2;250;250;250m_[38;2;248;248;248;48;2;252;252;252m_[38;2;253;253;253m_[48;2;251;251;251m_[38;2;250;250;250m**[38;2;253;253;253m_[38;2;254;254;254;48;2;252;252;252m_[38;2;253;253;253m_,[38;2;252;252;252;48;2;251;251;251m.  ..[48;2;252;252;252m                                        [48;2;251;251;251m:..[48;2;252;252;252m [38;2;253;253;253m__[38;2;254;254;254m_[38;2;253;253;253;48;2;251;251;251m__[48;2;252;252;252m_[38;2;247;247;247;48;2;251;251;251m_[38;2;232;232;232;48;2;249;249;249m_[38;2;207;207;207;48;2;245;245;245m_[38;2;179;179;179;48;2;241;241;241m_[38;2;157;157;157;48;2;238;238;238m_[38;2;140;140;140;48;2;237;237;237m_[38;2;128;128;128;48;2;234;234;234m_[38;2;115;115;115;48;2;225;225;225m_[38;2;104;104;104;48;2;213;213;213m_[38;2;96;96;96;48;2;201;201;201m_[38;2;129;129;129;48;2;196;196;196my[38;2;118;118;118;48;2;187;187;187my[38;2;253;253;253;48;2;157;157;157m~[48;2;155;155;155m~[48;2;153;153;153m~[48;2;152;152;152m~[48;2;156;156;156m~[48;2;161;161;161m~[38;2;129;129;129;48;2;192;192;192ma[38;2;131;131;131;48;2;194;194;194maa[38;2;134;134;134;48;2;195;195;195ma[38;2;137;137;137;48;2;198;198;198ma[38;2;139;139;139;48;2;200;200;200ma[38;2;146;146;146;48;2;204;204;204ma[38;2;155;155;155;48;2;209;209;209ma[38;2;162;162;162;48;2;212;212;212ma[38;2;167;167;167;48;2;215;215;215ma[0m
[38;2;239;239;239;48;2;249;249;249m~[38;2;232;232;232;48;2;248;248;248m~[38;2;226;226;226;48;2;246;246;246m~[38;2;219;219;219;48;2;245;245;245m~[38;2;213;213;213;48;2;243;243;243m~[38;2;207;207;207;48;2;242;242;242m~[38;2;198;198;198;48;2;240;240;240m~[38;2;189;189;189;48;2;238;238;238m~[38;2;182;182;182;48;2;236;236;236m~[38;2;175;175;175;48;2;235;235;235m~[38;2;170;170;170;48;2;234;234;234m~[38;2;164;164;164;48;2;233;233;233m~[38;2;159;159;159;48;2;232;232;232m~[38;2;153;153;153;48;2;231;231;231m~[38;2;150;150;150;48;2;230;230;230m~[38;2;146;146;146;48;2;229;229;229m~[38;2;140;140;140;48;2;225;225;225m~[38;2;131;131;131;48;2;218;218;218m~[38;2;124;124;124;48;2;212;212;212m~[38;2;113;113;113;48;2;203;203;203m~[38;2;107;107;107;48;2;195;195;195m~[38;2;229;229;229;48;2;163;163;163my[38;2;225;225;225;48;2;159;159;159my[38;2;222;222;222my[38;2;253;253;253;48;2;170;170;170m_[48;2;175;175;175m_[38;2;136;136;136;48;2;197;197;197m=[38;2;132;132;132;48;2;198;198;198m=[38;2;129;129;129m=[38;2;134;134;134;48;2;197;197;197m=[38;2;141;141;141;48;2;194;194;194m=[38;2;226;226;226;48;2;180;180;180m~[38;2;231;231;231;48;2;184;184;184m~[38;2;237;237;237;48;2;191;191;191m~[38;2;173;173;173;48;2;211;211;211mw[38;2;180;180;180;48;2;219;219;219my[38;2;185;185;185;48;2;226;226;226my[38;2;193;193;193;48;2;230;230;230my[38;2;205;205;205;48;2;234;234;234my[38;2;215;215;215;48;2;238;238;238my[38;2;210;210;210;48;2;240;240;240m_[38;2;223;223;223;48;2;245;245;245m_[38;2;231;231;231;48;2;249;249;249m_[38;2;235;235;235;48;2;250;250;250m_[38;2;238;238;238;48;2;251;251;251m_[38;2;242;242;242;48;2;252;252;252m_[38;2;246;246;246m_[38;2;247;247;247m_[38;2;249;249;249m_[38;2;253;253;253mww--         _        ---[38;2;250;250;250m_[38;2;249;249;249m_[38;2;247;247;247m_[38;2;245;245;245;48;2;251;251;251m_[38;2;243;243;243;48;2;252;252;252m_[38;2;239;239;239;48;2;251;251;251m_[38;2;236;236;236;48;2;250;250;250m_[38;2;230;230;230;48;2;247;247;247m_[38;2;224;224;224;48;2;244;244;244m_[48;2;242;242;242my[38;2;218;218;218;48;2;240;240;240my[38;2;211;211;211;48;2;237;237;237my[38;2;205;205;205;48;2;233;233;233my[38;2;201;201;201;48;2;227;227;227my[38;2;242;242;242;48;2;208;208;208m~[38;2;236;236;236;48;2;201;201;201m~[38;2;182;182;182;48;2;209;209;209mm[38;2;161;161;161;48;2;210;210;210m=[38;2;157;157;157;48;2;212;212;212m=[38;2;158;158;158;48;2;210;210;210m=[38;2;253;253;253;48;2;188;188;188m_[38;2;227;227;227;48;2;178;178;178my[38;2;232;232;232;48;2;179;179;179my[38;2;130;130;130;48;2;205;205;205m~[38;2;134;134;134;48;2;215;215;215m~[38;2;143;143;143;48;2;225;225;225m~[38;2;150;150;150;48;2;230;230;230m~[38;2;154;154;154;48;2;231;231;231m~[38;2;157;157;157m~[38;2;162;162;162;48;2;232;232;232m~[38;2;169;169;169;48;2;234;234;234m~[38;2;174;174;174;48;2;235;235;235m~[38;2;180;180;180;48;2;236;236;236m~[38;2;184;184;184;48;2;237;237;237m~[38;2;192;192;192;48;2;239;239;239m~[38;2;202;202;202;48;2;241;241;241m~[38;2;209;209;209;48;2;242;242;242m~[38;2;212;212;212;48;2;243;243;243m~[38;2;213;213;213m~[38;2;216;216;216;48;2;244;244;244m~[38;2;224;224;224;48;2;246;246;246m~[38;2;231;231;231;48;2;247;247;247m~[38;2;234;234;234;48;2;248;248;248m~[38;2;239;239;239;48;2;250;250;250m~[38;2;241;241;241m~~[0m
[7m[38;2;252;252;252m [0m[38;2;0;0;0;48;2;252;252;252m   [38;2;252;252;252;48;2;251;251;251m..........:[48;2;252;252;252m [48;2;251;251;251m    [38;2;250;250;250m?~~T [48;2;252;252;252m  [38;2;248;248;248;48;2;251;251;251m`[38;2;242;242;242m`[38;2;237;237;237;48;2;250;250;250m`[38;2;232;232;232;48;2;249;249;249m`[38;2;228;228;228m`[38;2;224;224;224;48;2;248;248;248m`[38;2;222;222;222m`[38;2;221;221;221m`[38;2;218;218;218;48;2;247;247;247m`[38;2;222;222;222;48;2;244;244;244m~[38;2;216;216;216;48;2;242;242;242m~[38;2;213;213;213;48;2;240;240;240m~[38;2;208;208;208;48;2;238;238;238m~[38;2;205;205;205;48;2;237;237;237m~[38;2;209;209;209m~[38;2;211;211;211m~[38;2;212;212;212;48;2;236;236;236m~[38;2;216;216;216;48;2;237;237;237m~[38;2;225;225;225;48;2;238;238;238mT[38;2;233;233;233;48;2;241;241;241mT[38;2;251;251;251;48;2;240;240;240m__[48;2;242;242;242m_[38;2;239;239;239;48;2;245;245;245m*[38;2;241;241;241m*[38;2;245;245;245;48;2;248;248;248mm[38;2;244;244;244m*[38;2;245;245;245;48;2;249;249;249ma[48;2;248;248;248ma[38;2;243;243;243ma[48;2;247;247;247maa[48;2;248;248;248ma[38;2;242;242;242maaaaa[48;2;247;247;247maa[48;2;248;248;248ma[38;2;244;244;244ma[38;2;245;245;245ma[38;2;244;244;244m*[38;2;243;243;243;48;2;247;247;247m*[38;2;241;241;241;48;2;246;246;246m*[38;2;251;251;251;48;2;245;245;245m_[38;2;252;252;252;48;2;243;243;243m_[48;2;242;242;242m_[48;2;240;240;240m_[38;2;246;246;246;48;2;237;237;237my[38;2;247;247;247;48;2;235;235;235my[38;2;219;219;219;48;2;239;239;239m~[38;2;220;220;220;48;2;241;241;241m~[38;2;221;221;221m~[38;2;220;220;220m~[48;2;242;242;242m~[38;2;226;226;226;48;2;245;245;245m~[38;2;232;232;232;48;2;247;247;247m~[38;2;226;226;226;48;2;248;248;248m`[38;2;228;228;228;48;2;249;249;249m``[38;2;230;230;230m`[38;2;235;235;235;48;2;250;250;250m`[38;2;241;241;241;48;2;251;251;251m`[38;2;249;249;249;48;2;252;252;252m` [38;2;250;250;250;48;2;251;251;251m?~T   [48;2;252;252;252m [38;2;252;252;252;48;2;251;251;251m:.............[48;2;252;252;252m     [0m
[7m[38;2;252;252;252m [0m[38;2;0;0;0;48;2;252;252;252m                                    [38;2;252;252;252;48;2;251;251;251m.....:[48;2;252;252;252m  [38;2;253;253;253m`[38;2;254;254;254m`````[38;2;253;253;253m`[38;2;254;254;254m`[38;2;253;253;253m"[38;2;252;252;252;48;2;251;251;251m::[48;2;252;252;252m    [48;2;251;251;251m:.......[48;2;252;252;252m  [38;2;253;253;253m~[38;2;254;254;254m```````[38;2;253;253;253m` [38;2;252;252;252;48;2;251;251;251m:...[48;2;252;252;252m                                    [0m
[7m[38;2;252;252;252m [0m[38;2;0;0;0;48;2;252;252;252m                                                                      [38;2;252;252;252;48;2;251;251;251m: [48;2;252;252;252m                                               [0m
[7m[38;2;252;252;252m [0m[38;2;0;0;0;48;2;252;252;252m                                                                                                                       [0m
[7m[38;2;252;252;252m [0m[38;2;0;0;0;48;2;252;252;252m                                                                                                                       [0m
[7m[38;2;252;252;252m [0m[38;2;0;0;0;48;2;252;252;252m                                                                                                                       [0m
[7m[38;2;252;252;252m [0m[38;2;0;0;0;48;2;252;252;252m                                                                                                                       [0m
[7m[38;2;252;252;252m [0m[38;2;0;0;0;48;2;252;252;252m                                                                                                                       [0m
[7m[38;2;252;252;252m [0m[38;2;0;0;0;48;2;252;252;252m                                                                                                                       [0m
[7m[38;2;252;252;252m [0m[38;2;0;0;0;48;2;252;252;252m                                                                                                                       [0m
[7m[38;2;252;252;252m [0m[38;2;0;0;0;48;2;252;252;252m                                                                                                                       [0m
[7m[38;2;252;252;252m [0m[38;2;0;0;0;48;2;252;252;252m                                                                                                                       [0m
[7m[38;2;252;252;252m [0m[38;2;0;0;0;48;2;252;252;252m                                                                                                                       [0m
[7m[38;2;252;252;252m [0m[38;2;0;0;0;48;2;252;252;252m                                                                                                                       [0m
[7m[38;2;252;252;252m [0m[38;2;0;0;0;48;2;252;252;252m                                                                                                                       [0m
[7m[38;2;252;252;252m [0m[38;2;0;0;0;48;2;252;252;252m                                                                                                                       [0m
[?25h