[?25l[0m[7m[38;2;0;0;0m [0m[38;2;0;0;0;48;2;0;0;0m                                                                                                                       [0m
[7m[38;2;0;0;0m [0m[38;2;0;0;0;48;2;0;0;0m                                                                                                                       [0m
[7m[38;2;0;0;0m [0m[38;2;0;0;0;48;2;0;0;0m                                                                                                                       [0m
[7m[38;2;0;0;0m [0m[38;2;0;0;0;48;2;0;0;0m                                                                                                                       [0m
[7m[38;2;0;0;0m [0m[38;2;0;0;0;48;2;0;0;0m                                                                                                                       [0m
[7m[38;2;0;0;0m [0m[38;2;0;0;0;48;2;0;0;0m                                                                                                                       [0m
[7m[38;2;0;0;0m [0m[38;2;0;0;0;48;2;0;0;0m                                                                                                                       [0m
[7m[38;2;0;0;0m [0m[38;2;0;0;0;48;2;0;0;0m                                                                                                                       [0m
[7m[38;2;0;0;0m [0m[38;2;0;0;0;48;2;0;0;0m                                                                                                                       [0m
[7m[38;2;0;0;0m [0m[38;2;0;0;0;48;2;0;0;0m                                                                                                                       [0m
[7m[38;2;0;0;0m [0m[38;2;0;0;0;48;2;0;0;0m                                                                                                                       [0m
[7m[38;2;0;0;0m [0m[38;2;0;0;0;48;2;0;0;0m                                                                                                                       [0m
[7m[38;2;0;0;0m [0m[38;2;0;0;0;48;2;0;0;0m                                                                                                                       [0m
[7m[38;2;0;0;0m [0m[38;2;0;0;0;48;2;0;0;0m                                                                                                                       [0m
[7m[38;2;0;0;0m [0m[38;2;0;0;0;48;2;0;0;0m                                                                                                                       [0m
[7m[38;2;0;0;0m [0m[38;2;0;0;0;48;2;0;0;0m                                                                                                                       [0m
[7m[38;2;0;0;0m [0m[38;2;0;0;0;48;2;0;0;0m                                                                                                [48;2;4;4;4m`[38;2;69;69;69;48;2;14;14;14m_[38;2;116;116;116;48;2;25;25;25m_[38;2;125;125;125;48;2;27;27;27m_[38;2;102;102;102;48;2;22;22;22m_[38;2;65;65;65;48;2;13;13;13m_[38;2;31;31;31;48;2;5;5;5m_[38;2;6;6;6;48;2;1;1;1m,[48;2;0;0;0m               [0m
[7m[38;2;0;0;0m [0m[38;2;0;0;0;48;2;0;0;0m                                                                                            [48;2;4;4;4m:[38;2;125;125;125;48;2;43;43;43m_[38;2;194;194;194;48;2;93;93;93my[38;2;75;75;75;48;2;180;180;180m~[38;2;125;125;125;48;2;213;213;213m~[38;2;159;159;159;48;2;231;231;231m~[38;2;181;181;181;48;2;237;237;237m~[38;2;186;186;186;48;2;238;238;238m~[38;2;177;177;177;48;2;236;236;236m~[38;2;163;163;163;48;2;233;233;233m~[38;2;143;143;143;48;2;222;222;222m~[38;2;108;108;108;48;2;198;198;198m~[38;2;226;226;226;48;2;143;143;143my[38;2;216;216;216;48;2;120;120;120my[38;2;189;189;189;48;2;93;93;93my[38;2;201;201;201;48;2;73;73;73m_[38;2;179;179;179;48;2;52;52;52m_[38;2;159;159;159;48;2;33;33;33m_[38;2;135;135;135;48;2;18;18;18m_[38;2;108;108;108;48;2;9;9;9m_[38;2;77;77;77;48;2;4;4;4m_[38;2;45;45;45;48;2;2;2;2m_[38;2;14;14;14;48;2;0;0;0m_[38;2;1;1;1m,   [0m
[7m[38;2;0;0;0m [0m[38;2;0;0;0;48;2;0;0;0m                                                                                            [48;2;8;8;8m:[38;2;147;147;147;48;2;78;78;78m~[38;2;94;94;94;48;2;200;200;200m_[38;2;208;208;208;48;2;241;241;241m_[38;2;247;247;247;48;2;250;250;250m,[38;2;250;250;250;48;2;252;252;252m__   [38;2;252;252;252;48;2;251;251;251m:[38;2;250;250;250m^^[38;2;252;252;252m^[38;2;242;242;242;48;2;250;250;250m`[38;2;228;228;228;48;2;249;249;249m`[38;2;219;219;219;48;2;248;248;248m`[38;2;204;204;204;48;2;244;244;244m`[38;2;199;199;199;48;2;237;237;237m~[38;2;164;164;164;48;2;225;225;225m~[38;2;121;121;121;48;2;213;213;213m~[38;2;74;74;74;48;2;197;197;197m~[38;2;34;34;34;48;2;175;175;175m~[38;2;6;6;6;48;2;148;148;148m~[38;2;235;235;235;48;2;93;93;93m_[38;2;220;220;220;48;2;69;69;69m_[38;2;196;196;196;48;2;51;51;51m_[0m
[7m[38;2;0;0;0m [0m[38;2;0;0;0;48;2;0;0;0m                                                                                            [38;2;1;1;1m` [38;2;20;20;20;48;2;9;9;9m`[38;2;159;159;159;48;2;53;53;53m~[38;2;4;4;4;48;2;152;152;152m_[38;2;102;102;102;48;2;207;207;207m_[38;2;172;172;172;48;2;235;235;235m_[38;2;205;205;205;48;2;247;247;247m_[38;2;216;216;216;48;2;250;250;250m_[38;2;220;220;220m_[38;2;223;223;223m_[38;2;232;232;232;48;2;251;251;251m_[38;2;238;238;238m_[38;2;243;243;243m_[38;2;250;250;250;48;2;252;252;252m_[38;2;252;252;252;48;2;251;251;251m`[38;2;250;250;250mwwwL [38;2;253;253;253;48;2;252;252;252m~~[48;2;251;251;251m~ [38;2;242;242;242;48;2;249;249;249m"[38;2;228;228;228;48;2;246;246;246m~[0m
[7m[38;2;0;0;0m [0m[38;2;0;0;0;48;2;0;0;0m                                                                                                [38;2;1;1;1m`[38;2;78;78;78;48;2;11;11;11m`[38;2;133;133;133;48;2;21;21;21m`[38;2;159;159;159;48;2;31;31;31m`[38;2;126;126;126;48;2;36;36;36m~[38;2;140;140;140;48;2;47;47;47m~[38;2;155;155;155;48;2;58;58;58m~[38;2;24;24;24;48;2;109;109;109my[38;2;28;28;28;48;2;123;123;123my[38;2;34;34;34;48;2;136;136;136my[38;2;51;51;51;48;2;155;155;155my[38;2;77;77;77;48;2;171;171;171my[38;2;94;94;94;48;2;180;180;180my[38;2;61;61;61;48;2;182;182;182m_[38;2;78;78;78;48;2;196;196;196m_[38;2;96;96;96;48;2;211;211;211m_[38;2;113;113;113;48;2;224;224;224m_[38;2;127;127;127;48;2;233;233;233m_[38;2;137;137;137;48;2;237;237;237m_[38;2;151;151;151;48;2;239;239;239m_[38;2;167;167;167;48;2;240;240;240m_[38;2;192;192;192;48;2;243;243;243m_[38;2;212;212;212;48;2;246;246;246m_[0m
[7m[38;2;0;0;0m [0m[38;2;0;0;0;48;2;0;0;0m                                                                                                     [38;2;1;1;1m`~     ==  [38;2;9;9;9;48;2;2;2;2m`[38;2;29;29;29;48;2;6;6;6m~[38;2;52;52;52;48;2;13;13;13m~[38;2;82;82;82;48;2;21;21;21m~[38;2;109;109;109;48;2;28;28;28m~[38;2;143;143;143;48;2;37;37;37m~[38;2;170;170;170;48;2;43;43;43m~[0m
[7m[38;2;0;0;0m [0m[38;2;0;0;0;48;2;0;0;0m                                                                                                                       [0m
[7m[38;2;0;0;0m [0m[38;2;0;0;0;48;2;0;0;0m                                                                                                                       [0m
[7m[38;2;0;0;0m [0m[38;2;0;0;0;48;2;0;0;0m                                                                                                                       [0m
[7m[38;2;0;0;0m [0m[38;2;0;0;0;48;2;0;0;0m                                                                                                                       [0m
[7m[38;2;0;0;0m [0m[38;2;0;0;0;48;2;0;0;0m                                                                                                                       [0m
[7m[38;2;0;0;0m [0m[38;2;0;0;0;48;2;0;0;0m                                                                                                                       [0m
[7m[38;2;0;0;0m [0m[38;2;0;0;0;48;2;0;0;0m                                                                                                                       [0m
[7m[38;2;0;0;0m [0m[38;2;0;0;0;48;2;0;0;0m                                                                                                                       [0m
[7m[38;2;0;0;0m [0m[38;2;0;0;0;48;2;0;0;0m                                                                                                                       [0m
[7m[38;2;0;0;0m [0m[38;2;0;0;0;48;2;0;0;0m                                                                                                                       [0m
[7m[38;2;0;0;0m [0m[38;2;0;0;0;48;2;0;0;0m                                                                                                                       [0m
[7m[38;2;0;0;0m [0m[38;2;0;0;0;48;2;0;0;0m                                                                                                                       [0m
[7m[38;2;0;0;0m [0m[38;2;0;0;0;48;2;0;0;0m                                                                                                                       [0m
[7m[38;2;0;0;0m [0m[38;2;0;0;0;48;2;0;0;0m                                                                                                                       [0m
[?25h