[?25l[0m[7m[38;2;252;252;252m [0m[38;2;0;0;0;48;2;252;252;252m                      [48;2;251;251;251m [38;2;252;252;252m`[38;2;249;249;249;48;2;236;236;236m`[38;2;133;133;133;48;2;167;167;167my[38;2;0;0;0;48;2;19;19;19m:[38;2;1;1;1;48;2;0;0;0m.                                                                                           [0m
[7m[38;2;252;252;252m [0m[38;2;0;0;0;48;2;252;252;252m                     [38;2;252;252;252;48;2;251;251;251m: [38;2;251;251;251;48;2;250;250;250m:[38;2;200;200;200;48;2;216;216;216m_[38;2;104;104;104;48;2;62;62;62m~[38;2;0;0;0;48;2;4;4;4m:[38;2;1;1;1;48;2;0;0;0m^                                                                                           [0m
[7m[38;2;252;252;252m [0m[38;2;0;0;0;48;2;252;252;252m                     [38;2;252;252;252;48;2;251;251;251m|[38;2;251;251;251;48;2;250;250;250m4[38;2;247;247;247;48;2;234;234;234m'[38;2;126;126;126;48;2;158;158;158my[38;2;0;0;0;48;2;17;17;17m:[38;2;1;1;1;48;2;0;0;0m,                                                                                            [0m
[7m[38;2;252;252;252m [0m[38;2;0;0;0;48;2;252;252;252m                     [38;2;252;252;252;48;2;251;251;251m.[38;2;249;249;249m_[38;2;229;229;229;48;2;215;215;215m:[38;2;99;99;99;48;2;62;62;62m~[38;2;0;0;0;48;2;4;4;4m:[38;2;1;1;1;48;2;0;0;0m^                                                                                            [0m
[7m[38;2;252;252;252m [0m[38;2;0;0;0;48;2;252;252;252m                    [48;2;251;251;251m [38;2;250;250;250mL[38;2;249;249;249;48;2;238;238;238m'[38;2;193;193;193;48;2;162;162;162mF[38;2;1;1;1;48;2;20;20;20m:[48;2;0;0;0m                                                                                              [0m
[7m[38;2;252;252;252m [0m[38;2;0;0;0;48;2;252;252;252m                    [48;2;251;251;251m [38;2;250;250;250mF[38;2;213;213;213;48;2;224;224;224m4[38;2;129;129;129;48;2;89;89;89m~[38;2;0;0;0;48;2;8;8;8m:[38;2;1;1;1;48;2;0;0;0mF                                                                                             [0m
[7m[38;2;252;252;252m [0m[38;2;0;0;0;48;2;252;252;252m                   [38;2;252;252;252;48;2;251;251;251m:[38;2;251;251;251;48;2;252;252;252mL[38;2;252;252;252;48;2;249;249;249m`[38;2;186;186;186;48;2;205;205;205m_[38;2;8;8;8;48;2;37;37;37m.[48;2;0;0;0m                                                                                               [0m
[7m[38;2;252;252;252m [0m[38;2;0;0;0;48;2;252;252;252m                   [38;2;252;252;252;48;2;251;251;251m|[38;2;251;251;251;48;2;250;250;250m4[38;2;242;242;242;48;2;233;233;233m`[38;2;169;169;169;48;2;144;144;144mF[38;2;0;0;0;48;2;15;15;15m:[48;2;0;0;0m                                                                                               [0m
[7m[38;2;252;252;252m [0m[38;2;0;0;0;48;2;252;252;252m                   [38;2;252;252;252;48;2;251;251;251m| [38;2;212;212;212;48;2;223;223;223m4[38;2;123;123;123;48;2;92;92;92m~[38;2;0;0;0;48;2;8;8;8m:[38;2;1;1;1;48;2;0;0;0m:                                                                                              [0m
[7m[38;2;252;252;252m [0m[38;2;0;0;0;48;2;252;252;252m                   [38;2;252;252;252;48;2;251;251;251m::[38;2;205;205;205;48;2;216;216;216m4[38;2;74;74;74;48;2;54;54;54m~[38;2;0;0;0;48;2;2;2;2m:[38;2;1;1;1;48;2;0;0;0m`                                                                                              [0m
[7m[38;2;252;252;252m [0m[38;2;0;0;0;48;2;252;252;252m                  [38;2;252;252;252;48;2;251;251;251m:[38;2;251;251;251;48;2;252;252;252mL[38;2;243;243;243;48;2;246;246;246mu[38;2;181;181;181;48;2;193;193;193m4[38;2;5;5;5;48;2;25;25;25m:[48;2;0;0;0m                                                                                                [0m
[7m[38;2;252;252;252m [0m[38;2;0;0;0;48;2;252;252;252m                  [48;2;251;251;251m  [38;2;231;231;231;48;2;237;237;237m4[38;2;177;177;177;48;2;154;154;154mF[38;2;0;0;0;48;2;16;16;16m:[48;2;0;0;0m                                                                                                [0m
[7m[38;2;252;252;252m [0m[38;2;0;0;0;48;2;252;252;252m                  [48;2;251;251;251m [48;2;250;250;250m [38;2;221;221;221;48;2;230;230;230m4[38;2;148;148;148;48;2;128;128;128mF[38;2;0;0;0;48;2;12;12;12m:[48;2;0;0;0m                                                                                                [0m
[7m[38;2;252;252;252m [0m[38;2;0;0;0;48;2;252;252;252m                  [38;2;251;251;251;48;2;250;250;250m" [38;2;218;218;218;48;2;227;227;227m4[38;2;133;133;133;48;2;116;116;116mF[38;2;0;0;0;48;2;10;10;10m:[38;2;1;1;1;48;2;0;0;0m:                                                                                               [0m
[7m[38;2;252;252;252m [0m[38;2;0;0;0;48;2;252;252;252m                  [38;2;251;251;251;48;2;250;250;250m" [38;2;213;213;213;48;2;224;224;224m4[38;2;114;114;114;48;2;100;100;100mF[38;2;0;0;0;48;2;8;8;8m:[38;2;1;1;1;48;2;0;0;0m:                                                                                               [0m
[7m[38;2;252;252;252m [0m[38;2;0;0;0;48;2;252;252;252m                  [38;2;252;252;252;48;2;251;251;251m:[38;2;251;251;251;48;2;250;250;250m4[38;2;208;208;208;48;2;220;220;220m4[38;2;85;85;85;48;2;79;79;79mL[38;2;0;0;0;48;2;5;5;5m:[38;2;1;1;1;48;2;0;0;0m:                                                                                               [0m
[38;2;252;252;252;48;2;251;251;251m.[38;2;253;253;253;48;2;252;252;252m,                 [38;2;252;252;252;48;2;251;251;251m'[38;2;251;251;251;48;2;250;250;250m4[38;2;207;207;207;48;2;220;220;220m4[38;2;91;91;91;48;2;78;78;78mL[38;2;0;0;0;48;2;5;5;5m:[38;2;1;1;1;48;2;0;0;0m:                                                                                               [0m
[38;2;219;219;219;48;2;237;237;237m_[38;2;252;252;252;48;2;253;253;253m4[48;2;251;251;251m.[48;2;252;252;252m                [38;2;251;251;251;48;2;250;250;250m" [38;2;213;213;213;48;2;224;224;224m4[38;2;118;118;118;48;2;102;102;102mL[38;2;0;0;0;48;2;8;8;8m:[38;2;1;1;1;48;2;0;0;0m:                                                                                               [0m
[38;2;170;170;170;48;2;188;188;188mr[38;2;245;245;245;48;2;251;251;251m_[48;2;252;252;252m [38;2;252;252;252;48;2;251;251;251m:[48;2;252;252;252m               [38;2;250;250;250;48;2;251;251;251mJ[48;2;250;250;250m [38;2;216;216;216;48;2;226;226;226m4[38;2;124;124;124;48;2;111;111;111mL[38;2;0;0;0;48;2;10;10;10m:[38;2;1;1;1;48;2;0;0;0m:                                                                                               [0m
[38;2;88;88;88;48;2;123;123;123mL[38;2;195;195;195;48;2;220;220;220m_[48;2;252;252;252m [48;2;251;251;251m [48;2;252;252;252m               [38;2;252;252;252;48;2;251;251;251m|[38;2;251;251;251;48;2;250;250;250m4[38;2;221;221;221;48;2;230;230;230m4[38;2;148;148;148;48;2;128;128;128mL[38;2;0;0;0;48;2;12;12;12m:[38;2;1;1;1;48;2;0;0;0m:                                                                                               [0m
[38;2;72;72;72;48;2;37;37;37m"[38;2;129;129;129;48;2;165;165;165mL[38;2;226;226;226;48;2;244;244;244m_[38;2;253;253;253;48;2;252;252;252mL[48;2;251;251;251m [48;2;252;252;252m              [38;2;252;252;252;48;2;251;251;251ml[38;2;250;250;250mF[38;2;230;230;230;48;2;237;237;237m4[38;2;148;148;148;48;2;163;163;163m4[38;2;0;0;0;48;2;16;16;16m:[48;2;0;0;0m                                                                                                [0m
[38;2;9;9;9;48;2;2;2;2m~[38;2;105;105;105;48;2;75;75;75m7[38;2;154;154;154;48;2;193;193;193m,[38;2;245;245;245;48;2;251;251;251m_ [38;2;252;252;252m:[48;2;252;252;252m             [48;2;251;251;251m. [38;2;249;249;249;48;2;244;244;244m.[38;2;174;174;174;48;2;189;189;189m4[38;2;1;1;1;48;2;25;25;25m`[48;2;0;0;0m                                                                                                [0m
[7m[38;2;0;0;0m [0m[38;2;38;38;38;48;2;8;8;8m`[38;2;79;79;79;48;2;115;115;115mL[38;2;187;187;187;48;2;214;214;214m_[48;2;252;252;252m [38;2;252;252;252;48;2;251;251;251m`[48;2;252;252;252m               [38;2;250;250;250;48;2;251;251;251m`[38;2;201;201;201;48;2;213;213;213m4[38;2;64;64;64;48;2;48;48;48mL[38;2;0;0;0;48;2;1;1;1m:[38;2;1;1;1;48;2;0;0;0m,                                                                                              [0m
[7m[38;2;0;0;0m [0m[38;2;0;0;0;48;2;0;0;0m [38;2;58;58;58;48;2;23;23;23m"[38;2;104;104;104;48;2;144;144;144mL[38;2;203;203;203;48;2;233;233;233m_[48;2;252;252;252m [48;2;251;251;251m [48;2;252;252;252m             [38;2;252;252;252;48;2;251;251;251m| [38;2;212;212;212;48;2;223;223;223m4[38;2;112;112;112;48;2;92;92;92mw[38;2;0;0;0;48;2;8;8;8m:[38;2;1;1;1;48;2;0;0;0m:                                                                                              [0m
[7m[38;2;0;0;0m [0m[38;2;0;0;0;48;2;0;0;0m  [38;2;81;81;81;48;2;39;39;39m"[38;2;125;125;125;48;2;164;164;164mL[38;2;217;217;217;48;2;243;243;243m_[38;2;252;252;252;48;2;251;251;251my [48;2;252;252;252m            [48;2;251;251;251ml[38;2;250;250;250mF[38;2;242;242;242;48;2;234;234;234m:[38;2;176;176;176;48;2;148;148;148mL[38;2;0;0;0;48;2;16;16;16m`[48;2;0;0;0m                                                                                               [0m
[7m[38;2;0;0;0m [0m[38;2;0;0;0;48;2;0;0;0m  [38;2;1;1;1m`[38;2;101;101;101;48;2;53;53;53m"[38;2;131;131;131;48;2;173;173;173m_[38;2;225;225;225;48;2;246;246;246m_[38;2;252;252;252;48;2;251;251;251my:[48;2;252;252;252m             [38;2;246;246;246;48;2;249;249;249m"[38;2;193;193;193;48;2;206;206;206m4[38;2;7;7;7;48;2;42;42;42m`[38;2;0;0;0;48;2;1;1;1m:[48;2;0;0;0m                                                                                              [0m
[7m[38;2;0;0;0m [0m[38;2;0;0;0;48;2;0;0;0m   [38;2;8;8;8;48;2;1;1;1m`[38;2;113;113;113;48;2;61;61;61m"[38;2;140;140;140;48;2;181;181;181m_[38;2;231;231;231;48;2;249;249;249m_[38;2;253;253;253;48;2;252;252;252m,[48;2;251;251;251m [48;2;252;252;252m           [38;2;252;252;252;48;2;251;251;251m| [38;2;213;213;213;48;2;225;225;225m4[38;2;136;136;136;48;2;96;96;96m_[38;2;0;0;0;48;2;8;8;8m:[38;2;1;1;1;48;2;0;0;0m.                                                                                             [0m
[7m[38;2;0;0;0m [0m[38;2;0;0;0;48;2;0;0;0m   [38;2;1;1;1m`[38;2;11;11;11;48;2;2;2;2m`[38;2;122;122;122;48;2;71;71;71m"[38;2;140;140;140;48;2;187;187;187m_[38;2;232;232;232;48;2;248;248;248m_[38;2;252;252;252;48;2;251;251;251my:[48;2;252;252;252m          [48;2;251;251;251m  [38;2;246;246;246;48;2;240;240;240m:[38;2;198;198;198;48;2;168;168;168mL[38;2;0;0;0;48;2;21;21;21m`[48;2;0;0;0m                                                                                              [0m
[7m[38;2;0;0;0m [0m[38;2;0;0;0;48;2;0;0;0m    [48;2;1;1;1m.[38;2;19;19;19;48;2;5;5;5m`[38;2;118;118;118;48;2;62;62;62m"[38;2;140;140;140;48;2;179;179;179mL[38;2;221;221;221;48;2;245;245;245m_[38;2;253;253;253;48;2;252;252;252m,[48;2;251;251;251m [48;2;252;252;252m          [38;2;252;252;252;48;2;251;251;251m.[38;2;250;250;250m,[38;2;209;209;209;48;2;219;219;219m4[38;2;106;106;106;48;2;67;67;67m_[38;2;0;0;0;48;2;4;4;4m:[48;2;0;0;0m                                                                                             [0m
[7m[38;2;0;0;0m [0m[38;2;0;0;0;48;2;0;0;0m      [38;2;6;6;6;48;2;1;1;1m`[38;2;104;104;104;48;2;51;51;51m"[38;2;116;116;116;48;2;169;169;169m_[38;2;216;216;216;48;2;244;244;244m_[48;2;251;251;251m  [48;2;252;252;252m         [48;2;251;251;251m  [38;2;244;244;244;48;2;236;236;236m:[38;2;185;185;185;48;2;152;152;152mL[38;2;0;0;0;48;2;18;18;18m`[38;2;1;1;1;48;2;0;0;0m`                                                                                            [0m
[7m[38;2;0;0;0m [0m[38;2;0;0;0;48;2;0;0;0m       [38;2;4;4;4m`[38;2;93;93;93;48;2;38;38;38m"[38;2;107;107;107;48;2;155;155;155mL[38;2;197;197;197;48;2;235;235;235m_[38;2;253;253;253;48;2;251;251;251m: [48;2;252;252;252m         [48;2;251;251;251m [38;2;248;248;248;48;2;250;250;250m`[38;2;206;206;206;48;2;217;217;217m4[38;2;91;91;91;48;2;63;63;63mL[38;2;0;0;0;48;2;4;4;4m:[48;2;0;0;0m                                                                                            [0m
[7m[38;2;0;0;0m [0m[38;2;0;0;0;48;2;0;0;0m        [38;2;1;1;1m:[38;2;67;67;67;48;2;24;24;24m"[38;2;72;72;72;48;2;124;124;124mL[38;2;156;156;156;48;2;215;215;215m_[38;2;243;243;243;48;2;249;249;249m,[38;2;253;253;253;48;2;251;251;251m_[38;2;252;252;252m:[48;2;252;252;252m       [48;2;251;251;251m [38;2;250;250;250mF[38;2;246;246;246;48;2;237;237;237m:[38;2;187;187;187;48;2;152;152;152my[38;2;0;0;0;48;2;22;22;22m`[38;2;1;1;1;48;2;0;0;0m`                                                                                           [0m
[7m[38;2;0;0;0m [0m[38;2;0;0;0;48;2;0;0;0m         [38;2;1;1;1m`[38;2;44;44;44;48;2;20;20;20m`[38;2;135;135;135;48;2;102;102;102m4[38;2;133;133;133;48;2;208;208;208m_[38;2;216;216;216;48;2;244;244;244m_[38;2;251;251;251;48;2;252;252;252m"[48;2;251;251;251m [48;2;252;252;252m       [48;2;251;251;251m [38;2;250;250;250m.[38;2;237;237;237;48;2;221;221;221m:[38;2;141;141;141;48;2;89;89;89m_[38;2;0;0;0;48;2;8;8;8m:[48;2;0;0;0m                                                                                           [0m
[7m[38;2;0;0;0m [0m[38;2;0;0;0;48;2;0;0;0m          [38;2;2;2;2m`[38;2;24;24;24;48;2;2;2;2m`[38;2;95;95;95;48;2;40;40;40m"[38;2;66;66;66;48;2;147;147;147m_[38;2;172;172;172;48;2;230;230;230m_[38;2;251;251;251;48;2;250;250;250m:[38;2;253;253;253;48;2;252;252;252m_[38;2;252;252;252;48;2;251;251;251m:[48;2;252;252;252m     [48;2;251;251;251m.[38;2;250;250;250m'[38;2;238;238;238;48;2;246;246;246m`[38;2;168;168;168;48;2;199;199;199m~[38;2;79;79;79;48;2;42;42;42m_[38;2;0;0;0;48;2;2;2;2m:[38;2;1;1;1;48;2;0;0;0m,                                                                                         [0m
[7m[38;2;0;0;0m [0m[38;2;0;0;0;48;2;0;0;0m            [38;2;1;1;1m`[38;2;50;50;50;48;2;13;13;13m"[38;2;134;134;134;48;2;74;74;74m~[38;2;112;112;112;48;2;184;184;184m_[38;2;211;211;211;48;2;244;244;244m_[38;2;253;253;253;48;2;252;252;252m:[48;2;251;251;251m [48;2;252;252;252m     [38;2;252;252;252;48;2;251;251;251m.[38;2;250;250;250m^[38;2;231;231;231;48;2;238;238;238m"[38;2;125;125;125;48;2;168;168;168m~[38;2;0;0;0;48;2;26;26;26m`[38;2;1;1;1;48;2;0;0;0m`                                                                                         [0m
[7m[38;2;0;0;0m [0m[38;2;0;0;0;48;2;0;0;0m              [38;2;9;9;9;48;2;1;1;1m`[38;2;82;82;82;48;2;29;29;29m"[38;2;70;70;70;48;2;127;127;127my[38;2;136;136;136;48;2;211;211;211m_[38;2;234;234;234;48;2;248;248;248m_[38;2;253;253;253;48;2;252;252;252m,[38;2;251;251;251m_    [48;2;251;251;251m  [38;2;244;244;244;48;2;231;231;231m:[38;2;81;81;81;48;2;141;141;141m~[38;2;0;0;0;48;2;16;16;16m`[38;2;1;1;1;48;2;0;0;0m`                                                                                        [0m
[?25h