[?25l[0m[7m[38;2;252;252;252m [0m[38;2;0;0;0;48;2;252;252;252m                                                                                                                       [0m
[7m[38;2;252;252;252m [0m[38;2;0;0;0;48;2;252;252;252m                                                                                                                       [0m
[7m[38;2;252;252;252m [0m[38;2;0;0;0;48;2;252;252;252m                                                                                                                       [0m
[7m[38;2;252;252;252m [0m[38;2;0;0;0;48;2;252;252;252m                                                                                                                       [0m
[7m[38;2;252;252;252m [0m[38;2;0;0;0;48;2;252;252;252m                                                                                                                       [0m
[7m[38;2;252;252;252m [0m[38;2;0;0;0;48;2;252;252;252m                                                                                                                       [0m
[7m[38;2;252;252;252m [0m[38;2;0;0;0;48;2;252;252;252m                                                                                                                       [0m
[7m[38;2;252;252;252m [0m[38;2;0;0;0;48;2;252;252;252m                                                                                                                       [0m
[7m[38;2;252;252;252m [0m[38;2;0;0;0;48;2;252;252;252m                                                                                                                       [0m
[7m[38;2;252;252;252m [0m[38;2;0;0;0;48;2;252;252;252m                                                                                                                       [0m
[7m[38;2;252;252;252m [0m[38;2;0;0;0;48;2;252;252;252m                                                                                                                       [0m
[7m[38;2;252;252;252m [0m[38;2;0;0;0;48;2;252;252;252m                                                                                                                       [0m
[7m[38;2;252;252;252m [0m[38;2;0;0;0;48;2;252;252;252m                                                                                                                       [0m
[7m[38;2;252;252;252m [0m[38;2;0;0;0;48;2;252;252;252m                                                                                                                       [0m
[7m[38;2;252;252;252m [0m[38;2;0;0;0;48;2;252;252;252m                                                                                                                       [0m
[7m[38;2;252;252;252m [0m[38;2;0;0;0;48;2;252;252;252m                                                                                                                       [0m
[7m[38;2;252;252;252m [0m[38;2;0;0;0;48;2;252;252;252m                                                                                                                       [0m
[7m[38;2;252;252;252m [0m[38;2;0;0;0;48;2;252;252;252m                                                                                                                       [0m
[7m[38;2;252;252;252m [0m[38;2;0;0;0;48;2;252;252;252m                                                                                                                       [0m
[7m[38;2;252;252;252m [0m[38;2;0;0;0;48;2;252;252;252m                                                       [38;2;252;252;252;48;2;251;251;251m`[38;2;254;254;254m.[38;2;232;232;232m_[38;2;220;220;220m_[38;2;218;218;218m_[38;2;229;229;229;48;2;250;250;250m_[38;2;249;249;249;48;2;251;251;251m,[38;2;252;252;252m::[48;2;252;252;252m                                                       [0m
[7m[38;2;252;252;252m [0m[38;2;0;0;0;48;2;252;252;252m                                                    [38;2;252;252;252;48;2;251;251;251m:[38;2;250;250;250m_[38;2;253;253;253;48;2;250;250;250m:[38;2;168;168;168;48;2;231;231;231m_[38;2;82;82;82;48;2;173;173;173my[38;2;193;193;193;48;2;80;80;80m~[38;2;139;139;139;48;2;44;44;44m~[38;2;128;128;128;48;2;40;40;40m~[38;2;175;175;175;48;2;87;87;87m~[38;2;87;87;87;48;2;193;193;193m_[38;2;160;160;160;48;2;235;235;235m_[38;2;207;207;207;48;2;245;245;245m_[38;2;245;245;245;48;2;250;250;250m,[48;2;252;252;252m                                                      [0m
[7m[38;2;252;252;252m [0m[38;2;0;0;0;48;2;252;252;252m                                                    [38;2;252;252;252;48;2;251;251;251m`[38;2;254;254;254;48;2;249;249;249m.[38;2;207;207;207;48;2;229;229;229m_[38;2;70;70;70;48;2;109;109;109mg[38;2;32;32;32;48;2;12;12;12m~[38;2;4;4;4;48;2;1;1;1m~[38;2;1;1;1;48;2;0;0;0m`[38;2;4;4;4m`[38;2;1;1;1m`[38;2;27;27;27;48;2;8;8;8m"[38;2;101;101;101;48;2;29;29;29m~[38;2;162;162;162;48;2;66;66;66m~[38;2;147;147;147;48;2;184;184;184mp[38;2;237;237;237;48;2;244;244;244mr[38;2;250;250;250;48;2;251;251;251ma[38;2;252;252;252m:[48;2;252;252;252m                                                   [0m
[7m[38;2;252;252;252m [0m[38;2;0;0;0;48;2;252;252;252m                                                   [38;2;252;252;252;48;2;251;251;251m: [38;2;254;254;254;48;2;249;249;249m'[38;2;197;197;197;48;2;215;215;215m~[38;2;106;106;106;48;2;62;62;62mL[38;2;17;17;17;48;2;5;5;5m,[38;2;1;1;1;48;2;0;0;0m_   `[38;2;3;3;3;48;2;1;1;1m~[38;2;57;57;57;48;2;39;39;39m4[38;2;163;163;163;48;2;188;188;188m~[38;2;250;250;250;48;2;245;245;245m`[38;2;252;252;252;48;2;251;251;251m,:[48;2;252;252;252m                                  [38;2;253;253;253m^                [0m
[7m[38;2;252;252;252m [0m[38;2;0;0;0;48;2;252;252;252m                                                   [38;2;252;252;252;48;2;251;251;251m: [38;2;254;254;254;48;2;250;250;250m.[48;2;239;239;239m:[38;2;184;184;184;48;2;141;141;141m=[38;2;54;54;54;48;2;28;28;28mL[38;2;2;2;2;48;2;0;0;0m`  [38;2;0;0;0;48;2;2;2;2m:[38;2;76;76;76;48;2;5;5;5m_[38;2;124;124;124;48;2;14;14;14m_[38;2;170;170;170;48;2;77;77;77m_[38;2;189;189;189;48;2;214;214;214mF[38;2;253;253;253;48;2;248;248;248m.[48;2;252;252;252m                                                     [0m
[7m[38;2;252;252;252m [0m[38;2;0;0;0;48;2;252;252;252m                                                   [38;2;253;253;253;48;2;250;250;250m:[38;2;159;159;159;48;2;236;236;236m_[38;2;95;95;95;48;2;181;181;181my[38;2;168;168;168;48;2;66;66;66m~[38;2;71;71;71;48;2;16;16;16m~[38;2;0;0;0;48;2;2;2;2m:[48;2;0;0;0m  [38;2;1;1;1mf[38;2;0;0;0;48;2;21;21;21m:[38;2;57;57;57;48;2;117;117;117m_[38;2;169;169;169;48;2;217;217;217m_[38;2;207;207;207;48;2;241;241;241m`[38;2;219;219;219;48;2;247;247;247m_[38;2;211;211;211m_[38;2;210;210;210m_[38;2;211;211;211;48;2;246;246;246m_[38;2;226;226;226;48;2;249;249;249m_[38;2;245;245;245;48;2;251;251;251m_[38;2;252;252;252m:[48;2;252;252;252m                                                [0m
[7m[38;2;252;252;252m [0m[38;2;0;0;0;48;2;252;252;252m                                                [38;2;252;252;252;48;2;251;251;251m:[38;2;250;250;250ms[38;2;254;254;254;48;2;242;242;242m:[38;2;122;122;122;48;2;181;181;181my[38;2;93;93;93;48;2;47;47;47m"[38;2;16;16;16;48;2;4;4;4m~[38;2;2;2;2;48;2;0;0;0m`     [38;2;1;1;1m"[38;2;0;0;0;48;2;7;7;7m:[38;2;104;104;104;48;2;39;39;39m~[38;2;205;205;205;48;2;101;101;101m~[38;2;195;195;195;48;2;139;139;139m~[38;2;181;181;181;48;2;144;144;144m~[38;2;180;180;180;48;2;145;145;145m~[38;2;181;181;181;48;2;151;151;151m~[38;2;169;169;169;48;2;188;188;188me[38;2;222;222;222;48;2;233;233;233mr[38;2;248;248;248;48;2;250;250;250mL[48;2;252;252;252m                                                [0m
[7m[38;2;252;252;252m [0m[38;2;0;0;0;48;2;252;252;252m                                                [38;2;252;252;252;48;2;251;251;251m:[38;2;249;249;249;48;2;250;250;250m.[38;2;254;254;254;48;2;236;236;236m:[38;2;137;137;137;48;2;101;101;101mL[38;2;29;29;29;48;2;16;16;16m,[38;2;1;1;1;48;2;0;0;0m_         [38;2;0;0;0;48;2;6;6;6m:[38;2;78;78;78;48;2;42;42;42m~[38;2;86;86;86;48;2;114;114;114m_[38;2;159;159;159;48;2;139;139;139m_[38;2;206;206;206;48;2;162;162;162m_[38;2;185;185;185;48;2;218;218;218m~[38;2;238;238;238;48;2;246;246;246m~[38;2;252;252;252;48;2;251;251;251m.[48;2;252;252;252m                                                [0m
[7m[38;2;252;252;252m [0m[38;2;0;0;0;48;2;252;252;252m                                                [38;2;252;252;252;48;2;251;251;251m:[38;2;249;249;249m`[38;2;254;254;254;48;2;248;248;248m'[38;2;178;178;178;48;2;221;221;221m~[38;2;169;169;169;48;2;86;86;86m_[38;2;42;42;42;48;2;14;14;14m,[38;2;1;1;1;48;2;0;0;0m.        _[38;2;0;0;0;48;2;9;9;9m:[38;2;77;77;77;48;2;71;71;71m4[38;2;184;184;184;48;2;168;168;168m4[38;2;220;220;220;48;2;232;232;232m~[38;2;247;247;247;48;2;250;250;250m~[48;2;251;251;251m [48;2;252;252;252m                                                 [0m
[7m[38;2;252;252;252m [0m[38;2;0;0;0;48;2;252;252;252m                                                 [38;2;252;252;252;48;2;251;251;251m:[38;2;250;250;250m`[38;2;254;254;254m'[38;2;201;201;201;48;2;236;236;236m`[38;2;72;72;72;48;2;160;160;160m~[38;2;157;157;157;48;2;47;47;47m_[38;2;43;43;43;48;2;8;8;8m,[48;2;0;0;0m     [38;2;0;0;0;48;2;2;2;2m`[38;2;51;51;51;48;2;7;7;7m_[38;2;98;98;98;48;2;22;22;22m_[38;2;15;15;15;48;2;73;73;73m~[38;2;96;96;96;48;2;121;121;121m~[38;2;163;163;163;48;2;160;160;160m4[38;2;216;216;216;48;2;226;226;226mL[38;2;247;247;247;48;2;250;250;250mW[48;2;251;251;251m [38;2;252;252;252m:[48;2;252;252;252m                                                [0m
[7m[38;2;252;252;252m [0m[38;2;0;0;0;48;2;252;252;252m                                                   [38;2;252;252;252;48;2;251;251;251m:[38;2;250;250;250m~[38;2;252;252;252;48;2;249;249;249m'[38;2;195;195;195;48;2;235;235;235m"[38;2;104;104;104;48;2;200;200;200m~[38;2;44;44;44;48;2;148;148;148m~[38;2;27;27;27;48;2;109;109;109m~[38;2;136;136;136;48;2;79;79;79my[38;2;28;28;28;48;2;103;103;103m~[38;2;30;30;30m~[38;2;45;45;45;48;2;112;112;112m~[38;2;76;76;76;48;2;125;125;125m~[38;2;119;119;119;48;2;136;136;136m~[38;2;175;175;175;48;2;143;143;143m_[38;2;208;208;208;48;2;160;160;160m_[38;2;173;173;173;48;2;209;209;209m~[38;2;231;231;231;48;2;242;242;242m"[38;2;250;250;250;48;2;252;252;252m~[38;2;251;251;251m`                                                 [0m
[7m[38;2;252;252;252m [0m[38;2;0;0;0;48;2;252;252;252m                                                      [38;2;252;252;252;48;2;251;251;251m..[38;2;232;232;232;48;2;247;247;247m`[38;2;211;211;211;48;2;240;240;240m~[38;2;200;200;200;48;2;236;236;236m~[38;2;192;192;192;48;2;232;232;232m~[38;2;181;181;181;48;2;227;227;227m~[38;2;179;179;179;48;2;226;226;226m~[38;2;180;180;180;48;2;228;228;228m~[38;2;190;190;190;48;2;233;233;233m~[38;2;208;208;208;48;2;240;240;240m~[38;2;229;229;229;48;2;247;247;247m~[38;2;246;246;246;48;2;251;251;251m~[48;2;252;252;252m                                                    [0m
[7m[38;2;252;252;252m [0m[38;2;0;0;0;48;2;252;252;252m                                                               [38;2;252;252;252;48;2;251;251;251m:[48;2;252;252;252m                                                       [0m
[7m[38;2;252;252;252m [0m[38;2;0;0;0;48;2;252;252;252m                                                                                                                       [0m
[7m[38;2;252;252;252m [0m[38;2;0;0;0;48;2;252;252;252m                                                                                                                       [0m
[7m[38;2;252;252;252m [0m[38;2;0;0;0;48;2;252;252;252m                                                                                                                       [0m
[7m[38;2;252;252;252m [0m[38;2;0;0;0;48;2;252;252;252m                       [38;2;252;252;252;48;2;251;251;251m:[48;2;252;252;252m                                                                                               [0m
[?25h