[?25l[0m[7m[38;2;0;0;0m [0m[38;2;0;0;0;48;2;0;0;0m                                                                                                                       [0m
[7m[38;2;0;0;0m [0m[38;2;0;0;0;48;2;0;0;0m                 [38;2;2;2;2m_[38;2;1;1;1m_                                                                                                    [0m
[7m[38;2;0;0;0m [0m[38;2;0;0;0;48;2;0;0;0m                [48;2;1;1;1m.[38;2;1;1;1;48;2;3;3;3m_[38;2;3;3;3;48;2;1;1;1mF[48;2;0;0;0m                                                                                                    [0m
[7m[38;2;0;0;0m [0m[38;2;0;0;0;48;2;0;0;0m                 [38;2;1;1;1m`                                                                                                     [0m
[7m[38;2;0;0;0m [0m[38;2;0;0;0;48;2;0;0;0m                                                                                             [48;2;1;1;1m `[48;2;0;0;0m                        [0m
[7m[38;2;0;0;0m [0m[38;2;0;0;0;48;2;0;0;0m                                                                                             [38;2;2;2;2m`[38;2;1;1;1m~                        [0m
[7m[38;2;0;0;0m [0m[38;2;0;0;0;48;2;0;0;0m                                                                                                                       [0m
[7m[38;2;0;0;0m [0m[38;2;0;0;0;48;2;0;0;0m                                                                                                                       [0m
[7m[38;2;0;0;0m [0m[38;2;0;0;0;48;2;0;0;0m                                                                                                                       [0m
[38;2;1;1;1;48;2;0;0;0m__                .                                                                                                     [0m
[38;2;145;145;145;48;2;38;38;38m_[38;2;112;112;112;48;2;28;28;28m_[38;2;70;70;70;48;2;17;17;17m_[38;2;34;34;34;48;2;6;6;6m_[48;2;0;0;0m [38;2;1;1;1m=+   [38;2;2;2;2m__ [38;2;74;74;74;48;2;17;17;17m_[38;2;182;182;182;48;2;60;60;60m_[38;2;197;197;197;48;2;104;104;104my[38;2;37;37;37;48;2;168;168;168m~[38;2;36;36;36;48;2;164;164;164m~[38;2;193;193;193;48;2;104;104;104my[38;2;199;199;199;48;2;58;58;58m_[38;2;40;40;40;48;2;15;15;15m.[48;2;0;0;0m [38;2;1;1;1m,                                                                                                 [0m
[38;2;186;186;186;48;2;240;240;240m`[38;2;171;171;171;48;2;237;237;237m`[38;2;155;155;155;48;2;234;234;234m`[38;2;166;166;166;48;2;229;229;229m~[38;2;130;130;130;48;2;209;209;209m~[38;2;90;90;90;48;2;187;187;187m~[38;2;48;48;48;48;2;167;167;167m~[38;2;214;214;214;48;2;106;106;106my[38;2;190;190;190;48;2;86;86;86my[38;2;166;166;166;48;2;73;73;73my[38;2;197;197;197;48;2;64;64;64m__[38;2;47;47;47;48;2;145;145;145m~[38;2;137;137;137;48;2;214;214;214m~[38;2;216;216;216;48;2;245;245;245m~[38;2;253;253;253;48;2;251;251;251m`[38;2;250;250;250m==[38;2;252;252;252;48;2;250;250;250m.[38;2;219;219;219;48;2;245;245;245m`[38;2;159;159;159;48;2;220;220;220m~[38;2;192;192;192;48;2;113;113;113my[38;2;119;119;119;48;2;29;29;29m_[38;2;0;0;0;48;2;2;2;2m`[48;2;0;0;0m                                                                                                [0m
[7m[38;2;252;252;252m [0m[38;2;0;0;0;48;2;252;252;252m  [38;2;252;252;252;48;2;251;251;251m:[38;2;250;250;250m~~[38;2;252;252;252m.[38;2;250;250;250;48;2;252;252;252m`[38;2;243;243;243;48;2;250;250;250m`[38;2;238;238;238m`[38;2;232;232;232;48;2;249;249;249m``[38;2;242;242;242;48;2;250;250;250m`[48;2;251;251;251m [48;2;252;252;252m     [38;2;253;253;253m:[38;2;254;254;254;48;2;253;253;253m=[38;2;233;233;233;48;2;247;247;247m`[38;2;166;166;166;48;2;200;200;200m~[38;2;88;88;88;48;2;49;49;49m_[38;2;0;0;0;48;2;2;2;2m:[38;2;1;1;1;48;2;0;0;0m,                            [38;2;0;0;0;48;2;23;23;23m:[38;2;212;212;212;48;2;73;73;73m_[38;2;231;231;231m_[38;2;85;85;85;48;2;23;23;23m,[38;2;0;0;0;48;2;1;1;1m`[48;2;0;0;0m                                                             [0m
[7m[38;2;252;252;252m [0m[38;2;0;0;0;48;2;252;252;252m                [38;2;252;252;252;48;2;251;251;251m:[48;2;252;252;252m [38;2;253;253;253;48;2;250;250;250m`[38;2;211;211;211;48;2;248;248;248m_[38;2;179;179;179;48;2;240;240;240m_[38;2;119;119;119;48;2;194;194;194m_[38;2;36;36;36;48;2;80;80;80my[38;2;0;0;0;48;2;5;5;5m:[38;2;1;1;1;48;2;0;0;0m^                         [38;2;0;0;0;48;2;1;1;1m:[38;2;64;64;64;48;2;9;9;9m_[38;2;171;171;171;48;2;36;36;36m_[38;2;64;64;64;48;2;138;138;138m~[38;2;223;223;223;48;2;240;240;240m~[38;2;254;254;254;48;2;242;242;242m:[38;2;85;85;85;48;2;161;161;161m`[38;2;56;56;56;48;2;33;33;33mr[38;2;1;1;1;48;2;0;0;0m!                                                            [0m
[7m[38;2;252;252;252m [0m[38;2;0;0;0;48;2;252;252;252m                [38;2;252;252;252;48;2;251;251;251m| [38;2;229;229;229;48;2;238;238;238m4[38;2;145;145;145;48;2;167;167;167m4[38;2;127;127;127;48;2;28;28;28m`[38;2;83;83;83;48;2;8;8;8m`[38;2;4;4;4;48;2;1;1;1m`[48;2;0;0;0m                           [38;2;0;0;0;48;2;5;5;5m:[38;2;57;57;57;48;2;90;90;90m$[38;2;190;190;190;48;2;222;222;222m_[38;2;234;234;234;48;2;249;249;249m`[38;2;253;253;253;48;2;251;251;251m`[38;2;254;254;254m'[38;2;250;250;250;48;2;229;229;229m:[38;2;113;113;113;48;2;72;72;72mL[38;2;0;0;0;48;2;6;6;6m`[48;2;0;0;0m                                                            [0m
[7m[38;2;252;252;252m [0m[38;2;0;0;0;48;2;252;252;252m                [38;2;252;252;252;48;2;251;251;251m: [38;2;246;246;246;48;2;250;250;250m`[38;2;198;198;198;48;2;209;209;209m4[38;2;92;92;92;48;2;49;49;49m_[38;2;0;0;0;48;2;2;2;2m:[38;2;1;1;1;48;2;0;0;0m,                            [38;2;40;40;40;48;2;21;21;21m"[38;2;75;75;75;48;2;127;127;127mL[38;2;199;199;199;48;2;235;235;235m_[38;2;253;253;253;48;2;251;251;251m.[38;2;250;250;250;48;2;253;253;253m_[38;2;254;254;254;48;2;239;239;239m:[38;2;154;154;154;48;2;117;117;117mL[38;2;48;48;48;48;2;22;22;22m,[38;2;1;1;1;48;2;0;0;0m:                                                           [0m
[7m[38;2;252;252;252m [0m[38;2;0;0;0;48;2;252;252;252m                 [38;2;252;252;252;48;2;251;251;251m:[38;2;250;250;250mF[38;2;227;227;227;48;2;237;237;237m"[38;2;193;193;193;48;2;153;153;153my[38;2;66;66;66;48;2;25;25;25m_[38;2;0;0;0;48;2;1;1;1m:[48;2;0;0;0m                            [38;2;1;1;1m`[38;2;38;38;38;48;2;16;16;16m"[38;2;150;150;150;48;2;87;87;87m~[38;2;124;124;124;48;2;210;210;210m_[38;2;251;251;251;48;2;247;247;247m:[38;2;254;254;254m'[38;2;180;180;180;48;2;205;205;205m~[38;2;96;96;96;48;2;53;53;53mL[38;2;0;0;0;48;2;2;2;2m'[48;2;0;0;0m                                                           [0m
[7m[38;2;252;252;252m [0m[38;2;0;0;0;48;2;252;252;252m                 [38;2;252;252;252;48;2;251;251;251m: [48;2;244;244;244m`[38;2;141;141;141;48;2;200;200;200m_[38;2;88;88;88;48;2;58;58;58mF[38;2;0;0;0;48;2;4;4;4m:[48;2;0;0;0m                             [38;2;1;1;1m`[38;2;0;0;0;48;2;3;3;3m'[38;2;87;87;87;48;2;34;34;34m"[38;2;66;66;66;48;2;142;142;142my[38;2;140;140;140;48;2;218;218;218m_[38;2;251;251;251;48;2;240;240;240m:[38;2;141;141;141;48;2;194;194;194m~[38;2;122;122;122;48;2;57;57;57m_[38;2;26;26;26;48;2;5;5;5m,[38;2;1;1;1;48;2;0;0;0m_                                                         [0m
[7m[38;2;252;252;252m [0m[38;2;0;0;0;48;2;252;252;252m                [38;2;252;252;252;48;2;251;251;251m. [38;2;251;251;251;48;2;239;239;239m`[38;2;115;115;115;48;2;181;181;181m_[38;2;97;97;97;48;2;36;36;36m~[38;2;0;0;0;48;2;2;2;2m`[38;2;1;1;1;48;2;0;0;0m'                                [38;2;10;10;10;48;2;3;3;3m`[38;2;73;73;73;48;2;27;27;27m~[38;2;54;54;54;48;2;125;125;125my[38;2;101;101;101;48;2;202;202;202m_[38;2;164;164;164;48;2;199;199;199m~[38;2;206;206;206;48;2;93;93;93m_[38;2;81;81;81;48;2;18;18;18m,[48;2;0;0;0m                                                         [0m
[7m[38;2;252;252;252m [0m[38;2;0;0;0;48;2;252;252;252m               [38;2;252;252;252;48;2;251;251;251m:[38;2;251;251;251;48;2;252;252;252m"[38;2;244;244;244;48;2;250;250;250m_[38;2;185;185;185;48;2;206;206;206m_[38;2;94;94;94;48;2;45;45;45m~[38;2;0;0;0;48;2;2;2;2m:[38;2;1;1;1;48;2;0;0;0m`                                    [38;2;39;39;39;48;2;11;11;11m"[38;2;150;150;150;48;2;52;52;52m~[38;2;48;48;48;48;2;135;135;135my[38;2;107;107;107;48;2;77;77;77m=[38;2;31;31;31;48;2;15;15;15mr[48;2;0;0;0m                                                        [0m
[7m[38;2;252;252;252m [0m[38;2;0;0;0;48;2;252;252;252m               [48;2;251;251;251m [38;2;252;252;252m`[38;2;227;227;227;48;2;235;235;235m4[38;2;169;169;169;48;2;146;146;146mF[38;2;0;0;0;48;2;12;12;12m:[38;2;1;1;1;48;2;0;0;0m,                                        [38;2;24;24;24;48;2;2;2;2m`[38;2;1;1;1;48;2;0;0;0m`                                                        [0m
[7m[38;2;252;252;252m [0m[38;2;0;0;0;48;2;252;252;252m              [38;2;253;253;253m-[38;2;250;250;250;48;2;251;251;251my[38;2;248;248;248;48;2;250;250;250mL[38;2;215;215;215;48;2;225;225;225m4[38;2;137;137;137;48;2;111;111;111m~[38;2;0;0;0;48;2;8;8;8m:[38;2;1;1;1;48;2;0;0;0m:                                                                                                  [0m
[7m[38;2;252;252;252m [0m[38;2;0;0;0;48;2;252;252;252m           [38;2;252;252;252;48;2;251;251;251m.[38;2;251;251;251;48;2;252;252;252mL[38;2;252;252;252;48;2;240;240;240m'[38;2;162;162;162;48;2;206;206;206my[38;2;79;79;79;48;2;175;175;175my[38;2;76;76;76;48;2;192;192;192m_[38;2;86;86;86;48;2;179;179;179m_[38;2;97;97;97;48;2;53;53;53m~[38;2;0;0;0;48;2;3;3;3m:[38;2;1;1;1;48;2;0;0;0m"                                                                                                  [0m
[7m[38;2;252;252;252m [0m[38;2;0;0;0;48;2;252;252;252m           [48;2;251;251;251m  [38;2;239;239;239;48;2;232;232;232m'[38;2;121;121;121;48;2;153;153;153m_[38;2;0;0;0;48;2;8;8;8m:[38;2;2;2;2;48;2;0;0;0m=[38;2;1;1;1mr                                                                                                     [0m
[7m[38;2;252;252;252m [0m[38;2;0;0;0;48;2;252;252;252m       [38;2;250;250;250;48;2;251;251;251m_[38;2;246;246;246m_[38;2;248;248;248m_[38;2;252;252;252m_ [38;2;251;251;251;48;2;250;250;250m`[38;2;192;192;192;48;2;210;210;210m4[38;2;101;101;101;48;2;59;59;59m~[38;2;0;0;0;48;2;2;2;2m:[38;2;1;1;1;48;2;0;0;0m'                                                                                                      [0m
[7m[38;2;252;252;252m [0m[38;2;0;0;0;48;2;252;252;252m     [48;2;251;251;251m  [38;2;249;249;249;48;2;229;229;229m`[38;2;148;148;148;48;2;200;200;200m_[38;2;202;202;202;48;2;227;227;227m_[38;2;227;227;227;48;2;245;245;245m_[38;2;221;221;221;48;2;243;243;243m_[38;2;146;146;146;48;2;210;210;210m_[38;2;205;205;205;48;2;104;104;104m~[38;2;40;40;40;48;2;82;82;82m_[38;2;48;48;48;48;2;24;24;24mw[38;2;0;0;0;48;2;2;2;2m:[48;2;0;0;0m                                                                                                      [0m
[7m[38;2;252;252;252m [0m[38;2;0;0;0;48;2;252;252;252m     [48;2;251;251;251m [48;2;252;252;252m [38;2;210;210;210;48;2;223;223;223m"[38;2;129;129;129;48;2;183;183;183m~[38;2;194;194;194;48;2;218;218;218m~[38;2;227;227;227;48;2;217;217;217m`[38;2;84;84;84;48;2;166;166;166m_[38;2;105;105;105;48;2;31;31;31m~[38;2;0;0;0;48;2;2;2;2m:[38;2;36;36;36;48;2;9;9;9m`[38;2;50;50;50;48;2;21;21;21m~[38;2;31;31;31;48;2;16;16;16mF[48;2;0;0;0m                                                                                                      [0m
[7m[38;2;252;252;252m [0m[38;2;0;0;0;48;2;252;252;252m     [38;2;252;252;252;48;2;251;251;251m:[48;2;252;252;252m [38;2;246;246;246;48;2;241;241;241m`[38;2;190;190;190;48;2;206;206;206ma[38;2;117;117;117;48;2;165;165;165my[38;2;189;189;189;48;2;88;88;88m~[38;2;30;30;30;48;2;9;9;9m`[48;2;0;0;0m                                                                                                           [0m
[7m[38;2;252;252;252m [0m[38;2;0;0;0;48;2;252;252;252m     [38;2;252;252;252;48;2;251;251;251m:`[38;2;243;243;243;48;2;249;249;249m_[38;2;191;191;191;48;2;210;210;210m_[38;2;77;77;77;48;2;96;96;96m_[38;2;0;0;0;48;2;5;5;5m:[38;2;1;1;1;48;2;0;0;0m.                                                                                                           [0m
[7m[38;2;252;252;252m [0m[38;2;0;0;0;48;2;252;252;252m     [38;2;252;252;252;48;2;251;251;251m. [38;2;239;239;239;48;2;244;244;244m"[38;2;168;168;168;48;2;188;188;188m4[38;2;63;63;63;48;2;38;38;38m~[48;2;0;0;0m                                                                                                             [0m
[7m[38;2;252;252;252m [0m[38;2;0;0;0;48;2;252;252;252m      [48;2;251;251;251m [38;2;252;252;252m`[38;2;235;235;235;48;2;219;219;219m.[38;2;135;135;135;48;2;105;105;105my[38;2;0;0;0;48;2;5;5;5m:[48;2;1;1;1m [38;2;1;1;1;48;2;0;0;0m_                        [38;2;3;3;3m_[38;2;4;4;4m_                                                                                [0m
[7m[38;2;252;252;252m [0m[38;2;0;0;0;48;2;252;252;252m      [38;2;252;252;252;48;2;251;251;251m: [38;2;239;239;239;48;2;248;248;248m`[38;2;176;176;176;48;2;213;213;213m"[38;2;232;232;232;48;2;103;103;103m_[38;2;159;159;159;48;2;46;46;46m_[38;2;70;70;70;48;2;9;9;9m_[38;2;20;20;20;48;2;2;2;2m_[48;2;0;0;0m                      [38;2;3;3;3;48;2;2;2;2mu[38;2;10;10;10;48;2;7;7;7ma[38;2;7;7;7;48;2;10;10;10m~[48;2;4;4;4mm[48;2;0;0;0m                                                                               [0m
[7m[38;2;252;252;252m [0m[38;2;0;0;0;48;2;252;252;252m         [38;2;252;252;252;48;2;251;251;251mL[38;2;243;243;243;48;2;228;228;228m'[38;2;138;138;138;48;2;194;194;194my[38;2;189;189;189;48;2;152;152;152mF[38;2;119;119;119;48;2;96;96;96ms[38;2;40;40;40;48;2;18;18;18mw[48;2;0;0;0m                     [38;2;1;1;1m`[38;2;4;4;4;48;2;1;1;1m~[38;2;5;5;5m~[38;2;4;4;4;48;2;0;0;0m`                                                                               [0m
[7m[38;2;252;252;252m [0m[38;2;0;0;0;48;2;252;252;252m   [38;2;253;253;253m.[38;2;247;247;247;48;2;251;251;251m_[38;2;236;236;236;48;2;250;250;250m_[38;2;242;242;242m_[38;2;253;253;253;48;2;251;251;251m. [38;2;252;252;252my[38;2;220;220;220;48;2;237;237;237m"[38;2;191;191;191;48;2;152;152;152my[38;2;61;61;61;48;2;29;29;29m_[38;2;49;49;49;48;2;5;5;5m`[38;2;6;6;6;48;2;1;1;1m`[48;2;0;0;0m                                                                                                        [0m
[7m[38;2;252;252;252m [0m[38;2;0;0;0;48;2;252;252;252m  [38;2;252;252;252;48;2;251;251;251m:[38;2;253;253;253;48;2;252;252;252m`[38;2;252;252;252;48;2;247;247;247m.[38;2;180;180;180;48;2;203;203;203m4[38;2;194;194;194;48;2;112;112;112m~[38;2;44;44;44;48;2;168;168;168m_[38;2;129;129;129;48;2;217;217;217m_[38;2;207;207;207;48;2;246;246;246m_[38;2;246;246;246;48;2;252;252;252m_[38;2;218;218;218;48;2;233;233;233m"[38;2;178;178;178;48;2;138;138;138my[38;2;0;0;0;48;2;16;16;16m'[38;2;2;2;2;48;2;0;0;0m'                                                                                                        [0m
[7m[38;2;252;252;252m [0m[38;2;0;0;0;48;2;252;252;252m   [38;2;250;250;250;48;2;251;251;251m"F[38;2;216;216;216;48;2;225;225;225m"[38;2;157;157;157;48;2;126;126;126mL[38;2;22;22;22;48;2;7;7;7m`[38;2;86;86;86;48;2;17;17;17m`[38;2;143;143;143;48;2;54;54;54m~[38;2;0;0;0;48;2;152;152;152m_[38;2;88;88;88;48;2;212;212;212m_[38;2;195;195;195;48;2;219;219;219m_[38;2;77;77;77;48;2;159;159;159m~[38;2;107;107;107;48;2;34;34;34m_[38;2;0;0;0;48;2;1;1;1m:[48;2;0;0;0m                                                                                                       [0m
[?25h