[?25l[0m[7m[38;2;252;252;252m [0m[38;2;0;0;0;48;2;252;252;252m                                                                                                                       [0m
[7m[38;2;252;252;252m [0m[38;2;0;0;0;48;2;252;252;252m                                                                                                                       [0m
[7m[38;2;252;252;252m [0m[38;2;0;0;0;48;2;252;252;252m                                                                                                                       [0m
[7m[38;2;252;252;252m [0m[38;2;0;0;0;48;2;252;252;252m                                                                                                                       [0m
[7m[38;2;252;252;252m [0m[38;2;0;0;0;48;2;252;252;252m                                                                                                                       [0m
[7m[38;2;252;252;252m [0m[38;2;0;0;0;48;2;252;252;252m                                                                                                                       [0m
[7m[38;2;252;252;252m [0m[38;2;0;0;0;48;2;252;252;252m                                                                                                                       [0m
[7m[38;2;252;252;252m [0m[38;2;0;0;0;48;2;252;252;252m                                                                                                                       [0m
[7m[38;2;252;252;252m [0m[38;2;0;0;0;48;2;252;252;252m                                                                                                                       [0m
[7m[38;2;252;252;252m [0m[38;2;0;0;0;48;2;252;252;252m                                                                                                                       [0m
[7m[38;2;252;252;252m [0m[38;2;0;0;0;48;2;252;252;252m                                                                                                                       [0m
[7m[38;2;252;252;252m [0m[38;2;0;0;0;48;2;252;252;252m                                                                                                                       [0m
[7m[38;2;252;252;252m [0m[38;2;0;0;0;48;2;252;252;252m                                                                                                                       [0m
[7m[38;2;252;252;252m [0m[38;2;0;0;0;48;2;252;252;252m                                                                                                                       [0m
[7m[38;2;252;252;252m [0m[38;2;0;0;0;48;2;252;252;252m                                                                                                                       [0m
[7m[38;2;252;252;252m [0m[38;2;0;0;0;48;2;252;252;252m                                                                                                                       [0m
[7m[38;2;252;252;252m [0m[38;2;0;0;0;48;2;252;252;252m                                                                                                                       [0m
[7m[38;2;252;252;252m [0m[38;2;0;0;0;48;2;252;252;252m                                                                                                                       [0m
[7m[38;2;252;252;252m [0m[38;2;0;0;0;48;2;252;252;252m                                                                                                                       [0m
[7m[38;2;252;252;252m [0m[38;2;0;0;0;48;2;252;252;252m                                                                                                                       [0m
[7m[38;2;252;252;252m [0m[38;2;0;0;0;48;2;252;252;252m                                                         [48;2;251;251;251m  [38;2;253;253;253;48;2;252;252;252m,[48;2;251;251;251m__[48;2;252;252;252m,[38;2;252;252;252;48;2;251;251;251m:[48;2;252;252;252m                                                       [0m
[7m[38;2;252;252;252m [0m[38;2;0;0;0;48;2;252;252;252m                                                      [38;2;251;251;251m.[38;2;254;254;254;48;2;251;251;251m.[38;2;200;200;200;48;2;243;243;243m_[38;2;107;107;107;48;2;218;218;218m_[38;2;70;70;70;48;2;206;206;206m_[38;2;47;47;47;48;2;183;183;183m_[38;2;56;56;56;48;2;141;141;141mg[38;2;223;223;223;48;2;97;97;97m~[38;2;88;88;88;48;2;187;187;187m_[38;2;251;251;251;48;2;243;243;243m`[48;2;251;251;251m  [48;2;252;252;252m                                                     [0m
[7m[38;2;252;252;252m [0m[38;2;0;0;0;48;2;252;252;252m                                                    [38;2;252;252;252;48;2;251;251;251m:[38;2;250;250;250my[38;2;253;253;253;48;2;246;246;246m:[38;2;121;121;121;48;2;199;199;199m_[38;2;143;143;143;48;2;64;64;64m~[38;2;65;65;65;48;2;14;14;14m~[38;2;52;52;52;48;2;8;8;8m`[38;2;34;34;34;48;2;5;5;5m`[38;2;5;5;5;48;2;3;3;3m'[38;2;0;0;0;48;2;13;13;13m:[38;2;108;108;108;48;2;91;91;91m4[38;2;222;222;222;48;2;233;233;233mL[38;2;199;199;199;48;2;238;238;238m_[38;2;171;171;171;48;2;227;227;227m_[38;2;178;178;178;48;2;231;231;231m_[38;2;220;220;220;48;2;245;245;245m_[38;2;247;247;247;48;2;251;251;251m,[38;2;252;252;252m.[48;2;252;252;252m                                [38;2;253;253;253m^                [0m
[7m[38;2;252;252;252m [0m[38;2;0;0;0;48;2;252;252;252m                                                   [48;2;251;251;251m [38;2;252;252;252;48;2;250;250;250m`[38;2;254;254;254;48;2;241;241;241m:[38;2;127;127;127;48;2;186;186;186my[38;2;89;89;89;48;2;49;49;49m"[38;2;1;1;1;48;2;4;4;4m:[48;2;0;0;0m"  [48;2;1;1;1m [38;2;24;24;24;48;2;15;15;15m4[38;2;86;86;86;48;2;93;93;93m`[38;2;198;198;198;48;2;154;154;154m~[38;2;177;177;177;48;2;144;144;144m~[38;2;150;150;150;48;2;137;137;137m~[38;2;156;156;156;48;2;144;144;144m"[38;2;201;201;201;48;2;183;183;183m~[38;2;217;217;217;48;2;234;234;234m_[38;2;247;247;247;48;2;249;249;249m,[48;2;251;251;251m [48;2;252;252;252m                                                [0m
[7m[38;2;252;252;252m [0m[38;2;0;0;0;48;2;252;252;252m                                                 [48;2;251;251;251m [38;2;252;252;252;48;2;250;250;250m`[38;2;206;206;206;48;2;240;240;240m_[38;2;112;112;112;48;2;190;190;190my[38;2;185;185;185;48;2;81;81;81m~[38;2;71;71;71;48;2;25;25;25m"[38;2;0;0;0;48;2;2;2;2m:[38;2;1;1;1;48;2;0;0;0m`   `[38;2;0;0;0;48;2;2;2;2m:[38;2;51;51;51;48;2;17;17;17m~[38;2;24;24;24;48;2;71;71;71my[38;2;50;50;50;48;2;106;106;106m_[38;2;106;106;106;48;2;129;129;129m_[38;2;132;132;132;48;2;133;133;133m)[38;2;137;137;137;48;2;147;147;147m:[38;2;194;194;194;48;2;207;207;207mF[38;2;241;241;241;48;2;245;245;245mL[38;2;251;251;251;48;2;250;250;250m"[38;2;252;252;252;48;2;251;251;251m.[48;2;252;252;252m                                               [0m
[7m[38;2;252;252;252m [0m[38;2;0;0;0;48;2;252;252;252m                                                [38;2;252;252;252;48;2;251;251;251m:_[38;2;254;254;254;48;2;238;238;238m:[38;2;86;86;86;48;2;137;137;137my[38;2;43;43;43;48;2;19;19;19m~[38;2;1;1;1;48;2;0;0;0m=          [38;2;0;0;0;48;2;6;6;6m'[38;2;79;79;79;48;2;35;35;35m~[38;2;66;66;66;48;2;108;108;108m_[38;2;180;180;180;48;2;168;168;168m4[38;2;227;227;227;48;2;233;233;233mL[38;2;249;249;249;48;2;250;250;250m~ [48;2;251;251;251m [48;2;252;252;252m                                               [0m
[7m[38;2;252;252;252m [0m[38;2;0;0;0;48;2;252;252;252m                                                [38;2;252;252;252;48;2;251;251;251m:[38;2;250;250;250my[38;2;254;254;254;48;2;237;237;237m:[38;2;187;187;187;48;2;110;110;110m_[38;2;45;45;45;48;2;18;18;18m,[38;2;1;1;1;48;2;0;0;0mx          "[38;2;0;0;0;48;2;4;4;4m:[38;2;55;55;55;48;2;52;52;52m4[38;2;141;141;141;48;2;149;149;149m$[38;2;200;200;200;48;2;212;212;212mL[38;2;243;243;243;48;2;247;247;247mW[48;2;250;250;250m [38;2;252;252;252;48;2;251;251;251m.[48;2;252;252;252m                                               [0m
[7m[38;2;252;252;252m [0m[38;2;0;0;0;48;2;252;252;252m                                                [38;2;252;252;252;48;2;251;251;251m: [38;2;253;253;253;48;2;250;250;250m'[38;2;215;215;215;48;2;236;236;236m"[38;2;88;88;88;48;2;168;168;168m~[38;2;173;173;173;48;2;63;63;63m_[38;2;82;82;82;48;2;12;12;12m_[38;2;12;12;12;48;2;1;1;1m,[38;2;1;1;1;48;2;0;0;0m_     .[38;2;0;0;0;48;2;1;1;1m`[38;2;46;46;46;48;2;6;6;6m_[38;2;108;108;108;48;2;42;42;42m_[38;2;76;76;76;48;2;124;124;124m~[38;2;149;149;149;48;2;184;184;184m~[38;2;213;213;213;48;2;234;234;234m~[38;2;245;245;245;48;2;248;248;248m~[38;2;251;251;251;48;2;250;250;250m_[38;2;252;252;252;48;2;251;251;251m.[48;2;252;252;252m                                               [0m
[7m[38;2;252;252;252m [0m[38;2;0;0;0;48;2;252;252;252m                                                  [38;2;252;252;252;48;2;251;251;251m: [38;2;253;253;253m'[38;2;205;205;205;48;2;241;241;241m`[38;2;151;151;151;48;2;214;214;214m~[38;2;42;42;42;48;2;154;154;154m~[38;2;210;210;210;48;2;67;67;67m_[38;2;166;166;166;48;2;30;30;30m_[38;2;127;127;127;48;2;19;19;19m_[38;2;157;157;157;48;2;23;23;23m_[38;2;181;181;181;48;2;33;33;33m_[38;2;201;201;201;48;2;52;52;52m_[38;2;216;216;216;48;2;79;79;79m_[38;2;20;20;20;48;2;138;138;138m~[38;2;85;85;85;48;2;174;174;174m~[38;2;145;145;145;48;2;206;206;206m~[38;2;192;192;192;48;2;231;231;231m~[38;2;230;230;230;48;2;245;245;245m"[38;2;248;248;248;48;2;251;251;251m~[38;2;252;252;252m.:[48;2;252;252;252m                                                [0m
[7m[38;2;252;252;252m [0m[38;2;0;0;0;48;2;252;252;252m                                                     [38;2;252;252;252;48;2;251;251;251m:[38;2;250;250;250m~ [38;2;246;246;246;48;2;250;250;250m`[38;2;208;208;208;48;2;240;240;240m"[38;2;175;175;175;48;2;233;233;233m~[38;2;198;198;198;48;2;239;239;239m~[38;2;223;223;223;48;2;245;245;245m~[38;2;238;238;238;48;2;249;249;249m`[38;2;248;248;248;48;2;251;251;251m`[38;2;247;247;247m`[38;2;250;250;250m`[38;2;252;252;252m.[48;2;252;252;252m                                                     [0m
[7m[38;2;252;252;252m [0m[38;2;0;0;0;48;2;252;252;252m                                                         [38;2;252;252;252;48;2;251;251;251m. .:[48;2;252;252;252m                                                          [0m
[7m[38;2;252;252;252m [0m[38;2;0;0;0;48;2;252;252;252m                                                                                                                       [0m
[7m[38;2;252;252;252m [0m[38;2;0;0;0;48;2;252;252;252m                                                                                                                       [0m
[7m[38;2;252;252;252m [0m[38;2;0;0;0;48;2;252;252;252m                                                                                                                       [0m
[7m[38;2;252;252;252m [0m[38;2;0;0;0;48;2;252;252;252m                                                                                                                       [0m
[7m[38;2;252;252;252m [0m[38;2;0;0;0;48;2;252;252;252m                       [38;2;252;252;252;48;2;251;251;251m:[48;2;252;252;252m                                                                                               [0m
[?25h