[?25l[0m[7m[38;2;252;252;252m [0m[38;2;0;0;0;48;2;252;252;252m                                                [38;2;252;252;252;48;2;251;251;251m`[38;2;254;254;254;48;2;248;248;248m:[38;2;162;162;162;48;2;216;216;216m_[38;2;71;71;71;48;2;127;127;127my[38;2;85;85;85;48;2;32;32;32m~[38;2;49;49;49;48;2;13;13;13m~[38;2;0;0;0;48;2;27;27;27m:[38;2;97;97;97;48;2;126;126;126m$[38;2;233;233;233;48;2;242;242;242mL[38;2;252;252;252;48;2;251;251;251m=:[48;2;252;252;252m                                                            [0m
[7m[38;2;252;252;252m [0m[38;2;0;0;0;48;2;252;252;252m                                               [38;2;252;252;252;48;2;251;251;251m`[38;2;253;253;253;48;2;245;245;245m'[38;2;159;159;159;48;2;200;200;200my[38;2;138;138;138;48;2;75;75;75m~[38;2;35;35;35;48;2;11;11;11m~[38;2;0;0;0;48;2;1;1;1m`[48;2;15;15;15m:[38;2;53;53;53;48;2;106;106;106mF[38;2;182;182;182;48;2;221;221;221m"[38;2;252;252;252;48;2;249;249;249m`[48;2;251;251;251m_:[48;2;252;252;252m                                                            [0m
[7m[38;2;252;252;252m [0m[38;2;0;0;0;48;2;252;252;252m                                              [38;2;252;252;252;48;2;251;251;251m`[38;2;253;253;253;48;2;250;250;250m:[38;2;244;244;244;48;2;221;221;221m`[38;2;110;110;110;48;2;75;75;75mF[38;2;23;23;23;48;2;8;8;8m~[38;2;1;1;1;48;2;0;0;0ma.[38;2;66;66;66;48;2;42;42;42m4[38;2;163;163;163;48;2;181;181;181mL[38;2;253;253;253;48;2;245;245;245m`[48;2;250;250;250m [38;2;252;252;252;48;2;251;251;251m:[48;2;252;252;252m                                                             [0m
[7m[38;2;252;252;252m [0m[38;2;0;0;0;48;2;252;252;252m                                              [38;2;252;252;252;48;2;251;251;251m:[38;2;254;254;254;48;2;250;250;250m'[38;2;215;215;215;48;2;234;234;234m"[38;2;60;60;60;48;2;169;169;169m~[38;2;189;189;189;48;2;74;74;74m_[38;2;42;42;42;48;2;15;15;15m,[38;2;2;2;2;48;2;1;1;1m*[38;2;0;0;0;48;2;26;26;26m:[38;2;96;96;96;48;2;131;131;131mL[38;2;252;252;252;48;2;240;240;240m`[38;2;251;251;251;48;2;250;250;250my[38;2;252;252;252;48;2;251;251;251m_[48;2;252;252;252m  [38;2;253;253;253m_                                                          [0m
[7m[38;2;252;252;252m [0m[38;2;0;0;0;48;2;252;252;252m                                            [48;2;251;251;251m    [38;2;252;252;252m=[38;2;253;253;253;48;2;250;250;250m'[38;2;248;248;248;48;2;225;225;225m:[38;2;109;109;109;48;2;64;64;64mL[38;2;0;0;0;48;2;6;6;6m`[48;2;3;3;3m'[38;2;3;3;3;48;2;61;61;61m.[38;2;120;120;120;48;2;189;189;189m_[38;2;166;166;166;48;2;226;226;226m_[48;2;228;228;228m_[38;2;161;161;161;48;2;226;226;226m_[38;2;153;153;153;48;2;223;223;223m_[38;2;160;160;160;48;2;227;227;227m_[38;2;192;192;192;48;2;238;238;238m_[38;2;235;235;235;48;2;248;248;248m_[38;2;252;252;252;48;2;251;251;251m`[48;2;252;252;252m                                                       [0m
[7m[38;2;252;252;252m [0m[38;2;0;0;0;48;2;252;252;252m                                         [38;2;253;253;253m.[38;2;243;243;243;48;2;251;251;251m_[38;2;218;218;218;48;2;249;249;249m_[38;2;207;207;207;48;2;246;246;246m_[38;2;202;202;202;48;2;243;243;243m_[38;2;190;190;190;48;2;239;239;239m_[38;2;183;183;183;48;2;237;237;237m_[38;2;169;169;169;48;2;229;229;229m_[38;2;151;151;151;48;2;218;218;218m_[38;2;118;118;118;48;2;188;188;188m_[38;2;93;93;93;48;2;63;63;63mF[38;2;0;0;0;48;2;8;8;8m:[38;2;1;1;1;48;2;0;0;0m`[38;2;22;22;22;48;2;11;11;11m"[38;2;94;94;94;48;2;49;49;49m~[38;2;35;35;35;48;2;89;89;89my[38;2;30;30;30;48;2;83;83;83my[38;2;28;28;28;48;2;81;81;81my[38;2;29;29;29;48;2;78;78;78my[38;2;130;130;130;48;2;66;66;66m~[38;2;157;157;157;48;2;93;93;93m~[38;2;91;91;91;48;2;163;163;163m_[38;2;180;180;180;48;2;223;223;223m_[38;2;252;252;252;48;2;248;248;248m`[38;2;250;250;250;48;2;251;251;251my [48;2;252;252;252m                                                    [0m
[7m[38;2;252;252;252m [0m[38;2;0;0;0;48;2;252;252;252m                                        [38;2;252;252;252;48;2;251;251;251m`[38;2;253;253;253;48;2;249;249;249m'[38;2;202;202;202;48;2;221;221;221m_[38;2;67;67;67;48;2;146;146;146m_[38;2;32;32;32;48;2;123;123;123m_[38;2;28;28;28;48;2;119;119;119m_[38;2;17;17;17;48;2;106;106;106m_[38;2;51;51;51;48;2;99;99;99my[38;2;43;43;43;48;2;89;89;89my[38;2;31;31;31;48;2;75;75;75my[38;2;87;87;87;48;2;36;36;36m~[38;2;25;25;25;48;2;7;7;7m~[48;2;0;0;0m   [38;2;2;2;2m`[38;2;3;3;3m`[38;2;2;2;2m`[38;2;1;1;1m"[38;2;2;2;2m`[38;2;3;3;3m`[38;2;9;9;9;48;2;2;2;2m`[38;2;52;52;52;48;2;22;22;22m"[38;2;80;80;80;48;2;118;118;118mg[38;2;191;191;191;48;2;225;225;225m_[38;2;251;251;251;48;2;250;250;250m:[48;2;252;252;252m                                                     [0m
[7m[38;2;252;252;252m [0m[38;2;0;0;0;48;2;252;252;252m                                       [38;2;252;252;252;48;2;251;251;251m. [38;2;243;243;243;48;2;246;246;246m4[38;2;182;182;182;48;2;194;194;194m4[38;2;64;64;64;48;2;40;40;40mL[38;2;16;16;16;48;2;3;3;3m~[38;2;19;19;19;48;2;2;2;2m`[38;2;8;8;8;48;2;1;1;1m"[38;2;9;9;9m`[38;2;3;3;3;48;2;0;0;0m"[38;2;1;1;1m`            [38;2;2;2;2m.[38;2;45;45;45;48;2;30;30;30m4[38;2;129;129;129;48;2;159;159;159mL[38;2;236;236;236;48;2;242;242;242mr[38;2;250;250;250;48;2;251;251;251mg[38;2;252;252;252m:[48;2;252;252;252m                                                   [0m
[7m[38;2;252;252;252m [0m[38;2;0;0;0;48;2;252;252;252m                                       [38;2;251;251;251;48;2;250;250;250m:[38;2;249;249;249m.[38;2;239;239;239;48;2;244;244;244m4[38;2;164;164;164;48;2;185;185;185m4[38;2;55;55;55;48;2;32;32;32mL[48;2;0;0;0m                  [38;2;0;0;0;48;2;1;1;1m.[38;2;4;4;4;48;2;42;42;42m`[38;2;119;119;119;48;2;174;174;174m~[38;2;251;251;251;48;2;243;243;243m.[48;2;250;250;250mL[38;2;252;252;252;48;2;251;251;251m.[48;2;252;252;252m                                                   [0m
[7m[38;2;252;252;252m [0m[38;2;0;0;0;48;2;252;252;252m                                       [48;2;251;251;251m [38;2;252;252;252m_[38;2;251;251;251;48;2;250;250;250m.[38;2;215;215;215;48;2;234;234;234m"[38;2;82;82;82;48;2;150;150;150m~[38;2;128;128;128;48;2;32;32;32m_[38;2;49;49;49;48;2;6;6;6m_[48;2;0;0;0m               [38;2;0;0;0;48;2;1;1;1m`[48;2;28;28;28m'[38;2;95;95;95;48;2;143;143;143mF[38;2;227;227;227;48;2;239;239;239m~[38;2;250;250;250;48;2;251;251;251m)[38;2;252;252;252m:[48;2;252;252;252m                                                    [0m
[7m[38;2;252;252;252m [0m[38;2;0;0;0;48;2;252;252;252m                                         [38;2;252;252;252;48;2;251;251;251m::[38;2;238;238;238;48;2;247;247;247m`[38;2;177;177;177;48;2;230;230;230m~[38;2;96;96;96;48;2;197;197;197m~[38;2;148;148;148;48;2;66;66;66m_[38;2;25;25;25;48;2;9;9;9m,[38;2;1;1;1;48;2;0;0;0m_           [38;2;0;0;0;48;2;18;18;18m:[38;2;206;206;206;48;2;75;75;75m_[38;2;77;77;77;48;2;182;182;182m~[38;2;228;228;228;48;2;243;243;243m~[38;2;252;252;252;48;2;251;251;251m`[48;2;252;252;252m                                                      [0m
[7m[38;2;252;252;252m [0m[38;2;0;0;0;48;2;252;252;252m                                           [38;2;252;252;252;48;2;251;251;251m:[38;2;249;249;249m~[38;2;252;252;252;48;2;248;248;248m'[38;2;187;187;187;48;2;215;215;215m~[38;2;101;101;101;48;2;58;58;58mL[38;2;0;0;0;48;2;5;5;5m:[38;2;1;1;1;48;2;0;0;0m,        +[38;2;0;0;0;48;2;24;24;24m:[38;2;67;67;67;48;2;130;130;130m~[38;2;218;218;218;48;2;237;237;237m~[38;2;251;251;251;48;2;249;249;249m`[38;2;249;249;249;48;2;251;251;251m`[38;2;252;252;252m:[48;2;252;252;252m                                                      [0m
[7m[38;2;252;252;252m [0m[38;2;0;0;0;48;2;252;252;252m                                            [38;2;252;252;252;48;2;251;251;251m:[48;2;250;250;250m [48;2;240;240;240m:[38;2;184;184;184;48;2;149;149;149mL[38;2;50;50;50;48;2;24;24;24mL[38;2;1;1;1;48;2;0;0;0m~       _[38;2;0;0;0;48;2;9;9;9m:[38;2;44;44;44;48;2;93;93;93mF[38;2;189;189;189;48;2;225;225;225m~[38;2;252;252;252;48;2;250;250;250m`[38;2;250;250;250;48;2;251;251;251m`[38;2;252;252;252m:[48;2;252;252;252m                                                       [0m
[7m[38;2;252;252;252m [0m[38;2;0;0;0;48;2;252;252;252m                                          [38;2;252;252;252;48;2;251;251;251m:[38;2;242;242;242m_[38;2;231;231;231m_[38;2;224;224;224;48;2;249;249;249m_[38;2;220;220;220;48;2;247;247;247m_[38;2;246;246;246;48;2;222;222;222m.[38;2;104;104;104;48;2;63;63;63mL[38;2;0;0;0;48;2;5;5;5m:[48;2;0;0;0m      [38;2;1;1;1m,[38;2;0;0;0;48;2;5;5;5m:[38;2;108;108;108;48;2;61;61;61m_[38;2;149;149;149;48;2;206;206;206m~[38;2;253;253;253;48;2;248;248;248m.[48;2;251;251;251m [38;2;252;252;252m:[48;2;252;252;252m                                                        [0m
[7m[38;2;252;252;252m [0m[38;2;0;0;0;48;2;252;252;252m                                       [38;2;252;252;252;48;2;251;251;251m:[38;2;251;251;251;48;2;252;252;252m+[38;2;252;252;252;48;2;244;244;244m`[38;2;144;144;144;48;2;215;215;215m_[38;2;90;90;90;48;2;176;176;176m_[38;2;102;102;102;48;2;155;155;155my[38;2;96;96;96;48;2;146;146;146my[38;2;94;94;94;48;2;143;143;143my[38;2;95;95;95;48;2;141;141;141my[38;2;88;88;88;48;2;72;72;72m~[38;2;22;22;22;48;2;10;10;10mL[48;2;0;0;0m      [38;2;0;0;0;48;2;3;3;3m:[38;2;75;75;75;48;2;47;47;47my[38;2;126;126;126;48;2;190;190;190m~[38;2;251;251;251;48;2;245;245;245m:[38;2;250;250;250;48;2;251;251;251m7[38;2;252;252;252m:[48;2;252;252;252m                                                         [0m
[7m[38;2;252;252;252m [0m[38;2;0;0;0;48;2;252;252;252m                                      [38;2;252;252;252;48;2;251;251;251m: [48;2;244;244;244m'[38;2;167;167;167;48;2;193;193;193my[38;2;123;123;123;48;2;65;65;65m~[38;2;66;66;66;48;2;18;18;18m~[38;2;44;44;44;48;2;9;9;9m~[38;2;37;37;37;48;2;7;7;7m~[38;2;34;34;34m~[38;2;36;36;36m~[38;2;40;40;40;48;2;8;8;8m~[38;2;11;11;11;48;2;3;3;3m~[48;2;0;0;0m    [38;2;1;1;1m,[38;2;0;0;0;48;2;3;3;3m:[38;2;81;81;81;48;2;55;55;55mu[38;2;132;132;132;48;2;202;202;202m~[38;2;252;252;252;48;2;247;247;247m:[48;2;251;251;251m_:[48;2;252;252;252m                                                          [0m
[7m[38;2;252;252;252m [0m[38;2;0;0;0;48;2;252;252;252m                                      [48;2;251;251;251m [48;2;250;250;250m [38;2;231;231;231;48;2;237;237;237m4[38;2;153;153;153;48;2;138;138;138mL[38;2;38;38;38;48;2;20;20;20mL[38;2;1;1;1;48;2;0;0;0m:          .[38;2;20;20;20;48;2;12;12;12m4[38;2;118;118;118;48;2;96;96;96m4[38;2;232;232;232;48;2;240;240;240mL[38;2;253;253;253;48;2;251;251;251m_[48;2;252;252;252m                                                            [0m
[7m[38;2;252;252;252m [0m[38;2;0;0;0;48;2;252;252;252m                                      [38;2;252;252;252;48;2;251;251;251m: [38;2;251;251;251;48;2;245;245;245m:[38;2;165;165;165;48;2;202;202;202m~[38;2;129;129;129;48;2;53;53;53m_[38;2;0;0;0;48;2;5;5;5m:[38;2;1;1;1;48;2;0;0;0m,          [38;2;0;0;0;48;2;6;6;6m:[38;2;103;103;103;48;2;78;78;78m4[38;2;223;223;223;48;2;234;234;234mL[38;2;254;254;254;48;2;252;252;252m`[38;2;251;251;251m.                                                           [0m
[7m[38;2;252;252;252m [0m[38;2;0;0;0;48;2;252;252;252m                                       [38;2;252;252;252;48;2;251;251;251m: [38;2;250;250;250;48;2;247;247;247m'[38;2;179;179;179;48;2;216;216;216m~[38;2;168;168;168;48;2;84;84;84m_[38;2;0;0;0;48;2;13;13;13m:[38;2;1;1;1;48;2;0;0;0m+          [38;2;74;74;74;48;2;55;55;55m4[38;2;199;199;199;48;2;213;213;213mF[38;2;247;247;247;48;2;250;250;250mL[48;2;251;251;251m [48;2;252;252;252m                                                           [0m
[7m[38;2;252;252;252m [0m[38;2;0;0;0;48;2;252;252;252m                                        [38;2;252;252;252;48;2;251;251;251m:[38;2;250;250;250m`[38;2;251;251;251;48;2;249;249;249m'[38;2;198;198;198;48;2;224;224;224m"[38;2;160;160;160;48;2;86;86;86m_[38;2;26;26;26;48;2;11;11;11m,[48;2;0;0;0m        [38;2;0;0;0;48;2;2;2;2m`[38;2;98;98;98;48;2;35;35;35m_[38;2;83;83;83;48;2;160;160;160m~[38;2;228;228;228;48;2;242;242;242m~[38;2;253;253;253;48;2;251;251;251m`[38;2;252;252;252m:[48;2;252;252;252m                                                           [0m
[7m[38;2;252;252;252m [0m[38;2;0;0;0;48;2;252;252;252m                                         [38;2;252;252;252;48;2;251;251;251m::[48;2;249;249;249m'[38;2;194;194;194;48;2;224;224;224m"[38;2;169;169;169;48;2;99;99;99my[38;2;79;79;79;48;2;28;28;28m,[38;2;0;0;0;48;2;3;3;3m`[48;2;0;0;0m     [48;2;1;1;1m:[38;2;59;59;59;48;2;40;40;40m4[38;2;125;125;125;48;2;163;163;163m~[38;2;234;234;234;48;2;241;241;241m~[38;2;249;249;249;48;2;251;251;251m~[38;2;252;252;252m.[48;2;252;252;252m                                                            [0m
[7m[38;2;252;252;252m [0m[38;2;0;0;0;48;2;252;252;252m                                           [38;2;252;252;252;48;2;251;251;251m:[38;2;251;251;251;48;2;252;252;252m:[38;2;240;240;240;48;2;247;247;247m`[38;2;159;159;159;48;2;226;226;226m~[38;2;95;95;95;48;2;185;185;185m~[38;2;141;141;141;48;2;85;85;85my[38;2;0;0;0;48;2;17;17;17m:[48;2;0;0;0m   [38;2;1;1;1m`[38;2;38;38;38;48;2;13;13;13m"[38;2;119;119;119;48;2;73;73;73m~[38;2;133;133;133;48;2;199;199;199m_[38;2;239;239;239;48;2;247;247;247m,[48;2;252;252;252m [48;2;251;251;251m [48;2;252;252;252m                                                           [0m
[7m[38;2;252;252;252m [0m[38;2;0;0;0;48;2;252;252;252m                                             [38;2;252;252;252;48;2;251;251;251m: [38;2;253;253;253;48;2;239;239;239m:[38;2;173;173;173;48;2;147;147;147mF[38;2;48;48;48;48;2;25;25;25mL[48;2;0;0;0m     [38;2;0;0;0;48;2;7;7;7m'[38;2;95;95;95;48;2;57;57;57m~[38;2;122;122;122;48;2;182;182;182m_[38;2;253;253;253;48;2;245;245;245m`[38;2;250;250;250;48;2;251;251;251ma[38;2;252;252;252m:[48;2;252;252;252m                                                          [0m
[7m[38;2;252;252;252m [0m[38;2;0;0;0;48;2;252;252;252m                                             [38;2;252;252;252;48;2;251;251;251m.[48;2;250;250;250m [48;2;236;236;236m:[38;2;144;144;144;48;2;127;127;127mL[38;2;37;37;37;48;2;19;19;19mL[38;2;1;1;1;48;2;0;0;0m.    [38;2;2;2;2;48;2;1;1;1m.[38;2;0;0;0;48;2;13;13;13m:[38;2;72;72;72;48;2;103;103;103m$[38;2;202;202;202;48;2;228;228;228m_[38;2;251;251;251;48;2;250;250;250m:[48;2;251;251;251m [38;2;252;252;252m:[48;2;252;252;252m                                                         [0m
[7m[38;2;252;252;252m [0m[38;2;0;0;0;48;2;252;252;252m                                             [38;2;252;252;252;48;2;251;251;251m:[38;2;249;249;249m`[38;2;251;251;251;48;2;247;247;247m:[38;2;168;168;168;48;2;210;210;210m~[38;2;120;120;120;48;2;73;73;73mL[38;2;22;22;22;48;2;10;10;10m,[38;2;3;3;3;48;2;0;0;0m_ [38;2;1;1;1m.[38;2;0;0;0;48;2;2;2;2m`[38;2;78;78;78;48;2;29;29;29m_[38;2;175;175;175;48;2;103;103;103my[38;2;115;115;115;48;2;204;204;204m~[38;2;197;197;197;48;2;234;234;234m~[48;2;250;250;250m [48;2;251;251;251m [48;2;252;252;252m                                                          [0m
[7m[38;2;252;252;252m [0m[38;2;0;0;0;48;2;252;252;252m                                              [48;2;251;251;251m [38;2;249;249;249;48;2;250;250;250m.[38;2;253;253;253;48;2;239;239;239m:[38;2;163;163;163;48;2;142;142;142mL[38;2;46;46;46;48;2;23;23;23mL[38;2;0;0;0;48;2;10;10;10m:[38;2;98;98;98;48;2;59;59;59my[38;2;60;60;60;48;2;171;171;171m~[38;2;82;82;82;48;2;198;198;198m~[38;2;134;134;134;48;2;226;226;226m~[38;2;228;228;228;48;2;247;247;247m~[38;2;252;252;252;48;2;251;251;251m`[38;2;250;250;250m`[38;2;252;252;252m:[48;2;252;252;252m                                                           [0m
[7m[38;2;252;252;252m [0m[38;2;0;0;0;48;2;252;252;252m                                              [38;2;252;252;252;48;2;251;251;251m:[38;2;249;249;249;48;2;250;250;250m'[38;2;254;254;254;48;2;245;245;245m:[38;2;166;166;166;48;2;189;189;189m~[38;2;69;69;69;48;2;35;35;35mL[38;2;0;0;0;48;2;8;8;8m:[38;2;91;91;91;48;2;68;68;68m4[38;2;148;148;148;48;2;201;201;201m_[38;2;252;252;252;48;2;246;246;246m`[48;2;251;251;251m :[48;2;252;252;252m                                                              [0m
[7m[38;2;252;252;252m [0m[38;2;0;0;0;48;2;252;252;252m                                               [38;2;252;252;252;48;2;251;251;251m:[38;2;250;250;250m_[38;2;252;252;252;48;2;230;230;230m:[38;2;123;123;123;48;2;80;80;80mL[38;2;25;25;25;48;2;9;9;9m,[38;2;41;41;41;48;2;28;28;28m4[38;2;115;115;115;48;2;144;144;144mF[38;2;251;251;251;48;2;240;240;240m:[38;2;254;254;254;48;2;251;251;251m`[38;2;252;252;252m:[48;2;252;252;252m                                                              [0m
[7m[38;2;252;252;252m [0m[38;2;0;0;0;48;2;252;252;252m                                               [38;2;252;252;252;48;2;251;251;251m:[38;2;250;250;250m~[38;2;254;254;254;48;2;248;248;248m'[38;2;185;185;185;48;2;223;223;223m~[38;2;42;42;42;48;2;135;135;135m~[38;2;163;163;163;48;2;63;63;63m_[38;2;121;121;121;48;2;150;150;150mF[38;2;237;237;237;48;2;244;244;244mL[38;2;250;250;250;48;2;251;251;251m`[38;2;252;252;252m:[48;2;252;252;252m                                                              [0m
[7m[38;2;252;252;252m [0m[38;2;0;0;0;48;2;252;252;252m                                                 [38;2;252;252;252;48;2;251;251;251m: [38;2;247;247;247;48;2;249;249;249m`[38;2;206;206;206;48;2;240;240;240m~[38;2;190;190;190;48;2;238;238;238m~[38;2;253;253;253;48;2;250;250;250m`[38;2;250;250;250;48;2;251;251;251m`[38;2;252;252;252m:[48;2;252;252;252m                                                              [0m
[7m[38;2;252;252;252m [0m[38;2;0;0;0;48;2;252;252;252m                                                    [38;2;252;252;252;48;2;251;251;251m.:[48;2;252;252;252m                                                                 [0m
[7m[38;2;252;252;252m [0m[38;2;0;0;0;48;2;252;252;252m                                                                                                                       [0m
[7m[38;2;252;252;252m [0m[38;2;0;0;0;48;2;252;252;252m                                                                                                                       [0m
[7m[38;2;252;252;252m [0m[38;2;0;0;0;48;2;252;252;252m                                                                                                                       [0m
[7m[38;2;252;252;252m [0m[38;2;0;0;0;48;2;252;252;252m                                                                                                                       [0m
[7m[38;2;252;252;252m [0m[38;2;0;0;0;48;2;252;252;252m                                                                                                                       [0m
[?25h