[?25l[0m[7m[38;2;252;252;252m [0m[38;2;0;0;0;48;2;252;252;252m                      [38;2;252;252;252;48;2;251;251;251m:[38;2;250;250;250m_[38;2;236;236;236;48;2;243;243;243m`[38;2;171;171;171;48;2;208;208;208m~[38;2;192;192;192;48;2;115;115;115m=[38;2;79;79;79;48;2;46;46;46m=[38;2;0;0;0;48;2;4;4;4m:[48;2;0;0;0m                                        [38;2;1;1;1m:[38;2;26;26;26;48;2;17;17;17m4[38;2;131;131;131;48;2;116;116;116m4[38;2;226;226;226;48;2;237;237;237mL[38;2;251;251;251;48;2;250;250;250m,[48;2;251;251;251m [48;2;252;252;252m                                            [0m
[7m[38;2;252;252;252m [0m[38;2;0;0;0;48;2;252;252;252m                      [38;2;252;252;252;48;2;251;251;251mJ[38;2;248;248;248;48;2;237;237;237m`[38;2;151;151;151;48;2;185;185;185ma[38;2;45;45;45;48;2;105;105;105m4[38;2;60;60;60;48;2;26;26;26m_[38;2;0;0;0;48;2;1;1;1m:[48;2;0;0;0m                                         [38;2;1;1;1m`[38;2;0;0;0;48;2;10;10;10m:[38;2;100;100;100;48;2;84;84;84m4[38;2;218;218;218;48;2;232;232;232mL[38;2;252;252;252;48;2;251;251;251m:[48;2;252;252;252m                                             [0m
[7m[38;2;252;252;252m [0m[38;2;0;0;0;48;2;252;252;252m                   [38;2;252;252;252;48;2;251;251;251m:: [38;2;206;206;206;48;2;243;243;243m_[38;2;101;101;101;48;2;214;214;214m_[38;2;5;5;5;48;2;161;161;161m_[38;2;186;186;186;48;2;64;64;64m~[38;2;60;60;60;48;2;22;22;22m^[38;2;0;0;0;48;2;1;1;1m:[48;2;0;0;0m                                          [48;2;1;1;1m:[38;2;60;60;60;48;2;41;41;41m4[38;2;181;181;181;48;2;203;203;203mL[38;2;241;241;241;48;2;247;247;247m,[48;2;251;251;251m [38;2;252;252;252m:[48;2;252;252;252m                                           [0m
[7m[38;2;252;252;252m [0m[38;2;0;0;0;48;2;252;252;252m                   [48;2;251;251;251m  [38;2;251;251;251;48;2;240;240;240m.[38;2;163;163;163;48;2;199;199;199m?[38;2;180;180;180;48;2;117;117;117my[38;2;5;5;5;48;2;81;81;81m~[38;2;45;45;45;48;2;20;20;20mw[38;2;0;0;0;48;2;1;1;1m:[48;2;0;0;0m                                            [48;2;17;17;17m:[38;2;90;90;90;48;2;122;122;122mg[38;2;213;213;213;48;2;232;232;232m,[38;2;249;249;249;48;2;250;250;250m,[38;2;252;252;252;48;2;251;251;251m.[48;2;252;252;252m                                           [0m
[7m[38;2;252;252;252m [0m[38;2;0;0;0;48;2;252;252;252m                    [38;2;252;252;252;48;2;251;251;251m:[38;2;244;244;244;48;2;247;247;247m.[38;2;165;165;165;48;2;227;227;227m_[38;2;68;68;68;48;2;167;167;167m_[38;2;118;118;118;48;2;49;49;49m~[38;2;43;43;43;48;2;12;12;12m_[38;2;40;40;40;48;2;2;2;2m_[38;2;14;14;14;48;2;1;1;1m_[38;2;1;1;1;48;2;0;0;0m.                                          .[48;2;31;31;31m:[38;2;93;93;93;48;2;163;163;163m_[38;2;228;228;228;48;2;240;240;240m,[38;2;252;252;252;48;2;251;251;251m':[48;2;252;252;252m                                          [0m
[7m[38;2;252;252;252m [0m[38;2;0;0;0;48;2;252;252;252m                     [38;2;236;236;236;48;2;243;243;243m"[38;2;168;168;168;48;2;214;214;214m~[38;2;108;108;108;48;2;192;192;192m~[38;2;196;196;196;48;2;143;143;143ma[38;2;147;147;147;48;2;121;121;121mm[38;2;18;18;18;48;2;83;83;83m_[38;2;47;47;47;48;2;26;26;26mF[38;2;0;0;0;48;2;3;3;3m.[48;2;0;0;0m                                           [48;2;2;2;2m`[38;2;75;75;75;48;2;45;45;45m"[38;2;126;126;126;48;2;189;189;189m_[38;2;232;232;232;48;2;244;244;244m,[38;2;250;250;250;48;2;251;251;251ma[38;2;252;252;252m:[48;2;252;252;252m                                         [0m
[7m[38;2;252;252;252m [0m[38;2;0;0;0;48;2;252;252;252m                     [38;2;224;224;224;48;2;235;235;235mu[38;2;239;239;239;48;2;157;157;157m~[38;2;199;199;199;48;2;82;82;82m~[38;2;87;87;87;48;2;27;27;27m~[38;2;53;53;53;48;2;7;7;7m`[38;2;4;4;4;48;2;1;1;1m`[48;2;0;0;0m                                             [38;2;1;1;1m"[38;2;0;0;0;48;2;5;5;5m:[38;2;94;94;94;48;2;56;56;56m"[38;2;135;135;135;48;2;201;201;201m_[38;2;233;233;233;48;2;246;246;246m,[38;2;253;253;253;48;2;252;252;252m;y,                                       [0m
[7m[38;2;252;252;252m [0m[38;2;0;0;0;48;2;252;252;252m                  [38;2;251;251;251m_[38;2;252;252;252;48;2;240;240;240m'[38;2;114;114;114;48;2;210;210;210m_[38;2;78;78;78;48;2;173;173;173my[38;2;39;39;39;48;2;107;107;107my[38;2;47;47;47;48;2;25;25;25m^[38;2;0;0;0;48;2;3;3;3m.[48;2;0;0;0m                                                 [48;2;6;6;6m:[38;2;102;102;102;48;2;59;59;59m~[38;2;143;143;143;48;2;204;204;204m_[38;2;234;234;234;48;2;247;247;247m,[38;2;251;251;251;48;2;252;252;252my[38;2;253;253;253m'                                       [0m
[7m[38;2;252;252;252m [0m[38;2;0;0;0;48;2;252;252;252m                  [38;2;252;252;252;48;2;251;251;251m:[38;2;215;215;215;48;2;237;237;237m"[38;2;100;100;100;48;2;194;194;194m~[38;2;239;239;239;48;2;107;107;107m_[38;2;172;172;172;48;2;52;52;52m_[38;2;56;56;56;48;2;16;16;16m_[48;2;0;0;0m                                                  [38;2;1;1;1m"[38;2;0;0;0;48;2;8;8;8m:[38;2;61;61;61;48;2;83;83;83m%[38;2;187;187;187;48;2;220;220;220m_[38;2;243;243;243;48;2;249;249;249m,[48;2;251;251;251m [38;2;252;252;252m:[48;2;252;252;252m                                      [0m
[7m[38;2;252;252;252m [0m[38;2;0;0;0;48;2;252;252;252m                    [48;2;251;251;251m [38;2;244;244;244;48;2;249;249;249m`[38;2;194;194;194;48;2;212;212;212m`[38;2;105;105;105;48;2;76;76;76mM[38;2;0;0;0;48;2;6;6;6m:[38;2;1;1;1;48;2;0;0;0mL                                                  [38;2;0;0;0;48;2;15;15;15m:[38;2;60;60;60;48;2;115;115;115my[38;2;176;176;176;48;2;222;222;222m_[38;2;241;241;241;48;2;248;248;248m,[48;2;251;251;251m [38;2;252;252;252m:[48;2;252;252;252m                                     [0m
[7m[38;2;252;252;252m [0m[38;2;0;0;0;48;2;252;252;252m                     [38;2;245;245;245;48;2;247;247;247mJ[38;2;196;196;196;48;2;220;220;220m"[38;2;64;64;64;48;2;174;174;174m~[38;2;30;30;30;48;2;145;145;145m~[38;2;204;204;204;48;2;91;91;91m_[38;2;62;62;62;48;2;36;36;36mr[38;2;0;0;0;48;2;2;2;2m:[48;2;0;0;0m                                                [38;2;1;1;1m`[38;2;0;0;0;48;2;10;10;10m:[38;2;54;54;54;48;2;95;95;95mg[38;2;180;180;180;48;2;219;219;219m_[38;2;240;240;240;48;2;249;249;249m,[38;2;252;252;252;48;2;251;251;251m.:[48;2;252;252;252m                                    [0m
[7m[38;2;252;252;252m [0m[38;2;0;0;0;48;2;252;252;252m                     [38;2;253;253;253m`[48;2;251;251;251m [38;2;249;249;249;48;2;250;250;250mF[38;2;242;242;242;48;2;228;228;228m'[38;2;101;101;101;48;2;145;145;145my[38;2;0;0;0;48;2;18;18;18m:[38;2;60;60;60;48;2;6;6;6m_[38;2;132;132;132;48;2;22;22;22m_[38;2;169;169;169;48;2;41;41;41m_[38;2;89;89;89;48;2;32;32;32m_[38;2;0;0;0;48;2;3;3;3m:[48;2;0;0;0m                                              [48;2;11;11;11m:[38;2;141;141;141;48;2;82;82;82m~[38;2;158;158;158;48;2;213;213;213m_[38;2;236;236;236;48;2;247;247;247m,[38;2;252;252;252;48;2;251;251;251m`:[48;2;252;252;252m                                   [0m
[7m[38;2;252;252;252m [0m[38;2;0;0;0;48;2;252;252;252m                       [38;2;251;251;251;48;2;246;246;246m'[38;2;187;187;187;48;2;214;214;214m4[38;2;248;248;248;48;2;122;122;122m_[38;2;40;40;40;48;2;173;173;173m~[38;2;94;94;94;48;2;210;210;210m~[38;2;176;176;176;48;2;231;231;231m~[38;2;194;194;194;48;2;210;210;210m_[38;2;110;110;110;48;2;61;61;61m~[38;2;0;0;0;48;2;5;5;5m:[38;2;1;1;1;48;2;0;0;0m`                                             "[38;2;0;0;0;48;2;7;7;7m:[38;2;105;105;105;48;2;63;63;63m~[38;2;166;166;166;48;2;209;209;209m_[38;2;237;237;237;48;2;247;247;247m,[38;2;250;250;250;48;2;251;251;251m_[38;2;252;252;252m:[48;2;252;252;252m                                  [0m
[7m[38;2;252;252;252m [0m[38;2;0;0;0;48;2;252;252;252m                       [38;2;251;251;251m`~[38;2;253;253;253m~[38;2;252;252;252;48;2;251;251;251m,[38;2;251;251;251;48;2;250;250;250m"[38;2;224;224;224;48;2;232;232;232mu[38;2;178;178;178;48;2;123;123;123m~[38;2;3;3;3;48;2;18;18;18m:[38;2;2;2;2;48;2;0;0;0m.                                               [48;2;1;1;1m [38;2;0;0;0;48;2;15;15;15m:[38;2;141;141;141;48;2;109;109;109m~[38;2;218;218;218;48;2;232;232;232mL[38;2;251;251;251;48;2;250;250;250mL[48;2;251;251;251m [48;2;252;252;252m                                  [0m
[7m[38;2;252;252;252m [0m[38;2;0;0;0;48;2;252;252;252m                           [38;2;252;252;252;48;2;251;251;251m'[38;2;227;227;227;48;2;236;236;236m"[38;2;111;111;111;48;2;178;178;178m~[38;2;74;74;74;48;2;57;57;57mk[38;2;0;0;0;48;2;4;4;4m:[48;2;0;0;0m                                               [38;2;1;1;1m`[38;2;0;0;0;48;2;1;1;1m`[38;2;7;7;7;48;2;37;37;37m:[38;2;139;139;139;48;2;186;186;186m_[38;2;230;230;230;48;2;243;243;243m,[38;2;252;252;252;48;2;251;251;251m~.[48;2;252;252;252m                                 [0m
[7m[38;2;252;252;252m [0m[38;2;0;0;0;48;2;252;252;252m                           [38;2;252;252;252;48;2;251;251;251m:[38;2;251;251;251;48;2;249;249;249m'[38;2;194;194;194;48;2;210;210;210m4[38;2;70;70;70;48;2;42;42;42mL[38;2;0;0;0;48;2;1;1;1m:[48;2;0;0;0m                                                [38;2;1;1;1mf[38;2;0;0;0;48;2;9;9;9m:[38;2;68;68;68;48;2;94;94;94ms[38;2;210;210;210;48;2;227;227;227mL[38;2;250;250;250;48;2;251;251;251m"[38;2;252;252;252m.[48;2;252;252;252m                                 [0m
[7m[38;2;252;252;252m [0m[38;2;0;0;0;48;2;252;252;252m                           [38;2;251;251;251;48;2;250;250;250m_4[38;2;215;215;215;48;2;225;225;225m4[38;2;101;101;101;48;2;78;78;78mL[38;2;0;0;0;48;2;7;7;7m:[48;2;0;0;0m                                                  [38;2;3;3;3;48;2;32;32;32m:[38;2;163;163;163;48;2;188;188;188mL[38;2;238;238;238;48;2;244;244;244mr[48;2;251;251;251m [38;2;252;252;252m.[48;2;252;252;252m                                [0m
[7m[38;2;252;252;252m [0m[38;2;0;0;0;48;2;252;252;252m                           [38;2;252;252;252;48;2;251;251;251m|[48;2;250;250;250m [38;2;222;222;222;48;2;231;231;231m4[38;2;139;139;139;48;2;116;116;116mL[38;2;20;20;20;48;2;12;12;12mr[38;2;1;1;1;48;2;0;0;0m^                                                 [38;2;0;0;0;48;2;23;23;23m:[38;2;150;150;150;48;2;167;167;167mL[38;2;232;232;232;48;2;240;240;240mL[48;2;251;251;251m  [48;2;252;252;252m                                [0m
[7m[38;2;252;252;252m [0m[38;2;0;0;0;48;2;252;252;252m                           [38;2;252;252;252;48;2;251;251;251m: [38;2;249;249;249;48;2;243;243;243m:[38;2;160;160;160;48;2;187;187;187m~[38;2;93;93;93;48;2;37;37;37m_[38;2;28;28;28;48;2;5;5;5m_[48;2;0;0;0m                                                 [38;2;0;0;0;48;2;28;28;28m`[38;2;160;160;160;48;2;183;183;183mF[38;2;236;236;236;48;2;243;243;243m~[38;2;252;252;252;48;2;251;251;251m, [48;2;252;252;252m                                [0m
[7m[38;2;252;252;252m [0m[38;2;0;0;0;48;2;252;252;252m                             [48;2;251;251;251m [38;2;231;231;231;48;2;245;245;245m`[38;2;164;164;164;48;2;222;222;222m~[38;2;103;103;103;48;2;150;150;150m~[38;2;34;34;34;48;2;15;15;15mL[48;2;0;0;0m                                                [38;2;10;10;10;48;2;37;37;37m:[38;2;184;184;184;48;2;201;201;201mL[38;2;243;243;243;48;2;247;247;247mL[38;2;252;252;252;48;2;251;251;251mL[48;2;252;252;252m                                 [0m
[7m[38;2;252;252;252m [0m[38;2;0;0;0;48;2;252;252;252m                             [38;2;252;252;252;48;2;251;251;251m:[38;2;250;250;250m`[38;2;244;244;244;48;2;248;248;248m"[38;2;181;181;181;48;2;206;206;206m"[38;2;78;78;78;48;2;49;49;49mL[38;2;0;0;0;48;2;3;3;3m:[48;2;0;0;0m                                              [48;2;7;7;7m:[38;2;97;97;97;48;2;73;73;73my[38;2;210;210;210;48;2;225;225;225mF[38;2;250;250;250;48;2;251;251;251m~[38;2;252;252;252m:[48;2;252;252;252m                                 [0m
[7m[38;2;252;252;252m [0m[38;2;0;0;0;48;2;252;252;252m                             [48;2;251;251;251m [38;2;252;252;252m`[38;2;251;251;251;48;2;241;241;241m'[38;2;156;156;156;48;2;184;184;184my[38;2;42;42;42;48;2;26;26;26mL[48;2;0;0;0m                                               [38;2;0;0;0;48;2;22;22;22m:[38;2;118;118;118;48;2;156;156;156m~[38;2;228;228;228;48;2;238;238;238m~[48;2;251;251;251m  [48;2;252;252;252m                                 [0m
[7m[38;2;252;252;252m [0m[38;2;0;0;0;48;2;252;252;252m                             [38;2;252;252;252;48;2;251;251;251m:[38;2;250;250;250m`[38;2;237;237;237;48;2;223;223;223m`[38;2;131;131;131;48;2;86;86;86m~[38;2;32;32;32;48;2;15;15;15m_[38;2;98;98;98;48;2;23;23;23m_[38;2;112;112;112;48;2;34;34;34m_[38;2;0;0;0;48;2;5;5;5m:[48;2;0;0;0m                                          [38;2;1;1;1m,[38;2;0;0;0;48;2;3;3;3m:[38;2;11;11;11;48;2;58;58;58m`[38;2;201;201;201;48;2;215;215;215m^[38;2;246;246;246;48;2;250;250;250m~[38;2;252;252;252;48;2;251;251;251m::[48;2;252;252;252m                                 [0m
[7m[38;2;252;252;252m [0m[38;2;0;0;0;48;2;252;252;252m                            [38;2;252;252;252;48;2;251;251;251m: [38;2;250;250;250;48;2;244;244;244m'[38;2;176;176;176;48;2;198;198;198m=[38;2;208;208;208;48;2;102;102;102m_[38;2;71;71;71;48;2;177;177;177m~[38;2;148;148;148;48;2;212;212;212m~[38;2;139;139;139;48;2;123;123;123mF[38;2;30;30;30;48;2;14;14;14mL[48;2;0;0;0m                                           [38;2;0;0;0;48;2;9;9;9m:[38;2;68;68;68;48;2;86;86;86m'[38;2;215;215;215;48;2;229;229;229mL[48;2;251;251;251m [38;2;252;252;252m:[48;2;252;252;252m                                  [0m
[7m[38;2;252;252;252m [0m[38;2;0;0;0;48;2;252;252;252m                              [38;2;250;250;250;48;2;251;251;251m`[38;2;236;236;236;48;2;250;250;250m`[38;2;227;227;227;48;2;248;248;248m`[38;2;251;251;251;48;2;250;250;250m`[38;2;227;227;227;48;2;235;235;235m4[38;2;151;151;151;48;2;130;130;130mL[38;2;32;32;32;48;2;15;15;15mL[38;2;1;1;1;48;2;0;0;0m~                                         :[38;2;0;0;0;48;2;10;10;10m:[38;2;74;74;74;48;2;90;90;90m'[38;2;215;215;215;48;2;229;229;229mL[48;2;251;251;251m  [48;2;252;252;252m                                  [0m
[7m[38;2;252;252;252m [0m[38;2;0;0;0;48;2;252;252;252m                                [38;2;252;252;252;48;2;251;251;251m|[48;2;250;250;250m [38;2;233;233;233;48;2;239;239;239m4[38;2;144;144;144;48;2;160;160;160m4[38;2;39;39;39;48;2;24;24;24mL[38;2;30;30;30;48;2;1;1;1m_[48;2;0;0;0m                                         [38;2;1;1;1m"[38;2;0;0;0;48;2;5;5;5m:[38;2;79;79;79;48;2;62;62;62m4[38;2;197;197;197;48;2;219;219;219mL[38;2;243;243;243;48;2;250;250;250m,[38;2;252;252;252;48;2;251;251;251m::[48;2;252;252;252m                                 [0m
[7m[38;2;252;252;252m [0m[38;2;0;0;0;48;2;252;252;252m                                [38;2;252;252;252;48;2;251;251;251m: [38;2;246;246;246;48;2;249;249;249m`[38;2;192;192;192;48;2;229;229;229m"[38;2;90;90;90;48;2;197;197;197m~[38;2;65;65;65;48;2;178;178;178m~[38;2;147;147;147;48;2;81;81;81my[38;2;0;0;0;48;2;15;15;15m`[48;2;0;0;0m                                         [48;2;19;19;19m:[38;2;166;166;166;48;2;131;131;131m"[38;2;222;222;222;48;2;235;235;235mL[48;2;251;251;251m  [48;2;252;252;252m                                 [0m
[7m[38;2;252;252;252m [0m[38;2;0;0;0;48;2;252;252;252m                                   [38;2;252;252;252;48;2;251;251;251m:[38;2;251;251;251;48;2;250;250;250m4[38;2;250;250;250;48;2;238;238;238m'[38;2;105;105;105;48;2;165;165;165m_[38;2;43;43;43;48;2;23;23;23mL[38;2;3;3;3;48;2;0;0;0m_                                        [38;2;0;0;0;48;2;6;6;6m:[38;2;92;92;92;48;2;73;73;73m"[38;2;209;209;209;48;2;226;226;226mL[48;2;252;252;252m                                   [0m
[7m[38;2;252;252;252m [0m[38;2;0;0;0;48;2;252;252;252m                                  [38;2;252;252;252;48;2;251;251;251m:[38;2;250;250;250m,[38;2;251;251;251;48;2;247;247;247m'[38;2;190;190;190;48;2;212;212;212my[38;2;155;155;155;48;2;99;99;99m_[38;2;173;173;173;48;2;90;90;90my[38;2;100;100;100;48;2;57;57;57mw[38;2;0;0;0;48;2;9;9;9m:[48;2;0;0;0m                                       [48;2;2;2;2m:[38;2;36;36;36;48;2;57;57;57m'[38;2;204;204;204;48;2;221;221;221mL[38;2;251;251;251;48;2;252;252;252mL[38;2;252;252;252;48;2;251;251;251mL[48;2;252;252;252m                                 [0m
[7m[38;2;252;252;252m [0m[38;2;0;0;0;48;2;252;252;252m                                  [38;2;252;252;252;48;2;251;251;251m: [38;2;244;244;244;48;2;248;248;248m`[38;2;197;197;197;48;2;238;238;238m~[38;2;188;188;188;48;2;225;225;225m~[38;2;130;130;130;48;2;174;174;174my[38;2;60;60;60;48;2;31;31;31m~[38;2;56;56;56;48;2;10;10;10m_[38;2;134;134;134;48;2;36;36;36m_[38;2;169;169;169;48;2;53;53;53m_[38;2;33;33;33;48;2;13;13;13m,[48;2;0;0;0m                                    [38;2;0;0;0;48;2;2;2;2m:[38;2;29;29;29;48;2;52;52;52m:[38;2;199;199;199;48;2;215;215;215mF[38;2;248;248;248;48;2;250;250;250mL[38;2;252;252;252;48;2;251;251;251m:[48;2;252;252;252m                                 [0m
[7m[38;2;252;252;252m [0m[38;2;0;0;0;48;2;252;252;252m                                    [38;2;252;252;252;48;2;251;251;251m:[38;2;250;250;250mF[38;2;247;247;247;48;2;233;233;233m'[38;2;179;179;179;48;2;136;136;136m_[38;2;218;218;218;48;2;109;109;109m_[38;2;104;104;104;48;2;200;200;200m~[38;2;199;199;199;48;2;240;240;240m~[38;2;207;207;207;48;2;221;221;221m"[38;2;101;101;101;48;2;74;74;74mL[38;2;13;13;13;48;2;6;6;6mL[48;2;0;0;0m                                  [38;2;1;1;1m:[38;2;0;0;0;48;2;10;10;10m:[38;2;59;59;59;48;2;92;92;92m`[38;2;217;217;217;48;2;229;229;229mF[38;2;252;252;252;48;2;251;251;251mF:[48;2;252;252;252m                                 [0m
[7m[38;2;252;252;252m [0m[38;2;0;0;0;48;2;252;252;252m                                     [38;2;252;252;252;48;2;251;251;251m:[38;2;238;238;238;48;2;247;247;247m`[38;2;215;215;215;48;2;243;243;243m~[38;2;245;245;245;48;2;250;250;250m`[38;2;251;251;251m`[38;2;252;252;252;48;2;240;240;240m'[38;2;136;136;136;48;2;172;172;172my[38;2;54;54;54;48;2;31;31;31m~[38;2;1;1;1;48;2;0;0;0m.                                  :[38;2;0;0;0;48;2;16;16;16m:[38;2;129;129;129;48;2;117;117;117md[38;2;221;221;221;48;2;233;233;233mL[38;2;251;251;251;48;2;250;250;250mL[48;2;251;251;251m [48;2;252;252;252m                                 [0m
[7m[38;2;252;252;252m [0m[38;2;0;0;0;48;2;252;252;252m                                        [38;2;252;252;252;48;2;251;251;251m:[48;2;250;250;250m [38;2;229;229;229;48;2;236;236;236m4[38;2;140;140;140;48;2;122;122;122mL[38;2;34;34;34;48;2;17;17;17mL[38;2;1;1;1;48;2;0;0;0m:                                  `[38;2;0;0;0;48;2;28;28;28m`[38;2;189;189;189;48;2;155;155;155my[38;2;230;230;230;48;2;240;240;240m~[38;2;251;251;251;48;2;250;250;250mL[48;2;251;251;251m [48;2;252;252;252m                                 [0m
[7m[38;2;252;252;252m [0m[38;2;0;0;0;48;2;252;252;252m                                        [38;2;252;252;252;48;2;251;251;251m:[38;2;250;250;250m:[38;2;228;228;228;48;2;235;235;235m4[38;2;132;132;132;48;2;114;114;114mF[38;2;30;30;30;48;2;16;16;16mL[48;2;0;0;0m                                   [38;2;0;0;0;48;2;13;13;13m:[38;2;53;53;53;48;2;111;111;111m~[38;2;215;215;215;48;2;229;229;229m~[48;2;251;251;251m [38;2;252;252;252m:[48;2;252;252;252m                                  [0m
[7m[38;2;252;252;252m [0m[38;2;0;0;0;48;2;252;252;252m                                        [38;2;252;252;252;48;2;251;251;251m: [38;2;249;249;249;48;2;231;231;231m:[38;2;123;123;123;48;2;103;103;103mL[38;2;115;115;115;48;2;42;42;42m_[38;2;98;98;98;48;2;46;46;46my[38;2;0;0;0;48;2;11;11;11m:[48;2;0;0;0m                                [48;2;3;3;3m:[38;2;77;77;77;48;2;50;50;50my[38;2;175;175;175;48;2;211;211;211m~[38;2;241;241;241;48;2;249;249;249m~[38;2;251;251;251;48;2;252;252;252m`[38;2;252;252;252;48;2;251;251;251m:[48;2;252;252;252m                                  [0m
[7m[38;2;252;252;252m [0m[38;2;0;0;0;48;2;252;252;252m                                          [38;2;250;250;250;48;2;239;239;239m:[38;2;119;119;119;48;2;192;192;192m~[38;2;149;149;149;48;2;206;206;206m~[38;2;85;85;85;48;2;130;130;130m_[38;2;39;39;39;48;2;20;20;20mL[38;2;36;36;36;48;2;8;8;8m_[38;2;62;62;62;48;2;14;14;14m_[38;2;0;0;0;48;2;2;2;2m:[48;2;0;0;0m                [38;2;16;16;16;48;2;3;3;3m_[38;2;33;33;33;48;2;5;5;5m_[38;2;3;3;3;48;2;1;1;1m.[48;2;0;0;0m         [38;2;1;1;1m`[38;2;0;0;0;48;2;29;29;29m`[38;2;111;111;111;48;2;167;167;167m~[38;2;228;228;228;48;2;240;240;240m~[38;2;252;252;252;48;2;251;251;251m,.[48;2;252;252;252m                                   [0m
[?25h