[?25l[0m[7m[38;2;0;0;0m [0m[38;2;0;0;0;48;2;0;0;0m                                              [48;2;3;3;3m:[38;2;40;40;40;48;2;77;77;77mF[38;2;185;185;185;48;2;200;200;200mF[38;2;254;254;254;48;2;248;248;248m:[48;2;251;251;251m [48;2;252;252;252m                                                              [48;2;251;251;251m [38;2;250;250;250m`[38;2;231;231;231;48;2;246;246;246m_[38;2;195;195;195;48;2;159;159;159m`[38;2;82;82;82;48;2;27;27;27m~[48;2;0;0;0m [0m
[7m[38;2;0;0;0m [0m[38;2;0;0;0;48;2;0;0;0m                                              [38;2;1;1;1;48;2;13;13;13m:[38;2;68;68;68;48;2;102;102;102mF[38;2;212;212;212;48;2;222;222;222mF[38;2;254;254;254;48;2;251;251;251m: [48;2;252;252;252m                                                              [38;2;250;250;250;48;2;251;251;251m"[48;2;252;252;252m [38;2;223;223;223;48;2;192;192;192m`[38;2;129;129;129;48;2;73;73;73m~[38;2;1;1;1;48;2;0;0;0m` [0m
[7m[38;2;0;0;0m [0m[38;2;0;0;0;48;2;0;0;0m                                              [38;2;33;33;33;48;2;23;23;23m4[38;2;111;111;111;48;2;129;129;129m$[38;2;249;249;249;48;2;237;237;237m:[38;2;254;254;254;48;2;252;252;252m`[48;2;251;251;251m [48;2;252;252;252m                                                             [38;2;250;250;250;48;2;251;251;251m_[48;2;252;252;252m [38;2;201;201;201;48;2;231;231;231m_[38;2;97;97;97;48;2;130;130;130m_[38;2;21;21;21;48;2;6;6;6m"[48;2;0;0;0m  [0m
[7m[38;2;0;0;0m [0m[38;2;0;0;0;48;2;0;0;0m                                              [38;2;42;42;42;48;2;29;29;29m4[38;2;116;116;116;48;2;143;143;143mF[38;2;238;238;238;48;2;244;244;244mL[48;2;252;252;252m                                                              [38;2;252;252;252;48;2;251;251;251m:y[38;2;238;238;238;48;2;250;250;250m_[38;2;155;155;155;48;2;168;168;168mu[38;2;84;84;84;48;2;35;35;35m~[38;2;1;1;1;48;2;0;0;0m`  [0m
[7m[38;2;0;0;0m [0m[38;2;0;0;0;48;2;0;0;0m                                              [38;2;48;48;48;48;2;33;33;33m4[38;2;157;157;157;48;2;143;143;143m4[38;2;240;240;240;48;2;245;245;245mL[48;2;251;251;251m [48;2;252;252;252m                                         [38;2;252;252;252;48;2;251;251;251m:   [48;2;252;252;252m   [48;2;251;251;251m:  :[48;2;252;252;252m         [48;2;250;250;250m [48;2;251;251;251m4[38;2;178;178;178;48;2;203;203;203m_[38;2;123;123;123;48;2;82;82;82mF[38;2;2;2;2;48;2;0;0;0m`   [0m
[7m[38;2;0;0;0m [0m[38;2;0;0;0;48;2;0;0;0m                                              [38;2;55;55;55;48;2;39;39;39m4[38;2;150;150;150;48;2;162;162;162m$[38;2;241;241;241;48;2;246;246;246mL[48;2;251;251;251m [48;2;252;252;252m                                       [38;2;252;252;252;48;2;251;251;251m: '   ` : ,          ~y[38;2;241;241;241;48;2;249;249;249m_[38;2;179;179;179;48;2;155;155;155m`[38;2;50;50;50;48;2;21;21;21m~[48;2;0;0;0m    [0m
[7m[38;2;0;0;0m [0m[38;2;0;0;0;48;2;0;0;0m                                              [38;2;25;25;25;48;2;57;57;57ml[38;2;163;163;163;48;2;177;177;177m[[38;2;244;244;244;48;2;247;247;247mL[38;2;250;250;250;48;2;251;251;251m:[38;2;252;252;252m:[48;2;252;252;252m                                    [48;2;251;251;251m ~         "'          [38;2;249;249;249;48;2;250;250;250m_[38;2;251;251;251;48;2;252;252;252mL[38;2;201;201;201;48;2;220;220;220m_[38;2;103;103;103;48;2;116;116;116my[38;2;2;2;2;48;2;0;0;0m`    [0m
[7m[38;2;0;0;0m [0m[38;2;0;0;0;48;2;0;0;0m                                             [48;2;2;2;2m:[38;2;38;38;38;48;2;68;68;68ml[38;2;174;174;174;48;2;189;189;189mF[38;2;245;245;245;48;2;248;248;248mL[38;2;250;250;250;48;2;251;251;251m:[38;2;252;252;252m:[48;2;252;252;252m                                  [48;2;251;251;251m ~                       [38;2;249;249;249;48;2;250;250;250m4[38;2;252;252;252;48;2;251;251;251m:[38;2;163;163;163;48;2;181;181;181m4[38;2;80;80;80;48;2;51;51;51mF[48;2;0;0;0m     [0m
[7m[38;2;0;0;0m [0m[38;2;0;0;0;48;2;0;0;0m                                             [48;2;3;3;3m:[38;2;42;42;42;48;2;72;72;72ml[38;2;188;188;188;48;2;193;193;193m$[38;2;245;245;245;48;2;249;249;249mL[48;2;251;251;251m [48;2;252;252;252m                                   [38;2;252;252;252;48;2;251;251;251m|                       [38;2;249;249;249;48;2;250;250;250m_[48;2;251;251;251m [38;2;224;224;224;48;2;240;240;240m_[38;2;125;125;125;48;2;141;141;141m4[38;2;21;21;21;48;2;7;7;7m"[48;2;0;0;0m     [0m
[7m[38;2;0;0;0m [0m[38;2;0;0;0;48;2;0;0;0m                                             [48;2;4;4;4m'[38;2;46;46;46;48;2;77;77;77ml[38;2;189;189;189;48;2;201;201;201mF[38;2;246;246;246;48;2;249;249;249mL[48;2;251;251;251m [48;2;252;252;252m                                   [38;2;252;252;252;48;2;251;251;251m.                      g[38;2;250;250;250;48;2;249;249;249mL[38;2;252;252;252;48;2;251;251;251m4[38;2;187;187;187;48;2;202;202;202my[38;2;78;78;78;48;2;92;92;92my[38;2;1;1;1;48;2;0;0;0m.     [0m
[7m[38;2;0;0;0m [0m[38;2;0;0;0;48;2;0;0;0m                                             [38;2;1;1;1;48;2;5;5;5m:[38;2;48;48;48;48;2;80;80;80ml[38;2;192;192;192;48;2;203;203;203mL[38;2;254;254;254;48;2;249;249;249m:[48;2;251;251;251m [48;2;252;252;252m                                                           [38;2;250;250;250;48;2;251;251;251m"[38;2;253;253;253;48;2;252;252;252m:[38;2;149;149;149;48;2;171;171;171m4[38;2;56;56;56;48;2;37;37;37mF[38;2;1;1;1;48;2;0;0;0m`     [0m
[7m[38;2;0;0;0m [0m[38;2;0;0;0;48;2;0;0;0m                                             [38;2;7;7;7;48;2;5;5;5m4[38;2;50;50;50;48;2;83;83;83ml[38;2;199;199;199;48;2;208;208;208mF[38;2;247;247;247;48;2;250;250;250mL[48;2;251;251;251m [48;2;252;252;252m                                                          [38;2;252;252;252;48;2;251;251;251m:[38;2;253;253;253;48;2;252;252;252m.[38;2;252;252;252;48;2;248;248;248m`[38;2;134;134;134;48;2;155;155;155m4[38;2;28;28;28;48;2;15;15;15m~[48;2;0;0;0m      [0m
[7m[38;2;0;0;0m [0m[38;2;0;0;0;48;2;0;0;0m                                             [38;2;1;1;1;48;2;6;6;6m:[38;2;52;52;52;48;2;85;85;85ml[38;2;199;199;199;48;2;209;209;209mL[38;2;247;247;247;48;2;250;250;250mL[48;2;251;251;251m [48;2;252;252;252m                                                          [48;2;251;251;251m [38;2;253;253;253;48;2;252;252;252m.[38;2;233;233;233;48;2;239;239;239m_[38;2;122;122;122;48;2;140;140;140m4[38;2;9;9;9;48;2;5;5;5m^[48;2;0;0;0m      [0m
[7m[38;2;0;0;0m [0m[38;2;0;0;0;48;2;0;0;0m                                             [38;2;2;2;2;48;2;11;11;11m:[38;2;59;59;59;48;2;94;94;94m[[38;2;200;200;200;48;2;210;210;210mL[38;2;248;248;248;48;2;250;250;250mL[48;2;251;251;251m [48;2;252;252;252m                                                          [48;2;250;250;250m [48;2;252;252;252m [38;2;215;215;215;48;2;223;223;223my[38;2;102;102;102;48;2;118;118;118m4[38;2;1;1;1;48;2;0;0;0m`      [0m
[7m[38;2;0;0;0m [0m[38;2;0;0;0;48;2;0;0;0m                                             [38;2;1;1;1;48;2;9;9;9m:[38;2;58;58;58;48;2;91;91;91ml[38;2;202;202;202;48;2;212;212;212mL[38;2;254;254;254;48;2;250;250;250m:[48;2;251;251;251m [48;2;252;252;252m                                                          [38;2;251;251;251;48;2;250;250;250m|[38;2;252;252;252;48;2;251;251;251m4[38;2;192;192;192;48;2;204;204;204m4[38;2;82;82;82;48;2;96;96;96m4[48;2;0;0;0m       [0m
[7m[38;2;0;0;0m [0m[38;2;0;0;0;48;2;0;0;0m                                             [48;2;5;5;5m:[38;2;48;48;48;48;2;82;82;82ml[38;2;198;198;198;48;2;210;210;210mL[38;2;248;248;248;48;2;250;250;250mL[48;2;251;251;251m [48;2;252;252;252m                                                          [38;2;251;251;251;48;2;250;250;250m|[38;2;252;252;252;48;2;251;251;251m4[38;2;180;180;180;48;2;194;194;194m4[38;2;71;71;71;48;2;83;83;83m4[48;2;0;0;0m       [0m
[7m[38;2;0;0;0m [0m[38;2;0;0;0;48;2;0;0;0m                                             [48;2;4;4;4m:[38;2;45;45;45;48;2;79;79;79ml[38;2;193;193;193;48;2;206;206;206mL[38;2;247;247;247;48;2;250;250;250mL[48;2;251;251;251m [48;2;252;252;252m                                                          [38;2;251;251;251;48;2;250;250;250m|[38;2;252;252;252;48;2;251;251;251m4[38;2;165;165;165;48;2;183;183;183m4[38;2;55;55;55;48;2;66;66;66m4[48;2;0;0;0m       [0m
[7m[38;2;0;0;0m [0m[38;2;0;0;0;48;2;0;0;0m                                             [48;2;3;3;3m:[38;2;40;40;40;48;2;71;71;71ml[38;2;178;178;178;48;2;194;194;194mL[38;2;254;254;254;48;2;248;248;248m:[38;2;250;250;250;48;2;251;251;251m:[38;2;252;252;252m:[48;2;252;252;252m                                                         [48;2;250;250;250m [48;2;251;251;251m2[38;2;152;152;152;48;2;174;174;174m4[38;2;40;40;40;48;2;51;51;51m4[48;2;0;0;0m       [0m
[7m[38;2;0;0;0m [0m[38;2;0;0;0;48;2;0;0;0m                                             [48;2;1;1;1m:[38;2;34;34;34;48;2;65;65;65ml[38;2;182;182;182;48;2;187;187;187m$[38;2;245;245;245;48;2;248;248;248mL[38;2;250;250;250;48;2;251;251;251m:[38;2;252;252;252m:[48;2;252;252;252m                                                         [48;2;251;251;251m [38;2;253;253;253;48;2;252;252;252m:[38;2;143;143;143;48;2;166;166;166m4[38;2;47;47;47;48;2;32;32;32mF[38;2;1;1;1;48;2;0;0;0m`      [0m
[7m[38;2;0;0;0m [0m[38;2;0;0;0;48;2;0;0;0m                                             [48;2;1;1;1m:[38;2;28;28;28;48;2;59;59;59ml[38;2;164;164;164;48;2;178;178;178m[[38;2;244;244;244;48;2;247;247;247mL[48;2;251;251;251m [48;2;252;252;252m                                                          [38;2;252;252;252;48;2;251;251;251m:[38;2;253;253;253;48;2;252;252;252m:[38;2;138;138;138;48;2;162;162;162m4[38;2;19;19;19;48;2;28;28;28m4[48;2;0;0;0m       [0m
[7m[38;2;0;0;0m [0m[38;2;0;0;0;48;2;0;0;0m                                              [38;2;16;16;16;48;2;49;49;49ml[38;2;172;172;172;48;2;158;158;158m4[38;2;242;242;242;48;2;246;246;246mL[48;2;251;251;251m [48;2;252;252;252m                                                           [38;2;253;253;253m`[38;2;138;138;138;48;2;161;161;161m4[38;2;33;33;33;48;2;22;22;22m[[48;2;0;0;0m       [0m
[7m[38;2;0;0;0m [0m[38;2;0;0;0;48;2;0;0;0m                                              [38;2;24;24;24;48;2;42;42;42m$[38;2;123;123;123;48;2;148;148;148mi[38;2;240;240;240;48;2;245;245;245mL[38;2;252;252;252;48;2;251;251;251m.[48;2;252;252;252m                                                         [48;2;251;251;251m:[48;2;252;252;252m [48;2;251;251;251m:[38;2;133;133;133;48;2;157;157;157m4[38;2;18;18;18;48;2;16;16;16m$[48;2;0;0;0m       [0m
[7m[38;2;0;0;0m [0m[38;2;0;0;0;48;2;0;0;0m                                              [38;2;35;35;35;48;2;23;23;23m4[38;2;99;99;99;48;2;129;129;129ml[38;2;234;234;234;48;2;242;242;242mL[38;2;253;253;253;48;2;252;252;252mi[48;2;251;251;251m [48;2;252;252;252m                                                        [38;2;252;252;252;48;2;251;251;251m.[38;2;253;253;253;48;2;252;252;252mu[38;2;252;252;252;48;2;248;248;248m`[38;2;130;130;130;48;2;153;153;153m4[38;2;17;17;17;48;2;11;11;11mF[48;2;0;0;0m       [0m
[7m[38;2;0;0;0m [0m[38;2;0;0;0;48;2;0;0;0m                                              [38;2;20;20;20;48;2;13;13;13m4[38;2;86;86;86;48;2;111;111;111m$[38;2;222;222;222;48;2;231;231;231mL[38;2;254;254;254;48;2;252;252;252m:[48;2;251;251;251m [48;2;252;252;252m                                                        [48;2;251;251;251m [48;2;253;253;253m [38;2;247;247;247;48;2;243;243;243m`[38;2;122;122;122;48;2;144;144;144m4[38;2;9;9;9;48;2;6;6;6mL[48;2;0;0;0m       [0m
[7m[38;2;0;0;0m [0m[38;2;0;0;0;48;2;0;0;0m                                              [48;2;6;6;6m:[38;2;50;50;50;48;2;88;88;88ml[38;2;203;203;203;48;2;217;217;217mL[38;2;254;254;254;48;2;250;250;250m:[48;2;251;251;251m [48;2;252;252;252m                                                        [48;2;251;251;251m [48;2;253;253;253m [38;2;241;241;241;48;2;242;242;242m4[38;2;122;122;122;48;2;143;143;143m4[38;2;7;7;7;48;2;6;6;6m|[48;2;0;0;0m       [0m
[7m[38;2;0;0;0m [0m[38;2;0;0;0;48;2;0;0;0m                                              [48;2;2;2;2m:[38;2;34;34;34;48;2;70;70;70ml[38;2;182;182;182;48;2;198;198;198mL[38;2;246;246;246;48;2;249;249;249mL[38;2;250;250;250;48;2;251;251;251m:[38;2;252;252;252m:[48;2;252;252;252m                                                       [48;2;251;251;251m [48;2;253;253;253m [38;2;241;241;241;48;2;242;242;242m4[38;2;122;122;122;48;2;143;143;143m4[38;2;8;8;8;48;2;5;5;5mF[48;2;0;0;0m       [0m
[7m[38;2;0;0;0m [0m[38;2;0;0;0;48;2;0;0;0m                                              [48;2;1;1;1m:[38;2;29;29;29;48;2;65;65;65ml[38;2;183;183;183;48;2;189;189;189m$[38;2;245;245;245;48;2;248;248;248mL[48;2;251;251;251m [38;2;252;252;252m:[48;2;252;252;252m                                                       [48;2;251;251;251m.[38;2;253;253;253;48;2;252;252;252m"[38;2;251;251;251;48;2;246;246;246m.[38;2;127;127;127;48;2;151;151;151m4[38;2;20;20;20;48;2;12;12;12mL[48;2;0;0;0m       [0m
[7m[38;2;0;0;0m [0m[38;2;0;0;0;48;2;0;0;0m                                               [38;2;31;31;31;48;2;54;54;54m$[38;2;145;145;145;48;2;169;169;169mL[38;2;242;242;242;48;2;247;247;247mL[48;2;251;251;251m [48;2;252;252;252m                                                         [38;2;252;252;252;48;2;251;251;251m:[38;2;253;253;253;48;2;252;252;252m:[38;2;137;137;137;48;2;162;162;162m4[38;2;34;34;34;48;2;22;22;22mL[48;2;0;0;0m       [0m
[7m[38;2;0;0;0m [0m[38;2;0;0;0;48;2;0;0;0m                                               [38;2;21;21;21;48;2;39;39;39m$[38;2;118;118;118;48;2;143;143;143ml[38;2;238;238;238;48;2;245;245;245mL[38;2;252;252;252;48;2;251;251;251m_[48;2;252;252;252m                                                         [48;2;251;251;251m [38;2;253;253;253m`[38;2;146;146;146;48;2;168;168;168m4[38;2;31;31;31;48;2;41;41;41m4[48;2;0;0;0m       [0m
[7m[38;2;0;0;0m [0m[38;2;0;0;0;48;2;0;0;0m                                               [38;2;27;27;27;48;2;18;18;18m4[38;2;97;97;97;48;2;121;121;121m$[38;2;226;226;226;48;2;235;235;235mL[38;2;254;254;254;48;2;252;252;252m:[48;2;251;251;251m [48;2;252;252;252m                                                        [48;2;250;250;250m [38;2;252;252;252;48;2;251;251;251m9[38;2;154;154;154;48;2;176;176;176m4[38;2;60;60;60;48;2;46;46;46m$[48;2;0;0;0m       [0m
[7m[38;2;0;0;0m [0m[38;2;0;0;0;48;2;0;0;0m                                               [48;2;7;7;7m:[38;2;47;47;47;48;2;88;88;88ml[38;2;203;203;203;48;2;218;218;218mL[38;2;254;254;254;48;2;250;250;250m:[48;2;251;251;251m [48;2;252;252;252m                                                        [38;2;250;250;250;48;2;249;249;249mL[38;2;252;252;252;48;2;251;251;251mt[38;2;169;169;169;48;2;187;187;187m4[38;2;60;60;60;48;2;72;72;72m4[48;2;0;0;0m       [0m
[7m[38;2;0;0;0m [0m[38;2;0;0;0;48;2;0;0;0m                                               [48;2;1;1;1m:[38;2;25;25;25;48;2;67;67;67ml[38;2;178;178;178;48;2;196;196;196mL[38;2;245;245;245;48;2;248;248;248mL[48;2;251;251;251m [38;2;252;252;252m:[48;2;252;252;252m                                                       [38;2;251;251;251;48;2;250;250;250m|[38;2;252;252;252;48;2;251;251;251m4[38;2;184;184;184;48;2;199;199;199m4[38;2;75;75;75;48;2;88;88;88m4[48;2;0;0;0m       [0m
[7m[38;2;0;0;0m [0m[38;2;0;0;0;48;2;0;0;0m                                                [38;2;31;31;31;48;2;56;56;56m$[38;2;154;154;154;48;2;174;174;174mL[38;2;242;242;242;48;2;247;247;247mL[38;2;250;250;250;48;2;251;251;251m`[38;2;252;252;252m:[48;2;252;252;252m                                                       [48;2;251;251;251m [48;2;252;252;252m [38;2;210;210;210;48;2;218;218;218m"[38;2;98;98;98;48;2;115;115;115m4[48;2;0;0;0m       [0m
[7m[38;2;0;0;0m [0m[38;2;0;0;0;48;2;0;0;0m                                                [38;2;43;43;43;48;2;29;29;29m4[38;2;126;126;126;48;2;147;147;147m$[38;2;239;239;239;48;2;245;245;245mL[48;2;251;251;251m [48;2;252;252;252m                                                        [48;2;251;251;251m [48;2;252;252;252m [38;2;232;232;232;48;2;239;239;239m"[38;2;121;121;121;48;2;141;141;141m4[38;2;11;11;11;48;2;6;6;6m_[48;2;0;0;0m      [0m
[7m[38;2;0;0;0m [0m[38;2;0;0;0;48;2;0;0;0m                                                [38;2;27;27;27;48;2;17;17;17m4[38;2;80;80;80;48;2;118;118;118ml[38;2;229;229;229;48;2;238;238;238m,[38;2;254;254;254;48;2;252;252;252m.[48;2;251;251;251m [48;2;252;252;252m                                                        [38;2;253;253;253m^[38;2;249;249;249;48;2;251;251;251m`[38;2;138;138;138;48;2;161;161;161m4[38;2;35;35;35;48;2;22;22;22mL[48;2;0;0;0m      [0m
[7m[38;2;0;0;0m [0m[38;2;0;0;0;48;2;0;0;0m                                                [48;2;4;4;4m:[38;2;50;50;50;48;2;79;79;79m$[38;2;178;178;178;48;2;199;199;199mL[38;2;254;254;254;48;2;248;248;248m:[48;2;251;251;251m [48;2;252;252;252m                                                        [48;2;250;250;250m [38;2;252;252;252;48;2;251;251;251m4[38;2;160;160;160;48;2;179;179;179m4[38;2;67;67;67;48;2;50;50;50m$[48;2;0;0;0m      [0m
[?25h