[?25l[0m[7m[38;2;252;252;252m [0m[38;2;0;0;0;48;2;252;252;252m                                                                                                                       [0m
[7m[38;2;252;252;252m [0m[38;2;0;0;0;48;2;252;252;252m                                                                                                                       [0m
[7m[38;2;252;252;252m [0m[38;2;0;0;0;48;2;252;252;252m                                                                                                                       [0m
[7m[38;2;252;252;252m [0m[38;2;0;0;0;48;2;252;252;252m                                                                                                                       [0m
[7m[38;2;252;252;252m [0m[38;2;0;0;0;48;2;252;252;252m                                                                                                                       [0m
[7m[38;2;252;252;252m [0m[38;2;0;0;0;48;2;252;252;252m                                                                                                                       [0m
[7m[38;2;252;252;252m [0m[38;2;0;0;0;48;2;252;252;252m                                                                                                                       [0m
[7m[38;2;252;252;252m [0m[38;2;0;0;0;48;2;252;252;252m                                                                                                                       [0m
[7m[38;2;252;252;252m [0m[38;2;0;0;0;48;2;252;252;252m                                                                                                                       [0m
[7m[38;2;252;252;252m [0m[38;2;0;0;0;48;2;252;252;252m                                                             [38;2;253;253;253m_                                                         [0m
[7m[38;2;252;252;252m [0m[38;2;0;0;0;48;2;252;252;252m                                                            [38;2;253;253;253;48;2;251;251;251m:[38;2;210;210;210;48;2;243;243;243m_[38;2;104;104;104;48;2;222;222;222m_[38;2;146;146;146;48;2;220;220;220m_[38;2;160;160;160;48;2;221;221;221m_[38;2;218;218;218;48;2;241;241;241m_[38;2;248;248;248;48;2;251;251;251m,[48;2;252;252;252m                                                    [0m
[7m[38;2;252;252;252m [0m[38;2;0;0;0;48;2;252;252;252m                                                          [38;2;252;252;252;48;2;251;251;251m:[48;2;250;250;250m [38;2;254;254;254;48;2;247;247;247m:[38;2;187;187;187;48;2;196;196;196my[38;2;88;88;88;48;2;60;60;60mF[38;2;112;112;112;48;2;55;55;55m~[38;2;83;83;83;48;2;114;114;114my[38;2;165;165;165;48;2;186;186;186mL[38;2;237;237;237;48;2;242;242;242mr[38;2;252;252;252;48;2;251;251;251m:[48;2;252;252;252m                                                   [0m
[7m[38;2;252;252;252m [0m[38;2;0;0;0;48;2;252;252;252m                                                          [38;2;252;252;252;48;2;251;251;251m:[38;2;249;249;249;48;2;250;250;250m$[38;2;254;254;254;48;2;242;242;242m:[38;2;131;131;131;48;2;158;158;158m4[38;2;53;53;53;48;2;33;33;33mL[38;2;7;7;7;48;2;10;10;10m:[38;2;51;51;51;48;2;41;41;41m4[38;2;145;145;145;48;2;126;126;126m~[38;2;201;201;201;48;2;216;216;216mL[38;2;246;246;246;48;2;249;249;249mr[38;2;252;252;252;48;2;251;251;251m:[48;2;252;252;252m                                                  [0m
[7m[38;2;252;252;252m [0m[38;2;0;0;0;48;2;252;252;252m                                                          [38;2;252;252;252;48;2;251;251;251m: [38;2;251;251;251;48;2;250;250;250m:[38;2;197;197;197;48;2;229;229;229m"[38;2;150;150;150;48;2;100;100;100mL[38;2;58;58;58;48;2;18;18;18m,[38;2;0;0;0;48;2;9;9;9m:[38;2;79;79;79;48;2;66;66;66m4[38;2;153;153;153;48;2;179;179;179mL[38;2;234;234;234;48;2;242;242;242m,[38;2;253;253;253;48;2;252;252;252m.                                                  [0m
[7m[38;2;252;252;252m [0m[38;2;0;0;0;48;2;252;252;252m                                                           [38;2;252;252;252;48;2;251;251;251m: [38;2;254;254;254;48;2;250;250;250m'[38;2;185;185;185;48;2;217;217;217m"[38;2;107;107;107;48;2;63;63;63mL[38;2;0;0;0;48;2;4;4;4m`[38;2;36;36;36;48;2;18;18;18m"[38;2;133;133;133;48;2;80;80;80m~[38;2;86;86;86;48;2;180;180;180m_[38;2;205;205;205;48;2;237;237;237m_[38;2;247;247;247;48;2;250;250;250m,[48;2;251;251;251m [38;2;252;252;252m:[48;2;252;252;252m                                               [0m
[7m[38;2;252;252;252m [0m[38;2;0;0;0;48;2;252;252;252m                                                            [48;2;251;251;251m [38;2;253;253;253m:[38;2;251;251;251;48;2;228;228;228m.[38;2;114;114;114;48;2;74;74;74mL[38;2;17;17;17;48;2;5;5;5m,[48;2;1;1;1m [38;2;0;0;0;48;2;3;3;3m`[38;2;11;11;11;48;2;45;45;45m:[38;2;131;131;131;48;2;163;163;163mL[38;2;229;229;229;48;2;239;239;239m,[38;2;250;250;250;48;2;251;251;251mJ[38;2;252;252;252m:[48;2;252;252;252m                                               [0m
[7m[38;2;252;252;252m [0m[38;2;0;0;0;48;2;252;252;252m                                                            [38;2;252;252;252;48;2;251;251;251m:[48;2;250;250;250m [38;2;254;254;254;48;2;244;244;244m:[38;2;126;126;126;48;2;164;164;164m~[38;2;87;87;87;48;2;38;38;38m,[38;2;0;0;0;48;2;1;1;1m_[38;2;2;2;2m:[38;2;0;0;0;48;2;8;8;8m:[38;2;98;98;98;48;2;67;67;67m"[38;2;161;161;161;48;2;196;196;196m_[38;2;239;239;239;48;2;246;246;246m,[38;2;252;252;252;48;2;251;251;251m:[48;2;252;252;252m                                               [0m
[7m[38;2;252;252;252m [0m[38;2;0;0;0;48;2;252;252;252m                                                             [48;2;251;251;251m [38;2;253;253;253;48;2;250;250;250m`[38;2;252;252;252;48;2;233;233;233m:[38;2;142;142;142;48;2;95;95;95mL[38;2;49;49;49;48;2;15;15;15m,[48;2;2;2;2m [48;2;1;1;1m [38;2;0;0;0;48;2;20;20;20m:[38;2;138;138;138;48;2;111;111;111m~[38;2;215;215;215;48;2;231;231;231m,[38;2;250;250;250;48;2;251;251;251m,[38;2;252;252;252m:[48;2;252;252;252m                                              [0m
[7m[38;2;252;252;252m [0m[38;2;0;0;0;48;2;252;252;252m                                                             [38;2;252;252;252;48;2;251;251;251m:[38;2;249;249;249m~[38;2;254;254;254;48;2;248;248;248m'[38;2;173;173;173;48;2;206;206;206m~[38;2;105;105;105;48;2;60;60;60mL[38;2;15;15;15;48;2;4;4;4m,[48;2;0;0;0m [38;2;0;0;0;48;2;1;1;1m:[38;2;5;5;5;48;2;40;40;40m:[38;2;143;143;143;48;2;174;174;174mL[38;2;251;251;251;48;2;242;242;242m`[38;2;252;252;252;48;2;251;251;251m':[48;2;252;252;252m                                             [0m
[7m[38;2;252;252;252m [0m[38;2;0;0;0;48;2;252;252;252m                                                              [38;2;252;252;252;48;2;251;251;251m:[38;2;249;249;249;48;2;250;250;250m=[38;2;254;254;254;48;2;244;244;244m:[38;2;96;96;96;48;2;160;160;160m`[38;2;90;90;90;48;2;38;38;38m,[48;2;0;0;0m [38;2;1;1;1m'[38;2;0;0;0;48;2;8;8;8m:[38;2;102;102;102;48;2;75;75;75m~[38;2;200;200;200;48;2;224;224;224m_[38;2;246;246;246;48;2;250;250;250m,[38;2;252;252;252;48;2;251;251;251m:[48;2;252;252;252m                                             [0m
[7m[38;2;252;252;252m [0m[38;2;0;0;0;48;2;252;252;252m                                                               [48;2;251;251;251m [38;2;253;253;253;48;2;250;250;250m`[38;2;251;251;251;48;2;236;236;236m:[38;2;92;92;92;48;2;125;125;125m4[38;2;66;66;66;48;2;20;20;20m,[38;2;1;1;1;48;2;0;0;0m.[38;2;0;0;0;48;2;2;2;2m~[48;2;27;27;27m:[38;2;121;121;121;48;2;153;153;153my[38;2;232;232;232;48;2;239;239;239mr[38;2;251;251;251;48;2;250;250;250m~[48;2;251;251;251m [48;2;252;252;252m                                            [0m
[7m[38;2;252;252;252m [0m[38;2;0;0;0;48;2;252;252;252m                                                               [38;2;252;252;252;48;2;251;251;251m:[38;2;249;249;249m`[38;2;254;254;254;48;2;249;249;249m'[38;2;191;191;191;48;2;222;222;222m"[38;2;124;124;124;48;2;78;78;78mL[38;2;32;32;32;48;2;8;8;8m,[38;2;3;3;3;48;2;2;2;2m`[38;2;0;0;0;48;2;4;4;4m`[38;2;11;11;11;48;2;59;59;59m:[38;2;176;176;176;48;2;210;210;210m_[38;2;241;241;241;48;2;248;248;248m,[48;2;251;251;251m [38;2;252;252;252m:[48;2;252;252;252m                                           [0m
[7m[38;2;252;252;252m [0m[38;2;0;0;0;48;2;252;252;252m                                                                [38;2;252;252;252;48;2;251;251;251m:[38;2;251;251;251;48;2;250;250;250my[38;2;254;254;254;48;2;247;247;247m`[38;2;153;153;153;48;2;193;193;193m~[38;2;92;92;92;48;2;50;50;50mL[38;2;7;7;7;48;2;2;2;2m,[38;2;4;4;4;48;2;3;3;3m{[38;2;0;0;0;48;2;18;18;18m:[38;2;82;82;82;48;2;120;120;120mL[38;2;226;226;226;48;2;234;234;234mr[48;2;250;250;250m [48;2;251;251;251m [48;2;252;252;252m                                           [0m
[7m[38;2;252;252;252m [0m[38;2;0;0;0;48;2;252;252;252m                                                                 [38;2;252;252;252;48;2;251;251;251m:[48;2;250;250;250m [38;2;253;253;253;48;2;244;244;244m:[38;2;84;84;84;48;2;153;153;153m`[38;2;92;92;92;48;2;36;36;36m,[48;2;3;3;3m [38;2;0;0;0;48;2;1;1;1m`[48;2;40;40;40m:[38;2;132;132;132;48;2;188;188;188m_[38;2;233;233;233;48;2;244;244;244m,[38;2;250;250;250;48;2;251;251;251my[38;2;252;252;252m.[48;2;252;252;252m                                          [0m
[7m[38;2;252;252;252m [0m[38;2;0;0;0;48;2;252;252;252m                                                                  [48;2;251;251;251m [38;2;254;254;254m`[38;2;251;251;251;48;2;236;236;236m:[38;2;150;150;150;48;2;101;101;101mL[38;2;57;57;57;48;2;16;16;16m,[48;2;2;2;2m [38;2;0;0;0;48;2;9;9;9m:[38;2;104;104;104;48;2;76;76;76m~[38;2;206;206;206;48;2;225;225;225mL[38;2;246;246;246;48;2;250;250;250m,[48;2;251;251;251m [38;2;252;252;252m:[48;2;252;252;252m                                         [0m
[7m[38;2;252;252;252m [0m[38;2;0;0;0;48;2;252;252;252m                                                                  [38;2;252;252;252;48;2;251;251;251m:[38;2;250;250;250m~[38;2;254;254;254;48;2;249;249;249m`[38;2;179;179;179;48;2;210;210;210m~[38;2;114;114;114;48;2;68;68;68mL[38;2;24;24;24;48;2;5;5;5m,[38;2;2;2;2;48;2;1;1;1mg[38;2;0;0;0;48;2;24;24;24m:[38;2;109;109;109;48;2;147;147;147my[38;2;229;229;229;48;2;238;238;238mr[38;2;250;250;250;48;2;251;251;251m4 [48;2;252;252;252m                                         [0m
[7m[38;2;252;252;252m [0m[38;2;0;0;0;48;2;252;252;252m                                                                    [38;2;252;252;252;48;2;251;251;251m`[38;2;254;254;254;48;2;246;246;246m:[38;2;138;138;138;48;2;167;167;167m~[38;2;75;75;75;48;2;42;42;42mL[38;2;2;2;2;48;2;1;1;1m`[38;2;0;0;0;48;2;2;2;2m`[38;2;7;7;7;48;2;49;49;49m:[38;2;150;150;150;48;2;201;201;201m_[38;2;236;236;236;48;2;247;247;247m,[48;2;251;251;251m [38;2;252;252;252m:[48;2;252;252;252m                                        [0m
[7m[38;2;252;252;252m [0m[38;2;0;0;0;48;2;252;252;252m                                                                    [48;2;251;251;251m [38;2;254;254;254m`[38;2;221;221;221;48;2;236;236;236m"[38;2;106;106;106;48;2;132;132;132m4[38;2;69;69;69;48;2;26;26;26m,[38;2;2;2;2;48;2;1;1;1m7[38;2;0;0;0;48;2;11;11;11m:[38;2;118;118;118;48;2;87;87;87m~[38;2;215;215;215;48;2;230;230;230mL[38;2;252;252;252;48;2;251;251;251m.:[48;2;252;252;252m                                        [0m
[7m[38;2;252;252;252m [0m[38;2;0;0;0;48;2;252;252;252m                                                                     [48;2;251;251;251m [38;2;253;253;253;48;2;250;250;250m.[38;2;182;182;182;48;2;211;211;211m"[38;2;127;127;127;48;2;84;84;84mL[38;2;43;43;43;48;2;12;12;12m,[38;2;0;0;0;48;2;1;1;1m`[48;2;28;28;28m:[38;2;102;102;102;48;2;158;158;158m_[38;2;227;227;227;48;2;239;239;239m,[38;2;251;251;251;48;2;250;250;250m~[48;2;251;251;251m [48;2;252;252;252m                                       [0m
[7m[38;2;252;252;252m [0m[38;2;0;0;0;48;2;252;252;252m                                                                      [48;2;251;251;251m [38;2;253;253;253;48;2;246;246;246m:[38;2;156;156;156;48;2;180;180;180m~[38;2;99;99;99;48;2;61;61;61mL[38;2;26;26;26;48;2;7;7;7m,[38;2;0;0;0;48;2;3;3;3m:[38;2;15;15;15;48;2;56;56;56m:[38;2;167;167;167;48;2;208;208;208m_[38;2;238;238;238;48;2;248;248;248m,[38;2;250;250;250;48;2;251;251;251m_[38;2;252;252;252m:[48;2;252;252;252m                                      [0m
[7m[38;2;252;252;252m [0m[38;2;0;0;0;48;2;252;252;252m                                                                      [38;2;252;252;252;48;2;251;251;251m.[38;2;254;254;254m`[38;2;222;222;222;48;2;234;234;234m`[38;2;114;114;114;48;2;150;150;150m"[38;2;73;73;73;48;2;42;42;42mL[38;2;13;13;13;48;2;3;3;3m,[38;2;0;0;0;48;2;14;14;14m:[38;2;83;83;83;48;2;111;111;111mz[38;2;216;216;216;48;2;231;231;231mL[38;2;251;251;251;48;2;250;250;250m.[38;2;252;252;252;48;2;251;251;251m.[48;2;252;252;252m                                      [0m
[7m[38;2;252;252;252m [0m[38;2;0;0;0;48;2;252;252;252m                                                                       [48;2;251;251;251m [38;2;251;251;251;48;2;250;250;250m`[38;2;195;195;195;48;2;214;214;214m"[38;2;146;146;146;48;2;115;115;115mL[38;2;53;53;53;48;2;29;29;29mL[38;2;5;5;5;48;2;1;1;1m,[38;2;1;1;1;48;2;31;31;31m:[38;2;111;111;111;48;2;169;169;169m_[38;2;227;227;227;48;2;240;240;240m,[38;2;252;252;252;48;2;251;251;251m`.[48;2;252;252;252m                                     [0m
[7m[38;2;252;252;252m [0m[38;2;0;0;0;48;2;252;252;252m                                                                        [38;2;252;252;252;48;2;251;251;251m:[38;2;251;251;251;48;2;243;243;243m:[38;2;159;159;159;48;2;187;187;187m"[38;2;119;119;119;48;2;88;88;88mL[38;2;53;53;53;48;2;21;21;21m,[38;2;0;0;0;48;2;5;5;5m`[38;2;90;90;90;48;2;60;60;60m"[38;2;183;183;183;48;2;215;215;215m_[38;2;241;241;241;48;2;249;249;249m,[38;2;252;252;252;48;2;251;251;251m.:[48;2;252;252;252m                                    [0m
[7m[38;2;252;252;252m [0m[38;2;0;0;0;48;2;252;252;252m                                                                        [38;2;252;252;252;48;2;251;251;251m.[38;2;253;253;253;48;2;252;252;252m.[38;2;223;223;223;48;2;232;232;232m"[38;2;181;181;181;48;2;155;155;155mL[38;2;97;97;97;48;2;71;71;71mL[38;2;42;42;42;48;2;16;16;16m,[38;2;0;0;0;48;2;17;17;17m:[38;2;89;89;89;48;2;126;126;126mL[38;2;224;224;224;48;2;234;234;234mr[38;2;249;249;249;48;2;251;251;251m4 [48;2;252;252;252m                                    [0m
[7m[38;2;252;252;252m [0m[38;2;0;0;0;48;2;252;252;252m                                                                         [38;2;252;252;252;48;2;251;251;251m`[38;2;253;253;253;48;2;248;248;248m:[38;2;192;192;192;48;2;213;213;213m"[38;2;161;161;161;48;2;135;135;135mL[38;2;92;92;92;48;2;67;67;67mL[38;2;49;49;49;48;2;19;19;19m_[38;2;6;6;6;48;2;42;42;42m:[38;2;146;146;146;48;2;191;191;191m_[38;2;232;232;232;48;2;244;244;244m,[38;2;252;252;252;48;2;251;251;251m`.[48;2;252;252;252m                                   [0m
[7m[38;2;252;252;252m [0m[38;2;0;0;0;48;2;252;252;252m                                                                          [38;2;252;252;252;48;2;251;251;251m`[38;2;237;237;237;48;2;244;244;244m`[38;2;173;173;173;48;2;198;198;198m"[38;2;152;152;152;48;2;133;133;133mL[38;2;67;67;67;48;2;100;100;100m~[38;2;56;56;56;48;2;41;41;41mL[38;2;114;114;114;48;2;88;88;88m~[38;2;214;214;214;48;2;230;230;230mL[38;2;252;252;252;48;2;251;251;251mL.[48;2;252;252;252m                                   [0m
[?25h