[?25l[0m[7m[38;2;0;0;0m [0m[38;2;0;0;0;48;2;0;0;0m                                                                                                                       [0m
[7m[38;2;0;0;0m [0m[38;2;0;0;0;48;2;0;0;0m                                                                                                                       [0m
[7m[38;2;0;0;0m [0m[38;2;0;0;0;48;2;0;0;0m                                                                                                                       [0m
[7m[38;2;0;0;0m [0m[38;2;0;0;0;48;2;0;0;0m                                                                                                                       [0m
[7m[38;2;0;0;0m [0m[38;2;0;0;0;48;2;0;0;0m                                                                                                                       [0m
[7m[38;2;0;0;0m [0m[38;2;0;0;0;48;2;0;0;0m                                                                                                                       [0m
[7m[38;2;0;0;0m [0m[38;2;0;0;0;48;2;0;0;0m                                                                                                                       [0m
[7m[38;2;0;0;0m [0m[38;2;0;0;0;48;2;0;0;0m                                                                                                                       [0m
[7m[38;2;0;0;0m [0m[38;2;0;0;0;48;2;0;0;0m                                                                                                                       [0m
[7m[38;2;0;0;0m [0m[38;2;0;0;0;48;2;0;0;0m                                                                                                                       [0m
[7m[38;2;0;0;0m [0m[38;2;0;0;0;48;2;0;0;0m                                                                                                                       [0m
[7m[38;2;0;0;0m [0m[38;2;0;0;0;48;2;0;0;0m                                                                                                                       [0m
[7m[38;2;0;0;0m [0m[38;2;0;0;0;48;2;0;0;0m                                                                                                                       [0m
[7m[38;2;0;0;0m [0m[38;2;0;0;0;48;2;0;0;0m                                                                                                                       [0m
[7m[38;2;0;0;0m [0m[38;2;0;0;0;48;2;0;0;0m                                                                                                                       [0m
[7m[38;2;0;0;0m [0m[38;2;0;0;0;48;2;0;0;0m                                                                                                                       [0m
[7m[38;2;0;0;0m [0m[38;2;0;0;0;48;2;0;0;0m                                                                                                                       [0m
[7m[38;2;0;0;0m [0m[38;2;0;0;0;48;2;0;0;0m                                                                                                                       [0m
[7m[38;2;0;0;0m [0m[38;2;0;0;0;48;2;0;0;0m                                      [38;2;2;2;2m__[38;2;0;0;0;48;2;2;2;2m`[38;2;39;39;39;48;2;6;6;6m_[38;2;58;58;58;48;2;11;11;11m_[38;2;43;43;43;48;2;8;8;8m_[38;2;51;51;51;48;2;9;9;9m_[38;2;17;17;17;48;2;4;4;4m,[48;2;0;0;0m                                                                         [0m
[7m[38;2;0;0;0m [0m[38;2;0;0;0;48;2;0;0;0m                                     [38;2;27;27;27;48;2;13;13;13m_[38;2;124;124;124;48;2;71;71;71m_[38;2;202;202;202;48;2;118;118;118my[38;2;60;60;60;48;2;172;172;172m~[38;2;140;140;140;48;2;225;225;225m~[38;2;153;153;153;48;2;230;230;230m~[38;2;148;148;148;48;2;229;229;229m~[38;2;145;145;145;48;2;220;220;220m~[38;2;189;189;189;48;2;127;127;127my[38;2;4;4;4;48;2;33;33;33m:[38;2;0;0;0;48;2;2;2;2m`[48;2;0;0;0m                                                                       [0m
[7m[38;2;0;0;0m [0m[38;2;0;0;0;48;2;0;0;0m                                    [38;2;72;72;72;48;2;21;21;21m_[38;2;205;205;205;48;2;102;102;102m_[38;2;144;144;144;48;2;218;218;218m~[38;2;250;250;250;48;2;247;247;247m:[38;2;251;251;251;48;2;250;250;250m_[38;2;252;252;252;48;2;251;251;251m, :.[38;2;233;233;233;48;2;244;244;244m`[38;2;119;119;119;48;2;198;198;198m~[38;2;214;214;214;48;2;80;80;80m_[38;2;72;72;72;48;2;22;22;22m,[38;2;0;0;0;48;2;1;1;1m:[48;2;0;0;0m                                                                     [0m
[7m[38;2;0;0;0m [0m[38;2;0;0;0;48;2;0;0;0m                                   [38;2;1;1;1m.[38;2;93;93;93;48;2;57;57;57m4[38;2;127;127;127;48;2;198;198;198m_[38;2;254;254;254;48;2;248;248;248m.[48;2;250;250;250m [38;2;252;252;252;48;2;251;251;251m:[48;2;252;252;252m   [48;2;251;251;251m: [38;2;250;250;250m=[38;2;251;251;251;48;2;244;244;244m:[38;2;137;137;137;48;2;198;198;198m~[38;2;128;128;128;48;2;55;55;55m_[38;2;22;22;22;48;2;5;5;5m,[38;2;1;1;1;48;2;0;0;0m_                                                                   [0m
[7m[38;2;0;0;0m [0m[38;2;0;0;0;48;2;0;0;0m                                    [38;2;19;19;19;48;2;3;3;3m`[38;2;91;91;91;48;2;39;39;39m"[38;2;48;48;48;48;2;143;143;143m_[38;2;160;160;160;48;2;225;225;225m_[38;2;252;252;252;48;2;249;249;249m:[48;2;251;251;251m [48;2;252;252;252m    [48;2;251;251;251m: [38;2;253;253;253;48;2;247;247;247m'[38;2;180;180;180;48;2;222;222;222m~[38;2;39;39;39;48;2;145;145;145m~[38;2;151;151;151;48;2;42;42;42m_[38;2;36;36;36;48;2;8;8;8m,[38;2;1;1;1;48;2;0;0;0mx  _                                                              [0m
[7m[38;2;0;0;0m [0m[38;2;0;0;0;48;2;0;0;0m                                     [38;2;1;1;1m`[38;2;22;22;22;48;2;7;7;7m"[38;2;115;115;115;48;2;53;53;53m"[38;2;43;43;43;48;2;158;158;158m_[38;2;144;144;144;48;2;225;225;225m_[38;2;238;238;238;48;2;247;247;247m,[38;2;253;253;253;48;2;251;251;251m.  [48;2;252;252;252m  [38;2;252;252;252;48;2;251;251;251m: [38;2;253;253;253;48;2;249;249;249m'[38;2;191;191;191;48;2;235;235;235m"[38;2;121;121;121;48;2;209;209;209m~[38;2;57;57;57;48;2;162;162;162m~[38;2;177;177;177;48;2;80;80;80my[38;2;189;189;189;48;2;59;59;59m_[38;2;167;167;167;48;2;46;46;46m_[38;2;134;134;134;48;2;27;27;27m_[38;2;34;34;34;48;2;6;6;6m,[48;2;0;0;0m                                                            [0m
[7m[38;2;0;0;0m [0m[38;2;0;0;0;48;2;0;0;0m                                       [38;2;1;1;1m`[38;2;32;32;32;48;2;6;6;6m`[38;2;96;96;96;48;2;37;37;37m~[38;2;59;59;59;48;2;131;131;131my[38;2;78;78;78;48;2;183;183;183m_[38;2;128;128;128;48;2;216;216;216m_[38;2;185;185;185;48;2;238;238;238m_[38;2;237;237;237;48;2;248;248;248m,[38;2;252;252;252;48;2;251;251;251m`:[48;2;252;252;252m  [48;2;251;251;251m:`.[38;2;240;240;240;48;2;250;250;250m`[38;2;217;217;217;48;2;247;247;247m`[38;2;208;208;208;48;2;244;244;244m`[38;2;183;183;183;48;2;209;209;209m_[38;2;86;86;86;48;2;51;51;51mF[38;2;0;0;0;48;2;1;1;1m`[48;2;0;0;0m                                                           [0m
[7m[38;2;0;0;0m [0m[38;2;0;0;0;48;2;0;0;0m                                          [38;2;1;1;1m`[38;2;22;22;22;48;2;6;6;6m"[38;2;67;67;67;48;2;22;22;22m~[38;2;138;138;138;48;2;60;60;60m~[38;2;41;41;41;48;2;146;146;146m_[38;2;137;137;137;48;2;212;212;212m_[38;2;236;236;236;48;2;246;246;246m,[38;2;254;254;254;48;2;252;252;252m.[48;2;251;251;251m [48;2;252;252;252m  [48;2;251;251;251m [38;2;252;252;252;48;2;249;249;249m`[38;2;200;200;200;48;2;234;234;234m_[38;2;102;102;102;48;2;188;188;188m_[38;2;161;161;161;48;2;88;88;88m~[38;2;43;43;43;48;2;16;16;16m~[48;2;0;0;0m                                                            [0m
[7m[38;2;0;0;0m [0m[38;2;0;0;0;48;2;0;0;0m                                              [38;2;27;27;27;48;2;6;6;6m`[38;2;95;95;95;48;2;40;40;40m~[38;2;64;64;64;48;2;146;146;146m_[38;2;188;188;188;48;2;232;232;232m_[38;2;253;253;253;48;2;250;250;250m:[48;2;251;251;251m [38;2;252;252;252m_[48;2;249;249;249m:[38;2;179;179;179;48;2;230;230;230m_[38;2;79;79;79;48;2;131;131;131my[38;2;73;73;73;48;2;29;29;29m"[38;2;20;20;20;48;2;3;3;3m~[48;2;0;0;0m                                                             [0m
[7m[38;2;0;0;0m [0m[38;2;0;0;0;48;2;0;0;0m                                               [38;2;1;1;1m=[48;2;27;27;27m:[38;2;86;86;86;48;2;128;128;128mL[38;2;160;160;160;48;2;224;224;224m_[38;2;135;135;135;48;2;222;222;222m_[38;2;94;94;94;48;2;204;204;204m_[38;2;26;26;26;48;2;153;153;153m_[38;2;141;141;141;48;2;56;56;56m~[38;2;36;36;36;48;2;9;9;9m~[48;2;0;0;0m                                                               [0m
[7m[38;2;0;0;0m [0m[38;2;0;0;0;48;2;0;0;0m                                                [48;2;1;1;1m:[38;2;49;49;49;48;2;17;17;17m"[38;2;113;113;113;48;2;36;36;36m~[38;2;93;93;93;48;2;21;21;21m~[38;2;63;63;63;48;2;11;11;11m~[38;2;17;17;17;48;2;2;2;2m~[48;2;0;0;0m                                                                 [0m
[7m[38;2;0;0;0m [0m[38;2;0;0;0;48;2;0;0;0m                                                                                                                       [0m
[7m[38;2;0;0;0m [0m[38;2;0;0;0;48;2;0;0;0m                                                                                                                       [0m
[7m[38;2;0;0;0m [0m[38;2;0;0;0;48;2;0;0;0m                                                                                                                       [0m
[7m[38;2;0;0;0m [0m[38;2;0;0;0;48;2;0;0;0m                                                                                                                       [0m
[7m[38;2;0;0;0m [0m[38;2;0;0;0;48;2;0;0;0m                                                                                                                       [0m
[7m[38;2;0;0;0m [0m[38;2;0;0;0;48;2;0;0;0m                                                                                                                       [0m
[7m[38;2;0;0;0m [0m[38;2;0;0;0;48;2;0;0;0m                                                                                                                       [0m
[?25h