[?25l[0m[7m[38;2;0;0;0m [0m[38;2;0;0;0;48;2;0;0;0m                                                                                                                       [0m
[7m[38;2;0;0;0m [0m[38;2;0;0;0;48;2;0;0;0m                                                                                                                       [0m
[7m[38;2;0;0;0m [0m[38;2;0;0;0;48;2;0;0;0m                                                                                                                       [0m
[7m[38;2;0;0;0m [0m[38;2;0;0;0;48;2;0;0;0m                                                                                                                       [0m
[7m[38;2;0;0;0m [0m[38;2;0;0;0;48;2;0;0;0m                                                                                                                       [0m
[7m[38;2;0;0;0m [0m[38;2;0;0;0;48;2;0;0;0m                                                                                                                       [0m
[7m[38;2;0;0;0m [0m[38;2;0;0;0;48;2;0;0;0m                                                                                                                       [0m
[7m[38;2;0;0;0m [0m[38;2;0;0;0;48;2;0;0;0m                                                                                                                       [0m
[7m[38;2;0;0;0m [0m[38;2;0;0;0;48;2;0;0;0m                                                                                                                       [0m
[7m[38;2;0;0;0m [0m[38;2;0;0;0;48;2;0;0;0m                                                                                                                       [0m
[7m[38;2;0;0;0m [0m[38;2;0;0;0;48;2;0;0;0m                                                                                                                       [0m
[7m[38;2;0;0;0m [0m[38;2;0;0;0;48;2;0;0;0m                                                                                                                       [0m
[7m[38;2;0;0;0m [0m[38;2;0;0;0;48;2;0;0;0m                                                                                                                       [0m
[7m[38;2;0;0;0m [0m[38;2;0;0;0;48;2;0;0;0m                                                          [38;2;1;1;1m__.ww.                                                       [0m
[7m[38;2;0;0;0m [0m[38;2;0;0;0;48;2;0;0;0m                                              [38;2;1;1;1m_  +[38;2;0;0;0;48;2;1;1;1m:[38;2;48;48;48;48;2;10;10;10m_[38;2;113;113;113;48;2;25;25;25m_[38;2;151;151;151;48;2;34;34;34m_[38;2;181;181;181;48;2;42;42;42m_[38;2;218;218;218;48;2;55;55;55m_[38;2;235;235;235;48;2;71;71;71m_[38;2;243;243;243;48;2;88;88;88m_[38;2;244;244;244;48;2;95;95;95m_[48;2;93;93;93m_[48;2;94;94;94m_[48;2;95;95;95m_[48;2;96;96;96m_[48;2;89;89;89m_[38;2;241;241;241;48;2;74;74;74m_[38;2;213;213;213;48;2;53;53;53m_[38;2;171;171;171;48;2;39;39;39m_[38;2;130;130;130;48;2;29;29;29m_[38;2;78;78;78;48;2;17;17;17m_[38;2;27;27;27;48;2;5;5;5m,[38;2;1;1;1;48;2;0;0;0m.                                                [0m
[7m[38;2;0;0;0m [0m[38;2;0;0;0;48;2;0;0;0m                                          [38;2;1;1;1m_[38;2;0;0;0;48;2;3;3;3m`[38;2;78;78;78;48;2;7;7;7m_[38;2;136;136;136;48;2;21;21;21m_[38;2;180;180;180;48;2;51;51;51m_[38;2;177;177;177;48;2;80;80;80my[38;2;221;221;221;48;2;122;122;122my[38;2;84;84;84;48;2;186;186;186m~[38;2;124;124;124;48;2;211;211;211m~[38;2;155;155;155;48;2;228;228;228m~[38;2;183;183;183;48;2;238;238;238m~[38;2;201;201;201;48;2;241;241;241m~[38;2;216;216;216;48;2;245;245;245m~[38;2;238;238;238;48;2;249;249;249m"[38;2;248;248;248;48;2;251;251;251m~[38;2;252;252;252m_ [38;2;253;253;253m``` [38;2;250;250;250m=[38;2;253;253;253m`[38;2;235;235;235;48;2;247;247;247m"[38;2;213;213;213;48;2;243;243;243m~[38;2;193;193;193;48;2;239;239;239m~[38;2;172;172;172;48;2;234;234;234m~[38;2;143;143;143;48;2;219;219;219m~[38;2;96;96;96;48;2;189;189;189m~[38;2;213;213;213;48;2;118;118;118my[38;2;161;161;161;48;2;74;74;74my[38;2;155;155;155;48;2;36;36;36m_[38;2;61;61;61;48;2;7;7;7m_[38;2;5;5;5;48;2;0;0;0m,                                           [0m
[7m[38;2;0;0;0m [0m[38;2;0;0;0;48;2;0;0;0m                                        [38;2;49;49;49;48;2;10;10;10m_[38;2;145;145;145;48;2;37;37;37m_[38;2;224;224;224;48;2;84;84;84m_[38;2;33;33;33;48;2;171;171;171m~[38;2;111;111;111;48;2;214;214;214m~[38;2;190;190;190;48;2;236;236;236m~[38;2;222;222;222;48;2;247;247;247m`[38;2;237;237;237;48;2;250;250;250m`[38;2;252;252;252;48;2;251;251;251m:[38;2;249;249;249mT[38;2;250;250;250m~ [48;2;252;252;252m               [38;2;252;252;252;48;2;251;251;251m.[48;2;252;252;252m [48;2;251;251;251m. [38;2;250;250;250m`[38;2;233;233;233;48;2;247;247;247m`[38;2;196;196;196;48;2;236;236;236m`[38;2;102;102;102;48;2;173;173;173m~[38;2;82;82;82;48;2;43;43;43mL[48;2;0;0;0m                                           [0m
[7m[38;2;0;0;0m [0m[38;2;0;0;0;48;2;0;0;0m                                     [38;2;1;1;1m,[38;2;19;19;19;48;2;8;8;8mu[38;2;113;113;113;48;2;71;71;71my[38;2;114;114;114;48;2;199;199;199m~[38;2;193;193;193;48;2;236;236;236m"[38;2;240;240;240;48;2;249;249;249m~[38;2;252;252;252;48;2;251;251;251m?[38;2;253;253;253;48;2;252;252;252m~[38;2;251;251;251m_                       [48;2;251;251;251m [38;2;252;252;252m`[38;2;230;230;230;48;2;250;250;250m_[38;2;184;184;184;48;2;237;237;237m_[38;2;116;116;116;48;2;194;194;194my[38;2;174;174;174;48;2;76;76;76m~[38;2;70;70;70;48;2;18;18;18m'[48;2;0;0;0m                                           [0m
[7m[38;2;0;0;0m [0m[38;2;0;0;0;48;2;0;0;0m                                     [38;2;1;1;1m`[38;2;15;15;15;48;2;6;6;6m"[38;2;107;107;107;48;2;63;63;63m"[38;2;65;65;65;48;2;179;179;179m_[38;2;142;142;142;48;2;232;232;232m_[38;2;216;216;216;48;2;245;245;245m_[38;2;252;252;252;48;2;250;250;250m. [48;2;251;251;251m [48;2;252;252;252m                  [48;2;251;251;251m:[38;2;250;250;250m_[38;2;253;253;253;48;2;252;252;252m_[38;2;252;252;252;48;2;250;250;250m`[38;2;207;207;207;48;2;245;245;245m_[38;2;131;131;131;48;2;231;231;231m_[38;2;58;58;58;48;2;179;179;179m_[38;2;197;197;197;48;2;87;87;87m~[38;2;112;112;112;48;2;33;33;33m~[38;2;51;51;51;48;2;7;7;7m`[38;2;2;2;2;48;2;0;0;0m`                                            [0m
[7m[38;2;0;0;0m [0m[38;2;0;0;0;48;2;0;0;0m                                       [38;2;1;1;1m`[38;2;15;15;15;48;2;4;4;4m`[38;2;85;85;85;48;2;25;25;25m"[38;2;172;172;172;48;2;68;68;68m~[38;2;121;121;121;48;2;175;175;175ms[38;2;237;237;237;48;2;244;244;244mr[48;2;250;250;250m [48;2;251;251;251m [48;2;252;252;252m              [38;2;252;252;252;48;2;251;251;251m:[38;2;249;249;249m.[38;2;254;254;254m.[38;2;222;222;222;48;2;249;249;249m_[38;2;166;166;166;48;2;232;232;232m_[38;2;66;66;66;48;2;194;194;194m_[38;2;47;47;47;48;2;142;142;142my[38;2;170;170;170;48;2;52;52;52m~[38;2;67;67;67;48;2;19;19;19m"[38;2;7;7;7;48;2;2;2;2m'[48;2;0;0;0m [38;2;1;1;1m`                                              [0m
[7m[38;2;0;0;0m [0m[38;2;0;0;0;48;2;0;0;0m                                        [48;2;1;1;1m`[38;2;71;71;71;48;2;36;36;36my[38;2;69;69;69;48;2;161;161;161m~[38;2;197;197;197;48;2;235;235;235m~[38;2;253;253;253;48;2;249;249;249m'[38;2;250;250;250;48;2;251;251;251mF[38;2;252;252;252m_:[48;2;252;252;252m        [48;2;251;251;251m: [38;2;253;253;253m_[38;2;252;252;252m`[38;2;227;227;227;48;2;248;248;248m_[38;2;158;158;158;48;2;237;237;237m_[38;2;95;95;95;48;2;206;206;206m_[38;2;70;70;70;48;2;164;164;164my[38;2;167;167;167;48;2;64;64;64m~[38;2;96;96;96;48;2;22;22;22m~[38;2;41;41;41;48;2;7;7;7m`[38;2;1;1;1;48;2;0;0;0m`                                                   [0m
[7m[38;2;0;0;0m [0m[38;2;0;0;0;48;2;0;0;0m                                        [38;2;4;4;4;48;2;1;1;1m`[38;2;71;71;71;48;2;49;49;49mJ[38;2;53;53;53;48;2;169;169;169m_[38;2;147;147;147;48;2;226;226;226m_[38;2;204;204;204;48;2;245;245;245m_[38;2;225;225;225;48;2;250;250;250m_[38;2;232;232;232m_[38;2;241;241;241;48;2;251;251;251m_[38;2;248;248;248;48;2;252;252;252m_[38;2;249;249;249m_ _[38;2;248;248;248m_[38;2;243;243;243;48;2;251;251;251m_[38;2;233;233;233;48;2;250;250;250m_[38;2;221;221;221;48;2;249;249;249m_[38;2;179;179;179;48;2;237;237;237m_[38;2;113;113;113;48;2;217;217;217m_[38;2;37;37;37;48;2;184;184;184m_[38;2;49;49;49;48;2;143;143;143my[38;2;193;193;193;48;2;61;61;61m~[38;2;106;106;106;48;2;25;25;25m~[38;2;24;24;24;48;2;4;4;4m~[48;2;0;0;0m [38;2;1;1;1m"                                                      [0m
[7m[38;2;0;0;0m [0m[38;2;0;0;0;48;2;0;0;0m                                         [38;2;2;2;2m`[38;2;38;38;38;48;2;6;6;6m`[38;2;87;87;87;48;2;19;19;19m"[38;2;123;123;123;48;2;34;34;34m~[38;2;153;153;153;48;2;54;54;54m~[38;2;22;22;22;48;2;102;102;102my[38;2;33;33;33;48;2;130;130;130my[38;2;46;46;46;48;2;150;150;150my[38;2;48;48;48;48;2;153;153;153my[38;2;49;49;49;48;2;155;155;155my[38;2;48;48;48;48;2;153;153;153my[38;2;44;44;44;48;2;148;148;148my[38;2;35;35;35;48;2;135;135;135my[38;2;187;187;187;48;2;75;75;75m~[38;2;148;148;148;48;2;47;47;47m~[38;2;107;107;107;48;2;22;22;22m~[38;2;65;65;65;48;2;10;10;10m~[38;2;18;18;18;48;2;4;4;4m`[38;2;1;1;1;48;2;0;0;0m'                                                           [0m
[7m[38;2;0;0;0m [0m[38;2;0;0;0;48;2;0;0;0m                                                     [38;2;1;1;1m=~                                                                [0m
[7m[38;2;0;0;0m [0m[38;2;0;0;0;48;2;0;0;0m                                                                                                                       [0m
[7m[38;2;0;0;0m [0m[38;2;0;0;0;48;2;0;0;0m                                                                                                                       [0m
[7m[38;2;0;0;0m [0m[38;2;0;0;0;48;2;0;0;0m                                                                                                                       [0m
[7m[38;2;0;0;0m [0m[38;2;0;0;0;48;2;0;0;0m                                                                                                                       [0m
[7m[38;2;0;0;0m [0m[38;2;0;0;0;48;2;0;0;0m                                                                                                                       [0m
[7m[38;2;0;0;0m [0m[38;2;0;0;0;48;2;0;0;0m                                                                                                                       [0m
[7m[38;2;0;0;0m [0m[38;2;0;0;0;48;2;0;0;0m                                                                                                                       [0m
[7m[38;2;0;0;0m [0m[38;2;0;0;0;48;2;0;0;0m                                                                                                                       [0m
[7m[38;2;0;0;0m [0m[38;2;0;0;0;48;2;0;0;0m                                                                                                                       [0m
[7m[38;2;0;0;0m [0m[38;2;0;0;0;48;2;0;0;0m                                                                                                                       [0m
[7m[38;2;0;0;0m [0m[38;2;0;0;0;48;2;0;0;0m                                                                                                                       [0m
[7m[38;2;0;0;0m [0m[38;2;0;0;0;48;2;0;0;0m                                                                                                                       [0m
[?25h