[?25l[0m[7m[38;2;0;0;0m [0m[38;2;0;0;0;48;2;0;0;0m                                                                                  [48;2;4;4;4m:[38;2;39;39;39;48;2;49;49;49mL[38;2;98;98;98;48;2;92;92;92m4[38;2;147;147;147;48;2;150;150;150m$[38;2;192;192;192;48;2;194;194;194m$[38;2;229;229;229;48;2;234;234;234mL[38;2;249;249;249;48;2;250;250;250mL[38;2;253;253;253;48;2;252;252;252m|                             [0m
[7m[38;2;0;0;0m [0m[38;2;0;0;0;48;2;0;0;0m                                                                                  [48;2;2;2;2m`[38;2;39;39;39;48;2;33;33;33m4[38;2;90;90;90;48;2;83;83;83m4[38;2;127;127;127;48;2;139;139;139mL[38;2;177;177;177;48;2;186;186;186mL[38;2;223;223;223;48;2;229;229;229mL[38;2;247;247;247;48;2;249;249;249mL[38;2;253;253;253;48;2;252;252;252m|                             [0m
[7m[38;2;0;0;0m [0m[38;2;0;0;0;48;2;0;0;0m                                                                                  [48;2;1;1;1m:[38;2;29;29;29;48;2;24;24;24m4[38;2;78;78;78;48;2;73;73;73m4[38;2;127;127;127;48;2;121;121;121m4[38;2;163;163;163;48;2;173;173;173mL[38;2;209;209;209;48;2;218;218;218mL[38;2;242;242;242;48;2;246;246;246mL[38;2;253;253;253;48;2;252;252;252m'                             [0m
[7m[38;2;0;0;0m [0m[38;2;0;0;0;48;2;0;0;0m                                                                                   [38;2;14;14;14;48;2;20;20;20m:[38;2;71;71;71;48;2;65;65;65m4[38;2;120;120;120;48;2;113;113;113m4[38;2;155;155;155;48;2;164;164;164mL[38;2;200;200;200;48;2;208;208;208mL[38;2;238;238;238;48;2;242;242;242mL[38;2;252;252;252;48;2;251;251;251m.[48;2;252;252;252m                             [0m
[7m[38;2;0;0;0m [0m[38;2;0;0;0;48;2;0;0;0m                                                                                   [38;2;8;8;8;48;2;12;12;12m:[38;2;61;61;61;48;2;55;55;55m4[38;2;109;109;109;48;2;103;103;103m4[38;2;145;145;145;48;2;154;154;154mL[38;2;188;188;188;48;2;196;196;196mL[38;2;228;228;228;48;2;234;234;234mL[38;2;248;248;248;48;2;250;250;250mL[48;2;252;252;252m                             [0m
[7m[38;2;0;0;0m [0m[38;2;0;0;0;48;2;0;0;0m                                                                                   [48;2;5;5;5m.[38;2;52;52;52;48;2;46;46;46m4[38;2;87;87;87;48;2;97;97;97mL[38;2;136;136;136;48;2;146;146;146mL[38;2;181;181;181;48;2;189;189;189mL[38;2;221;221;221;48;2;227;227;227mL[38;2;245;245;245;48;2;247;247;247mL[38;2;252;252;252;48;2;251;251;251m:[48;2;252;252;252m                            [0m
[7m[38;2;0;0;0m [0m[38;2;0;0;0;48;2;0;0;0m                                                                                   [48;2;4;4;4m`[38;2;32;32;32;48;2;37;37;37m.[38;2;87;87;87;48;2;82;82;82m4[38;2;123;123;123;48;2;133;133;133mL[38;2;169;169;169;48;2;178;178;178mL[38;2;210;210;210;48;2;217;217;217mL[38;2;240;240;240;48;2;244;244;244mL[48;2;251;251;251m [48;2;252;252;252m                            [0m
[7m[38;2;0;0;0m [0m[38;2;0;0;0;48;2;0;0;0m                                                                                   [48;2;1;1;1m:[38;2;30;30;30;48;2;26;26;26m4[38;2;75;75;75;48;2;70;70;70m4[38;2;110;110;110;48;2;120;120;120mL[38;2;158;158;158;48;2;168;168;168mL[38;2;201;201;201;48;2;210;210;210mL[38;2;238;238;238;48;2;242;242;242mL[48;2;251;251;251m [48;2;252;252;252m                            [0m
[7m[38;2;0;0;0m [0m[38;2;0;0;0;48;2;0;0;0m                                                                                   [48;2;1;1;1m:[38;2;27;27;27;48;2;22;22;22m4[38;2;64;64;64;48;2;60;60;60m4[38;2;106;106;106;48;2;101;101;101m4[38;2;144;144;144;48;2;154;154;154mL[38;2;192;192;192;48;2;198;198;198m[[38;2;234;234;234;48;2;240;240;240mL[48;2;251;251;251m [48;2;252;252;252m                            [0m
[7m[38;2;0;0;0m [0m[38;2;0;0;0;48;2;0;0;0m                                                                                    [38;2;15;15;15;48;2;18;18;18m:[38;2;56;56;56;48;2;52;52;52m4[38;2;97;97;97;48;2;92;92;92m4[38;2;141;141;141;48;2;145;145;145m$[38;2;192;192;192;48;2;186;186;186m4[38;2;218;218;218;48;2;229;229;229mL[38;2;239;239;239;48;2;247;247;247m,[38;2;250;250;250;48;2;251;251;251m,[48;2;252;252;252m                           [0m
[7m[38;2;0;0;0m [0m[38;2;0;0;0;48;2;0;0;0m                                                                                    [38;2;7;7;7;48;2;12;12;12m.[38;2;38;38;38;48;2;45;45;45mL[38;2;89;89;89;48;2;83;83;83m4[38;2;126;126;126;48;2;136;136;136mL[38;2;170;170;170;48;2;179;179;179mL[38;2;204;204;204;48;2;211;211;211mL[38;2;234;234;234;48;2;238;238;238mL[48;2;250;250;250m [48;2;252;252;252m                           [0m
[7m[38;2;0;0;0m [0m[38;2;0;0;0;48;2;0;0;0m                                                                                    [38;2;4;4;4;48;2;6;6;6m:[38;2;26;26;26;48;2;34;34;34mL[38;2;63;63;63;48;2;70;70;70m.[38;2;110;110;110;48;2;120;120;120mL[38;2;157;157;157;48;2;165;165;165mL[38;2;199;199;199;48;2;206;206;206mL[38;2;234;234;234;48;2;238;238;238mL[38;2;250;250;250;48;2;251;251;251mL[38;2;253;253;253;48;2;252;252;252m|                          [0m
[7m[38;2;0;0;0m [0m[38;2;0;0;0;48;2;0;0;0m                                                                                    [38;2;2;2;2;48;2;1;1;1m`[38;2;18;18;18;48;2;22;22;22m:[38;2;64;64;64;48;2;61;61;61m4[38;2;105;105;105;48;2;110;110;110m$[38;2;158;158;158;48;2;152;152;152m4[38;2;188;188;188;48;2;197;197;197mL[38;2;225;225;225;48;2;232;232;232mL[38;2;247;247;247;48;2;249;249;249mL[38;2;253;253;253;48;2;252;252;252m'                          [0m
[7m[38;2;0;0;0m [0m[38;2;0;0;0;48;2;0;0;0m                                                                                    [48;2;1;1;1m:[38;2;24;24;24;48;2;20;20;20m4[38;2;61;61;61;48;2;56;56;56m4[38;2;94;94;94;48;2;103;103;103mL[38;2;139;139;139;48;2;147;147;147mL[38;2;181;181;181;48;2;188;188;188mL[38;2;218;218;218;48;2;226;226;226mL[38;2;244;244;244;48;2;247;247;247mL[48;2;252;252;252m                           [0m
[7m[38;2;0;0;0m [0m[38;2;0;0;0;48;2;0;0;0m                                                                                     [38;2;14;14;14;48;2;8;8;8m`[38;2;50;50;50;48;2;46;46;46m4[38;2;97;97;97;48;2;91;91;91m4[38;2;132;132;132;48;2;138;138;138m[[38;2;178;178;178;48;2;181;181;181ml[38;2;216;216;216;48;2;219;219;219ml[38;2;242;242;242;48;2;245;245;245mL[48;2;252;252;252m                           [0m
[7m[38;2;0;0;0m [0m[38;2;0;0;0;48;2;0;0;0m                                                                                     [48;2;1;1;1m:[38;2;34;34;34;48;2;19;19;19m~[38;2;58;58;58;48;2;77;77;77m_[38;2;108;108;108;48;2;124;124;124m_[38;2;153;153;153;48;2;166;166;166mL[38;2;179;179;179;48;2;201;201;201m_[38;2;212;212;212;48;2;230;230;230m_[38;2;235;235;235;48;2;244;244;244m_[38;2;247;247;247;48;2;250;250;250m_[38;2;252;252;252;48;2;251;251;251m.[48;2;252;252;252m                        [0m
[7m[38;2;0;0;0m [0m[38;2;0;0;0;48;2;0;0;0m                                                                                     [48;2;2;2;2m.[38;2;5;5;5;48;2;7;7;7m.[38;2;47;47;47;48;2;27;27;27m`[38;2;64;64;64;48;2;80;80;80mL[38;2;111;111;111;48;2;123;123;123mL[38;2;166;166;166;48;2;156;156;156m~[38;2;200;200;200;48;2;190;190;190m~[38;2;226;226;226;48;2;213;213;213m~[38;2;215;215;215;48;2;233;233;233m_[38;2;238;238;238;48;2;246;246;246m_[38;2;250;250;250;48;2;251;251;251m,[48;2;252;252;252m                       [0m
[7m[38;2;0;0;0m [0m[38;2;0;0;0;48;2;0;0;0m                                                                                     [38;2;29;29;29;48;2;1;1;1m_[38;2;53;53;53;48;2;3;3;3m_[38;2;24;24;24;48;2;11;11;11m_[38;2;49;49;49;48;2;59;59;59m'[38;2;178;178;178;48;2;121;121;121m_[38;2;219;219;219;48;2;168;168;168m_[38;2;238;238;238;48;2;201;201;201m_[38;2;240;240;240;48;2;219;219;219my[38;2;219;219;219;48;2;240;240;240m~[38;2;241;241;241;48;2;248;248;248m"[38;2;252;252;252;48;2;251;251;251m:[48;2;252;252;252m                       [0m
[7m[38;2;0;0;0m [0m[38;2;0;0;0;48;2;0;0;0m                                                                                   [48;2;7;7;7m`[38;2;95;95;95;48;2;24;24;24m_[38;2;166;166;166;48;2;83;83;83m_[38;2;81;81;81;48;2;178;178;178m~[38;2;42;42;42;48;2;162;162;162m~[38;2;54;54;54;48;2;170;170;170m~[38;2;202;202;202;48;2;231;231;231m`[38;2;236;236;236;48;2;250;250;250m`[38;2;246;246;246;48;2;252;252;252m`[38;2;252;252;252;48;2;253;253;253m_[38;2;253;253;253;48;2;252;252;252m`                         [0m
[7m[38;2;0;0;0m [0m[38;2;0;0;0;48;2;0;0;0m                                                                                [38;2;2;2;2m.[38;2;9;9;9;48;2;2;2;2m_[38;2;0;0;0;48;2;5;5;5m`[38;2;65;65;65;48;2;54;54;54m4[38;2;123;123;123;48;2;145;145;145m"[38;2;188;188;188;48;2;200;200;200m"[38;2;235;235;235;48;2;241;241;241mL[38;2;250;250;250;48;2;252;252;252mr[38;2;254;254;254m` [38;2;253;253;253m"                            [0m
[7m[38;2;0;0;0m [0m[38;2;0;0;0;48;2;0;0;0m                                                                                [48;2;2;2;2m:[38;2;20;20;20;48;2;15;15;15ma[38;2;12;12;12;48;2;10;10;10mW[38;2;45;45;45;48;2;57;57;57m.[38;2;138;138;138;48;2;150;150;150mL[38;2;200;200;200;48;2;202;202;202m$[38;2;235;235;235;48;2;240;240;240mL[48;2;251;251;251m [38;2;253;253;253;48;2;252;252;252m|                              [0m
[7m[38;2;0;0;0m [0m[38;2;0;0;0;48;2;0;0;0m                                                                                 [38;2;14;14;14;48;2;5;5;5m~[38;2;36;36;36;48;2;16;16;16m_[38;2;24;24;24;48;2;37;37;37m:[38;2;141;141;141;48;2;120;120;120m"[38;2;186;186;186;48;2;199;199;199mL[38;2;236;236;236;48;2;240;240;240mL[48;2;251;251;251m [38;2;253;253;253;48;2;252;252;252m|                              [0m
[7m[38;2;0;0;0m [0m[38;2;0;0;0;48;2;0;0;0m                                                                                 [48;2;5;5;5m:[38;2;35;35;35;48;2;56;56;56m_[38;2;44;44;44;48;2;69;69;69m_[38;2;106;106;106;48;2;94;94;94m4[38;2;159;159;159;48;2;185;185;185m_[38;2;234;234;234;48;2;240;240;240mL[38;2;252;252;252;48;2;251;251;251mP[38;2;253;253;253;48;2;252;252;252m'                              [0m
[7m[38;2;0;0;0m [0m[38;2;0;0;0;48;2;0;0;0m                                                                                  [38;2;8;8;8;48;2;1;1;1m~[38;2;13;13;13;48;2;4;4;4m"[38;2;7;7;7;48;2;26;26;26m:[38;2;135;135;135;48;2;111;111;111m~[38;2;200;200;200;48;2;218;218;218mL[38;2;245;245;245;48;2;248;248;248m,[38;2;252;252;252;48;2;251;251;251m:[48;2;252;252;252m                              [0m
[7m[38;2;0;0;0m [0m[38;2;0;0;0;48;2;0;0;0m                                                                                    [48;2;7;7;7m:[38;2;55;55;55;48;2;77;77;77m.[38;2;116;116;116;48;2;183;183;183m_[38;2;178;178;178;48;2;229;229;229m_[38;2;233;233;233;48;2;247;247;247m_[38;2;252;252;252;48;2;251;251;251m:[48;2;252;252;252m                             [0m
[7m[38;2;0;0;0m [0m[38;2;0;0;0;48;2;0;0;0m                                                                                     [38;2;19;19;19;48;2;6;6;6m`[38;2;69;69;69;48;2;26;26;26m~[38;2;58;58;58;48;2;100;100;100mg[38;2;149;149;149;48;2;181;181;181mL[38;2;229;229;229;48;2;238;238;238mr[38;2;252;252;252;48;2;251;251;251m.[38;2;253;253;253;48;2;252;252;252m.                           [0m
[7m[38;2;0;0;0m [0m[38;2;0;0;0;48;2;0;0;0m                                                                                      [48;2;1;1;1m:[38;2;27;27;27;48;2;37;37;37m'[38;2;87;87;87;48;2;131;131;131my[38;2;92;92;92;48;2;181;181;181m_[38;2;168;168;168;48;2;221;221;221m_[38;2;232;232;232;48;2;246;246;246m,[48;2;252;252;252m                           [0m
[7m[38;2;0;0;0m [0m[38;2;0;0;0;48;2;0;0;0m                                                                                        [38;2;4;4;4;48;2;1;1;1m`[38;2;51;51;51;48;2;23;23;23m"[38;2;67;67;67;48;2;108;108;108my[38;2;179;179;179;48;2;205;205;205mL[38;2;235;235;235;48;2;246;246;246m,[38;2;252;252;252;48;2;251;251;251mW:[48;2;252;252;252m                        [0m
[7m[38;2;0;0;0m [0m[38;2;0;0;0;48;2;0;0;0m                                                                                         [48;2;1;1;1m:[38;2;17;17;17;48;2;29;29;29m:[38;2;87;87;87;48;2;135;135;135my[38;2;105;105;105;48;2;191;191;191m_[38;2;203;203;203;48;2;233;233;233m_[38;2;245;245;245;48;2;249;249;249m,[48;2;252;252;252m                        [0m
[7m[38;2;0;0;0m [0m[38;2;0;0;0;48;2;0;0;0m                                                                                          [38;2;3;3;3m`[38;2;12;12;12;48;2;2;2;2m`[38;2;62;62;62;48;2;31;31;31m"[38;2;98;98;98;48;2;143;143;143my[38;2;187;187;187;48;2;220;220;220m,[38;2;242;242;242;48;2;249;249;249m,[48;2;252;252;252m                       [0m
[7m[38;2;0;0;0m [0m[38;2;0;0;0;48;2;0;0;0m                                                                                           [38;2;1;1;1m`[38;2;0;0;0;48;2;1;1;1m:[38;2;59;59;59;48;2;38;38;38m"[38;2;87;87;87;48;2;149;149;149m_[38;2;180;180;180;48;2;221;221;221m_[38;2;235;235;235;48;2;246;246;246m,[38;2;252;252;252;48;2;251;251;251m:[48;2;252;252;252m                     [0m
[7m[38;2;0;0;0m [0m[38;2;0;0;0;48;2;0;0;0m                                                                                             [38;2;1;1;1;48;2;2;2;2m:[38;2;58;58;58;48;2;19;19;19m`[38;2;146;146;146;48;2;87;87;87m~[38;2;138;138;138;48;2;197;197;197m_[38;2;223;223;223;48;2;242;242;242m,[38;2;252;252;252;48;2;251;251;251m:[48;2;252;252;252m                    [0m
[7m[38;2;0;0;0m [0m[38;2;0;0;0;48;2;0;0;0m                                                                                              [38;2;1;1;1m`[38;2;16;16;16;48;2;7;7;7m`[38;2;109;109;109;48;2;64;64;64m~[38;2;118;118;118;48;2;181;181;181m_[38;2;217;217;217;48;2;238;238;238m_[38;2;249;249;249;48;2;251;251;251m_[38;2;252;252;252m:[48;2;252;252;252m                  [0m
[7m[38;2;0;0;0m [0m[38;2;0;0;0;48;2;0;0;0m                                                                                                [38;2;1;1;1;48;2;7;7;7m:[38;2;110;110;110;48;2;78;78;78m_[38;2;180;180;180;48;2;202;202;202mF[38;2;241;241;241;48;2;247;247;247mr[38;2;251;251;251;48;2;252;252;252m_[38;2;252;252;252;48;2;251;251;251m.[48;2;252;252;252m                 [0m
[7m[38;2;0;0;0m [0m[38;2;0;0;0;48;2;0;0;0m                                                                                                [38;2;1;1;1;48;2;4;4;4m:[38;2;86;86;86;48;2;40;40;40m~[38;2;37;37;37;48;2;117;117;117my[38;2;106;106;106;48;2;186;186;186m_[38;2;213;213;213;48;2;238;238;238m_[38;2;248;248;248;48;2;251;251;251m_[38;2;252;252;252m:[48;2;252;252;252m                [0m
[7m[38;2;0;0;0m [0m[38;2;0;0;0;48;2;0;0;0m                                                                                                 [38;2;1;1;1m`[38;2;0;0;0;48;2;1;1;1m:[38;2;66;66;66;48;2;31;31;31m"[38;2;115;115;115;48;2;156;156;156my[38;2;203;203;203;48;2;231;231;231m,[38;2;251;251;251;48;2;252;252;252m,[38;2;252;252;252;48;2;251;251;251m::[48;2;252;252;252m              [0m
[?25h