[?25l[0m[7m[38;2;252;252;252m [0m[38;2;0;0;0;48;2;252;252;252m                                                                                                                       [0m
[7m[38;2;252;252;252m [0m[38;2;0;0;0;48;2;252;252;252m                                                                                                                       [0m
[7m[38;2;252;252;252m [0m[38;2;0;0;0;48;2;252;252;252m                                                                                                                       [0m
[7m[38;2;252;252;252m [0m[38;2;0;0;0;48;2;252;252;252m                                                                                                                       [0m
[7m[38;2;252;252;252m [0m[38;2;0;0;0;48;2;252;252;252m                                                                                                                       [0m
[7m[38;2;252;252;252m [0m[38;2;0;0;0;48;2;252;252;252m                                                                                                                       [0m
[7m[38;2;252;252;252m [0m[38;2;0;0;0;48;2;252;252;252m                                                                                                                       [0m
[7m[38;2;252;252;252m [0m[38;2;0;0;0;48;2;252;252;252m                                                                                                                       [0m
[7m[38;2;252;252;252m [0m[38;2;0;0;0;48;2;252;252;252m                                                                [38;2;252;252;252;48;2;251;251;251m.[38;2;249;249;249m_____[38;2;250;250;250m_ [48;2;252;252;252m                                               [0m
[7m[38;2;252;252;252m [0m[38;2;0;0;0;48;2;252;252;252m                                                      [38;2;252;252;252;48;2;251;251;251m:[38;2;245;245;245m_[38;2;249;249;249;48;2;252;252;252m_  [38;2;252;252;252;48;2;251;251;251m.:[38;2;250;250;250m.[38;2;252;252;252;48;2;250;250;250m`[38;2;200;200;200;48;2;247;247;247m_[38;2;170;170;170;48;2;238;238;238m_[38;2;130;130;130;48;2;220;220;220m_[38;2;99;99;99;48;2;206;206;206m_[38;2;82;82;82;48;2;199;199;199m_[38;2;77;77;77;48;2;197;197;197m_[38;2;100;100;100;48;2;207;207;207m_[38;2;139;139;139;48;2;224;224;224m_[38;2;178;178;178;48;2;242;242;242m_[38;2;204;204;204;48;2;247;247;247m_[38;2;242;242;242;48;2;250;250;250m,[38;2;250;250;250;48;2;251;251;251m,[38;2;252;252;252m:[48;2;252;252;252m [38;2;253;253;253m__                                        [0m
[7m[38;2;252;252;252m [0m[38;2;0;0;0;48;2;252;252;252m                                                   [38;2;252;252;252;48;2;251;251;251m:[38;2;253;253;253;48;2;250;250;250m.[38;2;207;207;207;48;2;243;243;243m_[38;2;134;134;134;48;2;220;220;220m_[38;2;175;175;175;48;2;205;205;205my[38;2;222;222;222;48;2;237;237;237m_[38;2;253;253;253;48;2;251;251;251m`[38;2;252;252;252;48;2;250;250;250m`[38;2;251;251;251;48;2;242;242;242m`[38;2;98;98;98;48;2;226;226;226m_[38;2;24;24;24;48;2;176;176;176m_[38;2;225;225;225;48;2;92;92;92m~[38;2;134;134;134;48;2;43;43;43m~[38;2;113;113;113;48;2;19;19;19m`[38;2;82;82;82;48;2;8;8;8m`[38;2;61;61;61;48;2;6;6;6m`[38;2;50;50;50;48;2;5;5;5m`[38;2;46;46;46m`[38;2;62;62;62;48;2;6;6;6m`[38;2;88;88;88;48;2;9;9;9m`[38;2;119;119;119;48;2;23;23;23m`[38;2;135;135;135;48;2;48;48;48m~[38;2;216;216;216;48;2;94;94;94m~[38;2;36;36;36;48;2;187;187;187m_[38;2;153;153;153;48;2;231;231;231m_[38;2;237;237;237;48;2;249;249;249m,[48;2;252;252;252m [38;2;253;253;253m:                                        [0m
[7m[38;2;252;252;252m [0m[38;2;0;0;0;48;2;252;252;252m                                                  [38;2;252;252;252;48;2;251;251;251m:[38;2;249;249;249;48;2;250;250;250m%[38;2;254;254;254;48;2;242;242;242m:[38;2;137;137;137;48;2;168;168;168m4[38;2;58;58;58;48;2;89;89;89ma[38;2;87;87;87;48;2;133;133;133m_[38;2;106;106;106;48;2;176;176;176m_[38;2;60;60;60;48;2;186;186;186m_[38;2;51;51;51;48;2;148;148;148my[38;2;170;170;170;48;2;52;52;52m~[38;2;67;67;67;48;2;17;17;17m"[38;2;5;5;5;48;2;2;2;2m'[48;2;0;0;0m [38;2;1;1;1m`        ` [38;2;0;0;0;48;2;5;5;5m:[38;2;107;107;107;48;2;33;33;33m~[38;2;51;51;51;48;2;133;133;133my[38;2;123;123;123;48;2;208;208;208m_[38;2;216;216;216;48;2;245;245;245m_[38;2;247;247;247;48;2;251;251;251m,[38;2;252;252;252m:[48;2;252;252;252m                                      [0m
[7m[38;2;252;252;252m [0m[38;2;0;0;0;48;2;252;252;252m                                                  [38;2;252;252;252;48;2;251;251;251m: [38;2;254;254;254;48;2;248;248;248m'[38;2;150;150;150;48;2;217;217;217m_[38;2;102;102;102;48;2;75;75;75mF[38;2;61;61;61;48;2;19;19;19m`[38;2;76;76;76;48;2;11;11;11m`[38;2;36;36;36;48;2;4;4;4m`[38;2;2;2;2;48;2;0;0;0m`                 [38;2;0;0;0;48;2;2;2;2m`[38;2;82;82;82;48;2;20;20;20m`[38;2;45;45;45;48;2;116;116;116my[38;2;123;123;123;48;2;214;214;214m_[38;2;231;231;231;48;2;247;247;247m,[38;2;250;250;250;48;2;251;251;251m_[38;2;252;252;252m:[48;2;252;252;252m                                    [0m
[7m[38;2;252;252;252m [0m[38;2;0;0;0;48;2;252;252;252m                                                [38;2;252;252;252;48;2;251;251;251m: [38;2;254;254;254;48;2;249;249;249m.[38;2;175;175;175;48;2;229;229;229m_[38;2;71;71;71;48;2;157;157;157my[38;2;119;119;119;48;2;38;38;38m~[38;2;25;25;25;48;2;4;4;4m~[48;2;0;0;0m                      [38;2;1;1;1m`[38;2;0;0;0;48;2;3;3;3m`[38;2;86;86;86;48;2;34;34;34m"[38;2;81;81;81;48;2;154;154;154my[38;2;196;196;196;48;2;234;234;234m_[38;2;246;246;246;48;2;250;250;250m,[48;2;251;251;251m [38;2;252;252;252m:[48;2;252;252;252m                                  [0m
[7m[38;2;252;252;252m [0m[38;2;0;0;0;48;2;252;252;252m                                               [38;2;252;252;252;48;2;251;251;251m:[48;2;249;249;249m`[38;2;187;187;187;48;2;236;236;236m_[38;2;65;65;65;48;2;173;173;173m_[38;2;119;119;119;48;2;49;49;49m~[38;2;25;25;25;48;2;5;5;5m~[38;2;1;1;1;48;2;0;0;0m~                         `[38;2;0;0;0;48;2;11;11;11m:[38;2;141;141;141;48;2;78;78;78m~[38;2;147;147;147;48;2;215;215;215m_[38;2;234;234;234;48;2;248;248;248m,[38;2;250;250;250;48;2;251;251;251m_[38;2;252;252;252m:[48;2;252;252;252m                                 [0m
[7m[38;2;252;252;252m [0m[38;2;0;0;0;48;2;252;252;252m                                             [38;2;252;252;252;48;2;251;251;251m: [48;2;244;244;244m'[38;2;131;131;131;48;2;199;199;199m_[38;2;157;157;157;48;2;76;76;76m~[38;2;42;42;42;48;2;11;11;11m~[48;2;0;0;0m                             [38;2;1;1;1m`[38;2;0;0;0;48;2;5;5;5m:[38;2;106;106;106;48;2;57;57;57m~[38;2;167;167;167;48;2;212;212;212m_[38;2;237;237;237;48;2;248;248;248m,[48;2;251;251;251m [38;2;252;252;252m:[48;2;252;252;252m                                [0m
[7m[38;2;252;252;252m [0m[38;2;0;0;0;48;2;252;252;252m                                            [38;2;252;252;252;48;2;251;251;251m:`[38;2;253;253;253;48;2;245;245;245m'[38;2;171;171;171;48;2;198;198;198my[38;2;82;82;82;48;2;53;53;53mF[38;2;17;17;17;48;2;3;3;3m~[48;2;0;0;0m                               [38;2;1;1;1m`[38;2;0;0;0;48;2;8;8;8m:[38;2;116;116;116;48;2;76;76;76m~[38;2;205;205;205;48;2;225;225;225mL[38;2;247;247;247;48;2;250;250;250m,[38;2;252;252;252;48;2;251;251;251m.[48;2;252;252;252m                                [0m
[7m[38;2;252;252;252m [0m[38;2;0;0;0;48;2;252;252;252m                                            [38;2;252;252;252;48;2;251;251;251m:[38;2;249;249;249;48;2;250;250;250mi[38;2;252;252;252;48;2;239;239;239m:[38;2;174;174;174;48;2;152;152;152mL[38;2;49;49;49;48;2;25;25;25mL[48;2;0;0;0m                                 [38;2;1;1;1m.[38;2;0;0;0;48;2;23;23;23m:[38;2;137;137;137;48;2;170;170;170mL[38;2;227;227;227;48;2;239;239;239m,[38;2;252;252;252;48;2;251;251;251m` [48;2;252;252;252m                               [0m
[7m[38;2;252;252;252m [0m[38;2;0;0;0;48;2;252;252;252m                                            [38;2;252;252;252;48;2;251;251;251m:[38;2;250;250;250m~[38;2;253;253;253;48;2;247;247;247m'[38;2;181;181;181;48;2;207;207;207m~[38;2;100;100;100;48;2;53;53;53mL[38;2;0;0;0;48;2;5;5;5m:[38;2;1;1;1;48;2;0;0;0m_                               :[38;2;0;0;0;48;2;19;19;19m:[38;2;132;132;132;48;2;153;153;153mF[38;2;228;228;228;48;2;237;237;237mF[38;2;251;251;251;48;2;250;250;250mF[48;2;251;251;251m [48;2;252;252;252m                               [0m
[7m[38;2;252;252;252m [0m[38;2;0;0;0;48;2;252;252;252m                                             [38;2;252;252;252;48;2;251;251;251m:[38;2;249;249;249m`[38;2;252;252;252;48;2;246;246;246m'[38;2;154;154;154;48;2;204;204;204m~[38;2;157;157;157;48;2;66;66;66m_[38;2;31;31;31;48;2;9;9;9m,[38;2;3;3;3;48;2;0;0;0m,                             [38;2;1;1;1m.[38;2;0;0;0;48;2;11;11;11m:[38;2;167;167;167;48;2;71;71;71m_[38;2;175;175;175;48;2;214;214;214m~[38;2;241;241;241;48;2;248;248;248m~[38;2;250;250;250;48;2;251;251;251m` [48;2;252;252;252m                               [0m
[7m[38;2;252;252;252m [0m[38;2;0;0;0;48;2;252;252;252m                                              [38;2;252;252;252;48;2;251;251;251m::[38;2;254;254;254;48;2;250;250;250m'[38;2;194;194;194;48;2;232;232;232m`[38;2;62;62;62;48;2;158;158;158m~[38;2;149;149;149;48;2;46;46;46m_[38;2;32;32;32;48;2;8;8;8m,[48;2;0;0;0m                          [38;2;0;0;0;48;2;3;3;3m:[38;2;97;97;97;48;2;22;22;22m_[38;2;210;210;210;48;2;69;69;69m_[38;2;63;63;63;48;2;183;183;183m~[38;2;205;205;205;48;2;240;240;240m~[38;2;247;247;247;48;2;251;251;251m`[48;2;252;252;252m [38;2;253;253;253ma                                [0m
[7m[38;2;252;252;252m [0m[38;2;0;0;0;48;2;252;252;252m                                                [38;2;252;252;252;48;2;251;251;251m:[38;2;250;250;250m~[38;2;253;253;253;48;2;249;249;249m'[38;2;188;188;188;48;2;231;231;231m"[38;2;90;90;90;48;2;173;173;173m~[38;2;178;178;178;48;2;66;66;66m_[38;2;97;97;97;48;2;13;13;13m_[38;2;18;18;18;48;2;2;2;2m,[48;2;0;0;0m                     [38;2;0;0;0;48;2;19;19;19m:[38;2;165;165;165;48;2;89;89;89my[38;2;104;104;104;48;2;199;199;199m~[38;2;159;159;159;48;2;230;230;230m~[38;2;233;233;233;48;2;249;249;249m~[38;2;253;253;253;48;2;252;252;252m~                                    [0m
[7m[38;2;252;252;252m [0m[38;2;0;0;0;48;2;252;252;252m                                                   [48;2;251;251;251m [38;2;252;252;252m:[38;2;212;212;212;48;2;243;243;243m`[38;2;156;156;156;48;2;217;217;217m~[38;2;41;41;41;48;2;162;162;162m~[38;2;209;209;209;48;2;65;65;65m_[38;2;118;118;118;48;2;25;25;25m_[38;2;31;31;31;48;2;6;6;6m,[38;2;1;1;1;48;2;0;0;0m.              [38;2;0;0;0;48;2;2;2;2m`[38;2;2;2;2;48;2;22;22;22m`[38;2;203;203;203;48;2;67;67;67m_[38;2;72;72;72;48;2;184;184;184m~[38;2;216;216;216;48;2;242;242;242m~[38;2;252;252;252;48;2;250;250;250m.[48;2;251;251;251m :[48;2;252;252;252m                                     [0m
[7m[38;2;252;252;252m [0m[38;2;0;0;0;48;2;252;252;252m                                                     [38;2;252;252;252;48;2;251;251;251m:[38;2;249;249;249m` [38;2;241;241;241;48;2;248;248;248m`[38;2;177;177;177;48;2;232;232;232m~[38;2;115;115;115;48;2;207;207;207m~[38;2;213;213;213;48;2;122;122;122my[38;2;220;220;220;48;2;81;81;81m_[38;2;166;166;166;48;2;46;46;46m_[38;2;130;130;130;48;2;18;18;18m_[38;2;90;90;90;48;2;4;4;4m_[38;2;53;53;53;48;2;2;2;2m_[38;2;20;20;20;48;2;0;0;0m_[38;2;2;2;2m,   [38;2;0;0;0;48;2;2;2;2m:[38;2;74;74;74;48;2;5;5;5m_[38;2;134;134;134;48;2;27;27;27m_[38;2;162;162;162;48;2;67;67;67my[38;2;214;214;214;48;2;127;127;127my[38;2;133;133;133;48;2;221;221;221m~[38;2;230;230;230;48;2;248;248;248m~[38;2;253;253;253;48;2;251;251;251m` [38;2;252;252;252m:[48;2;252;252;252m                                       [0m
[7m[38;2;252;252;252m [0m[38;2;0;0;0;48;2;252;252;252m                                                        [38;2;252;252;252;48;2;251;251;251m:. .[38;2;235;235;235;48;2;249;249;249m`[38;2;206;206;206;48;2;245;245;245m`[38;2;188;188;188;48;2;240;240;240m`[38;2;157;157;157;48;2;221;221;221m~[38;2;98;98;98;48;2;201;201;201m~[38;2;50;50;50;48;2;187;187;187m~[38;2;12;12;12;48;2;170;170;170m~[38;2;0;0;0;48;2;154;154;154m~~[38;2;3;3;3;48;2;163;163;163m~[38;2;43;43;43;48;2;187;187;187m~[38;2;122;122;122;48;2;213;213;213m~[38;2;202;202;202;48;2;241;241;241m~[38;2;231;231;231;48;2;248;248;248m`[38;2;252;252;252;48;2;250;250;250m.[48;2;251;251;251m :[48;2;252;252;252m                                          [0m
[7m[38;2;252;252;252m [0m[38;2;0;0;0;48;2;252;252;252m                                                              [38;2;252;252;252;48;2;251;251;251m.[38;2;250;250;250m~[38;2;249;249;249m~[48;2;252;252;252m [38;2;253;253;253m~[48;2;251;251;251m~~~[48;2;252;252;252m [38;2;250;250;250;48;2;251;251;251m~[38;2;252;252;252m:[48;2;252;252;252m                                              [0m
[7m[38;2;252;252;252m [0m[38;2;0;0;0;48;2;252;252;252m                                                                                                                       [0m
[7m[38;2;252;252;252m [0m[38;2;0;0;0;48;2;252;252;252m                                                                                                                       [0m
[7m[38;2;252;252;252m [0m[38;2;0;0;0;48;2;252;252;252m                                                                                                                       [0m
[7m[38;2;252;252;252m [0m[38;2;0;0;0;48;2;252;252;252m                                                                                                                       [0m
[7m[38;2;252;252;252m [0m[38;2;0;0;0;48;2;252;252;252m                                                                                                                       [0m
[7m[38;2;252;252;252m [0m[38;2;0;0;0;48;2;252;252;252m                                                                                                                       [0m
[7m[38;2;252;252;252m [0m[38;2;0;0;0;48;2;252;252;252m                                                                                                                       [0m
[7m[38;2;252;252;252m [0m[38;2;0;0;0;48;2;252;252;252m                                                                                                                       [0m
[7m[38;2;252;252;252m [0m[38;2;0;0;0;48;2;252;252;252m                                                                                                                       [0m
[7m[38;2;252;252;252m [0m[38;2;0;0;0;48;2;252;252;252m                                                                                                                       [0m
[?25h