[?25l[0m[7m[38;2;0;0;0m [0m[38;2;0;0;0;48;2;0;0;0m                                                                                                                       [0m
[7m[38;2;0;0;0m [0m[38;2;0;0;0;48;2;0;0;0m                                                                                                                       [0m
[7m[38;2;0;0;0m [0m[38;2;0;0;0;48;2;0;0;0m                               [48;2;2;2;2m`[38;2;11;11;11;48;2;5;5;5ms[38;2;4;4;4;48;2;2;2;2mr[48;2;0;0;0m                                                                                     [0m
[7m[38;2;0;0;0m [0m[38;2;0;0;0;48;2;0;0;0m         [38;2;1;1;1m_                      [38;2;5;5;5m`[38;2;1;1;1m`                          ~                                                     [38;2;0;0;0;48;2;3;3;3m`[38;2;8;8;8mw[38;2;0;0;0;48;2;1;1;1m`[48;2;0;0;0m  [0m
[7m[38;2;0;0;0m [0m[38;2;0;0;0;48;2;0;0;0m        [38;2;1;1;1mJ[38;2;2;2;2;48;2;1;1;1mF[48;2;0;0;0m      [38;2;6;6;6;48;2;2;2;2m=[38;2;10;10;10;48;2;3;3;3m=[48;2;0;0;0m                                                                                      [38;2;1;1;1mx[38;2;0;0;0;48;2;2;2;2m~[38;2;1;1;1;48;2;0;0;0mL       [38;2;2;2;2m`[38;2;1;1;1m~   [0m
[7m[38;2;0;0;0m [0m[38;2;0;0;0;48;2;0;0;0m                                        [38;2;1;1;1m.[38;2;7;7;7m_                          [38;2;1;1;1m_                             _      `             [0m
[7m[38;2;0;0;0m [0m[38;2;0;0;0;48;2;0;0;0m                                        [38;2;4;4;4;48;2;2;2;2m"[38;2;11;11;11;48;2;4;4;4m~[48;2;0;0;0m  [38;2;2;2;2;48;2;1;1;1ma[38;2;1;1;1;48;2;0;0;0m.           [38;2;0;0;0;48;2;1;1;1m:[38;2;53;53;53;48;2;2;2;2m_[38;2;74;74;74;48;2;9;9;9m_[38;2;82;82;82;48;2;14;14;14m_[38;2;78;78;78;48;2;11;11;11m_[38;2;50;50;50;48;2;3;3;3m_[38;2;8;8;8;48;2;1;1;1m,[38;2;1;1;1;48;2;0;0;0m,   [38;2;4;4;4;48;2;1;1;1m=[38;2;0;0;0m.[48;2;0;0;0m  [38;2;8;8;8;48;2;1;1;1m_[38;2;9;9;9m_[38;2;2;2;2;48;2;0;0;0m,      [38;2;7;7;7;48;2;2;2;2m_[38;2;17;17;17;48;2;5;5;5m_[38;2;5;5;5;48;2;1;1;1m,[48;2;0;0;0m              [38;2;3;3;3;48;2;1;1;1m4[48;2;2;2;2m*[48;2;0;0;0m                   [0m
[7m[38;2;0;0;0m [0m[38;2;0;0;0;48;2;0;0;0m                                   [38;2;1;1;1m.[38;2;6;6;6;48;2;3;3;3my[38;2;4;4;4;48;2;1;1;1m,[48;2;0;0;0m      [38;2;1;1;1m``    [38;2;0;0;0;48;2;3;3;3m`[38;2;57;57;57;48;2;7;7;7m_[38;2;76;76;76;48;2;9;9;9m_[38;2;39;39;39;48;2;4;4;4m_[38;2;0;0;0;48;2;1;1;1m`[38;2;1;1;1;48;2;11;11;11m`[38;2;155;155;155;48;2;53;53;53m_[38;2;63;63;63;48;2;175;175;175m~[38;2;153;153;153;48;2;223;223;223m~[38;2;187;187;187;48;2;239;239;239m~[38;2;166;166;166;48;2;238;238;238m`[38;2;164;164;164;48;2;235;235;235m`[38;2;150;150;150;48;2;208;208;208m~[38;2;57;57;57;48;2;160;160;160m~[38;2;200;200;200;48;2;77;77;77m_[38;2;159;159;159;48;2;30;30;30m_[38;2;67;67;67;48;2;8;8;8m_[38;2;3;3;3;48;2;1;1;1m.[48;2;0;0;0m    [38;2;6;6;6;48;2;2;2;2m"~[38;2;1;1;1;48;2;0;0;0m'      [38;2;4;4;4m`[38;2;12;12;12;48;2;1;1;1m`[38;2;2;2;2;48;2;0;0;0m`                        [38;2;10;10;10;48;2;3;3;3my,[48;2;0;0;0m_[38;2;6;6;6m_       [0m
[7m[38;2;0;0;0m [0m[38;2;1;1;1;48;2;0;0;0mr         ._                        [38;2;3;3;3m"[38;2;1;1;1m~           [38;2;25;25;25;48;2;15;15;15mu[38;2;118;118;118;48;2;85;85;85ma[38;2;101;101;101;48;2;207;207;207m~[38;2;121;121;121;48;2;215;215;215m~[38;2;87;87;87;48;2;197;197;197m~[38;2;51;51;51;48;2;178;178;178m~[38;2;85;85;85;48;2;208;208;208m~[38;2;192;192;192;48;2;234;234;234m"[38;2;252;252;252;48;2;250;250;250m.[38;2;248;248;248;48;2;251;251;251m~[38;2;252;252;252m.[38;2;251;251;251;48;2;250;250;250m`[38;2;254;254;254;48;2;243;243;243m:[38;2;126;126;126;48;2;169;169;169m4[38;2;55;55;55;48;2;112;112;112m*[38;2;218;218;218;48;2;101;101;101m~[38;2;62;62;62;48;2;131;131;131my[38;2;86;86;86;48;2;67;67;67m=[38;2;26;26;26;48;2;12;12;12mF[48;2;0;0;0m                                        [38;2;12;12;12;48;2;3;3;3m~[38;2;10;10;10;48;2;2;2;2m~[38;2;15;15;15;48;2;6;6;6m~[38;2;12;12;12;48;2;3;3;3m~[38;2;1;1;1;48;2;0;0;0m'      [0m
[7m[38;2;0;0;0m [0m[38;2;0;0;0;48;2;0;0;0m          [38;2;1;1;1m``        [38;2;2;2;2m_[38;2;3;3;3m_                          [38;2;1;1;1m`[38;2;0;0;0;48;2;5;5;5m:[38;2;98;98;98;48;2;48;48;48m"[38;2;66;66;66;48;2;160;160;160my[38;2;77;77;77;48;2;194;194;194m_[38;2;124;124;124;48;2;218;218;218m_[38;2;173;173;173;48;2;239;239;239m_[38;2;194;194;194;48;2;247;247;247m_[38;2;231;231;231;48;2;250;250;250m_[38;2;252;252;252;48;2;251;251;251m` [38;2;253;253;253;48;2;252;252;252m_[38;2;252;252;252;48;2;251;251;251m.`[38;2;230;230;230;48;2;247;247;247m`[38;2;175;175;175;48;2;239;239;239m`[38;2;155;155;155;48;2;234;234;234m`[38;2;148;148;148;48;2;218;218;218m~[38;2;95;95;95;48;2;183;183;183m~[38;2;146;146;146;48;2;86;86;86mw[38;2;54;54;54;48;2;21;21;21m,[38;2;2;2;2;48;2;0;0;0my               [38;2;7;7;7;48;2;3;3;3myw[38;2;2;2;2;48;2;0;0;0m.   [38;2;1;1;1m_[38;2;4;4;4m_                          [0m
[7m[38;2;0;0;0m [0m[38;2;0;0;0;48;2;0;0;0m          [38;2;3;3;3m_[38;2;6;6;6;48;2;3;3;3my[38;2;10;10;10;48;2;4;4;4m*[38;2;0;0;0;48;2;1;1;1m`[48;2;0;0;0m    [38;2;2;2;2;48;2;1;1;1m-[38;2;5;5;5;48;2;2;2;2m=[38;2;4;4;4m~[38;2;6;6;6m~[48;2;0;0;0m            [38;2;0;0;0;48;2;1;1;1m`[38;2;10;10;10;48;2;4;4;4m*[38;2;3;3;3;48;2;1;1;1m-[48;2;0;0;0m              [48;2;1;1;1m`[38;2;46;46;46;48;2;6;6;6m`[38;2;78;78;78;48;2;12;12;12m`[38;2;115;115;115;48;2;41;41;41m`[38;2;95;95;95;48;2;147;147;147mF[38;2;207;207;207;48;2;232;232;232m~[38;2;253;253;253;48;2;245;245;245m:[38;2;107;107;107;48;2;214;214;214m_[38;2;177;177;177;48;2;234;234;234m_[38;2;252;252;252;48;2;250;250;250m`[38;2;251;251;251;48;2;252;252;252m_ [38;2;253;253;253m_[38;2;254;254;254;48;2;251;251;251m_`[38;2;220;220;220;48;2;237;237;237m~[38;2;111;111;111;48;2;189;189;189m~[38;2;241;241;241;48;2;105;105;105m_[38;2;131;131;131;48;2;42;42;42m_[38;2;29;29;29;48;2;7;7;7m_[48;2;0;0;0m [38;2;5;5;5;48;2;1;1;1m_[48;2;0;0;0m            [38;2;2;2;2m``    [38;2;4;4;4;48;2;2;2;2m4[38;2;0;0;0;48;2;8;8;8m_[38;2;4;4;4;48;2;1;1;1mF[48;2;0;0;0m                    [38;2;8;8;8;48;2;4;4;4m*[38;2;6;6;6;48;2;2;2;2mr[48;2;0;0;0m   [0m
[7m[38;2;0;0;0m [0m[38;2;1;1;1;48;2;0;0;0m..        [38;2;3;3;3;48;2;1;1;1m"[38;2;6;6;6;48;2;2;2;2m~[38;2;2;2;2;48;2;0;0;0m~                      [38;2;3;3;3m`[38;2;1;1;1m`     [38;2;6;6;6;48;2;3;3;3mw[38;2;3;3;3;48;2;1;1;1mw[48;2;0;0;0m      [38;2;1;1;1m`   [38;2;33;33;33;48;2;9;9;9m"[38;2;135;135;135;48;2;45;45;45m~[38;2;45;45;45;48;2;130;130;130my[38;2;124;124;124;48;2;187;187;187my[38;2;168;168;168;48;2;215;215;215m~[38;2;194;194;194;48;2;233;233;233m~[38;2;252;252;252;48;2;249;249;249m`[48;2;251;251;251m_[38;2;253;253;253m:[38;2;250;250;250;48;2;234;234;234m`[38;2;127;127;127;48;2;203;203;203my[38;2;64;64;64;48;2;188;188;188m_[38;2;77;77;77;48;2;198;198;198m_[38;2;122;122;122;48;2;210;210;210m_[38;2;145;145;145;48;2;213;213;213m_[38;2;90;90;90;48;2;154;154;154m_[38;2;80;80;80;48;2;50;50;50mF[38;2;1;1;1;48;2;5;5;5m`[38;2;2;2;2;48;2;0;0;0m~  [38;2;15;15;15;48;2;2;2;2m_[38;2;4;4;4;48;2;0;0;0m,                                     [38;2;2;2;2m`[38;2;1;1;1m`   [0m
[7m[38;2;0;0;0m [0m[38;2;0;0;0;48;2;0;0;0m                                          [38;2;2;2;2m`[38;2;1;1;1m`            [38;2;0;0;0;48;2;3;3;3m:[38;2;89;89;89;48;2;66;66;66m4[38;2;208;208;208;48;2;225;225;225mL[38;2;252;252;252;48;2;250;250;250m:[38;2;253;253;253;48;2;252;252;252m,[38;2;252;252;252;48;2;251;251;251m;[38;2;251;251;251;48;2;250;250;250my[38;2;254;254;254;48;2;246;246;246m:[38;2;133;133;133;48;2;187;187;187m~[38;2;136;136;136;48;2;84;84;84my[38;2;50;50;50;48;2;157;157;157m~[38;2;113;113;113;48;2;209;209;209m~[38;2;130;130;130;48;2;192;192;192m~[38;2;94;94;94;48;2;57;57;57mL[38;2;9;9;9;48;2;2;2;2m`[38;2;1;1;1;48;2;0;0;0m.   [38;2;20;20;20;48;2;5;5;5m~[38;2;0;0;0;48;2;2;2;2m.[48;2;0;0;0m                                          [0m
[7m[38;2;0;0;0m [0m[38;2;0;0;0;48;2;0;0;0m                                                       [38;2;1;1;1m:[38;2;0;0;0;48;2;23;23;23m`[38;2;70;70;70;48;2;127;127;127mF[38;2;245;245;245;48;2;220;220;220m:[38;2;93;93;93;48;2;165;165;165my[38;2;92;92;92;48;2;163;163;163my[38;2;212;212;212;48;2;234;234;234m,[38;2;252;252;252;48;2;250;250;250m`[38;2;253;253;253;48;2;252;252;252m`[38;2;246;246;246;48;2;250;250;250m`[38;2;189;189;189;48;2;243;243;243m`[38;2;243;243;243;48;2;250;250;250m~[38;2;254;254;254;48;2;252;252;252m`[38;2;246;246;246;48;2;233;233;233m:[38;2;87;87;87;48;2;135;135;135m7[38;2;181;181;181;48;2;48;48;48m_[38;2;130;130;130;48;2;26;26;26m_[38;2;119;119;119;48;2;15;15;15m_[38;2;111;111;111;48;2;12;12;12m_[38;2;84;84;84;48;2;9;9;9m_[38;2;34;34;34;48;2;3;3;3m_[38;2;3;3;3;48;2;0;0;0m,        [38;2;2;2;2m.    [38;2;13;13;13;48;2;5;5;5my[38;2;12;12;12mw[38;2;4;4;4;48;2;1;1;1m.[48;2;0;0;0m                          [0m
[7m[38;2;0;0;0m [0m[38;2;0;0;0;48;2;0;0;0m   [38;2;6;6;6;48;2;2;2;2m*[48;2;1;1;1m+[48;2;0;0;0m                           [38;2;0;0;0;48;2;1;1;1m`[38;2;69;69;69;48;2;15;15;15m_[38;2;163;163;163;48;2;36;36;36m_[48;2;37;37;37m_[38;2;150;150;150;48;2;34;34;34m_[38;2;122;122;122;48;2;28;28;28m_[38;2;110;110;110;48;2;25;25;25m_[38;2;84;84;84;48;2;18;18;18m_[38;2;44;44;44;48;2;9;9;9m_[38;2;22;22;22;48;2;3;3;3m_[38;2;9;9;9;48;2;1;1;1m_[38;2;3;3;3;48;2;0;0;0m_  [38;2;1;1;1m====    [38;2;0;0;0;48;2;6;6;6m`[38;2;85;85;85;48;2;41;41;41my[38;2;75;75;75;48;2;166;166;166m~[38;2;118;118;118;48;2;208;208;208m_[38;2;67;67;67;48;2;127;127;127my[38;2;144;144;144;48;2;67;67;67m_[38;2;44;44;44;48;2;148;148;148m~[38;2;193;193;193;48;2;231;231;231m~[38;2;252;252;252;48;2;249;249;249m`[48;2;251;251;251m :[48;2;252;252;252m [48;2;251;251;251m [48;2;250;250;250m [38;2;203;203;203;48;2;226;226;226m=[38;2;163;163;163;48;2;217;217;217m*[38;2;200;200;200;48;2;219;219;219mw[38;2;241;241;241;48;2;192;192;192m_[38;2;116;116;116;48;2;170;170;170m=[38;2;98;98;98;48;2;134;134;134ma[38;2;110;110;110;48;2;128;128;128m`[38;2;157;157;157;48;2;104;104;104my[38;2;226;226;226;48;2;73;73;73m_[38;2;241;241;241;48;2;76;76;76m_[38;2;244;244;244;48;2;93;93;93m_[38;2;11;11;11;48;2;139;139;139m~[38;2;19;19;19;48;2;158;158;158m~[38;2;22;22;22;48;2;166;166;166m~[48;2;167;167;167m~~[38;2;19;19;19;48;2;155;155;155m~[38;2;244;244;244;48;2;105;105;105m_[38;2;198;198;198;48;2;65;65;65m_[38;2;78;78;78;48;2;19;19;19m_[38;2;1;1;1;48;2;0;0;0m. [38;2;5;5;5m`[38;2;4;4;4m`                           [0m
[7m[38;2;0;0;0m [0m[38;2;0;0;0;48;2;0;0;0m           [38;2;6;6;6;48;2;2;2;2m.[38;2;8;8;8;48;2;3;3;3mL[48;2;0;0;0m                [38;2;0;0;0;48;2;1;1;1m`[38;2;5;5;5;48;2;3;3;3ms[38;2;1;1;1;48;2;0;0;0m:[38;2;3;3;3m`[38;2;66;66;66;48;2;43;43;43mJ[38;2;29;29;29;48;2;146;146;146m_[38;2;85;85;85;48;2;189;189;189m_[38;2;113;113;113;48;2;197;197;197m_[38;2;135;135;135;48;2;202;202;202m_[38;2;184;184;184;48;2;221;221;221m~[38;2;176;176;176;48;2;235;235;235m~[38;2;164;164;164;48;2;229;229;229m~[38;2;152;152;152;48;2;221;221;221m~[38;2;142;142;142;48;2;217;217;217m~[38;2;134;134;134;48;2;214;214;214m~[38;2;121;121;121;48;2;206;206;206m~[38;2;106;106;106;48;2;195;195;195m~[38;2;89;89;89;48;2;182;182;182m~[38;2;75;75;75;48;2;172;172;172m~[38;2;214;214;214;48;2;136;136;136my[38;2;212;212;212;48;2;125;125;125my[48;2;115;115;115my[48;2;109;109;109my[48;2;104;104;104my[38;2;207;207;207;48;2;101;101;101my[38;2;63;63;63;48;2;175;175;175m~[38;2;151;151;151;48;2;228;228;228m`[38;2;251;251;251;48;2;233;233;233m.[38;2;105;105;105;48;2;180;180;180m~[38;2;113;113;113;48;2;202;202;202m~[38;2;193;193;193;48;2;235;235;235m"[38;2;251;251;251;48;2;249;249;249m:[38;2;252;252;252;48;2;251;251;251m:.[48;2;252;252;252m    [38;2;251;251;251m`[38;2;253;253;253;48;2;251;251;251m`[38;2;247;247;247m`[38;2;234;234;234;48;2;248;248;248m~[38;2;247;247;247;48;2;251;251;251m~[38;2;238;238;238;48;2;248;248;248m`[38;2;196;196;196;48;2;239;239;239m~[38;2;191;191;191m~[38;2;218;218;218;48;2;245;245;245m~[38;2;241;241;241;48;2;250;250;250m~[38;2;252;252;252;48;2;251;251;251m`[38;2;250;250;250m4[38;2;252;252;252;48;2;250;250;250m_[38;2;250;250;250;48;2;251;251;251m====4[38;2;253;253;253;48;2;250;250;250m`[38;2;219;219;219;48;2;243;243;243m`[38;2;122;122;122;48;2;188;188;188m~[38;2;204;204;204;48;2;87;87;87m_[38;2;148;148;148;48;2;35;35;35m_[38;2;68;68;68;48;2;8;8;8m_[38;2;6;6;6;48;2;0;0;0m,            [38;2;3;3;3;48;2;1;1;1m.[38;2;6;6;6;48;2;2;2;2my[38;2;4;4;4;48;2;1;1;1m.[48;2;0;0;0m            [0m
[7m[38;2;0;0;0m [0m[38;2;0;0;0;48;2;0;0;0m           [38;2;2;2;2m`[38;2;3;3;3m`                 [38;2;2;2;2m`   [38;2;16;16;16;48;2;1;1;1m`[38;2;61;61;61;48;2;6;6;6m`[38;2;82;82;82;48;2;10;10;10m`[38;2;99;99;99;48;2;19;19;19m`[38;2;142;142;142;48;2;61;61;61m~[38;2;45;45;45;48;2;143;143;143my[38;2;174;174;174;48;2;67;67;67m~[38;2;144;144;144;48;2;54;54;54m~[38;2;24;24;24;48;2;112;112;112my[38;2;45;45;45;48;2;145;145;145my[38;2;35;35;35;48;2;162;162;162m_[38;2;78;78;78;48;2;190;190;190m_[38;2;133;133;133;48;2;197;197;197m_[38;2;115;115;115;48;2;155;155;155m4[38;2;55;55;55;48;2;126;126;126m=[38;2;152;152;152;48;2;70;70;70m~[38;2;167;167;167;48;2;65;65;65m~[38;2;183;183;183;48;2;72;72;72m~[38;2;22;22;22;48;2;110;110;110my[38;2;24;24;24;48;2;119;119;119my[38;2;27;27;27;48;2;126;126;126my[38;2;47;47;47;48;2;144;144;144my[38;2;130;130;130;48;2;190;190;190my[38;2;253;253;253;48;2;245;245;245m'[38;2;249;249;249;48;2;250;250;250m_[38;2;243;243;243m_[38;2;226;226;226;48;2;248;248;248m_[38;2;202;202;202;48;2;244;244;244m_[38;2;197;197;197m_[38;2;227;227;227;48;2;248;248;248m_[38;2;245;245;245;48;2;251;251;251m_[48;2;252;252;252m  [38;2;252;252;252;48;2;251;251;251m:[38;2;231;231;231;48;2;249;249;249m_[38;2;228;228;228;48;2;248;248;248m_[38;2;231;231;231m_[38;2;218;218;218;48;2;247;247;247m_[38;2;246;246;246;48;2;250;250;250m,[38;2;254;254;254;48;2;251;251;251m__[38;2;253;253;253;48;2;252;252;252m_[38;2;252;252;252;48;2;251;251;251m:[38;2;250;250;250m___ [38;2;252;252;252m.[48;2;252;252;252m    [48;2;251;251;251m:.[38;2;231;231;231;48;2;249;249;249m`[38;2;186;186;186;48;2;223;223;223m`[38;2;147;147;147;48;2;110;110;110mL[38;2;33;33;33;48;2;19;19;19mL[48;2;0;0;0m            [38;2;1;1;1m`[38;2;2;2;2m`[38;2;1;1;1m`            [0m
[7m[38;2;0;0;0m [0m[38;2;0;0;0;48;2;0;0;0m                                         [38;2;2;2;2m`   [38;2;9;9;9;48;2;4;4;4m`[38;2;74;74;74;48;2;21;21;21m~[38;2;172;172;172;48;2;59;59;59m~[38;2;39;39;39;48;2;114;114;114my[38;2;56;56;56;48;2;29;29;29m~[38;2;0;0;0;48;2;2;2;2m:[38;2;3;3;3;48;2;0;0;0m`   [38;2;0;0;0;48;2;3;3;3m'[38;2;81;81;81;48;2;23;23;23m"[38;2;194;194;194;48;2;55;55;55m~[38;2;205;205;205;48;2;61;61;61m~[38;2;199;199;199;48;2;56;56;56m~[38;2;183;183;183;48;2;46;46;46m~[38;2;159;159;159;48;2;38;38;38m~[38;2;153;153;153m~[38;2;181;181;181;48;2;67;67;67m~[38;2;213;213;213;48;2;162;162;162m~[38;2;235;235;235;48;2;243;243;243mL[38;2;225;225;225;48;2;249;249;249m_[38;2;253;253;253;48;2;243;243;243m:[38;2;115;115;115;48;2;161;161;161ma[38;2;184;184;184;48;2;64;64;64m~[38;2;186;186;186;48;2;48;48;48m~[38;2;175;175;175;48;2;46;46;46m~[38;2;204;204;204;48;2;73;73;73m~[38;2;44;44;44;48;2;143;143;143my[38;2;2;2;2;48;2;163;163;163m_[38;2;20;20;20;48;2;185;185;185m_[38;2;47;47;47;48;2;196;196;196m_[38;2;76;76;76;48;2;204;204;204m_[38;2;104;104;104;48;2;212;212;212m_[38;2;138;138;138;48;2;224;224;224m_[38;2;175;175;175;48;2;237;237;237m_[38;2;204;204;204;48;2;248;248;248m_[38;2;222;222;222;48;2;250;250;250m_[38;2;234;234;234;48;2;251;251;251m_[38;2;247;247;247m_[38;2;252;252;252;48;2;250;250;250m`[38;2;227;227;227;48;2;249;249;249m_[38;2;169;169;169;48;2;233;233;233m_[38;2;127;127;127;48;2;218;218;218m_[38;2;116;116;116;48;2;192;192;192m_[38;2;128;128;128;48;2;88;88;88mF[38;2;34;34;34;48;2;15;15;15m~[48;2;0;0;0m                           [0m
[7m[38;2;0;0;0m [0m[38;2;0;0;0;48;2;0;0;0m                          [38;2;4;4;4;48;2;1;1;1m*[38;2;5;5;5;48;2;2;2;2m+[48;2;0;0;0m                    [38;2;1;1;1m^             [38;2;2;2;2m`[38;2;29;29;29;48;2;16;16;16m"[38;2;53;53;53;48;2;104;104;104my[38;2;99;99;99;48;2;171;171;171my[38;2;42;42;42;48;2;120;120;120my[38;2;47;47;47;48;2;145;145;145my[38;2;137;137;137;48;2;56;56;56m~[38;2;29;29;29;48;2;11;11;11m^[38;2;1;1;1;48;2;0;0;0m"  T`[38;2;10;10;10;48;2;1;1;1m`[38;2;31;31;31;48;2;3;3;3m`[38;2;55;55;55;48;2;6;6;6m`[38;2;76;76;76;48;2;9;9;9m`[38;2;102;102;102;48;2;13;13;13m`[38;2;131;131;131;48;2;18;18;18m`[38;2;155;155;155;48;2;31;31;31m`[38;2;160;160;160;48;2;63;63;63m~[38;2;47;47;47;48;2;127;127;127my[38;2;75;75;75;48;2;160;160;160my[38;2;74;74;74;48;2;163;163;163my[38;2;189;189;189;48;2;84;84;84m~[38;2;107;107;107;48;2;33;33;33m~[38;2;95;95;95;48;2;14;14;14m`[38;2;86;86;86;48;2;11;11;11m`[38;2;41;41;41;48;2;5;5;5m`[38;2;8;8;8;48;2;3;3;3ma[38;2;7;7;7m*[38;2;1;1;1;48;2;0;0;0m:                         [0m
[7m[38;2;0;0;0m [0m[38;2;0;0;0;48;2;0;0;0m                          [38;2;1;1;1m``          [38;2;0;0;0;48;2;1;1;1m`[38;2;10;10;10;48;2;4;4;4m=[38;2;0;0;0;48;2;1;1;1m`[48;2;0;0;0m      [38;2;4;4;4m_[38;2;2;2;2m_                                   [38;2;4;4;4m"[38;2;1;1;1m` `   ``                          [0m
[7m[38;2;0;0;0m [0m[38;2;0;0;0;48;2;0;0;0m             [48;2;1;1;1m`[38;2;5;5;5;48;2;2;2;2m+[48;2;0;0;0m                        [38;2;1;1;1m`      [38;2;0;0;0;48;2;2;2;2m:[38;2;3;3;3;48;2;12;12;12m_[38;2;8;8;8;48;2;5;5;5mF[48;2;0;0;0m [38;2;3;3;3m_[38;2;2;2;2m_                                [38;2;16;16;16;48;2;2;2;2m_[38;2;6;6;6;48;2;1;1;1m,[48;2;0;0;0m                                 [0m
[7m[38;2;0;0;0m [0m[38;2;0;0;0;48;2;0;0;0m             [48;2;3;3;3m`[38;2;6;6;6mr[48;2;0;0;0m                [38;2;0;0;0;48;2;1;1;1m`[38;2;9;9;9;48;2;3;3;3m=[48;2;0;0;0m      [38;2;1;1;1;48;2;4;4;4m~[38;2;4;4;4;48;2;2;2;2ms[48;2;0;0;0m         [38;2;3;3;3;48;2;1;1;1m~[38;2;2;2;2m"[48;2;0;0;0m                     [38;2;12;12;12;48;2;3;3;3m_[38;2;9;9;9;48;2;4;4;4my[38;2;0;0;0;48;2;1;1;1m`[48;2;0;0;0m        [38;2;13;13;13;48;2;2;2;2m~[38;2;6;6;6;48;2;1;1;1m~[48;2;0;0;0m                   [38;2;9;9;9;48;2;3;3;3m_[38;2;8;8;8my[38;2;3;3;3;48;2;1;1;1m.[48;2;0;0;0m           [0m
[7m[38;2;0;0;0m [0m[38;2;0;0;0;48;2;0;0;0m             [38;2;1;1;1m``                        [38;2;3;3;3m`[38;2;2;2;2m`                     [38;2;5;5;5;48;2;2;2;2maa[48;2;0;0;0m        [38;2;0;0;0;48;2;2;2;2m.[38;2;17;17;17;48;2;6;6;6m~[38;2;6;6;6;48;2;2;2;2m"[48;2;0;0;0m                              [48;2;1;1;1m``[38;2;1;1;1;48;2;0;0;0m`           [0m
[38;2;1;1;1;48;2;0;0;0m,[38;2;3;3;3;48;2;1;1;1m.[38;2;10;10;10;48;2;3;3;3my[38;2;14;14;14;48;2;4;4;4m,[48;2;0;0;0m                                                           [38;2;1;1;1m`~     [38;2;12;12;12;48;2;4;4;4my[38;2;4;4;4;48;2;1;1;1m.[48;2;0;0;0m             [38;2;1;1;1m_                             [38;2;0;0;0;48;2;4;4;4m`[38;2;7;7;7;48;2;2;2;2mr[48;2;0;0;0m   [0m
[7m[38;2;0;0;0m [0m[38;2;2;2;2;48;2;0;0;0m`[38;2;8;8;8;48;2;2;2;2m~[38;2;7;7;7m"[48;2;0;0;0m                               [38;2;3;3;3;48;2;1;1;1m__[48;2;0;0;0m [38;2;7;7;7;48;2;1;1;1m_[38;2;8;8;8m_[48;2;0;0;0m               [38;2;15;15;15;48;2;2;2;2m_[48;2;0;0;0m           [38;2;1;1;1m.  [38;2;9;9;9m`[38;2;1;1;1m`    [38;2;3;3;3m_        [38;2;1;1;1m`                                  [0m
[7m[38;2;0;0;0m [0m[38;2;0;0;0;48;2;0;0;0m               [38;2;6;6;6;48;2;1;1;1m_[38;2;10;10;10;48;2;5;5;5my[38;2;15;15;15;48;2;6;6;6m=[38;2;4;4;4;48;2;1;1;1m+[48;2;0;0;0m               [38;2;3;3;3m~" [38;2;7;7;7;48;2;1;1;1m~[38;2;9;9;9m~[48;2;0;0;0m              [38;2;1;1;1m`[38;2;16;16;16;48;2;3;3;3m~[48;2;0;0;0m           [38;2;8;8;8;48;2;3;3;3m=[48;2;0;0;0m    [38;2;0;0;0;48;2;1;1;1m`[38;2;9;9;9;48;2;2;2;2my[38;2;2;2;2;48;2;0;0;0m. [38;2;3;3;3m~                                           [0m
[7m[38;2;0;0;0m [0m[38;2;0;0;0;48;2;0;0;0m              [48;2;1;1;1m.[38;2;10;10;10;48;2;5;5;5m^[38;2;13;13;13;48;2;4;4;4m~[38;2;1;1;1;48;2;0;0;0m`                                                     [38;2;2;2;2m`[38;2;9;9;9;48;2;1;1;1m`[38;2;1;1;1;48;2;0;0;0m~                                             [0m
[7m[38;2;0;0;0m [0m[38;2;0;0;0;48;2;0;0;0m                  [48;2;1;1;1m`[38;2;1;1;1;48;2;5;5;5m~[38;2;6;6;6;48;2;3;3;3m=[48;2;0;0;0m                                                                                                  [0m
[7m[38;2;0;0;0m [0m[38;2;0;0;0;48;2;0;0;0m                   [38;2;2;2;2m`[38;2;1;1;1m`       [38;2;2;2;2m_[38;2;3;3;3m_      [38;2;1;1;1m__                                                                                 [0m
[7m[38;2;0;0;0m [0m[38;2;0;0;0;48;2;0;0;0m                            [38;2;3;3;3m~~      [38;2;2;2;2;48;2;1;1;1m~[48;2;0;0;0m~                                                                                 [0m
[7m[38;2;0;0;0m [0m[38;2;0;0;0;48;2;0;0;0m                                                                        [38;2;1;1;1m^           .a                                 [0m
[7m[38;2;0;0;0m [0m[38;2;0;0;0;48;2;0;0;0m                   [38;2;1;1;1m_   `                                                                                               [0m
[7m[38;2;0;0;0m [0m[38;2;0;0;0;48;2;0;0;0m                   [38;2;1;1;1m`                                                                                                   [0m
[7m[38;2;0;0;0m [0m[38;2;0;0;0;48;2;0;0;0m                                                                                                                       [0m
[7m[38;2;0;0;0m [0m[38;2;0;0;0;48;2;0;0;0m                                                                                                                       [0m
[7m[38;2;0;0;0m [0m[38;2;0;0;0;48;2;0;0;0m                                                                                                                       [0m
[?25h