[?25l[0m[7m[38;2;0;0;0m [0m[38;2;0;0;0;48;2;0;0;0m                                                                                                                       [0m
[7m[38;2;0;0;0m [0m[38;2;0;0;0;48;2;0;0;0m                                                                                                                       [0m
[7m[38;2;0;0;0m [0m[38;2;0;0;0;48;2;0;0;0m                                                                                                                       [0m
[7m[38;2;0;0;0m [0m[38;2;0;0;0;48;2;0;0;0m                                                                                                                       [0m
[7m[38;2;0;0;0m [0m[38;2;0;0;0;48;2;0;0;0m                                                                                                                       [0m
[7m[38;2;0;0;0m [0m[38;2;0;0;0;48;2;0;0;0m                                                                                                                       [0m
[7m[38;2;0;0;0m [0m[38;2;0;0;0;48;2;0;0;0m                                                                                                                       [0m
[7m[38;2;0;0;0m [0m[38;2;0;0;0;48;2;0;0;0m                                                                                                                       [0m
[7m[38;2;0;0;0m [0m[38;2;0;0;0;48;2;0;0;0m                                       [48;2;2;2;2m`[38;2;49;49;49;48;2;11;11;11m_[38;2;71;71;71;48;2;16;16;16m_[38;2;20;20;20;48;2;5;5;5m,[48;2;0;0;0m                                                                            [0m
[7m[38;2;0;0;0m [0m[38;2;0;0;0;48;2;0;0;0m                                      [48;2;1;1;1m`[38;2;77;77;77;48;2;48;48;48my[38;2;92;92;92;48;2;166;166;166m~[38;2;135;135;135;48;2;203;203;203m~[38;2;194;194;194;48;2;132;132;132my[38;2;180;180;180;48;2;80;80;80m_[38;2;131;131;131;48;2;40;40;40m_[38;2;83;83;83;48;2;16;16;16m_[38;2;40;40;40;48;2;5;5;5m_[38;2;3;3;3;48;2;1;1;1m.[38;2;1;1;1;48;2;0;0;0m.                                                                      [0m
[7m[38;2;0;0;0m [0m[38;2;0;0;0;48;2;0;0;0m                                      [38;2;32;32;32;48;2;21;21;21my[38;2;92;92;92;48;2;129;129;129mF[38;2;222;222;222;48;2;235;235;235m~[38;2;247;247;247;48;2;248;248;248my[38;2;239;239;239;48;2;246;246;246m`[38;2;217;217;217;48;2;241;241;241m~[38;2;173;173;173;48;2;224;224;224m~[38;2;122;122;122;48;2;200;200;200m~[38;2;204;204;204;48;2;136;136;136my[38;2;210;210;210;48;2;98;98;98m_[38;2;164;164;164;48;2;59;59;59m_[38;2;104;104;104;48;2;30;30;30m_[38;2;36;36;36;48;2;10;10;10m,[48;2;0;0;0m                                                                    [0m
[7m[38;2;0;0;0m [0m[38;2;0;0;0;48;2;0;0;0m                                      [38;2;23;23;23;48;2;39;39;39ml[38;2;126;126;126;48;2;146;146;146ml[38;2;241;241;241;48;2;244;244;244mL[38;2;246;246;246;48;2;247;247;247m.[48;2;249;249;249m [38;2;250;250;250;48;2;251;251;251m~[38;2;249;249;249m~[38;2;252;252;252m`[38;2;245;245;245;48;2;250;250;250m`[38;2;231;231;231;48;2;247;247;247m"[38;2;208;208;208;48;2;241;241;241m"[38;2;177;177;177;48;2;229;229;229m~[38;2;130;130;130;48;2;201;201;201m~[38;2;154;154;154;48;2;103;103;103my[38;2;40;40;40;48;2;21;21;21m,[48;2;0;0;0m                                                                  [0m
[7m[38;2;0;0;0m [0m[38;2;0;0;0;48;2;0;0;0m                                      [38;2;28;28;28;48;2;12;12;12m`[38;2;57;57;57;48;2;107;107;107mL[38;2;179;179;179;48;2;228;228;228m_[38;2;252;252;252;48;2;248;248;248m:[38;2;247;247;247;48;2;249;249;249my[48;2;251;251;251m [48;2;252;252;252m    [48;2;251;251;251m [38;2;249;249;249;48;2;250;250;250m:[38;2;254;254;254;48;2;242;242;242m:[38;2;173;173;173;48;2;166;166;166m$[38;2;58;58;58;48;2;31;31;31mL[48;2;0;0;0m                                                                  [0m
[7m[38;2;0;0;0m [0m[38;2;0;0;0;48;2;0;0;0m                                      [38;2;1;1;1m`[38;2;52;52;52;48;2;16;16;16m`[38;2;145;145;145;48;2;89;89;89m~[38;2;136;136;136;48;2;211;211;211m_[38;2;250;250;250;48;2;246;246;246m:[38;2;249;249;249;48;2;250;250;250m.[38;2;252;252;252;48;2;251;251;251m.[48;2;252;252;252m   [48;2;251;251;251m:[38;2;249;249;249;48;2;250;250;250m|[38;2;254;254;254;48;2;244;244;244m:[38;2;199;199;199;48;2;176;176;176mL[38;2;64;64;64;48;2;34;34;34mL[48;2;0;0;0m                                                                  [0m
[7m[38;2;0;0;0m [0m[38;2;0;0;0;48;2;0;0;0m                                       [38;2;1;1;1m`[38;2;19;19;19;48;2;3;3;3m`[38;2;110;110;110;48;2;39;39;39m`[38;2;36;36;36;48;2;147;147;147m_[38;2;141;141;141;48;2;231;231;231m_[38;2;253;253;253;48;2;250;250;250m:[48;2;251;251;251m_ [48;2;252;252;252m  [38;2;252;252;252;48;2;251;251;251m.[38;2;254;254;254;48;2;250;250;250m'[38;2;245;245;245;48;2;223;223;223m:[38;2;106;106;106;48;2;65;65;65mL[38;2;0;0;0;48;2;5;5;5m`[38;2;1;1;1;48;2;0;0;0m_                                                                [0m
[7m[38;2;0;0;0m [0m[38;2;0;0;0;48;2;0;0;0m                                        [38;2;1;1;1m`"[38;2;15;15;15;48;2;5;5;5m`[38;2;90;90;90;48;2;34;34;34m~[38;2;61;61;61;48;2;138;138;138my[38;2;116;116;116;48;2;212;212;212m_[38;2;218;218;218;48;2;248;248;248m_[38;2;253;253;253;48;2;251;251;251m. [38;2;252;252;252m:[38;2;251;251;251;48;2;250;250;250my[38;2;254;254;254;48;2;244;244;244m:[38;2;132;132;132;48;2;182;182;182m~[38;2;106;106;106;48;2;46;46;46m_[38;2;19;19;19;48;2;3;3;3m,[48;2;0;0;0m                                                                [0m
[7m[38;2;0;0;0m [0m[38;2;0;0;0;48;2;0;0;0m                                            [38;2;13;13;13;48;2;3;3;3m`[38;2;85;85;85;48;2;22;22;22m`[38;2;160;160;160;48;2;80;80;80m~[38;2;74;74;74;48;2;185;185;185m_[38;2;168;168;168;48;2;235;235;235m_[38;2;252;252;252;48;2;249;249;249m`[48;2;251;251;251m [38;2;250;250;250m'[38;2;252;252;252;48;2;246;246;246m:[38;2;147;147;147;48;2;205;205;205m~[38;2;152;152;152;48;2;70;70;70m_[38;2;39;39;39;48;2;10;10;10m,[48;2;0;0;0m                                                               [0m
[7m[38;2;0;0;0m [0m[38;2;0;0;0;48;2;0;0;0m                                            [38;2;1;1;1m`~[38;2;0;0;0;48;2;1;1;1m.[38;2;34;34;34;48;2;11;11;11m"[38;2;122;122;122;48;2;50;50;50m~[38;2;78;78;78;48;2;149;149;149my[38;2;123;123;123;48;2;207;207;207m_[38;2;197;197;197;48;2;238;238;238m_[38;2;236;236;236;48;2;249;249;249m_[38;2;254;254;254;48;2;250;250;250m'[38;2;191;191;191;48;2;228;228;228m"[38;2;151;151;151;48;2;98;98;98mL[38;2;50;50;50;48;2;17;17;17m,[48;2;0;0;0m                                                              [0m
[7m[38;2;0;0;0m [0m[38;2;0;0;0;48;2;0;0;0m                                                 [38;2;23;23;23;48;2;4;4;4m`[38;2;71;71;71;48;2;27;27;27m~[38;2;150;150;150;48;2;75;75;75m~[38;2;74;74;74;48;2;146;146;146my[38;2;56;56;56;48;2;177;177;177m_[38;2;102;102;102;48;2;213;213;213m_[38;2;133;133;133;48;2;199;199;199m_[38;2;90;90;90;48;2;51;51;51mL[38;2;0;0;0;48;2;2;2;2m`[48;2;0;0;0m                                                             [0m
[7m[38;2;0;0;0m [0m[38;2;0;0;0;48;2;0;0;0m                                                  [38;2;1;1;1m`[38;2;2;2;2m``[38;2;1;1;1m`[38;2;28;28;28;48;2;7;7;7m"[38;2;73;73;73;48;2;17;17;17m~[38;2;28;28;28;48;2;7;7;7m"[48;2;0;0;0m                                                              [0m
[7m[38;2;0;0;0m [0m[38;2;0;0;0;48;2;0;0;0m                                                                                                                       [0m
[7m[38;2;0;0;0m [0m[38;2;0;0;0;48;2;0;0;0m                                                                                                                       [0m
[7m[38;2;0;0;0m [0m[38;2;0;0;0;48;2;0;0;0m                                                                                                                       [0m
[7m[38;2;0;0;0m [0m[38;2;0;0;0;48;2;0;0;0m                                                                                                                       [0m
[7m[38;2;0;0;0m [0m[38;2;0;0;0;48;2;0;0;0m                                                                                                                       [0m
[7m[38;2;0;0;0m [0m[38;2;0;0;0;48;2;0;0;0m                                                                                                                       [0m
[7m[38;2;0;0;0m [0m[38;2;0;0;0;48;2;0;0;0m                                                                                                                       [0m
[7m[38;2;0;0;0m [0m[38;2;0;0;0;48;2;0;0;0m                                                                                                                       [0m
[7m[38;2;0;0;0m [0m[38;2;0;0;0;48;2;0;0;0m                                                                                                                       [0m
[7m[38;2;0;0;0m [0m[38;2;0;0;0;48;2;0;0;0m                                                                                                                       [0m
[7m[38;2;0;0;0m [0m[38;2;0;0;0;48;2;0;0;0m                                                                                                                       [0m
[7m[38;2;0;0;0m [0m[38;2;0;0;0;48;2;0;0;0m                                                                                                                       [0m
[7m[38;2;0;0;0m [0m[38;2;0;0;0;48;2;0;0;0m                                                                                                                       [0m
[7m[38;2;0;0;0m [0m[38;2;0;0;0;48;2;0;0;0m                                                                                                                       [0m
[7m[38;2;0;0;0m [0m[38;2;0;0;0;48;2;0;0;0m                                                                                                                       [0m
[7m[38;2;0;0;0m [0m[38;2;0;0;0;48;2;0;0;0m                                                                                                                       [0m
[?25h