[?25l[0m[7m[38;2;0;0;0m [0m[38;2;0;0;0;48;2;0;0;0m                                                                                                                       [0m
[7m[38;2;0;0;0m [0m[38;2;0;0;0;48;2;0;0;0m                                                                                                                       [0m
[7m[38;2;0;0;0m [0m[38;2;0;0;0;48;2;0;0;0m                                                                                                                       [0m
[7m[38;2;0;0;0m [0m[38;2;0;0;0;48;2;0;0;0m                                                                                                                       [0m
[7m[38;2;0;0;0m [0m[38;2;0;0;0;48;2;0;0;0m                                                                                                                       [0m
[7m[38;2;0;0;0m [0m[38;2;0;0;0;48;2;0;0;0m                                                                                                                       [0m
[7m[38;2;0;0;0m [0m[38;2;0;0;0;48;2;0;0;0m                                                                                                                       [0m
[7m[38;2;0;0;0m [0m[38;2;0;0;0;48;2;0;0;0m                                                                                                                       [0m
[7m[38;2;0;0;0m [0m[38;2;0;0;0;48;2;0;0;0m                                                                                                                       [0m
[7m[38;2;0;0;0m [0m[38;2;0;0;0;48;2;0;0;0m                                                                                                                       [0m
[7m[38;2;0;0;0m [0m[38;2;0;0;0;48;2;0;0;0m                                                                                                                       [0m
[7m[38;2;0;0;0m [0m[38;2;0;0;0;48;2;0;0;0m                                                                                                                       [0m
[7m[38;2;0;0;0m [0m[38;2;0;0;0;48;2;0;0;0m                                                                                                                       [0m
[7m[38;2;0;0;0m [0m[38;2;0;0;0;48;2;0;0;0m                                                                                                                       [0m
[7m[38;2;0;0;0m [0m[38;2;0;0;0;48;2;0;0;0m                                                                                                   [38;2;1;1;1m+===     __         [0m
[7m[38;2;0;0;0m [0m[38;2;0;0;0;48;2;0;0;0m                                                                                               [38;2;52;52;52;48;2;4;4;4m_[38;2;137;137;137;48;2;21;21;21m_[38;2;188;188;188;48;2;61;61;61m_[38;2;195;195;195;48;2;95;95;95my[38;2;223;223;223;48;2;135;135;135my[38;2;228;228;228;48;2;146;146;146my[38;2;226;226;226;48;2;139;139;139my[38;2;223;223;223;48;2;128;128;128my[38;2;217;217;217;48;2;112;112;112my[38;2;209;209;209;48;2;99;99;99my[38;2;200;200;200;48;2;92;92;92my[38;2;186;186;186;48;2;82;82;82my[38;2;164;164;164;48;2;71;71;71my[38;2;196;196;196;48;2;67;67;67m_[38;2;185;185;185;48;2;55;55;55m_[38;2;176;176;176;48;2;42;42;42m_[38;2;167;167;167;48;2;31;31;31m_[38;2;156;156;156;48;2;22;22;22m_[38;2;142;142;142;48;2;15;15;15m_[38;2;126;126;126;48;2;12;12;12m_[38;2;106;106;106;48;2;9;9;9m_[38;2;86;86;86;48;2;7;7;7m_[38;2;67;67;67;48;2;5;5;5m_[38;2;48;48;48;48;2;3;3;3m_[0m
[7m[38;2;0;0;0m [0m[38;2;0;0;0;48;2;0;0;0m                                                                                              [48;2;17;17;17m`[38;2;187;187;187;48;2;123;123;123ma[38;2;178;178;178;48;2;223;223;223m`[38;2;221;221;221;48;2;247;247;247m`[38;2;244;244;244;48;2;251;251;251m`[38;2;252;252;252m*[38;2;249;249;249mT[38;2;250;250;250mT [38;2;252;252;252m7[38;2;253;253;253mT[38;2;246;246;246m`[38;2;241;241;241;48;2;250;250;250m`[38;2;234;234;234;48;2;249;249;249m`[38;2;227;227;227m`[38;2;223;223;223;48;2;248;248;248m`[38;2;220;220;220m`[38;2;213;213;213;48;2;247;247;247m`[38;2;202;202;202;48;2;243;243;243m`[38;2;206;206;206;48;2;239;239;239m~[38;2;184;184;184;48;2;232;232;232m~[38;2;157;157;157;48;2;224;224;224m~[38;2;128;128;128;48;2;216;216;216m~[38;2;102;102;102;48;2;210;210;210m~[38;2;75;75;75;48;2;204;204;204m~[0m
[7m[38;2;0;0;0m [0m[38;2;0;0;0;48;2;0;0;0m                                                                                               [38;2;53;53;53;48;2;15;15;15m`[38;2;167;167;167;48;2;55;55;55m~[38;2;54;54;54;48;2;158;158;158my[38;2;80;80;80;48;2;198;198;198m_[38;2;146;146;146;48;2;226;226;226m_[38;2;175;175;175;48;2;237;237;237m_[38;2;180;180;180;48;2;239;239;239m__[38;2;187;187;187;48;2;242;242;242m_[38;2;192;192;192;48;2;244;244;244m_[38;2;197;197;197;48;2;245;245;245m_[38;2;201;201;201;48;2;247;247;247m_[38;2;206;206;206;48;2;249;249;249m_[38;2;208;208;208m___[38;2;209;209;209m_[38;2;211;211;211m_[38;2;213;213;213;48;2;250;250;250m___[48;2;249;249;249m_[38;2;214;214;214m__[0m
[7m[38;2;0;0;0m [0m[38;2;0;0;0;48;2;0;0;0m                                                                                                  [38;2;59;59;59;48;2;6;6;6m`[38;2;109;109;109;48;2;14;14;14m`[38;2;132;132;132;48;2;19;19;19m`[38;2;136;136;136;48;2;20;20;20m``[38;2;141;141;141;48;2;21;21;21m`[38;2;145;145;145;48;2;23;23;23m`[38;2;149;149;149;48;2;25;25;25m`[38;2;152;152;152;48;2;26;26;26m`[38;2;157;157;157;48;2;29;29;29m`[38;2;158;158;158;48;2;30;30;30m```[38;2;159;159;159;48;2;31;31;31m`[38;2;161;161;161;48;2;33;33;33m`[38;2;163;163;163;48;2;35;35;35m``[38;2;164;164;164;48;2;37;37;37m`[38;2;165;165;165;48;2;40;40;40m`[38;2;120;120;120;48;2;37;37;37m~[38;2;124;124;124;48;2;39;39;39m~[0m
[7m[38;2;0;0;0m [0m[38;2;0;0;0;48;2;0;0;0m                                                                                                                    [38;2;1;1;1m`~~[0m
[7m[38;2;0;0;0m [0m[38;2;0;0;0;48;2;0;0;0m                                                                                                                       [0m
[7m[38;2;0;0;0m [0m[38;2;0;0;0;48;2;0;0;0m                                                                                                                       [0m
[7m[38;2;0;0;0m [0m[38;2;0;0;0;48;2;0;0;0m                                                                                                                       [0m
[7m[38;2;0;0;0m [0m[38;2;0;0;0;48;2;0;0;0m                                                                                                                       [0m
[7m[38;2;0;0;0m [0m[38;2;0;0;0;48;2;0;0;0m                                                                                                                       [0m
[7m[38;2;0;0;0m [0m[38;2;0;0;0;48;2;0;0;0m                                                                                                                       [0m
[7m[38;2;0;0;0m [0m[38;2;0;0;0;48;2;0;0;0m                                                                                                                       [0m
[7m[38;2;0;0;0m [0m[38;2;0;0;0;48;2;0;0;0m                                                                                                                       [0m
[7m[38;2;0;0;0m [0m[38;2;0;0;0;48;2;0;0;0m                                                                                                                       [0m
[7m[38;2;0;0;0m [0m[38;2;0;0;0;48;2;0;0;0m                                                                                                                       [0m
[7m[38;2;0;0;0m [0m[38;2;0;0;0;48;2;0;0;0m                                                                                                                       [0m
[7m[38;2;0;0;0m [0m[38;2;0;0;0;48;2;0;0;0m                                                                                                                       [0m
[7m[38;2;0;0;0m [0m[38;2;0;0;0;48;2;0;0;0m                                                                                                                       [0m
[7m[38;2;0;0;0m [0m[38;2;0;0;0;48;2;0;0;0m                                                                                                                       [0m
[7m[38;2;0;0;0m [0m[38;2;0;0;0;48;2;0;0;0m                                                                                                                       [0m
[7m[38;2;0;0;0m [0m[38;2;0;0;0;48;2;0;0;0m                                                                                                                       [0m
[?25h