[?25l[0m[7m[38;2;252;252;252m [0m[38;2;0;0;0;48;2;252;252;252m                                                                                                                       [0m
[7m[38;2;252;252;252m [0m[38;2;0;0;0;48;2;252;252;252m                                                                                                                       [0m
[7m[38;2;252;252;252m [0m[38;2;0;0;0;48;2;252;252;252m                                                                                                                       [0m
[7m[38;2;252;252;252m [0m[38;2;0;0;0;48;2;252;252;252m                                                                                                                       [0m
[7m[38;2;252;252;252m [0m[38;2;0;0;0;48;2;252;252;252m                                                                                                                       [0m
[7m[38;2;252;252;252m [0m[38;2;0;0;0;48;2;252;252;252m                                                                                                                       [0m
[7m[38;2;252;252;252m [0m[38;2;0;0;0;48;2;252;252;252m                                                                                                                       [0m
[7m[38;2;252;252;252m [0m[38;2;0;0;0;48;2;252;252;252m                                                                                                                       [0m
[7m[38;2;252;252;252m [0m[38;2;0;0;0;48;2;252;252;252m                                                                                                                       [0m
[7m[38;2;252;252;252m [0m[38;2;0;0;0;48;2;252;252;252m                                                                                                                       [0m
[7m[38;2;252;252;252m [0m[38;2;0;0;0;48;2;252;252;252m                                                                                                                       [0m
[7m[38;2;252;252;252m [0m[38;2;0;0;0;48;2;252;252;252m                                                                                                                       [0m
[7m[38;2;252;252;252m [0m[38;2;0;0;0;48;2;252;252;252m                                                                                                                       [0m
[7m[38;2;252;252;252m [0m[38;2;0;0;0;48;2;252;252;252m                                                           [38;2;252;252;252;48;2;251;251;251m:. [38;2;250;250;250mw[38;2;248;248;248m_[38;2;236;236;236;48;2;250;250;250m_[38;2;233;233;233m_[38;2;235;235;235m_[38;2;246;246;246;48;2;251;251;251m_[38;2;250;250;250m, [38;2;252;252;252m.:[48;2;252;252;252m                                               [0m
[7m[38;2;252;252;252m [0m[38;2;0;0;0;48;2;252;252;252m                                                  [38;2;253;253;253m_,[38;2;254;254;254m__[38;2;253;253;253m_ [38;2;252;252;252;48;2;251;251;251m.[38;2;249;249;249m_ [38;2;251;251;251;48;2;248;248;248m`[38;2;142;142;142;48;2;235;235;235m_[38;2;78;78;78;48;2;211;211;211m_[38;2;34;34;34;48;2;168;168;168m_[38;2;40;40;40;48;2;144;144;144my[38;2;212;212;212;48;2;81;81;81m~[38;2;204;204;204;48;2;78;78;78m~[38;2;22;22;22;48;2;116;116;116my[38;2;38;38;38;48;2;137;137;137my[38;2;29;29;29;48;2;163;163;163m_[38;2;69;69;69;48;2;203;203;203m_[38;2;139;139;139;48;2;232;232;232m_[38;2;236;236;236;48;2;249;249;249m,[38;2;253;253;253;48;2;251;251;251m_ [38;2;252;252;252m:[48;2;252;252;252m                                            [0m
[7m[38;2;252;252;252m [0m[38;2;0;0;0;48;2;252;252;252m                                               [38;2;252;252;252;48;2;251;251;251m:[38;2;250;250;250m.[38;2;253;253;253;48;2;250;250;250m:[38;2;212;212;212;48;2;231;231;231mu[38;2;96;96;96;48;2;180;180;180my[38;2;87;87;87;48;2;177;177;177m_[38;2;163;163;163;48;2;196;196;196my[38;2;197;197;197;48;2;225;225;225m_[38;2;237;237;237;48;2;248;248;248m_[38;2;202;202;202;48;2;245;245;245m_[38;2;112;112;112;48;2;212;212;212m_[38;2;77;77;77;48;2;179;179;179my[38;2;198;198;198;48;2;75;75;75m~[38;2;104;104;104;48;2;25;25;25m~[38;2;23;23;23;48;2;3;3;3m~[38;2;1;1;1;48;2;0;0;0m=     ![38;2;0;0;0;48;2;4;4;4m:[38;2;89;89;89;48;2;25;25;25m~[38;2;189;189;189;48;2;71;71;71m~[38;2;45;45;45;48;2;177;177;177m_[38;2;179;179;179;48;2;235;235;235m_[38;2;239;239;239;48;2;248;248;248m,[38;2;250;250;250;48;2;251;251;251m,[38;2;252;252;252m:[48;2;252;252;252m                                          [0m
[7m[38;2;252;252;252m [0m[38;2;0;0;0;48;2;252;252;252m                                                [38;2;252;252;252;48;2;251;251;251m:`[48;2;243;243;243m:[38;2;98;98;98;48;2;191;191;191m~[38;2;198;198;198;48;2;89;89;89m_[38;2;61;61;61;48;2;96;96;96ma[38;2;81;81;81;48;2;138;138;138my[38;2;54;54;54;48;2;140;140;140my[38;2;124;124;124;48;2;44;44;44m~[38;2;78;78;78;48;2;12;12;12m`[38;2;7;7;7;48;2;2;2;2m`[38;2;1;1;1;48;2;0;0;0m`           `[38;2;15;15;15;48;2;5;5;5m`[38;2;135;135;135;48;2;36;36;36m`[38;2;63;63;63;48;2;144;144;144my[38;2;138;138;138;48;2;224;224;224m_[38;2;235;235;235;48;2;248;248;248m,[48;2;251;251;251m [38;2;252;252;252m:[48;2;252;252;252m                                        [0m
[7m[38;2;252;252;252m [0m[38;2;0;0;0;48;2;252;252;252m                                                 [38;2;252;252;252;48;2;251;251;251m.[38;2;248;248;248;48;2;250;250;250m.[38;2;252;252;252;48;2;244;244;244m'[38;2;136;136;136;48;2;206;206;206m_[38;2;113;113;113;48;2;72;72;72mF[38;2;1;1;1;48;2;11;11;11m`[48;2;0;0;0m=                 [38;2;2;2;2m`[38;2;0;0;0;48;2;4;4;4m:[38;2;95;95;95;48;2;36;36;36m"[38;2;75;75;75;48;2;152;152;152my[38;2;197;197;197;48;2;234;234;234m_[38;2;247;247;247;48;2;251;251;251m,[38;2;252;252;252m::[48;2;252;252;252m                                      [0m
[7m[38;2;252;252;252m [0m[38;2;0;0;0;48;2;252;252;252m                                              [38;2;252;252;252;48;2;251;251;251m: [38;2;251;251;251;48;2;250;250;250m.[38;2;210;210;210;48;2;242;242;242m_[38;2;101;101;101;48;2;207;207;207m_[38;2;46;46;46;48;2;129;129;129my[38;2;80;80;80;48;2;23;23;23m~[38;2;0;0;0;48;2;2;2;2m:[48;2;0;0;0m                     [38;2;1;1;1m`[38;2;0;0;0;48;2;11;11;11m:[38;2;139;139;139;48;2;74;74;74m~[38;2;135;135;135;48;2;208;208;208m_[38;2;233;233;233;48;2;246;246;246m,[38;2;250;250;250;48;2;251;251;251m_[38;2;252;252;252m:[48;2;252;252;252m                                     [0m
[7m[38;2;252;252;252m [0m[38;2;0;0;0;48;2;252;252;252m                                             [38;2;252;252;252;48;2;251;251;251m:[38;2;250;250;250mL[38;2;253;253;253;48;2;244;244;244m:[38;2;142;142;142;48;2;204;204;204my[38;2;177;177;177;48;2;71;71;71m~[38;2;46;46;46;48;2;10;10;10m~[48;2;0;0;0m                         [38;2;2;2;2m`[38;2;0;0;0;48;2;4;4;4m:[38;2;92;92;92;48;2;53;53;53m~[38;2;143;143;143;48;2;202;202;202m_[38;2;232;232;232;48;2;246;246;246m,[38;2;252;252;252;48;2;251;251;251mF:[48;2;252;252;252m                                    [0m
[7m[38;2;252;252;252m [0m[38;2;0;0;0;48;2;252;252;252m                                            [38;2;252;252;252;48;2;251;251;251m:[38;2;250;250;250m$[38;2;252;252;252;48;2;245;245;245m:[38;2;167;167;167;48;2;197;197;197my[38;2;69;69;69;48;2;43;43;43mF[38;2;0;0;0;48;2;2;2;2m`[38;2;1;1;1;48;2;0;0;0m`                          "[38;2;0;0;0;48;2;8;8;8m:[38;2;105;105;105;48;2;77;77;77m~[38;2;209;209;209;48;2;227;227;227mL[38;2;251;251;251;48;2;250;250;250m:[38;2;252;252;252;48;2;251;251;251m.[48;2;252;252;252m                                    [0m
[7m[38;2;252;252;252m [0m[38;2;0;0;0;48;2;252;252;252m                                            [48;2;251;251;251m [38;2;250;250;250;48;2;249;249;249mu[38;2;252;252;252;48;2;239;239;239m:[38;2;170;170;170;48;2;148;148;148mL[38;2;46;46;46;48;2;24;24;24mL[38;2;1;1;1;48;2;0;0;0m=                            .[38;2;0;0;0;48;2;30;30;30m:[38;2;150;150;150;48;2;177;177;177mL[38;2;234;234;234;48;2;242;242;242mL[38;2;252;252;252;48;2;251;251;251m'.[48;2;252;252;252m                                   [0m
[7m[38;2;252;252;252m [0m[38;2;0;0;0;48;2;252;252;252m                                            [38;2;252;252;252;48;2;251;251;251m: [38;2;253;253;253;48;2;248;248;248m'[38;2;184;184;184;48;2;213;213;213m"[38;2;108;108;108;48;2;58;58;58mL[38;2;18;18;18;48;2;5;5;5m,[38;2;1;1;1;48;2;0;0;0m_                           `[38;2;0;0;0;48;2;34;34;34m`[38;2;167;167;167;48;2;189;189;189mF[38;2;238;238;238;48;2;244;244;244m~[38;2;252;252;252;48;2;251;251;251m,.[48;2;252;252;252m                                   [0m
[7m[38;2;252;252;252m [0m[38;2;0;0;0;48;2;252;252;252m                                             [38;2;252;252;252;48;2;251;251;251m:[38;2;250;250;250m~[38;2;252;252;252;48;2;247;247;247m'[38;2;161;161;161;48;2;212;212;212m~[38;2;183;183;183;48;2;85;85;85m_[38;2;41;41;41;48;2;16;16;16m,[38;2;1;1;1;48;2;0;0;0m.                         [38;2;0;0;0;48;2;1;1;1m:[48;2;22;22;22m`[38;2;180;180;180;48;2;105;105;105m_[38;2;212;212;212;48;2;231;231;231m~[38;2;250;250;250;48;2;251;251;251m~[38;2;252;252;252m:[48;2;252;252;252m                                    [0m
[7m[38;2;252;252;252m [0m[38;2;0;0;0;48;2;252;252;252m                                               [38;2;252;252;252;48;2;251;251;251m.[38;2;250;250;250m`[38;2;213;213;213;48;2;240;240;240m`[38;2;93;93;93;48;2;187;187;187m~[38;2;185;185;185;48;2;65;65;65m_[38;2;49;49;49;48;2;13;13;13m,[38;2;0;0;0;48;2;1;1;1m`[38;2;1;1;1;48;2;0;0;0m.                   [38;2;0;0;0;48;2;5;5;5m`[38;2;65;65;65;48;2;11;11;11m_[38;2;105;105;105;48;2;25;25;25m_[38;2;180;180;180;48;2;79;79;79m_[38;2;98;98;98;48;2;180;180;180m~[38;2;211;211;211;48;2;235;235;235m"[38;2;247;247;247;48;2;251;251;251m~[48;2;252;252;252m                                      [0m
[7m[38;2;252;252;252m [0m[38;2;0;0;0;48;2;252;252;252m                                                [38;2;252;252;252;48;2;251;251;251m:[38;2;249;249;249m`[38;2;253;253;253;48;2;250;250;250m'[38;2;217;217;217;48;2;240;240;240m`[38;2;46;46;46;48;2;197;197;197m`[38;2;192;192;192;48;2;99;99;99my[38;2;131;131;131;48;2;33;33;33m_[38;2;49;49;49;48;2;4;4;4m_[48;2;0;0;0m               [38;2;2;2;2m_[38;2;0;0;0;48;2;8;8;8m:[38;2;141;141;141;48;2;52;52;52m_[38;2;65;65;65;48;2;165;165;165m~[38;2;111;111;111;48;2;203;203;203m~[38;2;151;151;151;48;2;224;224;224m~[38;2;211;211;211;48;2;239;239;239m"[38;2;243;243;243;48;2;249;249;249m~[48;2;252;252;252m                                        [0m
[7m[38;2;252;252;252m [0m[38;2;0;0;0;48;2;252;252;252m                                                  [38;2;252;252;252;48;2;251;251;251m: _[38;2;251;251;251;48;2;249;249;249m:[38;2;179;179;179;48;2;235;235;235m`[38;2;98;98;98;48;2;191;191;191m~[38;2;183;183;183;48;2;99;99;99my[38;2;177;177;177;48;2;50;50;50m_[38;2;107;107;107;48;2;19;19;19m_[38;2;41;41;41;48;2;6;6;6m_[38;2;1;1;1;48;2;0;0;0m.        [38;2;0;0;0;48;2;1;1;1m`[48;2;14;14;14m`[38;2;166;166;166;48;2;50;50;50m_[38;2;38;38;38;48;2;160;160;160m~[38;2;191;191;191;48;2;229;229;229m"[38;2;244;244;244;48;2;250;250;250m~[38;2;252;252;252;48;2;251;251;251m.[48;2;252;252;252m                                           [0m
[7m[38;2;252;252;252m [0m[38;2;0;0;0;48;2;252;252;252m                                                      [38;2;252;252;252;48;2;251;251;251m:[38;2;253;253;253;48;2;252;252;252m`[48;2;250;250;250m'[38;2;208;208;208;48;2;241;241;241m`[38;2;160;160;160;48;2;228;228;228m~[38;2;100;100;100;48;2;199;199;199m~[38;2;52;52;52;48;2;166;166;166m~[38;2;199;199;199;48;2;104;104;104my[38;2;235;235;235;48;2;92;92;92m_[38;2;197;197;197;48;2;67;67;67m_[38;2;175;175;175;48;2;56;56;56m__[48;2;55;55;55m_[38;2;191;191;191;48;2;65;65;65m_[38;2;181;181;181;48;2;84;84;84my[38;2;40;40;40;48;2;159;159;159m~[38;2;107;107;107;48;2;214;214;214m~[38;2;201;201;201;48;2;241;241;241m~[38;2;245;245;245;48;2;250;250;250m~[38;2;250;250;250;48;2;251;251;251m`[38;2;252;252;252m:[48;2;252;252;252m                                            [0m
[7m[38;2;252;252;252m [0m[38;2;0;0;0;48;2;252;252;252m                                                         [38;2;252;252;252;48;2;251;251;251m.[48;2;252;252;252m  [48;2;251;251;251m :[38;2;243;243;243;48;2;250;250;250m`[38;2;219;219;219;48;2;247;247;247m`[38;2;208;208;208;48;2;246;246;246m`[38;2;209;209;209m`[38;2;208;208;208m`[38;2;215;215;215;48;2;247;247;247m`[38;2;241;241;241;48;2;250;250;250m`[38;2;250;250;250;48;2;251;251;251m~[38;2;253;253;253m`[48;2;252;252;252m                                                [0m
[7m[38;2;252;252;252m [0m[38;2;0;0;0;48;2;252;252;252m                                                                                                                       [0m
[7m[38;2;252;252;252m [0m[38;2;0;0;0;48;2;252;252;252m                                                                                                                       [0m
[7m[38;2;252;252;252m [0m[38;2;0;0;0;48;2;252;252;252m                                                                                                                       [0m
[7m[38;2;252;252;252m [0m[38;2;0;0;0;48;2;252;252;252m                                                                                                                       [0m
[7m[38;2;252;252;252m [0m[38;2;0;0;0;48;2;252;252;252m                                                                                                                       [0m
[7m[38;2;252;252;252m [0m[38;2;0;0;0;48;2;252;252;252m                                                                                                                       [0m
[7m[38;2;252;252;252m [0m[38;2;0;0;0;48;2;252;252;252m                                                                                                                       [0m
[?25h