[?25l[0m[7m[38;2;252;252;252m [0m[38;2;0;0;0;48;2;252;252;252m                                                                                                  [38;2;252;252;252;48;2;251;251;251m:[38;2;241;241;241;48;2;249;249;249m"[38;2;222;222;222;48;2;243;243;243m~[38;2;197;197;197;48;2;232;232;232m~[38;2;173;173;173;48;2;217;217;217m~[38;2;220;220;220;48;2;182;182;182my[38;2;196;196;196;48;2;159;159;159my[38;2;195;195;195;48;2;139;139;139m_[38;2;154;154;154;48;2;117;117;117my[38;2;160;160;160;48;2;103;103;103m_[38;2;146;146;146;48;2;90;90;90m_[38;2;136;136;136;48;2;81;81;81m_[38;2;126;126;126;48;2;74;74;74m_[38;2;118;118;118;48;2;68;68;68m_[38;2;109;109;109;48;2;62;62;62m_[38;2;98;98;98;48;2;58;58;58m_[38;2;90;90;90;48;2;55;55;55m_[38;2;84;84;84;48;2;53;53;53m_[38;2;81;81;81m___[0m
[7m[38;2;252;252;252m [0m[38;2;0;0;0;48;2;252;252;252m                                                                                                    [38;2;253;253;253m`"^[38;2;245;245;245;48;2;251;251;251m`[38;2;232;232;232;48;2;248;248;248m`[38;2;222;222;222;48;2;244;244;244m~[38;2;205;205;205;48;2;237;237;237m~[38;2;189;189;189;48;2;227;227;227m~[38;2;172;172;172;48;2;216;216;216m~[38;2;161;161;161;48;2;207;207;207m~[38;2;222;222;222;48;2;186;186;186my[38;2;217;217;217;48;2;179;179;179my[38;2;210;210;210;48;2;170;170;170my[38;2;201;201;201;48;2;160;160;160my[38;2;195;195;195;48;2;153;153;153my[38;2;190;190;190;48;2;149;149;149my[38;2;186;186;186;48;2;146;146;146my[38;2;185;185;185;48;2;145;145;145my[38;2;187;187;187;48;2;146;146;146my[0m
[7m[38;2;252;252;252m [0m[38;2;0;0;0;48;2;252;252;252m                                                                                                           [38;2;253;253;253m`~~ [38;2;250;250;250;48;2;251;251;251m`[38;2;246;246;246;48;2;250;250;250m`[38;2;242;242;242;48;2;249;249;249m~[38;2;236;236;236;48;2;248;248;248m~[38;2;232;232;232;48;2;247;247;247m~[38;2;229;229;229;48;2;246;246;246m~[38;2;228;228;228m~[38;2;229;229;229;48;2;247;247;247m~[0m
[7m[38;2;252;252;252m [0m[38;2;0;0;0;48;2;252;252;252m                                                                                                                      [38;2;253;253;253m`[0m
[7m[38;2;252;252;252m [0m[38;2;0;0;0;48;2;252;252;252m                                                                                                                       [0m
[7m[38;2;252;252;252m [0m[38;2;0;0;0;48;2;252;252;252m                                                                                                                       [0m
[7m[38;2;252;252;252m [0m[38;2;0;0;0;48;2;252;252;252m                                                                                                                       [0m
[7m[38;2;252;252;252m [0m[38;2;0;0;0;48;2;252;252;252m                                                                                                                       [0m
[7m[38;2;252;252;252m [0m[38;2;0;0;0;48;2;252;252;252m                                                                                                                       [0m
[7m[38;2;252;252;252m [0m[38;2;0;0;0;48;2;252;252;252m                                                                                                                       [0m
[7m[38;2;252;252;252m [0m[38;2;0;0;0;48;2;252;252;252m                                                                                                                       [0m
[7m[38;2;252;252;252m [0m[38;2;0;0;0;48;2;252;252;252m                                                                                                                       [0m
[7m[38;2;252;252;252m [0m[38;2;0;0;0;48;2;252;252;252m                                                                                                                       [0m
[7m[38;2;252;252;252m [0m[38;2;0;0;0;48;2;252;252;252m                                                                                                                       [0m
[7m[38;2;252;252;252m [0m[38;2;0;0;0;48;2;252;252;252m                                                                                                                       [0m
[7m[38;2;252;252;252m [0m[38;2;0;0;0;48;2;252;252;252m                                                                                                                       [0m
[7m[38;2;252;252;252m [0m[38;2;0;0;0;48;2;252;252;252m                                                                                                                       [0m
[7m[38;2;252;252;252m [0m[38;2;0;0;0;48;2;252;252;252m                                                                                                                       [0m
[7m[38;2;252;252;252m [0m[38;2;0;0;0;48;2;252;252;252m                                                                                                                       [0m
[7m[38;2;252;252;252m [0m[38;2;0;0;0;48;2;252;252;252m                                                                                                                       [0m
[7m[38;2;252;252;252m [0m[38;2;0;0;0;48;2;252;252;252m                                                                                                                       [0m
[7m[38;2;252;252;252m [0m[38;2;0;0;0;48;2;252;252;252m                                                                                                                       [0m
[7m[38;2;252;252;252m [0m[38;2;0;0;0;48;2;252;252;252m                                                                                                                       [0m
[7m[38;2;252;252;252m [0m[38;2;0;0;0;48;2;252;252;252m                                                                                                                       [0m
[7m[38;2;252;252;252m [0m[38;2;0;0;0;48;2;252;252;252m                                                                                                                       [0m
[7m[38;2;252;252;252m [0m[38;2;0;0;0;48;2;252;252;252m                                                                                                                       [0m
[7m[38;2;252;252;252m [0m[38;2;0;0;0;48;2;252;252;252m                                                                                                                       [0m
[7m[38;2;252;252;252m [0m[38;2;0;0;0;48;2;252;252;252m                                                                                                                       [0m
[7m[38;2;252;252;252m [0m[38;2;0;0;0;48;2;252;252;252m                                          [38;2;252;252;252;48;2;251;251;251m:...[38;2;250;250;250m_____________[38;2;252;252;252m..:[48;2;252;252;252m                                                         [0m
[7m[38;2;252;252;252m [0m[38;2;0;0;0;48;2;252;252;252m                              [48;2;251;251;251m [38;2;250;250;250m_[48;2;252;252;252m [38;2;253;253;253;48;2;251;251;251mL[38;2;247;247;247m_[38;2;245;245;245m_[38;2;243;243;243m_[38;2;242;242;242m_[38;2;241;241;241m_[38;2;238;238;238m_[38;2;229;229;229;48;2;249;249;249m_[38;2;223;223;223;48;2;248;248;248m_[38;2;216;216;216;48;2;246;246;246m_[38;2;201;201;201;48;2;243;243;243m_[38;2;188;188;188;48;2;239;239;239m_[38;2;178;178;178;48;2;237;237;237m_[38;2;167;167;167;48;2;235;235;235m_[38;2;151;151;151;48;2;232;232;232m_[38;2;149;149;149;48;2;231;231;231m_[38;2;148;148;148m_______[38;2;147;147;147m_[38;2;148;148;148m_[38;2;168;168;168;48;2;235;235;235m_[38;2;186;186;186;48;2;239;239;239m_[38;2;200;200;200;48;2;242;242;242m_[38;2;212;212;212;48;2;245;245;245m_[38;2;226;226;226;48;2;249;249;249m_[38;2;240;240;240;48;2;251;251;251m_[38;2;242;242;242m_[38;2;246;246;246m_[38;2;250;250;250m_[48;2;252;252;252m                                                    [0m
[7m[38;2;252;252;252m [0m[38;2;0;0;0;48;2;252;252;252m                             [38;2;252;252;252;48;2;246;246;246m`[38;2;143;143;143;48;2;226;226;226m_[38;2;66;66;66;48;2;188;188;188m_[38;2;72;72;72;48;2;177;177;177my[38;2;50;50;50;48;2;158;158;158my[38;2;39;39;39;48;2;138;138;138my[38;2;30;30;30;48;2;117;117;117my[38;2;188;188;188;48;2;72;72;72m~[38;2;179;179;179;48;2;60;60;60m~[38;2;172;172;172;48;2;50;50;50m~[38;2;168;168;168;48;2;42;42;42m~[38;2;159;159;159;48;2;33;33;33m~[38;2;154;154;154;48;2;29;29;29m~[38;2;149;149;149;48;2;26;26;26m~[38;2;138;138;138;48;2;22;22;22m~[38;2;128;128;128;48;2;21;21;21m~[38;2;121;121;121;48;2;19;19;19m~[38;2;114;114;114;48;2;18;18;18m~[38;2;103;103;103;48;2;17;17;17m~[38;2;100;100;100;48;2;16;16;16m~~[38;2;99;99;99m~~~~~~~[38;2;100;100;100m~[38;2;113;113;113;48;2;19;19;19m~[38;2;126;126;126;48;2;21;21;21m~[38;2;136;136;136;48;2;22;22;22m~[38;2;145;145;145;48;2;27;27;27m~[38;2;156;156;156;48;2;35;35;35m~[38;2;169;169;169;48;2;47;47;47m~[38;2;181;181;181;48;2;66;66;66m~[38;2;55;55;55;48;2;139;139;139my[38;2;162;162;162;48;2;207;207;207my[38;2;252;252;252;48;2;246;246;246m`[38;2;250;250;250;48;2;251;251;251my[38;2;252;252;252m:[48;2;252;252;252m                                                 [0m
[7m[38;2;252;252;252m [0m[38;2;0;0;0;48;2;252;252;252m                           [38;2;252;252;252;48;2;251;251;251m:[38;2;248;248;248;48;2;250;250;250mu[38;2;198;198;198;48;2;212;212;212m4[38;2;83;83;83;48;2;46;46;46m`[38;2;26;26;26;48;2;4;4;4m`[38;2;4;4;4;48;2;0;0;0m`  [38;2;1;1;1m~~~                          [38;2;3;3;3;48;2;1;1;1m~[38;2;0;0;0;48;2;34;34;34m:[38;2;137;137;137;48;2;167;167;167mF[38;2;248;248;248;48;2;241;241;241m`[38;2;251;251;251;48;2;250;250;250m_[48;2;251;251;251m [48;2;252;252;252m                                                 [0m
[7m[38;2;252;252;252m [0m[38;2;0;0;0;48;2;252;252;252m                           [38;2;252;252;252;48;2;251;251;251m: [38;2;210;210;210;48;2;221;221;221m4[38;2;99;99;99;48;2;67;67;67mL[38;2;0;0;0;48;2;5;5;5m:[48;2;0;0;0m                               [38;2;1;1;1m.[38;2;0;0;0;48;2;9;9;9m:[38;2;46;46;46;48;2;92;92;92mF[38;2;210;210;210;48;2;226;226;226m"[38;2;248;248;248;48;2;250;250;250m~[38;2;252;252;252;48;2;251;251;251m::[48;2;252;252;252m                                                 [0m
[7m[38;2;252;252;252m [0m[38;2;0;0;0;48;2;252;252;252m                           [38;2;252;252;252;48;2;251;251;251m. [38;2;235;235;235;48;2;241;241;241m"[38;2;137;137;137;48;2;181;181;181m~[38;2;76;76;76;48;2;36;36;36m_[38;2;0;0;0;48;2;2;2;2m:[48;2;0;0;0m                             [38;2;2;2;2m_[38;2;0;0;0;48;2;10;10;10m:[38;2;110;110;110;48;2;64;64;64my[38;2;148;148;148;48;2;208;208;208m~[38;2;250;250;250;48;2;247;247;247m:[38;2;252;252;252;48;2;251;251;251mw:[48;2;252;252;252m                                                  [0m
[7m[38;2;252;252;252m [0m[38;2;0;0;0;48;2;252;252;252m                            [38;2;252;252;252;48;2;251;251;251m: [38;2;232;232;232;48;2;241;241;241m`[38;2;130;130;130;48;2;185;185;185m~[38;2;153;153;153;48;2;57;57;57m_[38;2;0;0;0;48;2;11;11;11m`[48;2;0;0;0m                           [48;2;6;6;6m`[38;2;135;135;135;48;2;34;34;34m_[38;2;42;42;42;48;2;145;145;145m~[38;2;189;189;189;48;2;228;228;228m"[38;2;248;248;248;48;2;250;250;250m'[38;2;250;250;250;48;2;251;251;251m`[38;2;252;252;252m:[48;2;252;252;252m                                                   [0m
[7m[38;2;252;252;252m [0m[38;2;0;0;0;48;2;252;252;252m                               [38;2;243;243;243;48;2;249;249;249m`[38;2;191;191;191;48;2;229;229;229m"[38;2;86;86;86;48;2;179;179;179m~[38;2;205;205;205;48;2;87;87;87m_[38;2;105;105;105;48;2;32;32;32m_[38;2;0;0;0;48;2;8;8;8m`[48;2;0;0;0m                     [48;2;1;1;1m:[48;2;23;23;23m`[38;2;202;202;202;48;2;77;77;77m_[38;2;59;59;59;48;2;176;176;176m~[38;2;173;173;173;48;2;229;229;229m~[38;2;240;240;240;48;2;248;248;248m~[38;2;250;250;250;48;2;251;251;251m~[38;2;252;252;252m:[48;2;252;252;252m                                                     [0m
[?25h