[?25l[0m[7m[38;2;252;252;252m [0m[38;2;0;0;0;48;2;252;252;252m                                                                                                                       [0m
[7m[38;2;252;252;252m [0m[38;2;0;0;0;48;2;252;252;252m                              [38;2;252;252;252;48;2;251;251;251m:[48;2;252;252;252m                                                                                        [0m
[7m[38;2;252;252;252m [0m[38;2;0;0;0;48;2;252;252;252m                                                                                                                       [0m
[7m[38;2;252;252;252m [0m[38;2;0;0;0;48;2;252;252;252m                      [38;2;252;252;252;48;2;251;251;251m:[38;2;250;250;250m,[38;2;252;252;252m.[48;2;252;252;252m   [48;2;251;251;251m`[38;2;226;226;226;48;2;249;249;249m_[38;2;203;203;203;48;2;247;247;247m_[38;2;239;239;239;48;2;250;250;250m_[38;2;250;250;250;48;2;251;251;251mx[38;2;252;252;252m.[48;2;252;252;252m                                                                                     [0m
[7m[38;2;252;252;252m [0m[38;2;0;0;0;48;2;252;252;252m                 [48;2;251;251;251m   [48;2;252;252;252m [38;2;253;253;253;48;2;251;251;251m.[38;2;222;222;222;48;2;247;247;247m_[38;2;142;142;142;48;2;231;231;231m_[38;2;61;61;61;48;2;220;220;220m_[38;2;47;47;47;48;2;219;219;219m_[38;2;49;49;49m_[38;2;54;54;54m_[38;2;79;79;79;48;2;220;220;220m_[38;2;119;119;119;48;2;198;198;198m_[38;2;101;101;101;48;2;139;139;139m=[38;2;215;215;215;48;2;116;116;116m~[38;2;62;62;62;48;2;189;189;189m_[38;2;180;180;180;48;2;236;236;236m_[38;2;253;253;253;48;2;250;250;250m.[38;2;250;250;250;48;2;251;251;251m_[38;2;252;252;252m:[48;2;252;252;252m                                                                                  [0m
[7m[38;2;252;252;252m [0m[38;2;0;0;0;48;2;252;252;252m             [38;2;252;252;252;48;2;251;251;251m:[48;2;252;252;252m [48;2;249;249;249m`[38;2;185;185;185;48;2;244;244;244m_[38;2;152;152;152;48;2;234;234;234m_[38;2;150;150;150;48;2;232;232;232m_[38;2;164;164;164;48;2;239;239;239m_[38;2;161;161;161;48;2;235;235;235m_[38;2;89;89;89;48;2;183;183;183m_[38;2;170;170;170;48;2;60;60;60m~[38;2;101;101;101;48;2;18;18;18m~[38;2;41;41;41;48;2;7;7;7m~[38;2;27;27;27;48;2;4;4;4m~[38;2;28;28;28m~[38;2;32;32;32;48;2;5;5;5m~[38;2;50;50;50;48;2;9;9;9m~[38;2;79;79;79;48;2;14;14;14m~[38;2;96;96;96;48;2;15;15;15m~[38;2;41;41;41;48;2;8;8;8m~[38;2;58;58;58;48;2;11;11;11m`[38;2;40;40;40;48;2;101;101;101mL[38;2;150;150;150;48;2;212;212;212m_[38;2;252;252;252;48;2;249;249;249m:[38;2;250;250;250;48;2;251;251;251mx[38;2;252;252;252m:[48;2;252;252;252m                                                                                 [0m
[7m[38;2;252;252;252m [0m[38;2;0;0;0;48;2;252;252;252m             [48;2;251;251;251m  [38;2;228;228;228;48;2;239;239;239m"[38;2;138;138;138;48;2;183;183;183m~[38;2;180;180;180;48;2;70;70;70m_[38;2;98;98;98;48;2;41;41;41m_[38;2;95;95;95;48;2;21;21;21m`[38;2;99;99;99m`[38;2;50;50;50;48;2;7;7;7m`[48;2;0;0;0m           [38;2;23;23;23;48;2;4;4;4m`[38;2;125;125;125;48;2;61;61;61m`[38;2;96;96;96;48;2;182;182;182m_[38;2;220;220;220;48;2;244;244;244m_[38;2;251;251;251;48;2;249;249;249m`[38;2;252;252;252;48;2;251;251;251m.[48;2;252;252;252m                                                                                [0m
[7m[38;2;252;252;252m [0m[38;2;0;0;0;48;2;252;252;252m              [38;2;252;252;252;48;2;251;251;251m: [38;2;247;247;247;48;2;245;245;245m'[38;2;162;162;162;48;2;194;194;194m_[38;2;88;88;88;48;2;45;45;45m~[38;2;7;7;7;48;2;3;3;3m`[48;2;0;0;0m              [38;2;5;5;5;48;2;1;1;1m`[38;2;84;84;84;48;2;16;16;16m`[38;2;158;158;158;48;2;50;50;50m~[38;2;97;97;97;48;2;154;154;154mw[38;2;215;215;215;48;2;236;236;236mw[38;2;254;254;254;48;2;251;251;251m. [48;2;252;252;252m                                                                              [0m
[7m[38;2;252;252;252m [0m[38;2;0;0;0;48;2;252;252;252m              [38;2;252;252;252;48;2;251;251;251m. [38;2;233;233;233;48;2;245;245;245m"[38;2;154;154;154;48;2;205;205;205m~[38;2;216;216;216;48;2;90;90;90m_[38;2;105;105;105;48;2;30;30;30m_[38;2;0;0;0;48;2;4;4;4m`[48;2;0;0;0m             [48;2;2;2;2m`[38;2;35;35;35;48;2;21;21;21my[38;2;117;117;117;48;2;64;64;64my[38;2;87;87;87;48;2;169;169;169m~[38;2;249;249;249;48;2;238;238;238m.[38;2;254;254;254;48;2;252;252;252m`[48;2;251;251;251m [48;2;252;252;252m                                                                              [0m
[7m[38;2;252;252;252m [0m[38;2;0;0;0;48;2;252;252;252m                 [38;2;252;252;252;48;2;251;251;251m.[38;2;230;230;230;48;2;247;247;247m`[38;2;182;182;182;48;2;229;229;229m~[38;2;90;90;90;48;2;166;166;166m~[38;2;76;76;76;48;2;38;38;38mw[38;2;0;0;0;48;2;2;2;2m:[48;2;0;0;0m          [48;2;2;2;2m`[38;2;87;87;87;48;2;39;39;39my[38;2;60;60;60;48;2;163;163;163m~[38;2;178;178;178;48;2;228;228;228m~[38;2;254;254;254;48;2;250;250;250m`[38;2;252;252;252;48;2;251;251;251m`[48;2;252;252;252m                                                                                [0m
[7m[38;2;252;252;252m [0m[38;2;0;0;0;48;2;252;252;252m                  [48;2;251;251;251m [38;2;250;250;250mF[38;2;207;207;207;48;2;218;218;218m4[38;2;92;92;92;48;2;69;69;69m~[38;2;0;0;0;48;2;4;4;4m:[38;2;1;1;1;48;2;0;0;0m`         [38;2;31;31;31;48;2;17;17;17m4[38;2;102;102;102;48;2;124;124;124ml[38;2;230;230;230;48;2;241;241;241m,[38;2;252;252;252;48;2;249;249;249m_[38;2;249;249;249;48;2;251;251;251m__[38;2;252;252;252m:[48;2;252;252;252m                                                                               [0m
[7m[38;2;252;252;252m [0m[38;2;0;0;0;48;2;252;252;252m                 [38;2;252;252;252;48;2;251;251;251m.[38;2;250;250;250m,[48;2;240;240;240m`[38;2;141;141;141;48;2;179;179;179m_[38;2;5;5;5;48;2;26;26;26m:[48;2;0;0;0m           [38;2;6;6;6;48;2;1;1;1m`[38;2;65;65;65;48;2;18;18;18m~[38;2;173;173;173;48;2;60;60;60m~[38;2;62;62;62;48;2;151;151;151my[38;2;89;89;89;48;2;202;202;202m_[38;2;183;183;183;48;2;240;240;240m_[38;2;225;225;225;48;2;248;248;248m_[38;2;250;250;250;48;2;251;251;251m.[38;2;252;252;252m;[48;2;252;252;252m                                                                             [0m
[7m[38;2;252;252;252m [0m[38;2;0;0;0;48;2;252;252;252m                [38;2;252;252;252;48;2;251;251;251m: [38;2;250;250;250;48;2;237;237;237m`[38;2;68;68;68;48;2;181;181;181m_[38;2;122;122;122;48;2;50;50;50m~[38;2;0;0;0;48;2;4;4;4m:[38;2;1;1;1;48;2;0;0;0m`             [38;2;7;7;7;48;2;1;1;1m`[38;2;59;59;59;48;2;7;7;7m`[38;2;92;92;92;48;2;30;30;30m~[38;2;29;29;29;48;2;108;108;108my[38;2;52;52;52;48;2;168;168;168m_[38;2;163;163;163;48;2;228;228;228m_[38;2;253;253;253;48;2;250;250;250m:[38;2;250;250;250;48;2;251;251;251m_[38;2;252;252;252m:[48;2;252;252;252m                                                                          [0m
[7m[38;2;252;252;252m [0m[38;2;0;0;0;48;2;252;252;252m               [48;2;251;251;251m  [38;2;235;235;235;48;2;240;240;240mu[38;2;193;193;193;48;2;164;164;164mF[38;2;0;0;0;48;2;21;21;21m:[48;2;0;0;0m                  [38;2;21;21;21;48;2;2;2;2m_[38;2;108;108;108;48;2;36;36;36m_[38;2;62;62;62;48;2;148;148;148m~[38;2;193;193;193;48;2;231;231;231m"[38;2;254;254;254;48;2;250;250;250m'[38;2;250;250;250;48;2;251;251;251m`[38;2;252;252;252m:[48;2;252;252;252m                                                                          [0m
[7m[38;2;252;252;252m [0m[38;2;0;0;0;48;2;252;252;252m              [38;2;252;252;252;48;2;251;251;251m: [38;2;251;251;251;48;2;247;247;247m`[38;2;160;160;160;48;2;208;208;208m_[38;2;137;137;137;48;2;67;67;67m~[38;2;0;0;0;48;2;4;4;4m:[48;2;0;0;0m                  [38;2;70;70;70;48;2;50;50;50m=[38;2;132;132;132;48;2;177;177;177m~[38;2;254;254;254;48;2;246;246;246m:[38;2;250;250;250;48;2;251;251;251m![38;2;251;251;251;48;2;252;252;252m_                                                                            [0m
[7m[38;2;252;252;252m [0m[38;2;0;0;0;48;2;252;252;252m              [38;2;252;252;252;48;2;251;251;251m: [38;2;203;203;203;48;2;217;217;217m4[38;2;134;134;134;48;2;71;71;71m~[38;2;0;0;0;48;2;4;4;4m:[48;2;0;0;0m                   [38;2;19;19;19;48;2;5;5;5m`[38;2;100;100;100;48;2;43;43;43m"[38;2;79;79;79;48;2;150;150;150my[38;2;152;152;152;48;2;221;221;221m_[38;2;253;253;253;48;2;249;249;249m:[48;2;251;251;251m [48;2;252;252;252m                                                                           [0m
[7m[38;2;252;252;252m [0m[38;2;0;0;0;48;2;252;252;252m              [48;2;251;251;251m [38;2;250;250;250mL[38;2;232;232;232;48;2;219;219;219m:[38;2;120;120;120;48;2;92;92;92ms[38;2;0;0;0;48;2;6;6;6m:[48;2;0;0;0m              [48;2;2;2;2m`[38;2;95;95;95;48;2;21;21;21m_[38;2;194;194;194;48;2;43;43;43m_[38;2;109;109;109;48;2;24;24;24m_[38;2;0;0;0;48;2;7;7;7m`[48;2;1;1;1m`[38;2;21;21;21;48;2;6;6;6m_[38;2;116;116;116;48;2;55;55;55m_[38;2;132;132;132;48;2;183;183;183mF[38;2;254;254;254;48;2;247;247;247m'[38;2;250;250;250;48;2;251;251;251m*[38;2;252;252;252m:[48;2;252;252;252m                                                                          [0m
[7m[38;2;252;252;252m [0m[38;2;0;0;0;48;2;252;252;252m            [38;2;252;252;252;48;2;251;251;251m: [38;2;243;243;243;48;2;250;250;250m_[38;2;188;188;188;48;2;233;233;233m_[38;2;62;62;62;48;2;165;165;165m_[38;2;67;67;67;48;2;28;28;28m"[38;2;0;0;0;48;2;1;1;1m:[38;2;1;1;1;48;2;0;0;0m`             [38;2;0;0;0;48;2;8;8;8m.[38;2;56;56;56;48;2;106;106;106mL[38;2;198;198;198;48;2;224;224;224m_[38;2;180;180;180;48;2;234;234;234m~[38;2;136;136;136;48;2;215;215;215m~[38;2;231;231;231;48;2;156;156;156my[38;2;103;103;103;48;2;198;198;198m~[38;2;175;175;175;48;2;231;231;231m"[38;2;254;254;254;48;2;251;251;251m`[38;2;251;251;251;48;2;252;252;252m:                                                                            [0m
[7m[38;2;252;252;252m [0m[38;2;0;0;0;48;2;252;252;252m           [38;2;252;252;252;48;2;251;251;251m:[38;2;250;250;250m_[38;2;251;251;251;48;2;246;246;246m`[38;2;157;157;157;48;2;215;215;215m_[38;2;72;72;72;48;2;118;118;118my[38;2;31;31;31;48;2;8;8;8m~[48;2;0;0;0m                [38;2;1;1;1m.[38;2;60;60;60;48;2;39;39;39m4[38;2;127;127;127;48;2;162;162;162mL[38;2;254;254;254;48;2;247;247;247m:[38;2;251;251;251;48;2;250;250;250m_[38;2;250;250;250;48;2;251;251;251mTT[38;2;252;252;252m:[48;2;252;252;252m                                                                              [0m
[7m[38;2;252;252;252m [0m[38;2;0;0;0;48;2;252;252;252m         [38;2;252;252;252;48;2;251;251;251m: [38;2;236;236;236;48;2;248;248;248m_[38;2;164;164;164;48;2;223;223;223m_[38;2;14;14;14;48;2;145;145;145m_[38;2;122;122;122;48;2;32;32;32m~[38;2;0;0;0;48;2;2;2;2m`[48;2;0;0;0m                  [38;2;12;12;12;48;2;6;6;6m"[38;2;57;57;57;48;2;106;106;106m[[38;2;219;219;219;48;2;233;233;233m_[38;2;254;254;254;48;2;252;252;252m.[48;2;251;251;251m [48;2;252;252;252m                                                                                [0m
[7m[38;2;252;252;252m [0m[38;2;0;0;0;48;2;252;252;252m        [48;2;251;251;251m  [38;2;235;235;235;48;2;243;243;243mu[38;2;162;162;162;48;2;189;189;189ma[38;2;109;109;109;48;2;38;38;38m~[38;2;8;8;8;48;2;3;3;3m`[38;2;1;1;1;48;2;0;0;0m^                   .[38;2;89;89;89;48;2;61;61;61m4[38;2;178;178;178;48;2;198;198;198mL[38;2;254;254;254;48;2;249;249;249m:[48;2;250;250;250m [38;2;252;252;252;48;2;251;251;251m:[48;2;252;252;252m                                                                               [0m
[7m[38;2;252;252;252m [0m[38;2;0;0;0;48;2;252;252;252m         [48;2;251;251;251m [38;2;245;245;245;48;2;250;250;250m`[38;2;197;197;197;48;2;227;227;227m"[38;2;189;189;189;48;2;126;126;126my[38;2;108;108;108;48;2;30;30;30m_[38;2;0;0;0;48;2;2;2;2m`[38;2;4;4;4;48;2;1;1;1m.[38;2;2;2;2;48;2;0;0;0m..[38;2;41;41;41;48;2;8;8;8m_[38;2;85;85;85;48;2;24;24;24m_[38;2;65;65;65;48;2;23;23;23m_[38;2;0;0;0;48;2;1;1;1m:[48;2;0;0;0m            [38;2;1;1;1m:[38;2;55;55;55;48;2;38;38;38m4[38;2;127;127;127;48;2;157;157;157mL[38;2;254;254;254;48;2;247;247;247m:[38;2;249;249;249;48;2;250;250;250m%[38;2;252;252;252;48;2;251;251;251m:[48;2;252;252;252m                                                                               [0m
[7m[38;2;252;252;252m [0m[38;2;0;0;0;48;2;252;252;252m          [48;2;251;251;251m  [38;2;229;229;229;48;2;244;244;244m`[38;2;156;156;156;48;2;214;214;214m~[38;2;14;14;14;48;2;154;154;154m~[38;2;229;229;229;48;2;89;89;89m_[38;2;224;224;224;48;2;72;72;72m_[38;2;221;221;221;48;2;59;59;59m_[38;2;175;175;175;48;2;109;109;109my[38;2;189;189;189;48;2;151;151;151my[38;2;46;46;46;48;2;65;65;65my[38;2;0;0;0;48;2;3;3;3m:[48;2;0;0;0m            [38;2;1;1;1m~[38;2;27;27;27;48;2;19;19;19mJ[38;2;98;98;98;48;2;126;126;126mi[38;2;254;254;254;48;2;246;246;246m'[38;2;252;252;252;48;2;251;251;251my[48;2;252;252;252m                                                                                [0m
[7m[38;2;252;252;252m [0m[38;2;0;0;0;48;2;252;252;252m            [38;2;252;252;252;48;2;251;251;251m:.[38;2;253;253;253m~[38;2;250;250;250m*[38;2;252;252;252m~4[38;2;250;250;250;48;2;243;243;243m'[38;2;172;172;172;48;2;185;185;185my[38;2;5;5;5;48;2;23;23;23m:[48;2;0;0;0m              [38;2;6;6;6;48;2;3;3;3m`[38;2;67;67;67;48;2;96;96;96mi[38;2;215;215;215;48;2;231;231;231m_[48;2;252;252;252m [48;2;251;251;251m [48;2;252;252;252m                                                                               [0m
[7m[38;2;252;252;252m [0m[38;2;0;0;0;48;2;252;252;252m                [38;2;252;252;252;48;2;251;251;251m|[38;2;251;251;251;48;2;250;250;250m4[38;2;222;222;222;48;2;230;230;230m4[38;2;153;153;153;48;2;130;130;130mF[38;2;0;0;0;48;2;11;11;11m:[48;2;0;0;0m              [38;2;1;1;1m,[38;2;88;88;88;48;2;60;60;60m4[38;2;178;178;178;48;2;198;198;198mL[38;2;254;254;254;48;2;249;249;249m:[38;2;249;249;249;48;2;250;250;250mi[38;2;252;252;252;48;2;251;251;251m:[48;2;252;252;252m                                                                              [0m
[7m[38;2;252;252;252m [0m[38;2;0;0;0;48;2;252;252;252m                [48;2;251;251;251m [38;2;250;250;250mF[38;2;207;207;207;48;2;219;219;219m4[38;2;112;112;112;48;2;80;80;80m~[38;2;0;0;0;48;2;5;5;5m:[48;2;0;0;0m              [38;2;1;1;1m:[38;2;52;52;52;48;2;35;35;35m4[38;2;121;121;121;48;2;154;154;154mL[38;2;254;254;254;48;2;247;247;247m:[38;2;249;249;249;48;2;250;250;250m%[38;2;252;252;252;48;2;251;251;251m:[48;2;252;252;252m                                                                              [0m
[7m[38;2;252;252;252m [0m[38;2;0;0;0;48;2;252;252;252m               [38;2;252;252;252;48;2;251;251;251m:[48;2;252;252;252m [38;2;245;245;245;48;2;249;249;249m_[38;2;189;189;189;48;2;200;200;200m4[38;2;19;19;19;48;2;34;34;34m:[48;2;0;0;0m               [38;2;1;1;1m`[38;2;22;22;22;48;2;12;12;12m`[38;2;70;70;70;48;2;116;116;116m[[38;2;232;232;232;48;2;241;241;241m,[38;2;250;250;250;48;2;252;252;252m`[48;2;251;251;251m [48;2;252;252;252m                                                                              [0m
[7m[38;2;252;252;252m [0m[38;2;0;0;0;48;2;252;252;252m               [48;2;251;251;251m [38;2;250;250;250m$[38;2;231;231;231;48;2;236;236;236mu[38;2;178;178;178;48;2;151;151;151mF[38;2;0;0;0;48;2;14;14;14m:[48;2;0;0;0m                [38;2;1;1;1m`[38;2;97;97;97;48;2;68;68;68m4[38;2;192;192;192;48;2;210;210;210mL[38;2;254;254;254;48;2;250;250;250m: [38;2;252;252;252;48;2;251;251;251m:[48;2;252;252;252m                                                                             [0m
[7m[38;2;252;252;252m [0m[38;2;0;0;0;48;2;252;252;252m               [38;2;252;252;252;48;2;251;251;251m,[38;2;251;251;251;48;2;250;250;250mJ[38;2;214;214;214;48;2;224;224;224m4[38;2;135;135;135;48;2;107;107;107m~[38;2;0;0;0;48;2;8;8;8m:[38;2;1;1;1;48;2;0;0;0m.               :[38;2;64;64;64;48;2;43;43;43m4[38;2;139;139;139;48;2;167;167;167mL[38;2;254;254;254;48;2;247;247;247m:[38;2;249;249;249;48;2;250;250;250m$[38;2;252;252;252;48;2;251;251;251m:[48;2;252;252;252m                                                                             [0m
[7m[38;2;252;252;252m [0m[38;2;0;0;0;48;2;252;252;252m              [38;2;252;252;252;48;2;251;251;251m::[38;2;251;251;251;48;2;252;252;252m~[38;2;203;203;203;48;2;216;216;216m4[38;2;84;84;84;48;2;60;60;60m~[38;2;0;0;0;48;2;2;2;2m:[38;2;1;1;1;48;2;0;0;0m`               ~[38;2;30;30;30;48;2;18;18;18m`[38;2;83;83;83;48;2;125;125;125m[[38;2;254;254;254;48;2;244;244;244m'[38;2;250;250;250;48;2;251;251;251m~[38;2;252;252;252m:[48;2;252;252;252m                                                                             [0m
[7m[38;2;252;252;252m [0m[38;2;0;0;0;48;2;252;252;252m              [38;2;252;252;252;48;2;251;251;251m:[48;2;252;252;252m [38;2;248;248;248;48;2;249;249;249m.[38;2;188;188;188;48;2;200;200;200m4[38;2;13;13;13;48;2;32;32;32m.[48;2;0;0;0m                  [38;2;0;0;0;48;2;2;2;2m:[38;2;106;106;106;48;2;76;76;76m4[38;2;201;201;201;48;2;222;222;222m_[38;2;254;254;254;48;2;251;251;251m:[38;2;252;252;252m~:[48;2;252;252;252m                                                                            [0m
[7m[38;2;252;252;252m [0m[38;2;0;0;0;48;2;252;252;252m              [38;2;252;252;252;48;2;251;251;251m| [38;2;234;234;234;48;2;239;239;239m4[38;2;187;187;187;48;2;162;162;162mF[38;2;0;0;0;48;2;14;14;14m:[48;2;0;0;0m                   [38;2;72;72;72;48;2;50;50;50m4[38;2;154;154;154;48;2;178;178;178mL[38;2;254;254;254;48;2;247;247;247m:[38;2;249;249;249;48;2;250;250;250m$[38;2;252;252;252;48;2;251;251;251m:[48;2;252;252;252m                                                                            [0m
[7m[38;2;252;252;252m [0m[38;2;0;0;0;48;2;252;252;252m              [38;2;252;252;252;48;2;251;251;251m' [38;2;222;222;222;48;2;230;230;230m4[38;2;154;154;154;48;2;132;132;132mF[38;2;0;0;0;48;2;9;9;9m:[48;2;0;0;0m                  [38;2;1;1;1m:[38;2;39;39;39;48;2;27;27;27mJ[38;2;104;104;104;48;2;139;139;139m[[38;2;243;243;243;48;2;246;246;246mL[48;2;250;250;250m [38;2;252;252;252;48;2;251;251;251m:[48;2;252;252;252m                                                                            [0m
[7m[38;2;252;252;252m [0m[38;2;0;0;0;48;2;252;252;252m              [48;2;251;251;251m  [38;2;212;212;212;48;2;224;224;224m4[38;2;119;119;119;48;2;108;108;108mF[38;2;0;0;0;48;2;7;7;7m:[38;2;1;1;1;48;2;0;0;0m:                  [38;2;2;2;2;48;2;8;8;8m:[38;2;71;71;71;48;2;104;104;104mi[38;2;228;228;228;48;2;237;237;237m,[38;2;254;254;254;48;2;252;252;252m:[48;2;251;251;251m [48;2;252;252;252m                                                                            [0m
[7m[38;2;252;252;252m [0m[38;2;0;0;0;48;2;252;252;252m              [48;2;251;251;251m  [38;2;210;210;210;48;2;221;221;221m4[38;2;108;108;108;48;2;95;95;95mF[38;2;0;0;0;48;2;6;6;6m:[38;2;1;1;1;48;2;0;0;0m:         -.       `[38;2;94;94;94;48;2;66;66;66m4[38;2;193;193;193;48;2;210;210;210mL[38;2;254;254;254;48;2;250;250;250m:[38;2;251;251;251m`[38;2;252;252;252;48;2;251;251;251m:[48;2;252;252;252m                                                                           [0m
[7m[38;2;252;252;252m [0m[38;2;0;0;0;48;2;252;252;252m              [48;2;251;251;251m  [38;2;204;204;204;48;2;217;217;217m4[38;2;85;85;85;48;2;77;77;77m^[38;2;0;0;0;48;2;4;4;4m:[38;2;1;1;1;48;2;0;0;0m:     [38;2;43;43;43;48;2;11;11;11m_[38;2;153;153;153;48;2;66;66;66m_[38;2;205;205;205;48;2;115;115;115my[38;2;200;200;200;48;2;109;109;109my[38;2;254;254;254;48;2;104;104;104m_[38;2;235;235;235;48;2;102;102;102m_[38;2;136;136;136;48;2;46;46;46m_[38;2;0;0;0;48;2;5;5;5m:[48;2;0;0;0m     [38;2;1;1;1m*[38;2;64;64;64;48;2;34;34;34m`[38;2;89;89;89;48;2;145;145;145m;[38;2;254;254;254;48;2;245;245;245m'[38;2;253;253;253;48;2;250;250;250m_[38;2;252;252;252;48;2;251;251;251m:[48;2;252;252;252m                                                                           [0m
[?25h