[?25l[0m[7m[38;2;0;0;0m [0m[38;2;0;0;0;48;2;0;0;0m               [38;2;1;1;1m,[38;2;81;81;81;48;2;48;48;48m`[38;2;126;126;126;48;2;165;165;165mL[38;2;235;235;235;48;2;244;244;244m,[38;2;253;253;253;48;2;252;252;252mi[48;2;251;251;251m [48;2;252;252;252m                 [48;2;251;251;251m [38;2;252;252;252;48;2;249;249;249m:[38;2;199;199;199;48;2;210;210;210m4[38;2;67;67;67;48;2;36;36;36mL[48;2;0;0;0m                                                                             [0m
[7m[38;2;0;0;0m [0m[38;2;0;0;0;48;2;0;0;0m                [38;2;21;21;21;48;2;8;8;8m"[38;2;58;58;58;48;2;110;110;110mL[38;2;174;174;174;48;2;212;212;212m,[38;2;254;254;254;48;2;252;252;252m:[48;2;251;251;251m [48;2;252;252;252m                 [38;2;252;252;252;48;2;251;251;251m.[38;2;253;253;253m:[38;2;215;215;215;48;2;223;223;223m4[38;2;83;83;83;48;2;52;52;52mL[38;2;0;0;0;48;2;2;2;2m:[48;2;0;0;0m                                                                            [0m
[7m[38;2;0;0;0m [0m[38;2;0;0;0;48;2;0;0;0m                 [38;2;70;70;70;48;2;31;31;31m`[38;2;102;102;102;48;2;148;148;148mL[38;2;223;223;223;48;2;240;240;240m_[38;2;254;254;254;48;2;252;252;252m.[48;2;251;251;251m [48;2;252;252;252m                [38;2;252;252;252;48;2;251;251;251m:[38;2;250;250;250m,[38;2;246;246;246;48;2;227;227;227m:[38;2;100;100;100;48;2;71;71;71mL[38;2;0;0;0;48;2;6;6;6m:[38;2;1;1;1;48;2;0;0;0m_                                                                           [0m
[7m[38;2;0;0;0m [0m[38;2;0;0;0;48;2;0;0;0m                 [38;2;5;5;5;48;2;1;1;1m`[38;2;112;112;112;48;2;65;65;65m`[38;2;149;149;149;48;2;183;183;183mL[38;2;254;254;254;48;2;248;248;248m'[38;2;253;253;253;48;2;252;252;252m_                [38;2;252;252;252;48;2;251;251;251m.[38;2;251;251;251;48;2;250;250;250m"[38;2;224;224;224;48;2;232;232;232m4[38;2;118;118;118;48;2;91;91;91mL[38;2;18;18;18;48;2;11;11;11mr[38;2;1;1;1;48;2;0;0;0m:                                                                           [0m
[7m[38;2;0;0;0m [0m[38;2;0;0;0;48;2;0;0;0m                  [38;2;35;35;35;48;2;12;12;12m`[38;2;58;58;58;48;2;108;108;108mL[38;2;176;176;176;48;2;210;210;210m_[38;2;254;254;254;48;2;251;251;251m: [48;2;252;252;252m               [48;2;251;251;251m [38;2;250;250;250;48;2;249;249;249m4[38;2;230;230;230;48;2;236;236;236m4[38;2;149;149;149;48;2;126;126;126mL[38;2;35;35;35;48;2;18;18;18mL[38;2;1;1;1;48;2;0;0;0m:                                                                           [0m
[7m[38;2;0;0;0m [0m[38;2;0;0;0;48;2;0;0;0m                   [38;2;55;55;55;48;2;26;26;26m"[38;2;89;89;89;48;2;137;137;137mL[38;2;205;205;205;48;2;231;231;231m_[38;2;254;254;254;48;2;252;252;252m:[48;2;251;251;251m [48;2;252;252;252m              [48;2;251;251;251m [48;2;250;250;250m [38;2;236;236;236;48;2;241;241;241m4[38;2;182;182;182;48;2;159;159;159mL[38;2;48;48;48;48;2;24;24;24mL[38;2;1;1;1;48;2;0;0;0m`                                                                           [0m
[7m[38;2;0;0;0m [0m[38;2;0;0;0;48;2;0;0;0m                   [38;2;2;2;2m`[38;2;93;93;93;48;2;46;46;46m`[38;2;119;119;119;48;2;161;161;161mL[38;2;221;221;221;48;2;241;241;241m_[38;2;253;253;253;48;2;252;252;252m:[48;2;251;251;251m [48;2;252;252;252m             [38;2;252;252;252;48;2;251;251;251m: [48;2;247;247;247m:[38;2;193;193;193;48;2;204;204;204m4[38;2;67;67;67;48;2;35;35;35mL[48;2;0;0;0m                                                                            [0m
[7m[38;2;0;0;0m [0m[38;2;0;0;0;48;2;0;0;0m                    [38;2;10;10;10;48;2;2;2;2m`[38;2;112;112;112;48;2;67;67;67m`[38;2;149;149;149;48;2;183;183;183mL[38;2;238;238;238;48;2;246;246;246m,[38;2;253;253;253;48;2;252;252;252m.[48;2;251;251;251m [48;2;252;252;252m             [38;2;252;252;252;48;2;251;251;251m::[38;2;218;218;218;48;2;226;226;226m4[38;2;99;99;99;48;2;65;65;65mL[38;2;0;0;0;48;2;5;5;5m:[38;2;1;1;1;48;2;0;0;0m,                                                                          [0m
[7m[38;2;0;0;0m [0m[38;2;0;0;0;48;2;0;0;0m                     [38;2;29;29;29;48;2;7;7;7m`[38;2;104;104;104;48;2;78;78;78m4[38;2;146;146;146;48;2;197;197;197m_[38;2;254;254;254;48;2;248;248;248m'[38;2;253;253;253;48;2;251;251;251m_[38;2;251;251;251;48;2;252;252;252m_            [38;2;252;252;252;48;2;251;251;251m.[38;2;251;251;251;48;2;250;250;250m`[38;2;227;227;227;48;2;234;234;234m4[38;2;136;136;136;48;2;107;107;107mL[38;2;28;28;28;48;2;14;14;14mL[38;2;1;1;1;48;2;0;0;0m:                                                                          [0m
[7m[38;2;0;0;0m [0m[38;2;0;0;0;48;2;0;0;0m                      [38;2;41;41;41;48;2;12;12;12m`[38;2;53;53;53;48;2;102;102;102mL[38;2;160;160;160;48;2;203;203;203m_[38;2;254;254;254;48;2;250;250;250m'[38;2;252;252;252;48;2;251;251;251m_[48;2;252;252;252m            [48;2;251;251;251m.[38;2;251;251;251;48;2;250;250;250mu[38;2;250;250;250;48;2;240;240;240m:[38;2;186;186;186;48;2;160;160;160mL[38;2;50;50;50;48;2;25;25;25mL[38;2;1;1;1;48;2;0;0;0m`                                                                          [0m
[7m[38;2;0;0;0m [0m[38;2;0;0;0;48;2;0;0;0m                       [38;2;49;49;49;48;2;15;15;15m`[38;2;55;55;55;48;2;107;107;107mL[38;2;156;156;156;48;2;208;208;208m_[38;2;249;249;249;48;2;250;250;250m.[38;2;252;252;252;48;2;251;251;251m_[38;2;251;251;251;48;2;252;252;252m_           [48;2;251;251;251m [38;2;253;253;253;48;2;250;250;250m:[38;2;206;206;206;48;2;215;215;215m4[38;2;80;80;80;48;2;44;44;44mL[38;2;0;0;0;48;2;1;1;1m:[48;2;0;0;0m                                                                          [0m
[7m[38;2;0;0;0m [0m[38;2;0;0;0;48;2;0;0;0m                        [38;2;48;48;48;48;2;16;16;16m`[38;2;59;59;59;48;2;109;109;109mL[38;2;165;165;165;48;2;210;210;210m_[38;2;253;253;253;48;2;250;250;250m`[38;2;252;252;252;48;2;251;251;251m,[48;2;252;252;252m           [48;2;251;251;251m:[38;2;250;250;250mi[38;2;249;249;249;48;2;231;231;231m:[38;2;129;129;129;48;2;96;96;96mL[38;2;0;0;0;48;2;14;14;14m:[38;2;1;1;1;48;2;0;0;0m:                                                                         [0m
[7m[38;2;0;0;0m [0m[38;2;0;0;0;48;2;0;0;0m                        [38;2;1;1;1m`[38;2;53;53;53;48;2;16;16;16m`[38;2;55;55;55;48;2;106;106;106mL[38;2;146;146;146;48;2;206;206;206m_[38;2;253;253;253;48;2;248;248;248m'[48;2;252;252;252m [38;2;252;252;252;48;2;251;251;251m:[48;2;252;252;252m         [48;2;251;251;251m [48;2;250;250;250m [38;2;251;251;251;48;2;241;241;241m:[38;2;141;141;141;48;2;170;170;170m"[38;2;53;53;53;48;2;26;26;26mL[38;2;1;1;1;48;2;0;0;0m~                                                                         [0m
[7m[38;2;0;0;0m [0m[38;2;0;0;0;48;2;0;0;0m                          [38;2;38;38;38;48;2;10;10;10m`[38;2;116;116;116;48;2;78;78;78m~[38;2;137;137;137;48;2;193;193;193m_[38;2;234;234;234;48;2;246;246;246m,[38;2;251;251;251;48;2;252;252;252m'[48;2;251;251;251m [48;2;252;252;252m        [38;2;252;252;252;48;2;251;251;251m::[38;2;253;253;253;48;2;250;250;250m'[38;2;245;245;245;48;2;222;222;222m:[38;2;104;104;104;48;2;66;66;66mL[38;2;0;0;0;48;2;6;6;6m:[38;2;1;1;1;48;2;0;0;0m,                                                                        [0m
[7m[38;2;0;0;0m [0m[38;2;0;0;0;48;2;0;0;0m                           [38;2;32;32;32;48;2;8;8;8m`[38;2;102;102;102;48;2;64;64;64m~[38;2;108;108;108;48;2;174;174;174m_[38;2;213;213;213;48;2;241;241;241m_[38;2;253;253;253;48;2;251;251;251m. [48;2;252;252;252m        [48;2;251;251;251m [48;2;250;250;250m [38;2;250;250;250;48;2;237;237;237m:[38;2;173;173;173;48;2;140;140;140mL[38;2;39;39;39;48;2;23;23;23mr[38;2;1;1;1;48;2;0;0;0m~                                                                        [0m
[7m[38;2;0;0;0m [0m[38;2;0;0;0;48;2;0;0;0m                            [38;2;11;11;11;48;2;3;3;3m`[38;2;84;84;84;48;2;44;44;44m"[38;2;79;79;79;48;2;147;147;147m_[38;2;186;186;186;48;2;230;230;230m_[38;2;253;253;253;48;2;250;250;250m:[48;2;251;251;251m [48;2;252;252;252m       [38;2;252;252;252;48;2;251;251;251m::[48;2;250;250;250m'[38;2;246;246;246;48;2;220;220;220m:[38;2;105;105;105;48;2;63;63;63mL[38;2;0;0;0;48;2;6;6;6m:[38;2;1;1;1;48;2;0;0;0m_                                                                       [0m
[7m[38;2;0;0;0m [0m[38;2;0;0;0;48;2;0;0;0m                             [38;2;3;3;3m`[38;2;69;69;69;48;2;23;23;23m`[38;2;64;64;64;48;2;113;113;113mL[38;2;145;145;145;48;2;208;208;208m_[38;2;253;253;253;48;2;247;247;247m'[48;2;251;251;251m [38;2;252;252;252m:[48;2;252;252;252m      [48;2;251;251;251m.[38;2;251;251;251;48;2;250;250;250m_[48;2;240;240;240m:[38;2;123;123;123;48;2;160;160;160m~[38;2;45;45;45;48;2;27;27;27mr[38;2;1;1;1;48;2;0;0;0m`                                                                       [0m
[7m[38;2;0;0;0m [0m[38;2;0;0;0;48;2;0;0;0m                               [38;2;35;35;35;48;2;10;10;10m`[38;2;110;110;110;48;2;62;62;62m~[38;2;91;91;91;48;2;168;168;168m_[38;2;193;193;193;48;2;234;234;234m_[38;2;253;253;253;48;2;251;251;251m: [48;2;252;252;252m      [38;2;252;252;252;48;2;251;251;251m:[38;2;253;253;253;48;2;250;250;250m'[38;2;250;250;250;48;2;227;227;227m:[38;2;129;129;129;48;2;84;84;84mL[38;2;0;0;0;48;2;12;12;12m:[38;2;1;1;1;48;2;0;0;0m+                                                                      [0m
[7m[38;2;0;0;0m [0m[38;2;0;0;0;48;2;0;0;0m                                [38;2;8;8;8;48;2;1;1;1m`[38;2;78;78;78;48;2;27;27;27m`[38;2;72;72;72;48;2;117;117;117my[38;2;137;137;137;48;2;204;204;204m_[38;2;226;226;226;48;2;245;245;245m_[38;2;253;253;253;48;2;251;251;251m.[38;2;252;252;252m:[48;2;252;252;252m    [48;2;251;251;251m:[38;2;250;250;250m~[38;2;252;252;252;48;2;246;246;246m:[38;2;170;170;170;48;2;203;203;203m~[38;2;88;88;88;48;2;46;46;46mL[38;2;0;0;0;48;2;3;3;3m:[48;2;0;0;0m                                                                      [0m
[7m[38;2;0;0;0m [0m[38;2;0;0;0;48;2;0;0;0m                                  [38;2;30;30;30;48;2;8;8;8m`[38;2;99;99;99;48;2;48;48;48m~[38;2;59;59;59;48;2;145;145;145m_[38;2;158;158;158;48;2;218;218;218m_[38;2;238;238;238;48;2;247;247;247m,[38;2;252;252;252;48;2;251;251;251m` [48;2;252;252;252m   [48;2;251;251;251m:[38;2;250;250;250m$[38;2;252;252;252;48;2;239;239;239m:[38;2;113;113;113;48;2;155;155;155m~[38;2;0;0;0;48;2;30;30;30m:[38;2;1;1;1;48;2;0;0;0m'                                                                     [0m
[7m[38;2;0;0;0m [0m[38;2;0;0;0;48;2;0;0;0m                                   [38;2;3;3;3m`[38;2;49;49;49;48;2;12;12;12m`[38;2;116;116;116;48;2;62;62;62m~[38;2;76;76;76;48;2;161;161;161m_[38;2;168;168;168;48;2;227;227;227m_[38;2;236;236;236;48;2;247;247;247m,[38;2;253;253;253;48;2;251;251;251m.[48;2;252;252;252m   [38;2;252;252;252;48;2;251;251;251m:[48;2;250;250;250m'[48;2;232;232;232m:[38;2;150;150;150;48;2;104;104;104mL[38;2;0;0;0;48;2;17;17;17m:[48;2;0;0;0m                                                                     [0m
[7m[38;2;0;0;0m [0m[38;2;0;0;0;48;2;0;0;0m                                     [38;2;2;2;2m`[38;2;37;37;37;48;2;13;13;13m~[38;2;127;127;127;48;2;62;62;62m~[38;2;67;67;67;48;2;159;159;159m_[38;2;155;155;155;48;2;220;220;220m_[38;2;225;225;225;48;2;246;246;246m_[38;2;253;253;253;48;2;251;251;251m. [38;2;252;252;252m:[38;2;250;250;250m~[38;2;251;251;251;48;2;249;249;249m:[38;2;188;188;188;48;2;217;217;217m"[38;2;114;114;114;48;2;68;68;68mL[38;2;21;21;21;48;2;7;7;7m,[38;2;1;1;1;48;2;0;0;0m_                                                                   [0m
[7m[38;2;0;0;0m [0m[38;2;0;0;0;48;2;0;0;0m                                       [38;2;4;4;4m`[38;2;52;52;52;48;2;12;12;12m`[38;2;108;108;108;48;2;51;51;51m~[38;2;85;85;85;48;2;143;143;143my[38;2;122;122;122;48;2;205;205;205m_[38;2;202;202;202;48;2;241;241;241m_[38;2;245;245;245;48;2;250;250;250m,[48;2;251;251;251m [38;2;249;249;249m'[38;2;253;253;253;48;2;247;247;247m'[38;2;163;163;163;48;2;205;205;205m~[38;2;106;106;106;48;2;56;56;56mL[38;2;20;20;20;48;2;5;5;5m,[48;2;0;0;0m                                                                   [0m
[7m[38;2;0;0;0m [0m[38;2;0;0;0;48;2;0;0;0m                                         [38;2;1;1;1m`[38;2;14;14;14;48;2;4;4;4m`[38;2;78;78;78;48;2;30;30;30m"[38;2;164;164;164;48;2;87;87;87m~[38;2;75;75;75;48;2;176;176;176m_[38;2;156;156;156;48;2;223;223;223m_[38;2;214;214;214;48;2;244;244;244m_[38;2;247;247;247;48;2;249;249;249m,[38;2;254;254;254;48;2;245;245;245m'[38;2;156;156;156;48;2;202;202;202m~[38;2;135;135;135;48;2;62;62;62m_[38;2;26;26;26;48;2;7;7;7m,[38;2;2;2;2;48;2;0;0;0m,                                                                 [0m
[7m[38;2;0;0;0m [0m[38;2;0;0;0;48;2;0;0;0m                                            [38;2;7;7;7;48;2;1;1;1m`[38;2;56;56;56;48;2;12;12;12m`[38;2;104;104;104;48;2;42;42;42m~[38;2;75;75;75;48;2;129;129;129my[38;2;105;105;105;48;2;195;195;195m_[38;2;127;127;127;48;2;220;220;220m_[38;2;163;163;163;48;2;230;230;230m_[38;2;164;164;164;48;2;206;206;206m`[38;2;125;125;125;48;2;80;80;80mL[38;2;25;25;25;48;2;11;11;11mr[38;2;1;1;1;48;2;0;0;0m-                                                                [0m
[7m[38;2;0;0;0m [0m[38;2;0;0;0;48;2;0;0;0m                                              [38;2;1;1;1m"[38;2;9;9;9;48;2;3;3;3m`[38;2;36;36;36;48;2;8;8;8m~[38;2;50;50;50;48;2;14;14;14m~[38;2;105;105;105;48;2;36;36;36m~[38;2;156;156;156;48;2;58;58;58m~[38;2;104;104;104;48;2;32;32;32m~[38;2;23;23;23;48;2;4;4;4m~[48;2;0;0;0m                                                                 [0m
[7m[38;2;0;0;0m [0m[38;2;0;0;0;48;2;0;0;0m                                                                                                                       [0m
[7m[38;2;0;0;0m [0m[38;2;0;0;0;48;2;0;0;0m                                                                                                                       [0m
[7m[38;2;0;0;0m [0m[38;2;0;0;0;48;2;0;0;0m                                                                                                                       [0m
[7m[38;2;0;0;0m [0m[38;2;0;0;0;48;2;0;0;0m                                                                                                                       [0m
[7m[38;2;0;0;0m [0m[38;2;0;0;0;48;2;0;0;0m                                                                                                                       [0m
[7m[38;2;0;0;0m [0m[38;2;0;0;0;48;2;0;0;0m                                                                                                                       [0m
[7m[38;2;0;0;0m [0m[38;2;0;0;0;48;2;0;0;0m                                                                                                                       [0m
[7m[38;2;0;0;0m [0m[38;2;0;0;0;48;2;0;0;0m                                                                                                                       [0m
[7m[38;2;0;0;0m [0m[38;2;0;0;0;48;2;0;0;0m                                                                                                                       [0m
[7m[38;2;0;0;0m [0m[38;2;0;0;0;48;2;0;0;0m                                                                                                                       [0m
[?25h