[?25l[0m[7m[38;2;252;252;252m [0m[38;2;0;0;0;48;2;252;252;252m                                                                                                                       [0m
[7m[38;2;252;252;252m [0m[38;2;0;0;0;48;2;252;252;252m                                                                                                                       [0m
[7m[38;2;252;252;252m [0m[38;2;0;0;0;48;2;252;252;252m                                                              [48;2;251;251;251m [38;2;250;250;250m__ [48;2;252;252;252m                                                     [0m
[7m[38;2;252;252;252m [0m[38;2;0;0;0;48;2;252;252;252m                                                            [48;2;251;251;251m [38;2;253;253;253;48;2;248;248;248m:[38;2;179;179;179;48;2;222;222;222my[38;2;91;91;91;48;2;197;197;197m_[38;2;108;108;108;48;2;210;210;210m_[38;2;163;163;163;48;2;237;237;237m_[38;2;232;232;232;48;2;248;248;248m,[38;2;248;248;248;48;2;251;251;251m,[38;2;250;250;250mw***   [38;2;253;253;253m_[38;2;252;252;252m:[38;2;250;250;250m_[38;2;252;252;252m.[48;2;252;252;252m                                        [0m
[7m[38;2;252;252;252m [0m[38;2;0;0;0;48;2;252;252;252m                                                           [38;2;252;252;252;48;2;251;251;251m: [38;2;253;253;253;48;2;249;249;249m'[38;2;185;185;185;48;2;230;230;230m~[38;2;92;92;92;48;2;176;176;176m~[38;2;91;91;91;48;2;54;54;54mL[38;2;81;81;81;48;2;32;32;32m"[38;2;198;198;198;48;2;93;93;93m~[38;2;0;0;0;48;2;172;172;172m_[48;2;157;157;157m_[38;2;61;61;61;48;2;154;154;154myy[38;2;65;65;65;48;2;157;157;157my[38;2;0;0;0;48;2;163;163;163m_[48;2;180;180;180m_[38;2;10;10;10;48;2;197;197;197m_[38;2;33;33;33;48;2;210;210;210m_[38;2;73;73;73;48;2;220;220;220m_[38;2;122;122;122;48;2;227;227;227m_[38;2;177;177;177;48;2;238;238;238m_[38;2;230;230;230;48;2;249;249;249m_[38;2;245;245;245;48;2;251;251;251m_[38;2;252;252;252m: [48;2;252;252;252m                                    [0m
[7m[38;2;252;252;252m [0m[38;2;0;0;0;48;2;252;252;252m                                                         [38;2;252;252;252;48;2;251;251;251m.`[38;2;251;251;251;48;2;246;246;246m`[38;2;150;150;150;48;2;226;226;226m_[38;2;87;87;87;48;2;182;182;182my[38;2;201;201;201;48;2;85;85;85m~[38;2;168;168;168;48;2;43;43;43m~[38;2;60;60;60;48;2;14;14;14m"[38;2;3;3;3;48;2;1;1;1m'[48;2;0;0;0m        [38;2;6;6;6;48;2;1;1;1m`[38;2;21;21;21;48;2;3;3;3m`[38;2;46;46;46;48;2;8;8;8m~[38;2;80;80;80;48;2;14;14;14m~[38;2;120;120;120;48;2;21;21;21m~[38;2;161;161;161;48;2;43;43;43m~[38;2;36;36;36;48;2;123;123;123my[38;2;55;55;55;48;2;177;177;177m_[38;2;153;153;153;48;2;230;230;230m_[38;2;229;229;229;48;2;247;247;247m,[38;2;249;249;249;48;2;251;251;251m,[48;2;252;252;252m                                  [0m
[7m[38;2;252;252;252m [0m[38;2;0;0;0;48;2;252;252;252m                                                       [38;2;252;252;252;48;2;251;251;251m:[38;2;250;250;250m_[38;2;253;253;253;48;2;250;250;250m.[38;2;198;198;198;48;2;234;234;234m_[38;2;75;75;75;48;2;150;150;150my[38;2;81;81;81;48;2;32;32;32m"[38;2;12;12;12;48;2;4;4;4m`[38;2;2;2;2;48;2;0;0;0m~                 [38;2;1;1;1m`[38;2;19;19;19;48;2;4;4;4m`[38;2;92;92;92;48;2;26;26;26m`[38;2;197;197;197;48;2;95;95;95m~[38;2;121;121;121;48;2;215;215;215m_[38;2;227;227;227;48;2;247;247;247m,[38;2;250;250;250;48;2;251;251;251m_[38;2;252;252;252m.[48;2;252;252;252m                               [0m
[7m[38;2;252;252;252m [0m[38;2;0;0;0;48;2;252;252;252m                                                       [38;2;252;252;252;48;2;251;251;251m:[48;2;250;250;250m [38;2;254;254;254;48;2;241;241;241m:[38;2;118;118;118;48;2;150;150;150my[38;2;50;50;50;48;2;29;29;29m~[48;2;0;0;0m                      [38;2;1;1;1m`[38;2;0;0;0;48;2;3;3;3m`[38;2;85;85;85;48;2;36;36;36m"[38;2;97;97;97;48;2;170;170;170m_[38;2;220;220;220;48;2;239;239;239m,[48;2;251;251;251m  [48;2;252;252;252m                              [0m
[7m[38;2;252;252;252m [0m[38;2;0;0;0;48;2;252;252;252m                                                     [38;2;252;252;252;48;2;251;251;251m: [38;2;253;253;253;48;2;249;249;249m:[38;2;205;205;205;48;2;230;230;230m=[38;2;102;102;102;48;2;166;166;166ma[38;2;111;111;111;48;2;52;52;52m~[38;2;20;20;20;48;2;7;7;7m~[38;2;1;1;1;48;2;0;0;0m"                       [38;2;0;0;0;48;2;4;4;4m:[38;2;44;44;44;48;2;66;66;66m:[38;2;207;207;207;48;2;224;224;224mL[38;2;253;253;253;48;2;252;252;252m_                               [0m
[7m[38;2;252;252;252m [0m[38;2;0;0;0;48;2;252;252;252m                                                    [38;2;252;252;252;48;2;251;251;251m..._[48;2;249;249;249m'[38;2;162;162;162;48;2;221;221;221m`[38;2;142;142;142;48;2;107;107;107mL[38;2;38;38;38;48;2;18;18;18mL[48;2;0;0;0m                        [38;2;0;0;0;48;2;4;4;4m:[38;2;51;51;51;48;2;69;69;69m`[38;2;206;206;206;48;2;223;223;223mL[38;2;248;248;248;48;2;251;251;251m,[38;2;252;252;252m:[48;2;252;252;252m                              [0m
[7m[38;2;252;252;252m [0m[38;2;0;0;0;48;2;252;252;252m                                                   [38;2;253;253;253;48;2;250;250;250m:[38;2;199;199;199;48;2;243;243;243m_[38;2;174;174;174;48;2;239;239;239m_[38;2;158;158;158;48;2;235;235;235m_[38;2;68;68;68;48;2;214;214;214m_[38;2;10;10;10;48;2;149;149;149m_[38;2;151;151;151;48;2;54;54;54m~[38;2;49;49;49;48;2;12;12;12m~[38;2;0;0;0;48;2;1;1;1m:[48;2;0;0;0m                        [38;2;1;1;1m:[38;2;0;0;0;48;2;17;17;17m:[38;2;52;52;52;48;2;139;139;139m_[38;2;214;214;214;48;2;233;233;233m,[48;2;251;251;251m [38;2;252;252;252m`:[48;2;252;252;252m                            [0m
[7m[38;2;252;252;252m [0m[38;2;0;0;0;48;2;252;252;252m                                                 [38;2;252;252;252;48;2;251;251;251m:`[38;2;254;254;254;48;2;243;243;243m:[38;2;148;148;148;48;2;184;184;184m4[38;2;33;33;33;48;2;107;107;107m=[38;2;1;1;1;48;2;76;76;76m=[38;2;160;160;160;48;2;51;51;51m_[38;2;184;184;184;48;2;87;87;87my[38;2;213;213;213;48;2;106;106;106my[38;2;158;158;158;48;2;75;75;75my[38;2;66;66;66;48;2;22;22;22m,[48;2;0;0;0m                          [38;2;1;1;1;48;2;20;20;20m:[38;2;53;53;53;48;2;140;140;140my[38;2;73;73;73;48;2;191;191;191m_[38;2;186;186;186;48;2;230;230;230m,[38;2;242;242;242;48;2;249;249;249m,[38;2;252;252;252;48;2;251;251;251m::[48;2;252;252;252m                          [0m
[7m[38;2;252;252;252m [0m[38;2;0;0;0;48;2;252;252;252m                                                  [38;2;252;252;252;48;2;251;251;251m::[38;2;246;246;246;48;2;250;250;250m`[38;2;210;210;210;48;2;243;243;243m`[38;2;183;183;183;48;2;234;234;234m~[38;2;208;208;208;48;2;241;241;241m~[38;2;241;241;241;48;2;249;249;249m`[38;2;254;254;254;48;2;247;247;247m:[38;2;186;186;186;48;2;202;202;202m~[38;2;148;148;148;48;2;86;86;86my[38;2;76;76;76;48;2;19;19;19m,[38;2;1;1;1;48;2;0;0;0m.                        [38;2;0;0;0;48;2;5;5;5m:[38;2;74;74;74;48;2;54;54;54m4[38;2;58;58;58;48;2;172;172;172m~[38;2;180;180;180;48;2;231;231;231m~[38;2;241;241;241;48;2;249;249;249m~[38;2;252;252;252;48;2;251;251;251m::[48;2;252;252;252m                          [0m
[7m[38;2;252;252;252m [0m[38;2;0;0;0;48;2;252;252;252m                                                     [38;2;252;252;252;48;2;251;251;251m: .:[38;2;253;253;253m`[38;2;239;239;239;48;2;248;248;248m`[38;2;219;219;219;48;2;241;241;241m`[38;2;134;134;134;48;2;201;201;201m~[38;2;185;185;185;48;2;99;99;99my[38;2;119;119;119;48;2;43;43;43m_[38;2;32;32;32;48;2;7;7;7m,[48;2;0;0;0m                      [38;2;0;0;0;48;2;1;1;1m:[38;2;11;11;11;48;2;40;40;40m:[38;2;185;185;185;48;2;207;207;207mL[38;2;243;243;243;48;2;248;248;248m,[38;2;252;252;252;48;2;251;251;251mL:[48;2;252;252;252m                           [0m
[7m[38;2;252;252;252m [0m[38;2;0;0;0;48;2;252;252;252m                                                           [38;2;252;252;252;48;2;251;251;251m:[38;2;249;249;249;48;2;250;250;250m![38;2;254;254;254;48;2;243;243;243m:[38;2;132;132;132;48;2;170;170;170m`[38;2;68;68;68;48;2;38;38;38mL[38;2;1;1;1;48;2;0;0;0m~                     ,[38;2;0;0;0;48;2;19;19;19m:[38;2;139;139;139;48;2;166;166;166mL[38;2;232;232;232;48;2;238;238;238mr[38;2;251;251;251;48;2;250;250;250mF[48;2;251;251;251m [48;2;252;252;252m                           [0m
[7m[38;2;252;252;252m [0m[38;2;0;0;0;48;2;252;252;252m                                                           [38;2;252;252;252;48;2;251;251;251m: [38;2;254;254;254;48;2;250;250;250m:[38;2;207;207;207;48;2;219;219;219m"[38;2;102;102;102;48;2;61;61;61mL[38;2;0;0;0;48;2;2;2;2m`[48;2;0;0;0m                     [38;2;1;1;1m:[38;2;0;0;0;48;2;13;13;13m:[38;2;102;102;102;48;2;124;124;124mL[38;2;217;217;217;48;2;230;230;230mL[38;2;251;251;251;48;2;250;250;250mL[48;2;251;251;251m [48;2;252;252;252m                           [0m
[7m[38;2;252;252;252m [0m[38;2;0;0;0;48;2;252;252;252m                                                            [48;2;251;251;251m  [38;2;253;253;253;48;2;238;238;238m:[38;2;126;126;126;48;2;88;88;88mL[38;2;20;20;20;48;2;9;9;9m,[38;2;1;1;1;48;2;0;0;0m_                    .[38;2;0;0;0;48;2;6;6;6m:[38;2;62;62;62;48;2;79;79;79m:[38;2;208;208;208;48;2;225;225;225mL[38;2;252;252;252;48;2;251;251;251mL.[48;2;252;252;252m                           [0m
[7m[38;2;252;252;252m [0m[38;2;0;0;0;48;2;252;252;252m                                                            [38;2;252;252;252;48;2;251;251;251m:[48;2;250;250;250m [38;2;254;254;254;48;2;240;240;240m:[38;2;135;135;135;48;2;106;106;106mL[38;2;29;29;29;48;2;16;16;16mL[48;2;1;1;1m [48;2;0;0;0m                     [38;2;0;0;0;48;2;2;2;2m:[38;2;16;16;16;48;2;50;50;50m.[38;2;195;195;195;48;2;217;217;217mL[38;2;247;247;247;48;2;251;251;251m,[48;2;252;252;252m                            [0m
[7m[38;2;252;252;252m [0m[38;2;0;0;0;48;2;252;252;252m                                                            [38;2;252;252;252;48;2;251;251;251m:[48;2;250;250;250m_[38;2;254;254;254;48;2;238;238;238m'[38;2;130;130;130;48;2;102;102;102mF[38;2;27;27;27;48;2;15;15;15mF[48;2;0;0;0m                       [38;2;3;3;3;48;2;26;26;26m:[38;2;162;162;162;48;2;187;187;187mL[38;2;231;231;231;48;2;243;243;243m,[38;2;252;252;252;48;2;251;251;251mF [48;2;252;252;252m                          [0m
[7m[38;2;252;252;252m [0m[38;2;0;0;0;48;2;252;252;252m                                                          [38;2;252;252;252;48;2;251;251;251m:[38;2;250;250;250my[38;2;252;252;252;48;2;248;248;248m:[38;2;150;150;150;48;2;220;220;220m_[38;2;65;65;65;48;2;136;136;136mg[38;2;64;64;64;48;2;25;25;25m"[38;2;2;2;2;48;2;1;1;1m'[48;2;0;0;0m                      [38;2;1;1;1m"[38;2;0;0;0;48;2;6;6;6m:[38;2;44;44;44;48;2;83;83;83ms[38;2;173;173;173;48;2;212;212;212m_[38;2;238;238;238;48;2;248;248;248m,[48;2;251;251;251m [38;2;252;252;252m:[48;2;252;252;252m                         [0m
[7m[38;2;252;252;252m [0m[38;2;0;0;0;48;2;252;252;252m                                                        [38;2;252;252;252;48;2;251;251;251m:[38;2;250;250;250m_[38;2;252;252;252;48;2;250;250;250m`[38;2;249;249;249;48;2;244;244;244m`[38;2;127;127;127;48;2;216;216;216m_[38;2;115;115;115;48;2;75;75;75mF[38;2;28;28;28;48;2;8;8;8m~[38;2;1;1;1;48;2;0;0;0m~                         [38;2;0;0;0;48;2;7;7;7m:[38;2;51;51;51;48;2;95;95;95mg[38;2;177;177;177;48;2;216;216;216m_[38;2;239;239;239;48;2;249;249;249m,[48;2;251;251;251m [38;2;252;252;252m:[48;2;252;252;252m                        [0m
[7m[38;2;252;252;252m [0m[38;2;0;0;0;48;2;252;252;252m                                                       [48;2;251;251;251m [38;2;253;253;253m.[38;2;252;252;252;48;2;242;242;242m:[38;2;77;77;77;48;2;197;197;197m_[38;2;197;197;197;48;2;79;79;79m~[38;2;70;70;70;48;2;16;16;16m~[38;2;2;2;2;48;2;1;1;1m'[48;2;0;0;0m                            [38;2;0;0;0;48;2;7;7;7m:[38;2;48;48;48;48;2;101;101;101mg[38;2;185;185;185;48;2;217;217;217m_[38;2;242;242;242;48;2;249;249;249m,[38;2;252;252;252;48;2;251;251;251m::[48;2;252;252;252m                       [0m
[7m[38;2;252;252;252m [0m[38;2;0;0;0;48;2;252;252;252m                                                    [48;2;251;251;251m [38;2;252;252;252m`[48;2;248;248;248m`[38;2;191;191;191;48;2;239;239;239m_[38;2;82;82;82;48;2;186;186;186m_[38;2;161;161;161;48;2;69;69;69m~[38;2;52;52;52;48;2;13;13;13m~[38;2;3;3;3;48;2;1;1;1m'[38;2;1;1;1;48;2;0;0;0m`                              [38;2;0;0;0;48;2;8;8;8m:[38;2;143;143;143;48;2;81;81;81m~[38;2;178;178;178;48;2;218;218;218m_[38;2;239;239;239;48;2;249;249;249m,[48;2;251;251;251m [38;2;252;252;252m.[48;2;252;252;252m                      [0m
[7m[38;2;252;252;252m [0m[38;2;0;0;0;48;2;252;252;252m                                                 [38;2;252;252;252;48;2;251;251;251m.[38;2;249;249;249m_[38;2;254;254;254;48;2;249;249;249m.[38;2;195;195;195;48;2;241;241;241m_[38;2;71;71;71;48;2;206;206;206m_[38;2;57;57;57;48;2;147;147;147my[38;2;154;154;154;48;2;48;48;48m~[38;2;39;39;39;48;2;7;7;7m~[48;2;0;0;0m                                   [38;2;0;0;0;48;2;7;7;7m:[38;2;47;47;47;48;2;100;100;100mg[38;2;179;179;179;48;2;215;215;215m_[38;2;240;240;240;48;2;248;248;248m,[48;2;251;251;251m [38;2;252;252;252m:[48;2;252;252;252m                     [0m
[7m[38;2;252;252;252m [0m[38;2;0;0;0;48;2;252;252;252m                                              [38;2;252;252;252;48;2;251;251;251m:[38;2;250;250;250m_[38;2;252;252;252;48;2;249;249;249m`[38;2;190;190;190;48;2;240;240;240m_[38;2;111;111;111;48;2;208;208;208m_[38;2;49;49;49;48;2;141;141;141my[38;2;132;132;132;48;2;36;36;36m~[38;2;44;44;44;48;2;7;7;7m~[38;2;2;2;2;48;2;1;1;1m'[48;2;0;0;0m                                      [38;2;0;0;0;48;2;7;7;7m:[38;2;136;136;136;48;2;76;76;76m~[38;2;187;187;187;48;2;217;217;217m_[38;2;242;242;242;48;2;250;250;250m,[38;2;252;252;252;48;2;251;251;251m.:[48;2;252;252;252m                    [0m
[7m[38;2;252;252;252m [0m[38;2;0;0;0;48;2;252;252;252m                                           [38;2;252;252;252;48;2;251;251;251m: [38;2;253;253;253m.[38;2;251;251;251;48;2;244;244;244m`[38;2;118;118;118;48;2;217;217;217m_[38;2;15;15;15;48;2;156;156;156m_[38;2;149;149;149;48;2;51;51;51m~[38;2;32;32;32;48;2;6;6;6m~[48;2;0;0;0m [38;2;1;1;1m~                                        =[38;2;0;0;0;48;2;10;10;10m:[38;2;81;81;81;48;2;124;124;124my[38;2;213;213;213;48;2;227;227;227mr[38;2;250;250;250;48;2;251;251;251m4[38;2;252;252;252m`[48;2;252;252;252m                    [0m
[7m[38;2;252;252;252m [0m[38;2;0;0;0;48;2;252;252;252m                                        [38;2;252;252;252;48;2;251;251;251m:[38;2;250;250;250m_[38;2;252;252;252;48;2;250;250;250m`[38;2;223;223;223;48;2;247;247;247m_[38;2;143;143;143;48;2;228;228;228m_[38;2;85;85;85;48;2;176;176;176my[38;2;170;170;170;48;2;64;64;64m~[38;2;81;81;81;48;2;18;18;18m~[38;2;0;0;0;48;2;3;3;3m:[48;2;0;0;0m                                              [38;2;3;3;3;48;2;25;25;25m:[38;2;122;122;122;48;2;174;174;174m_[38;2;220;220;220;48;2;239;239;239m,[38;2;250;250;250;48;2;251;251;251my [48;2;252;252;252m                   [0m
[7m[38;2;252;252;252m [0m[38;2;0;0;0;48;2;252;252;252m                                       [38;2;252;252;252;48;2;251;251;251m:[48;2;246;246;246m'[38;2;145;145;145;48;2;224;224;224m_[38;2;18;18;18;48;2;174;174;174m_[38;2;195;195;195;48;2;70;70;70m~[38;2;65;65;65;48;2;16;16;16m~[38;2;0;0;0;48;2;2;2;2m.[38;2;2;2;2;48;2;0;0;0m`           [38;2;0;0;0;48;2;14;14;14m:[38;2;154;154;154;48;2;56;56;56m_[38;2;32;32;32;48;2;117;117;117m~[38;2;79;79;79;48;2;32;32;32m,[48;2;0;0;0m                                [38;2;1;1;1m`[38;2;0;0;0;48;2;3;3;3m:[38;2;92;92;92;48;2;55;55;55m~[38;2;188;188;188;48;2;213;213;213mL[38;2;245;245;245;48;2;250;250;250m,[48;2;251;251;251m [48;2;252;252;252m                   [0m
[7m[38;2;252;252;252m [0m[38;2;0;0;0;48;2;252;252;252m                                     [38;2;252;252;252;48;2;251;251;251m:[38;2;250;250;250m+[38;2;252;252;252;48;2;241;241;241m'[38;2;101;101;101;48;2;185;185;185m_[38;2;111;111;111;48;2;42;42;42m~[38;2;0;0;0;48;2;4;4;4m:[48;2;0;0;0m             [48;2;5;5;5m:[38;2;106;106;106;48;2;40;40;40m_[38;2;70;70;70;48;2;157;157;157m~[38;2;197;197;197;48;2;227;227;227m~[38;2;151;151;151;48;2;169;169;169my[38;2;60;60;60;48;2;36;36;36mF[48;2;1;1;1m [48;2;0;0;0m                                 [38;2;10;10;10;48;2;31;31;31m'[38;2;183;183;183;48;2;203;203;203mF[38;2;246;246;246;48;2;249;249;249m~[48;2;252;252;252m                    [0m
[7m[38;2;252;252;252m [0m[38;2;0;0;0;48;2;252;252;252m                                    [38;2;252;252;252;48;2;251;251;251m:[48;2;250;250;250m`[38;2;233;233;233;48;2;240;240;240mu[38;2;215;215;215;48;2;153;153;153m~[38;2;60;60;60;48;2;30;30;30m~[38;2;3;3;3;48;2;1;1;1m.[48;2;0;0;0m             [38;2;0;0;0;48;2;12;12;12m:[38;2;139;139;139;48;2;69;69;69m_[38;2;129;129;129;48;2;191;191;191m~[38;2;231;231;231;48;2;244;244;244m~[38;2;253;253;253;48;2;232;232;232m'[38;2;137;137;137;48;2;100;100;100mF[38;2;33;33;33;48;2;16;16;16m~[48;2;0;0;0m                                 [38;2;0;0;0;48;2;2;2;2m:[38;2;32;32;32;48;2;56;56;56m`[38;2;199;199;199;48;2;216;216;216mF[38;2;251;251;251;48;2;252;252;252m`[38;2;252;252;252;48;2;251;251;251m:[48;2;252;252;252m                   [0m
[7m[38;2;252;252;252m [0m[38;2;0;0;0;48;2;252;252;252m                                    [38;2;252;252;252;48;2;251;251;251m:[38;2;250;250;250m`[38;2;245;245;245;48;2;248;248;248m`[38;2;168;168;168;48;2;214;214;214m`[38;2;95;95;95;48;2;69;69;69mL[38;2;0;0;0;48;2;7;7;7m:[38;2;40;40;40;48;2;10;10;10m_[38;2;120;120;120;48;2;28;28;28m_[38;2;75;75;75;48;2;13;13;13m_[38;2;0;0;0;48;2;2;2;2m:[48;2;0;0;0m        [38;2;51;51;51;48;2;18;18;18m_[38;2;143;143;143;48;2;91;91;91my[38;2;165;165;165;48;2;212;212;212m~[38;2;240;240;240;48;2;246;246;246m~[38;2;254;254;254;48;2;245;245;245m:[38;2;194;194;194;48;2;175;175;175mF[38;2;66;66;66;48;2;41;41;41mF[38;2;1;1;1;48;2;0;0;0m:                                 [38;2;0;0;0;48;2;6;6;6m:[38;2;118;118;118;48;2;85;85;85m_[38;2;206;206;206;48;2;222;222;222mF[48;2;252;252;252m [38;2;252;252;252;48;2;251;251;251m:[48;2;252;252;252m                   [0m
[7m[38;2;252;252;252m [0m[38;2;0;0;0;48;2;252;252;252m                                    [38;2;252;252;252;48;2;251;251;251m:`[38;2;251;251;251;48;2;237;237;237m'[38;2;105;105;105;48;2;162;162;162my[38;2;1;1;1;48;2;28;28;28m:[38;2;51;51;51;48;2;19;19;19m_[38;2;68;68;68;48;2;117;117;117mF[38;2;153;153;153;48;2;206;206;206m~[38;2;115;115;115;48;2;186;186;186m~[38;2;116;116;116;48;2;51;51;51m_[38;2;0;0;0;48;2;6;6;6m:[38;2;1;1;1;48;2;0;0;0m_   _[38;2;0;0;0;48;2;1;1;1m:[38;2;67;67;67;48;2;31;31;31m_[38;2;71;71;71;48;2;141;141;141m~[38;2;187;187;187;48;2;226;226;226m~[38;2;250;250;250;48;2;248;248;248m:[48;2;249;249;249m_[38;2;254;254;254;48;2;243;243;243m:[38;2;178;178;178;48;2;159;159;159mF[38;2;61;61;61;48;2;35;35;35mL[48;2;0;0;0m                                  [38;2;0;0;0;48;2;13;13;13m:[38;2;156;156;156;48;2;136;136;136m4[38;2;222;222;222;48;2;232;232;232mL[48;2;253;253;253m [48;2;252;252;252m                    [0m
[7m[38;2;252;252;252m [0m[38;2;0;0;0;48;2;252;252;252m                                   [38;2;252;252;252;48;2;251;251;251m:[38;2;250;250;250m%[38;2;251;251;251;48;2;240;240;240m'[38;2;122;122;122;48;2;179;179;179my[38;2;71;71;71;48;2;36;36;36m~[38;2;101;101;101;48;2;38;38;38m_[38;2;71;71;71;48;2;141;141;141m~[38;2;189;189;189;48;2;229;229;229m~[38;2;253;253;253;48;2;250;250;250m:[38;2;246;246;246;48;2;248;248;248m`[38;2;176;176;176;48;2;215;215;215m~[38;2;180;180;180;48;2;81;81;81m_[38;2;35;35;35;48;2;13;13;13m,[38;2;1;1;1;48;2;0;0;0m.  [38;2;0;0;0;48;2;5;5;5m:[38;2;101;101;101;48;2;45;45;45m_[38;2;94;94;94;48;2;162;162;162m~[38;2;213;213;213;48;2;239;239;239m~[38;2;253;253;253;48;2;251;251;251m`[38;2;252;252;252m:[38;2;249;249;249;48;2;250;250;250m.[38;2;254;254;254;48;2;242;242;242m:[38;2;163;163;163;48;2;145;145;145mF[38;2;53;53;53;48;2;31;31;31mL[48;2;1;1;1m [48;2;0;0;0m                                [38;2;1;1;1m"[38;2;0;0;0;48;2;12;12;12m:[38;2;116;116;116;48;2;134;134;134mF[38;2;218;218;218;48;2;230;230;230mF[48;2;251;251;251m  [48;2;252;252;252m                   [0m
[7m[38;2;252;252;252m [0m[38;2;0;0;0;48;2;252;252;252m                                  [38;2;252;252;252;48;2;251;251;251m:[38;2;251;251;251;48;2;250;250;250m^[38;2;234;234;234;48;2;242;242;242mu[38;2;225;225;225;48;2;162;162;162m~[38;2;84;84;84;48;2;58;58;58m_[38;2;145;145;145;48;2;89;89;89my[38;2;127;127;127;48;2;201;201;201m~[38;2;220;220;220;48;2;243;243;243m~[38;2;253;253;253;48;2;251;251;251m`[48;2;252;252;252m+[38;2;250;250;250;48;2;251;251;251m-[38;2;252;252;252;48;2;249;249;249m'[38;2;214;214;214;48;2;232;232;232m"[38;2;72;72;72;48;2;137;137;137m~[38;2;48;48;48;48;2;24;24;24m,[38;2;0;0;0;48;2;1;1;1m`[48;2;12;12;12m:[38;2;109;109;109;48;2;65;65;65my[38;2;123;123;123;48;2;189;189;189m~[38;2;230;230;230;48;2;244;244;244m~[38;2;254;254;254;48;2;252;252;252m`[38;2;251;251;251m`[38;2;252;252;252;48;2;251;251;251m:[48;2;250;250;250m [38;2;254;254;254;48;2;240;240;240m:[38;2;154;154;154;48;2;133;133;133mF[38;2;46;46;46;48;2;26;26;26mL[48;2;1;1;1m [48;2;0;0;0m                                 [38;2;0;0;0;48;2;16;16;16m`[38;2;144;144;144;48;2;165;165;165mF[38;2;229;229;229;48;2;238;238;238mF[38;2;252;252;252;48;2;251;251;251m| [48;2;252;252;252m                   [0m
[7m[38;2;252;252;252m [0m[38;2;0;0;0;48;2;252;252;252m                                  [38;2;252;252;252;48;2;251;251;251m:[38;2;251;251;251;48;2;252;252;252m`[38;2;244;244;244;48;2;250;250;250m`[38;2;178;178;178;48;2;237;237;237m`[38;2;166;166;166;48;2;225;225;225m~[38;2;205;205;205;48;2;236;236;236m"[38;2;251;251;251;48;2;250;250;250m:[38;2;252;252;252;48;2;251;251;251m:[48;2;252;252;252m   [48;2;251;251;251m:[48;2;250;250;250m.[38;2;226;226;226;48;2;240;240;240m`[38;2;107;107;107;48;2;178;178;178m~[38;2;187;187;187;48;2;67;67;67m_[38;2;186;186;186;48;2;99;99;99m_[38;2;158;158;158;48;2;206;206;206m~[38;2;250;250;250;48;2;245;245;245m:[48;2;250;250;250m [38;2;252;252;252;48;2;251;251;251m:[48;2;252;252;252m [48;2;251;251;251m:[48;2;250;250;250m [38;2;254;254;254;48;2;239;239;239m:[38;2;141;141;141;48;2;118;118;118mF[38;2;37;37;37;48;2;21;21;21mL[48;2;1;1;1m [48;2;0;0;0m                         [38;2;5;5;5;48;2;1;1;1m_[38;2;6;6;6m_[38;2;1;1;1;48;2;0;0;0m.     [38;2;3;3;3;48;2;24;24;24m`[38;2;174;174;174;48;2;193;193;193mF[38;2;241;241;241;48;2;246;246;246m~[48;2;252;252;252m [38;2;252;252;252;48;2;251;251;251m:[48;2;252;252;252m                   [0m
[7m[38;2;252;252;252m [0m[38;2;0;0;0;48;2;252;252;252m                                      [48;2;251;251;251m   [48;2;252;252;252m      [38;2;253;253;253m`[48;2;251;251;251m'[38;2;222;222;222;48;2;247;247;247m`[48;2;245;245;245m~[38;2;241;241;241;48;2;249;249;249m~[38;2;252;252;252;48;2;251;251;251m:[48;2;252;252;252m   [48;2;251;251;251m:[38;2;250;250;250m:[38;2;254;254;254;48;2;239;239;239m:[38;2;130;130;130;48;2;106;106;106mF[38;2;29;29;29;48;2;16;16;16mL[48;2;1;1;1m [48;2;0;0;0m                      [38;2;8;8;8;48;2;2;2;2m__[38;2;0;0;0;48;2;1;1;1m`[38;2;22;22;22;48;2;13;13;13my[48;2;15;15;15m_[38;2;5;5;5;48;2;3;3;3mL[48;2;0;0;0m   [38;2;1;1;1m,[38;2;0;0;0;48;2;1;1;1m:[38;2;71;71;71;48;2;46;46;46m_[38;2;195;195;195;48;2;213;213;213mF[38;2;250;250;250;48;2;251;251;251m~[48;2;252;252;252m                     [0m
[?25h