[?25l[0m[7m[38;2;252;252;252m [0m[38;2;0;0;0;48;2;252;252;252m                                                                                                                       [0m
[7m[38;2;252;252;252m [0m[38;2;0;0;0;48;2;252;252;252m                                                                                                                       [0m
[7m[38;2;252;252;252m [0m[38;2;0;0;0;48;2;252;252;252m                                                                                                                       [0m
[7m[38;2;252;252;252m [0m[38;2;0;0;0;48;2;252;252;252m                                                                                                                       [0m
[7m[38;2;252;252;252m [0m[38;2;0;0;0;48;2;252;252;252m                                                                                                                       [0m
[7m[38;2;252;252;252m [0m[38;2;0;0;0;48;2;252;252;252m                                                                                                                       [0m
[7m[38;2;252;252;252m [0m[38;2;0;0;0;48;2;252;252;252m                                                                                                                       [0m
[7m[38;2;252;252;252m [0m[38;2;0;0;0;48;2;252;252;252m                                                                                                                       [0m
[7m[38;2;252;252;252m [0m[38;2;0;0;0;48;2;252;252;252m                                                                                                                       [0m
[7m[38;2;252;252;252m [0m[38;2;0;0;0;48;2;252;252;252m                                                                                                                       [0m
[7m[38;2;252;252;252m [0m[38;2;0;0;0;48;2;252;252;252m                                                       [38;2;254;254;254m_[48;2;251;251;251m_[38;2;253;253;253;48;2;252;252;252m_+,_[38;2;252;252;252;48;2;251;251;251m:[48;2;252;252;252m                                                         [0m
[7m[38;2;252;252;252m [0m[38;2;0;0;0;48;2;252;252;252m                                                    [38;2;252;252;252;48;2;251;251;251m: [38;2;254;254;254;48;2;245;245;245m:[38;2;136;136;136;48;2;196;196;196my[38;2;47;47;47;48;2;134;134;134my[38;2;199;199;199;48;2;75;75;75m~[38;2;192;192;192;48;2;61;61;61m~[38;2;204;204;204;48;2;95;95;95m~[38;2;91;91;91;48;2;195;195;195m_[38;2;220;220;220;48;2;243;243;243m,[38;2;252;252;252;48;2;251;251;251m::[48;2;252;252;252m                                                       [0m
[7m[38;2;252;252;252m [0m[38;2;0;0;0;48;2;252;252;252m                                                    [38;2;252;252;252;48;2;251;251;251m: [38;2;254;254;254;48;2;241;241;241m'[38;2;189;189;189;48;2;136;136;136my[38;2;84;84;84;48;2;34;34;34m,[38;2;7;7;7;48;2;4;4;4m'[38;2;3;3;3;48;2;2;2;2m_.[38;2;53;53;53;48;2;23;23;23m"[38;2;92;92;92;48;2;134;134;134ms[38;2;232;232;232;48;2;239;239;239mr[48;2;251;251;251m [38;2;252;252;252m:[48;2;252;252;252m                                                      [0m
[7m[38;2;252;252;252m [0m[38;2;0;0;0;48;2;252;252;252m                                                     [38;2;252;252;252;48;2;251;251;251m:[38;2;250;250;250m$[38;2;254;254;254;48;2;239;239;239m:[38;2;89;89;89;48;2;140;140;140m`[38;2;50;50;50;48;2;25;25;25mL[38;2;1;1;1;48;2;6;6;6m:[38;2;72;72;72;48;2;36;36;36mu[38;2;182;182;182;48;2;94;94;94my[38;2;109;109;109;48;2;191;191;191m~[38;2;250;250;250;48;2;244;244;244m:[38;2;252;252;252;48;2;251;251;251m`:[48;2;252;252;252m                                                      [0m
[7m[38;2;252;252;252m [0m[38;2;0;0;0;48;2;252;252;252m                                                   [38;2;252;252;252;48;2;251;251;251m: [48;2;249;249;249m`[38;2;183;183;183;48;2;235;235;235m_[38;2;97;97;97;48;2;175;175;175my[38;2;96;96;96;48;2;46;46;46m"[38;2;17;17;17;48;2;5;5;5m~[38;2;2;2;2;48;2;4;4;4m'[38;2;1;1;1;48;2;38;38;38m:[38;2;130;130;130;48;2;158;158;158ms[38;2;236;236;236;48;2;242;242;242mr[48;2;250;250;250m [38;2;252;252;252;48;2;251;251;251m:[48;2;252;252;252m                                                       [0m
[7m[38;2;252;252;252m [0m[38;2;0;0;0;48;2;252;252;252m                                                   [38;2;252;252;252;48;2;251;251;251m: [38;2;254;254;254;48;2;242;242;242m:[38;2;137;137;137;48;2;173;173;173m4[38;2;98;98;98;48;2;48;48;48m_[38;2;17;17;17;48;2;7;7;7m,[38;2;3;3;3;48;2;2;2;2m_~[38;2;42;42;42;48;2;28;28;28m4[38;2;156;156;156;48;2;141;141;141m4[38;2;235;235;235;48;2;242;242;242mL[48;2;250;250;250m [38;2;252;252;252;48;2;251;251;251m:[48;2;252;252;252m                                                       [0m
[7m[38;2;252;252;252m [0m[38;2;0;0;0;48;2;252;252;252m                                                   [38;2;252;252;252;48;2;251;251;251m:`[38;2;253;253;253;48;2;248;248;248m.[38;2;187;187;187;48;2;226;226;226m_[38;2;128;128;128;48;2;85;85;85mF[38;2;27;27;27;48;2;12;12;12m~[48;2;2;2;2m [38;2;2;2;2;48;2;3;3;3m"[38;2;0;0;0;48;2;31;31;31m.[38;2;131;131;131;48;2;149;149;149m$[38;2;234;234;234;48;2;242;242;242mL[48;2;250;250;250m [38;2;252;252;252;48;2;251;251;251m:[48;2;252;252;252m                                                       [0m
[7m[38;2;252;252;252m [0m[38;2;0;0;0;48;2;252;252;252m                                                  [38;2;252;252;252;48;2;251;251;251m:`[38;2;254;254;254;48;2;250;250;250m.[38;2;207;207;207;48;2;235;235;235m_[38;2;80;80;80;48;2;133;133;133my[38;2;43;43;43;48;2;19;19;19m~[48;2;1;1;1m [38;2;2;2;2;48;2;0;0;0m~[38;2;0;0;0;48;2;2;2;2m:[38;2;73;73;73;48;2;50;50;50m4[38;2;170;170;170;48;2;201;201;201m~[38;2;251;251;251;48;2;247;247;247m:[48;2;251;251;251m [38;2;252;252;252m:[48;2;252;252;252m                                                       [0m
[7m[38;2;252;252;252m [0m[38;2;0;0;0;48;2;252;252;252m                                                  [38;2;252;252;252;48;2;251;251;251m:[48;2;250;250;250m [38;2;254;254;254;48;2;239;239;239m:[38;2;180;180;180;48;2;140;140;140m`[38;2;43;43;43;48;2;27;27;27mL[38;2;1;1;1;48;2;0;0;0m:  .[48;2;37;37;37m:[38;2;98;98;98;48;2;159;159;159m_[38;2;252;252;252;48;2;242;242;242m`[48;2;251;251;251m_:[48;2;252;252;252m                                                       [0m
[7m[38;2;252;252;252m [0m[38;2;0;0;0;48;2;252;252;252m                                                  [38;2;252;252;252;48;2;251;251;251m`[38;2;254;254;254m.[48;2;231;231;231m'[38;2;121;121;121;48;2;90;90;90mF[38;2;26;26;26;48;2;11;11;11m~[48;2;0;0;0m   [38;2;1;1;1m`[38;2;0;0;0;48;2;3;3;3m:[38;2;77;77;77;48;2;57;57;57m4[38;2;169;169;169;48;2;209;209;209m_[38;2;253;253;253;48;2;248;248;248m`[48;2;251;251;251m [38;2;252;252;252m:[48;2;252;252;252m                                                      [0m
[7m[38;2;252;252;252m [0m[38;2;0;0;0;48;2;252;252;252m                                                 [38;2;252;252;252;48;2;251;251;251m:[38;2;250;250;250m.[38;2;254;254;254;48;2;247;247;247m:[38;2;184;184;184;48;2;202;202;202my[38;2;75;75;75;48;2;46;46;46mF[38;2;0;0;0;48;2;1;1;1m:[48;2;0;0;0m     [48;2;25;25;25m:[38;2;138;138;138;48;2;123;123;123m4[38;2;232;232;232;48;2;241;241;241mL[38;2;251;251;251;48;2;250;250;250m,[38;2;252;252;252;48;2;251;251;251m:[48;2;252;252;252m                                                   [48;2;251;251;251m:[48;2;252;252;252m [38;2;239;239;239;48;2;249;249;249m_[0m
[7m[38;2;252;252;252m [0m[38;2;0;0;0;48;2;252;252;252m                                                 [48;2;251;251;251m [38;2;249;249;249;48;2;250;250;250m:[38;2;254;254;254;48;2;239;239;239m:[38;2;159;159;159;48;2;133;133;133mF[38;2;43;43;43;48;2;24;24;24mL[48;2;0;0;0m     [38;2;1;1;1m=[38;2;0;0;0;48;2;8;8;8m:[38;2;99;99;99;48;2;79;79;79m4[38;2;220;220;220;48;2;233;233;233mL[38;2;253;253;253;48;2;251;251;251m:[38;2;252;252;252m`[48;2;252;252;252m                                            [48;2;251;251;251m..[38;2;250;250;250;48;2;252;252;252m_[38;2;247;247;247m_[38;2;243;243;243m_[38;2;240;240;240;48;2;251;251;251m_[38;2;238;238;238m_[38;2;230;230;230;48;2;250;250;250m_[38;2;196;196;196;48;2;236;236;236m_[38;2;126;126;126;48;2;191;191;191m_[0m
[7m[38;2;252;252;252m [0m[38;2;0;0;0;48;2;252;252;252m                                                 [38;2;252;252;252;48;2;251;251;251m:[38;2;250;250;250m~[38;2;254;254;254;48;2;235;235;235m'[38;2;117;117;117;48;2;92;92;92mF[38;2;21;21;21;48;2;11;11;11mL[38;2;1;1;1;48;2;0;0;0m~     [38;2;0;0;0;48;2;1;1;1m:[38;2;69;69;69;48;2;48;48;48m4[38;2;181;181;181;48;2;202;202;202mL[38;2;253;253;253;48;2;247;247;247m`[38;2;252;252;252;48;2;251;251;251m':[48;2;252;252;252m                                   [38;2;253;253;253m_[38;2;252;252;252;48;2;251;251;251m:[38;2;250;250;250m_[38;2;246;246;246m_[38;2;240;240;240;48;2;250;250;250m_[38;2;232;232;232;48;2;248;248;248m_[38;2;215;215;215;48;2;244;244;244m_[38;2;186;186;186;48;2;237;237;237m_[38;2;159;159;159;48;2;229;229;229m_[38;2;129;129;129;48;2;216;216;216m_[38;2;102;102;102;48;2;200;200;200m_[38;2;82;82;82;48;2;182;182;182m_[38;2;64;64;64;48;2;162;162;162m_[38;2;84;84;84;48;2;155;155;155my[38;2;74;74;74;48;2;147;147;147my[38;2;58;58;58;48;2;130;130;130my[38;2;159;159;159;48;2;72;72;72m~[38;2;97;97;97;48;2;37;37;37m~[0m
[7m[38;2;252;252;252m [0m[38;2;0;0;0;48;2;252;252;252m                                                 [48;2;251;251;251m [38;2;254;254;254m:[38;2;245;245;245;48;2;224;224;224m`[38;2;94;94;94;48;2;65;65;65mF[38;2;0;0;0;48;2;4;4;4m:[48;2;0;0;0m      [38;2;1;1;1m_[38;2;39;39;39;48;2;26;26;26m4[38;2;124;124;124;48;2;143;143;143m>[38;2;233;233;233;48;2;242;242;242mL[48;2;251;251;251m [38;2;252;252;252m:[48;2;252;252;252m                                [48;2;251;251;251m::[48;2;250;250;250m`[38;2;217;217;217;48;2;242;242;242m_[38;2;162;162;162;48;2;225;225;225m_[38;2;110;110;110;48;2;204;204;204m_[38;2;74;74;74;48;2;182;182;182m_[38;2;46;46;46;48;2;157;157;157m_[38;2;59;59;59;48;2;137;137;137my[38;2;184;184;184;48;2;78;78;78m~[38;2;148;148;148;48;2;53;53;53m~[38;2;112;112;112;48;2;34;34;34m~[38;2;77;77;77;48;2;20;20;20m~[38;2;48;48;48;48;2;11;11;11m~[38;2;28;28;28;48;2;6;6;6m~[38;2;17;17;17;48;2;3;3;3m~[38;2;7;7;7;48;2;2;2;2m"[38;2;2;2;2;48;2;0;0;0m~[38;2;4;4;4m_[38;2;29;29;29;48;2;2;2;2m_[38;2;50;50;50;48;2;6;6;6m_[0m
[7m[38;2;252;252;252m [0m[38;2;0;0;0;48;2;252;252;252m                                                 [38;2;252;252;252;48;2;251;251;251m.[38;2;254;254;254;48;2;249;249;249m'[38;2;204;204;204;48;2;218;218;218m4[38;2;187;187;187;48;2;78;78;78m_[38;2;100;100;100;48;2;20;20;20m_[38;2;44;44;44;48;2;6;6;6m_[38;2;13;13;13;48;2;1;1;1m_[38;2;1;1;1;48;2;0;0;0m.  [38;2;0;0;0;48;2;2;2;2m`[38;2;45;45;45;48;2;7;7;7m_[38;2;64;64;64;48;2;20;20;20m_[38;2;112;112;112;48;2;99;99;99mj[38;2;229;229;229;48;2;239;239;239mL[48;2;252;252;252m                                  [38;2;252;252;252;48;2;251;251;251m|[38;2;251;251;251;48;2;250;250;250m:[38;2;229;229;229;48;2;239;239;239m_[38;2;174;174;174;48;2;196;196;196m_[38;2;139;139;139;48;2;120;120;120mF[38;2;83;83;83;48;2;59;59;59m~[38;2;47;47;47;48;2;20;20;20m~[38;2;35;35;35;48;2;7;7;7m`[38;2;10;10;10;48;2;2;2;2m`[38;2;2;2;2;48;2;0;0;0m_[38;2;19;19;19;48;2;3;3;3m_[38;2;65;65;65;48;2;15;15;15m_[38;2;109;109;109;48;2;27;27;27m_[38;2;133;133;133;48;2;36;36;36m_[38;2;145;145;145;48;2;44;44;44m_[38;2;156;156;156;48;2;51;51;51m_[38;2;167;167;167;48;2;57;57;57m_[38;2;181;181;181;48;2;69;69;69m_[38;2;154;154;154;48;2;83;83;83my[38;2;52;52;52;48;2;130;130;130m~[38;2;80;80;80;48;2;126;126;126m~[0m
[7m[38;2;252;252;252m [0m[38;2;0;0;0;48;2;252;252;252m                                                  [38;2;251;251;251m`[38;2;253;253;253;48;2;251;251;251m'[38;2;219;219;219;48;2;243;243;243m`[38;2;160;160;160;48;2;230;230;230m~[38;2;118;118;118;48;2;217;217;217m~[38;2;97;97;97;48;2;198;198;198m~[38;2;43;43;43;48;2;113;113;113m~[38;2;49;49;49;48;2;21;21;21m,[38;2;0;0;0;48;2;19;19;19m:[38;2;125;125;125;48;2;92;92;92ma[38;2;114;114;114;48;2;211;211;211m~[38;2;130;130;130;48;2;225;225;225m~[38;2;165;165;165;48;2;233;233;233m~[38;2;247;247;247;48;2;249;249;249m'[48;2;252;252;252m                                  [38;2;252;252;252;48;2;251;251;251m:[38;2;251;251;251;48;2;250;250;250m'[38;2;227;227;227;48;2;235;235;235m"[38;2;177;177;177;48;2;202;202;202m~[38;2;180;180;180;48;2;148;148;148my[38;2;144;144;144;48;2;103;103;103m_[38;2;104;104;104;48;2;61;61;61m_[38;2;90;90;90;48;2;36;36;36m_[38;2;69;69;69;48;2;27;27;27m_[38;2;72;72;72;48;2;33;33;33m_[38;2;127;127;127;48;2;83;83;83my[38;2;95;95;95;48;2;167;167;167m~[38;2;145;145;145;48;2;210;210;210m~[38;2;172;172;172;48;2;225;225;225m~[38;2;183;183;183;48;2;230;230;230m~[38;2;192;192;192;48;2;232;232;232m~[38;2;201;201;201;48;2;234;234;234m~[38;2;210;210;210;48;2;226;226;226m~[38;2;178;178;178;48;2;205;205;205m_[38;2;118;118;118;48;2;163;163;163m_[38;2;143;143;143;48;2;98;98;98m~[0m
[7m[38;2;252;252;252m [0m[38;2;0;0;0;48;2;252;252;252m                                                  [38;2;253;253;253m,[48;2;245;245;245m`[38;2;184;184;184;48;2;218;218;218my[38;2;121;121;121;48;2;172;172;172my[38;2;198;198;198;48;2;102;102;102m~[38;2;168;168;168;48;2;64;64;64m~[38;2;103;103;103;48;2;28;28;28m~[38;2;25;25;25;48;2;6;6;6m~[38;2;0;0;0;48;2;5;5;5m'[38;2;80;80;80;48;2;47;47;47m"[38;2;113;113;113;48;2;169;169;169my[38;2;158;158;158;48;2;207;207;207my[38;2;200;200;200;48;2;227;227;227my[38;2;241;241;241;48;2;247;247;247m,[38;2;252;252;252;48;2;251;251;251m:[48;2;252;252;252m                                  [48;2;251;251;251m [38;2;248;248;248;48;2;250;250;250m`[38;2;240;240;240;48;2;246;246;246m"[38;2;213;213;213;48;2;231;231;231m~[38;2;168;168;168;48;2;210;210;210m~[38;2;140;140;140;48;2;201;201;201m~[38;2;126;126;126;48;2;185;185;185m~[38;2;200;200;200;48;2;133;133;133m_[38;2;190;190;190;48;2;123;123;123m_[38;2;152;152;152;48;2;186;186;186m~[38;2;222;222;222;48;2;231;231;231m^[38;2;244;244;244;48;2;246;246;246m~[48;2;247;247;247m [38;2;246;246;246m_[38;2;232;232;232;48;2;245;245;245m_[38;2;202;202;202;48;2;229;229;229m_[38;2;151;151;151;48;2;188;188;188m_[38;2;166;166;166;48;2;126;126;126m~[38;2;108;108;108;48;2;74;74;74m~[38;2;55;55;55;48;2;30;30;30m~[0m
[7m[38;2;252;252;252m [0m[38;2;0;0;0;48;2;252;252;252m                                                  [38;2;253;253;253m`[38;2;245;245;245;48;2;249;249;249m`[38;2;209;209;209;48;2;241;241;241m~[38;2;178;178;178;48;2;233;233;233m~[38;2;130;130;130;48;2;217;217;217m~[38;2;86;86;86;48;2;199;199;199m~[38;2;75;75;75;48;2;196;196;196m~[38;2;76;76;76;48;2;197;197;197m~[38;2;81;81;81;48;2;199;199;199m~[38;2;90;90;90;48;2;204;204;204m~[38;2;120;120;120;48;2;216;216;216m~[38;2;155;155;155;48;2;228;228;228m~[38;2;196;196;196;48;2;239;239;239m~[38;2;242;242;242;48;2;249;249;249m~[38;2;252;252;252;48;2;251;251;251m:[48;2;252;252;252m                                   [48;2;251;251;251m: _[38;2;249;249;249m~~[38;2;243;243;243;48;2;249;249;249m"[38;2;225;225;225;48;2;244;244;244m~[38;2;216;216;216;48;2;242;242;242m~[38;2;232;232;232;48;2;245;245;245m"[38;2;243;243;243;48;2;248;248;248m~[38;2;247;247;247;48;2;250;250;250m~[38;2;244;244;244;48;2;247;247;247m_[38;2;220;220;220;48;2;235;235;235m_[38;2;186;186;186;48;2;205;205;205my[38;2;130;130;130;48;2;158;158;158my[38;2;135;135;135;48;2;90;90;90m~[38;2;80;80;80;48;2;40;40;40m~[38;2;35;35;35;48;2;14;14;14m~[38;2;7;7;7;48;2;4;4;4m`[0m
[7m[38;2;252;252;252m [0m[38;2;0;0;0;48;2;252;252;252m                                                    [38;2;252;252;252;48;2;251;251;251m::[38;2;253;253;253;48;2;252;252;252m"[48;2;251;251;251m`````[48;2;252;252;252m``                                             [38;2;252;252;252;48;2;251;251;251m.__[48;2;250;250;250m [38;2;236;236;236;48;2;239;239;239ma[38;2;200;200;200;48;2;207;207;207ma[38;2;158;158;158;48;2;143;143;143mF[38;2;104;104;104;48;2;80;80;80m~[38;2;52;52;52;48;2;37;37;37m~[38;2;37;37;37;48;2;12;12;12m_[38;2;29;29;29;48;2;8;8;8m_[38;2;16;16;16;48;2;5;5;5m_[0m
[7m[38;2;252;252;252m [0m[38;2;0;0;0;48;2;252;252;252m                                                                                                              [38;2;250;250;250;48;2;251;251;251m~[38;2;240;240;240;48;2;247;247;247m"[38;2;212;212;212;48;2;229;229;229m~[38;2;156;156;156;48;2;186;186;186m~[38;2;180;180;180;48;2;132;132;132my[38;2;186;186;186;48;2;123;123;123my[38;2;193;193;193;48;2;129;129;129my[38;2;178;178;178;48;2;117;117;117my[38;2;154;154;154;48;2;94;94;94my[0m
[7m[38;2;252;252;252m [0m[38;2;0;0;0;48;2;252;252;252m                                                                                                               [48;2;251;251;251m [38;2;249;249;249;48;2;250;250;250m~[38;2;234;234;234;48;2;248;248;248m`[38;2;232;232;232;48;2;247;247;247m~[38;2;236;236;236;48;2;248;248;248m~[38;2;239;239;239m~[38;2;229;229;229;48;2;244;244;244m~[38;2;212;212;212;48;2;237;237;237m~[0m
[7m[38;2;252;252;252m [0m[38;2;0;0;0;48;2;252;252;252m                                                                                                                       [0m
[7m[38;2;252;252;252m [0m[38;2;0;0;0;48;2;252;252;252m                                                                                                                       [0m
[7m[38;2;252;252;252m [0m[38;2;0;0;0;48;2;252;252;252m                                                                                                                       [0m
[7m[38;2;252;252;252m [0m[38;2;0;0;0;48;2;252;252;252m                                                                                                                       [0m
[7m[38;2;252;252;252m [0m[38;2;0;0;0;48;2;252;252;252m                                                                                                                       [0m
[?25h