[?25l[0m[7m[38;2;252;252;252m [0m[38;2;0;0;0;48;2;252;252;252m                                                                                                                       [0m
[7m[38;2;252;252;252m [0m[38;2;0;0;0;48;2;252;252;252m                              [38;2;252;252;252;48;2;251;251;251m:[48;2;252;252;252m                                                                                        [0m
[7m[38;2;252;252;252m [0m[38;2;0;0;0;48;2;252;252;252m                                                                                                                       [0m
[7m[38;2;252;252;252m [0m[38;2;0;0;0;48;2;252;252;252m                                                                                                                       [0m
[7m[38;2;252;252;252m [0m[38;2;0;0;0;48;2;252;252;252m                                                                                                                       [0m
[7m[38;2;252;252;252m [0m[38;2;0;0;0;48;2;252;252;252m                                                                                                                       [0m
[7m[38;2;252;252;252m [0m[38;2;0;0;0;48;2;252;252;252m                                                                                                                       [0m
[7m[38;2;252;252;252m [0m[38;2;0;0;0;48;2;252;252;252m                  [38;2;252;252;252;48;2;251;251;251m::[48;2;252;252;252m   [48;2;251;251;251m:[38;2;241;241;241m_[38;2;233;233;233;48;2;250;250;250m_[38;2;252;252;252;48;2;251;251;251m`[48;2;252;252;252m                                                                                            [0m
[7m[38;2;252;252;252m [0m[38;2;0;0;0;48;2;252;252;252m             [38;2;253;253;253m.,.[48;2;251;251;251m [38;2;252;252;252;48;2;250;250;250m`[38;2;204;204;204;48;2;243;243;243m_[38;2;73;73;73;48;2;224;224;224m_[38;2;16;16;16;48;2;212;212;212m_[38;2;5;5;5;48;2;207;207;207m_[38;2;14;14;14;48;2;211;211;211m_[38;2;40;40;40;48;2;219;219;219m_[38;2;84;84;84;48;2;205;205;205m_[38;2;211;211;211;48;2;151;151;151m~[38;2;51;51;51;48;2;177;177;177m_[38;2;138;138;138;48;2;231;231;231m_[38;2;253;253;253;48;2;251;251;251m: [48;2;252;252;252m                                                                                         [0m
[7m[38;2;252;252;252m [0m[38;2;0;0;0;48;2;252;252;252m          [38;2;252;252;252;48;2;251;251;251m:`[48;2;244;244;244m`[38;2;180;180;180;48;2;213;213;213m_[38;2;77;77;77;48;2;183;183;183my[38;2;28;28;28;48;2;178;178;178m_[38;2;50;50;50;48;2;187;187;187m_[38;2;84;84;84;48;2;169;169;169my[38;2;157;157;157;48;2;46;46;46m~[38;2;51;51;51;48;2;13;13;13m"[38;2;11;11;11;48;2;2;2;2m`[38;2;4;4;4;48;2;0;0;0m`[38;2;10;10;10;48;2;1;1;1m`[38;2;32;32;32;48;2;5;5;5m`[38;2;55;55;55;48;2;11;11;11m~[38;2;82;82;82;48;2;15;15;15m~[38;2;35;35;35;48;2;7;7;7m~[38;2;107;107;107;48;2;67;67;67m~[38;2;122;122;122;48;2;189;189;189m_[38;2;236;236;236;48;2;246;246;246m,[38;2;251;251;251;48;2;249;249;249m`[38;2;242;242;242;48;2;251;251;251m_[38;2;252;252;252m:[38;2;253;253;253;48;2;252;252;252m_                                                                                     [0m
[7m[38;2;252;252;252m [0m[38;2;0;0;0;48;2;252;252;252m          [38;2;252;252;252;48;2;251;251;251m:"[38;2;247;247;247m`[38;2;203;203;203;48;2;235;235;235m"[38;2;75;75;75;48;2;168;168;168m~[38;2;60;60;60;48;2;35;35;35m+[38;2;26;26;26;48;2;3;3;3m`[38;2;16;16;16;48;2;1;1;1m`[48;2;0;0;0m         [38;2;10;10;10;48;2;1;1;1m`[38;2;88;88;88;48;2;37;37;37m"[38;2;45;45;45;48;2;124;124;124my[38;2;109;109;109;48;2;170;170;170my[38;2;194;194;194;48;2;213;213;213mm[48;2;251;251;251m [48;2;253;253;253m  [48;2;252;252;252m                                                                                    [0m
[7m[38;2;252;252;252m [0m[38;2;0;0;0;48;2;252;252;252m           [38;2;252;252;252;48;2;251;251;251m. [38;2;244;244;244;48;2;248;248;248m"[38;2;187;187;187;48;2;206;206;206m4[38;2;156;156;156;48;2;59;59;59m_[38;2;0;0;0;48;2;4;4;4m`[38;2;1;1;1;48;2;0;0;0m.          _[38;2;45;45;45;48;2;21;21;21my[38;2;87;87;87;48;2;134;134;134mF[38;2;202;202;202;48;2;231;231;231m~[38;2;250;250;250;48;2;251;251;251m.[38;2;253;253;253;48;2;252;252;252m~"`                                                                                   [0m
[7m[38;2;252;252;252m [0m[38;2;0;0;0;48;2;252;252;252m              [38;2;243;243;243;48;2;250;250;250m`[38;2;193;193;193;48;2;224;224;224m"[38;2;39;39;39;48;2;143;143;143m~[38;2;88;88;88;48;2;33;33;33m_[38;2;0;0;0;48;2;1;1;1m:[48;2;0;0;0m        [48;2;1;1;1m`[38;2;84;84;84;48;2;21;21;21m_[38;2;73;73;73;48;2;135;135;135mF[38;2;184;184;184;48;2;231;231;231m~[38;2;253;253;253;48;2;251;251;251m'[38;2;249;249;249m"[38;2;252;252;252m:[48;2;252;252;252m                                                                                     [0m
[7m[38;2;252;252;252m [0m[38;2;0;0;0;48;2;252;252;252m             [38;2;252;252;252;48;2;251;251;251m: [38;2;250;250;250;48;2;249;249;249m`[38;2;182;182;182;48;2;204;204;204m_[38;2;85;85;85;48;2;46;46;46m~[38;2;0;0;0;48;2;2;2;2m:[38;2;1;1;1;48;2;0;0;0m`       [38;2;49;49;49;48;2;24;24;24m4[38;2;147;147;147;48;2;103;103;103m4[38;2;131;131;131;48;2;210;210;210m_[38;2;208;208;208;48;2;246;246;246m_[38;2;236;236;236;48;2;249;249;249m_[38;2;249;249;249;48;2;250;250;250mw[38;2;252;252;252;48;2;251;251;251m:.[48;2;252;252;252m                                                                                    [0m
[7m[38;2;252;252;252m [0m[38;2;0;0;0;48;2;252;252;252m             [38;2;252;252;252;48;2;251;251;251mL[38;2;250;250;250mL[38;2;211;211;211;48;2;222;222;222mu[38;2;169;169;169;48;2;99;99;99m~[38;2;0;0;0;48;2;6;6;6m:[38;2;1;1;1;48;2;0;0;0m+         [38;2;31;31;31;48;2;2;2;2m`[38;2;94;94;94;48;2;14;14;14m`[38;2;125;125;125;48;2;44;44;44m~[38;2;46;46;46;48;2;131;131;131my[38;2;54;54;54;48;2;185;185;185m_[38;2;125;125;125;48;2;232;232;232m_[38;2;215;215;215;48;2;245;245;245m_[38;2;253;253;253;48;2;251;251;251m.[38;2;252;252;252m:[48;2;252;252;252m                                                                                  [0m
[7m[38;2;252;252;252m [0m[38;2;0;0;0;48;2;252;252;252m           [38;2;252;252;252;48;2;251;251;251m: [38;2;242;242;242m_[38;2;184;184;184;48;2;221;221;221m_[38;2;182;182;182;48;2;96;96;96m~[38;2;0;0;0;48;2;8;8;8m:[48;2;0;0;0m             [38;2;1;1;1m` [38;2;2;2;2;48;2;6;6;6m:[38;2;99;99;99;48;2;54;54;54m_[38;2;123;123;123;48;2;173;173;173mr[38;2;253;253;253;48;2;247;247;247m`[38;2;251;251;251;48;2;252;252;252my                                                                                  [0m
[7m[38;2;252;252;252m [0m[38;2;0;0;0;48;2;252;252;252m          [38;2;252;252;252;48;2;251;251;251m:[38;2;250;250;250m,[38;2;251;251;251;48;2;244;244;244m`[38;2;131;131;131;48;2;199;199;199m_[38;2;146;146;146;48;2;61;61;61m~[38;2;14;14;14;48;2;4;4;4m`[38;2;1;1;1;48;2;0;0;0m'               [38;2;79;79;79;48;2;52;52;52m=[38;2;123;123;123;48;2;181;181;181m~[38;2;238;238;238;48;2;246;246;246m~[38;2;249;249;249;48;2;251;251;251m* [48;2;252;252;252m                                                                                  [0m
[7m[38;2;252;252;252m [0m[38;2;0;0;0;48;2;252;252;252m          [48;2;251;251;251m [38;2;251;251;251;48;2;250;250;250m4[38;2;202;202;202;48;2;219;219;219m4[38;2;136;136;136;48;2;89;89;89m_[38;2;0;0;0;48;2;5;5;5m`[38;2;1;1;1;48;2;0;0;0mL           [38;2;3;3;3m_  _[38;2;2;2;2m.[38;2;19;19;19;48;2;5;5;5m`[38;2;96;96;96;48;2;31;31;31m"[38;2;74;74;74;48;2;137;137;137mw[38;2;204;204;204;48;2;226;226;226m,[38;2;254;254;254;48;2;251;251;251m: [48;2;252;252;252m                                                                                 [0m
[7m[38;2;252;252;252m [0m[38;2;0;0;0;48;2;252;252;252m          [48;2;251;251;251m [38;2;250;250;250mL[38;2;243;243;243;48;2;230;230;230m'[38;2;178;178;178;48;2;135;135;135mF[38;2;3;3;3;48;2;12;12;12m:[48;2;0;0;0m           [38;2;31;31;31;48;2;17;17;17m=[38;2;111;111;111;48;2;63;63;63my[38;2;180;180;180;48;2;89;89;89my[38;2;194;194;194;48;2;100;100;100my[38;2;9;9;9;48;2;170;170;170m~[38;2;0;0;0;48;2;133;133;133m~[38;2;229;229;229;48;2;67;67;67m_[38;2;228;228;228;48;2;76;76;76m_[38;2;75;75;75;48;2;173;173;173m~[38;2;221;221;221;48;2;242;242;242m~[38;2;254;254;254;48;2;251;251;251m' [48;2;252;252;252m                                                                                 [0m
[7m[38;2;252;252;252m [0m[38;2;0;0;0;48;2;252;252;252m         [48;2;251;251;251m [38;2;250;250;250m,[48;2;236;236;236m`[38;2;195;195;195;48;2;155;155;155mF[38;2;73;73;73;48;2;23;23;23m~[38;2;0;0;0;48;2;1;1;1m`[38;2;1;1;1;48;2;0;0;0m`          [38;2;4;4;4;48;2;1;1;1m`[38;2;95;95;95;48;2;67;67;67m4[38;2;167;167;167;48;2;199;199;199mw[38;2;254;254;254;48;2;250;250;250m`[38;2;252;252;252m~[38;2;250;250;250;48;2;251;251;251m=[38;2;249;249;249m`~[38;2;252;252;252m"[48;2;252;252;252m                                                                                    [0m
[7m[38;2;252;252;252m [0m[38;2;0;0;0;48;2;252;252;252m         [38;2;252;252;252;48;2;251;251;251m+ [38;2;209;209;209;48;2;224;224;224m4[38;2;150;150;150;48;2;111;111;111m_[38;2;1;1;1;48;2;15;15;15m`[48;2;0;0;0m`            [38;2;45;45;45;48;2;18;18;18m`[38;2;87;87;87;48;2;135;135;135mL[38;2;254;254;254;48;2;245;245;245m'[38;2;253;253;253;48;2;251;251;251my[38;2;251;251;251;48;2;252;252;252m,                                                                                       [0m
[7m[38;2;252;252;252m [0m[38;2;0;0;0;48;2;252;252;252m        [48;2;251;251;251m [38;2;252;252;252m'[38;2;251;251;251;48;2;242;242;242m`[38;2;128;128;128;48;2;196;196;196m_[38;2;146;146;146;48;2;61;61;61m~[38;2;0;0;0;48;2;3;3;3m:[48;2;0;0;0m             [38;2;3;3;3m`[38;2;43;43;43;48;2;96;96;96mL[38;2;198;198;198;48;2;215;215;215mL[38;2;254;254;254;48;2;251;251;251m'[48;2;250;250;250m [48;2;252;252;252m                                                                                       [0m
[7m[38;2;252;252;252m [0m[38;2;0;0;0;48;2;252;252;252m       [38;2;252;252;252;48;2;251;251;251m:[48;2;252;252;252m [48;2;250;250;250m'[38;2;189;189;189;48;2;214;214;214m4[38;2;185;185;185;48;2;78;78;78m_[38;2;0;0;0;48;2;11;11;11m`[48;2;1;1;1m:[38;2;8;8;8m_[48;2;0;0;0m             [38;2;70;70;70;48;2;49;49;49m4[38;2;144;144;144;48;2;173;173;173mL[38;2;253;253;253;48;2;249;249;249m:[48;2;250;250;250m [48;2;252;252;252m                                                                                       [0m
[7m[38;2;252;252;252m [0m[38;2;0;0;0;48;2;252;252;252m        [38;2;252;252;252;48;2;251;251;251m: [38;2;253;253;253m~[38;2;196;196;196;48;2;214;214;214m4[38;2;140;140;140;48;2;71;71;71m_[38;2;134;134;134;48;2;79;79;79m=[38;2;59;59;59;48;2;154;154;154m`[38;2;62;62;62;48;2;136;136;136m~[38;2;66;66;66;48;2;34;34;34mw[38;2;0;0;0;48;2;2;2;2m:[38;2;2;2;2;48;2;0;0;0m,        [38;2;1;1;1m^[38;2;45;45;45;48;2;21;21;21m`[38;2;90;90;90;48;2;136;136;136mL[38;2;254;254;254;48;2;244;244;244m'[38;2;252;252;252;48;2;251;251;251my [48;2;252;252;252m                                                                                      [0m
[7m[38;2;252;252;252m [0m[38;2;0;0;0;48;2;252;252;252m         [38;2;252;252;252;48;2;251;251;251m:[38;2;251;251;251;48;2;252;252;252m`[38;2;238;238;238;48;2;249;249;249m`[38;2;189;189;189;48;2;231;231;231m"[38;2;109;109;109;48;2;205;205;205m~[38;2;137;137;137;48;2;217;217;217m~[38;2;213;213;213;48;2;197;197;197m$[38;2;72;72;72;48;2;63;63;63m'[38;2;0;0;0;48;2;2;2;2m:[38;2;1;1;1;48;2;0;0;0m:         [38;2;4;4;4;48;2;1;1;1m`[38;2;46;46;46;48;2;99;99;99mL[38;2;193;193;193;48;2;218;218;218m_[38;2;254;254;254;48;2;251;251;251m:[38;2;250;250;250m.[48;2;252;252;252m                                                                                      [0m
[7m[38;2;252;252;252m [0m[38;2;0;0;0;48;2;252;252;252m           [38;2;252;252;252;48;2;251;251;251m:[38;2;250;250;250m`[38;2;248;248;248m~~[38;2;200;200;200;48;2;214;214;214m4[38;2;65;65;65;48;2;61;61;61m'[38;2;0;0;0;48;2;2;2;2m:[38;2;1;1;1;48;2;0;0;0m:          [38;2;62;62;62;48;2;42;42;42m4[38;2;129;129;129;48;2;164;164;164mL[38;2;253;253;253;48;2;248;248;248m:[38;2;251;251;251;48;2;250;250;250m_[38;2;252;252;252;48;2;251;251;251m:[48;2;252;252;252m                                                                                     [0m
[7m[38;2;252;252;252m [0m[38;2;0;0;0;48;2;252;252;252m             [38;2;252;252;252;48;2;251;251;251m:[48;2;252;252;252m [38;2;200;200;200;48;2;214;214;214m4[38;2;52;52;52;48;2;54;54;54m:[38;2;0;0;0;48;2;1;1;1m:[38;2;1;1;1;48;2;0;0;0m"         `[38;2;23;23;23;48;2;7;7;7m`[38;2;61;61;61;48;2;115;115;115mL[38;2;210;210;210;48;2;236;236;236m_[38;2;254;254;254;48;2;252;252;252m.[48;2;251;251;251m [48;2;252;252;252m                                                                                     [0m
[7m[38;2;252;252;252m [0m[38;2;0;0;0;48;2;252;252;252m             [38;2;252;252;252;48;2;251;251;251m::[38;2;198;198;198;48;2;212;212;212m4[38;2;47;47;47;48;2;50;50;50m:[38;2;0;0;0;48;2;1;1;1m:[48;2;0;0;0m           [38;2;1;1;1m,[38;2;77;77;77;48;2;52;52;52m4[38;2;149;149;149;48;2;179;179;179mL[38;2;254;254;254;48;2;249;249;249m:[48;2;250;250;250m [38;2;252;252;252;48;2;251;251;251m:[48;2;252;252;252m                                                                                    [0m
[7m[38;2;252;252;252m [0m[38;2;0;0;0;48;2;252;252;252m            [38;2;252;252;252;48;2;251;251;251m:[48;2;252;252;252m [38;2;253;253;253m.[38;2;197;197;197;48;2;211;211;211m4[38;2;40;40;40;48;2;43;43;43m:[38;2;0;0;0;48;2;1;1;1m:[48;2;0;0;0m           [38;2;1;1;1m`[38;2;37;37;37;48;2;15;15;15m`[38;2;73;73;73;48;2;123;123;123mL[38;2;217;217;217;48;2;238;238;238m_[38;2;254;254;254;48;2;251;251;251m. [48;2;252;252;252m                                                                                    [0m
[7m[38;2;252;252;252m [0m[38;2;0;0;0;48;2;252;252;252m            [38;2;252;252;252;48;2;251;251;251m:[48;2;252;252;252m [38;2;251;251;251m_[38;2;196;196;196;48;2;209;209;209m4[38;2;34;34;34;48;2;41;41;41m.[48;2;0;0;0m              [38;2;77;77;77;48;2;52;52;52m4[38;2;140;140;140;48;2;179;179;179m_[38;2;254;254;254;48;2;249;249;249m:[48;2;250;250;250m [38;2;252;252;252;48;2;251;251;251m:[48;2;252;252;252m                                                                                   [0m
[7m[38;2;252;252;252m [0m[38;2;0;0;0;48;2;252;252;252m            [38;2;252;252;252;48;2;251;251;251m:[48;2;252;252;252m [38;2;248;248;248;48;2;250;250;250my[38;2;188;188;188;48;2;202;202;202m4[38;2;21;21;21;48;2;30;30;30m:[48;2;0;0;0m             [38;2;1;1;1m`[38;2;31;31;31;48;2;11;11;11m`[38;2;69;69;69;48;2;119;119;119mL[38;2;217;217;217;48;2;240;240;240m_[38;2;251;251;251;48;2;252;252;252m`[38;2;250;250;250;48;2;251;251;251m,[48;2;252;252;252m                                                                                   [0m
[7m[38;2;252;252;252m [0m[38;2;0;0;0;48;2;252;252;252m            [38;2;252;252;252;48;2;251;251;251m:[38;2;251;251;251;48;2;252;252;252mL[38;2;249;249;249;48;2;246;246;246m`[38;2;178;178;178;48;2;192;192;192m4[38;2;8;8;8;48;2;20;20;20m:[48;2;0;0;0m              [38;2;1;1;1m>[38;2;89;89;89;48;2;48;48;48m`[38;2;133;133;133;48;2;170;170;170mL[38;2;254;254;254;48;2;248;248;248m'[38;2;250;250;250;48;2;251;251;251mF[38;2;252;252;252m:[48;2;252;252;252m                                                                                  [0m
[7m[38;2;252;252;252m [0m[38;2;0;0;0;48;2;252;252;252m            [38;2;252;252;252;48;2;251;251;251m|4[38;2;236;236;236;48;2;239;239;239mu[38;2;159;159;159;48;2;171;171;171m4[38;2;1;1;1;48;2;11;11;11m:[48;2;0;0;0m               [38;2;8;8;8;48;2;2;2;2m`[38;2;84;84;84;48;2;61;61;61mJ[38;2;129;129;129;48;2;190;190;190m_[38;2;253;253;253;48;2;248;248;248m`[38;2;250;250;250;48;2;251;251;251m*[38;2;252;252;252m:[48;2;252;252;252m                                                                                 [0m
[7m[38;2;252;252;252m [0m[38;2;0;0;0;48;2;252;252;252m            [48;2;251;251;251m  [38;2;218;218;218;48;2;224;224;224mu[38;2;153;153;153;48;2;115;115;115m~[38;2;0;0;0;48;2;7;7;7m:[38;2;1;1;1;48;2;0;0;0m:  ,[38;2;35;35;35;48;2;8;8;8m_[38;2;146;146;146;48;2;43;43;43m_[38;2;246;246;246;48;2;76;76;76m_[38;2;240;240;240;48;2;78;78;78m_[38;2;245;245;245;48;2;81;81;81m_[38;2;238;238;238;48;2;84;84;84m_[38;2;160;160;160;48;2;64;64;64m_[38;2;0;0;0;48;2;7;7;7m:[48;2;0;0;0m    [38;2;44;44;44;48;2;18;18;18m_[38;2;83;83;83;48;2;129;129;129m[[38;2;250;250;250;48;2;243;243;243m:[48;2;252;252;252m_[48;2;251;251;251m [48;2;252;252;252m                                                                                 [0m
[7m[38;2;252;252;252m [0m[38;2;0;0;0;48;2;252;252;252m            [38;2;252;252;252;48;2;251;251;251m. [38;2;204;204;204;48;2;221;221;221m4[38;2;172;172;172;48;2;85;85;85m_[38;2;66;66;66;48;2;11;11;11m_[38;2;7;7;7;48;2;3;3;3m.[38;2;1;1;1;48;2;0;0;0m. `[38;2;35;35;35;48;2;12;12;12m`[38;2;71;71;71;48;2;128;128;128mL[38;2;211;211;211;48;2;235;235;235m,[38;2;245;245;245;48;2;250;250;250m`[48;2;249;249;249m [38;2;218;218;218;48;2;228;228;228m4[38;2;144;144;144;48;2;106;106;106m~[38;2;0;0;0;48;2;12;12;12m:[38;2;3;3;3;48;2;1;1;1m_[38;2;42;42;42;48;2;15;15;15m_[38;2;125;125;125;48;2;55;55;55my[38;2;28;28;28;48;2;153;153;153m~[38;2;105;105;105;48;2;199;199;199m~[38;2;194;194;194;48;2;239;239;239m~[38;2;254;254;254;48;2;251;251;251m'[38;2;250;250;250m`[48;2;252;252;252m                                                                                  [0m
[7m[38;2;252;252;252m [0m[38;2;0;0;0;48;2;252;252;252m            [38;2;252;252;252;48;2;251;251;251m:[48;2;252;252;252m [38;2;247;247;247;48;2;251;251;251m`[38;2;202;202;202;48;2;239;239;239m`[38;2;115;115;115;48;2;209;209;209m~[38;2;62;62;62;48;2;149;149;149m~[38;2;4;4;4;48;2;19;19;19m`[38;2;1;1;1;48;2;0;0;0m.[38;2;2;2;2;48;2;1;1;1m;[38;2;44;44;44;48;2;15;15;15my[38;2;88;88;88;48;2;140;140;140mF[38;2;213;213;213;48;2;240;240;240m~[38;2;249;249;249;48;2;252;252;252m_[48;2;251;251;251m~[38;2;209;209;209;48;2;220;220;220m4[38;2;92;92;92;48;2;58;58;58m~[38;2;0;0;0;48;2;4;4;4m:[38;2;8;8;8;48;2;5;5;5m.[38;2;98;98;98;48;2;55;55;55m_[38;2;141;141;141;48;2;177;177;177mF[38;2;253;253;253;48;2;248;248;248m:[38;2;247;247;247;48;2;249;249;249m~[38;2;252;252;252;48;2;251;251;251m.[48;2;252;252;252m                                                                                    [0m
[?25h