[?25l[0m[7m[38;2;0;0;0m [0m[38;2;0;0;0;48;2;0;0;0m                                                                                                                       [0m
[7m[38;2;0;0;0m [0m[38;2;0;0;0;48;2;0;0;0m                                                                                                                       [0m
[7m[38;2;0;0;0m [0m[38;2;0;0;0;48;2;0;0;0m                                                                                                                       [0m
[7m[38;2;0;0;0m [0m[38;2;0;0;0;48;2;0;0;0m                                                                                                                       [0m
[7m[38;2;0;0;0m [0m[38;2;0;0;0;48;2;0;0;0m                                                                                                                       [0m
[7m[38;2;0;0;0m [0m[38;2;0;0;0;48;2;0;0;0m                                                                                                                       [0m
[7m[38;2;0;0;0m [0m[38;2;0;0;0;48;2;0;0;0m                                                                                                                       [0m
[7m[38;2;0;0;0m [0m[38;2;0;0;0;48;2;0;0;0m                                                                                                                       [0m
[7m[38;2;0;0;0m [0m[38;2;0;0;0;48;2;0;0;0m                                                                                                                       [0m
[7m[38;2;0;0;0m [0m[38;2;0;0;0;48;2;0;0;0m                                                                                                                       [0m
[7m[38;2;0;0;0m [0m[38;2;0;0;0;48;2;0;0;0m                                           [48;2;1;1;1m:[38;2;33;33;33;48;2;7;7;7m_[38;2;59;59;59;48;2;17;17;17m_[38;2;61;61;61;48;2;19;19;19m_[38;2;59;59;59;48;2;17;17;17m_[38;2;47;47;47;48;2;12;12;12m_[38;2;16;16;16;48;2;4;4;4m,[48;2;0;0;0m                                                                     [0m
[7m[38;2;0;0;0m [0m[38;2;0;0;0;48;2;0;0;0m                                         [38;2;24;24;24;48;2;8;8;8m_[38;2;87;87;87;48;2;45;45;45my[38;2;164;164;164;48;2;99;99;99my[38;2;192;192;192;48;2;128;128;128my[38;2;198;198;198;48;2;144;144;144my[38;2;106;106;106;48;2;171;171;171m~[38;2;98;98;98;48;2;147;147;147m~[38;2;127;127;127;48;2;100;100;100my[38;2;100;100;100;48;2;58;58;58m_[38;2;47;47;47;48;2;13;13;13m_[38;2;0;0;0;48;2;1;1;1m`[48;2;0;0;0m                                                                   [0m
[7m[38;2;0;0;0m [0m[38;2;0;0;0;48;2;0;0;0m                                         [38;2;26;26;26;48;2;13;13;13m"[38;2;110;110;110;48;2;60;60;60m~[38;2;30;30;30;48;2;146;146;146m_[38;2;94;94;94;48;2;208;208;208m_[38;2;197;197;197;48;2;240;240;240m_[38;2;230;230;230;48;2;239;239;239m~[38;2;229;229;229;48;2;204;204;204my[38;2;227;227;227;48;2;173;173;173m_[38;2;121;121;121;48;2;150;150;150m~[38;2;69;69;69;48;2;110;110;110m~[38;2;104;104;104;48;2;48;48;48m_[38;2;41;41;41;48;2;11;11;11m_[38;2;0;0;0;48;2;2;2;2m`[38;2;4;4;4;48;2;0;0;0m_[38;2;2;2;2m_                                                               [0m
[7m[38;2;0;0;0m [0m[38;2;0;0;0;48;2;0;0;0m                                           [38;2;3;3;3;48;2;1;1;1m`[38;2;52;52;52;48;2;17;17;17m"[38;2;149;149;149;48;2;54;54;54m~[38;2;69;69;69;48;2;147;147;147my[38;2;107;107;107;48;2;207;207;207m_[38;2;206;206;206;48;2;239;239;239m_[38;2;200;200;200;48;2;231;231;231m~[38;2;168;168;168;48;2;208;208;208m~[38;2;135;135;135;48;2;181;181;181m~[38;2;165;165;165;48;2;120;120;120my[38;2;138;138;138;48;2;67;67;67m_[38;2;67;67;67;48;2;21;21;21m_[38;2;46;46;46;48;2;7;7;7m_[38;2;98;98;98;48;2;12;12;12m_[38;2;135;135;135;48;2;18;18;18m_[38;2;147;147;147;48;2;22;22;22m_[38;2;148;148;148m_[38;2;118;118;118;48;2;13;13;13m_[38;2;56;56;56;48;2;6;6;6m_[38;2;0;0;0;48;2;1;1;1m`[48;2;0;0;0m                                                        [0m
[7m[38;2;0;0;0m [0m[38;2;0;0;0;48;2;0;0;0m                                            [38;2;1;1;1m`[38;2;2;2;2m~[38;2;12;12;12;48;2;2;2;2m`[38;2;73;73;73;48;2;18;18;18m`[38;2;141;141;141;48;2;65;65;65m~[38;2;46;46;46;48;2;171;171;171m_[38;2;137;137;137;48;2;228;228;228m_[38;2;235;235;235;48;2;245;245;245m`[38;2;213;213;213;48;2;236;236;236m~[38;2;168;168;168;48;2;215;215;215m~[38;2;98;98;98;48;2;186;186;186m~[38;2;75;75;75;48;2;195;195;195m~[38;2;138;138;138;48;2;221;221;221m~[38;2;187;187;187;48;2;234;234;234m~[38;2;203;203;203;48;2;237;237;237m~[48;2;236;236;236m"[38;2;171;171;171;48;2;227;227;227m~[38;2;96;96;96;48;2;206;206;206m~[38;2;37;37;37;48;2;166;166;166m~[38;2;222;222;222;48;2;77;77;77m_[38;2;112;112;112;48;2;28;28;28m_[38;2;30;30;30;48;2;6;6;6m,[38;2;0;0;0;48;2;1;1;1m`[38;2;5;5;5;48;2;0;0;0m_[38;2;2;2;2m,                                                  [0m
[7m[38;2;0;0;0m [0m[38;2;0;0;0;48;2;0;0;0m                                                [38;2;2;2;2;48;2;1;1;1m~[38;2;1;1;1;48;2;7;7;7m'[38;2;89;89;89;48;2;36;36;36m~[38;2;84;84;84;48;2;150;150;150my[38;2;194;194;194;48;2;232;232;232m_[38;2;252;252;252;48;2;250;250;250m:[38;2;248;248;248;48;2;252;252;252m_[38;2;253;253;253m:[38;2;250;250;250;48;2;251;251;251m~~``[38;2;248;248;248m~[38;2;250;250;250m`f[38;2;240;240;240;48;2;248;248;248m`[38;2;188;188;188;48;2;235;235;235m~[38;2;120;120;120;48;2;199;199;199m~[38;2;186;186;186;48;2;104;104;104my[38;2;173;173;173;48;2;45;45;45m_[38;2;79;79;79;48;2;12;12;12m_[38;2;16;16;16;48;2;4;4;4m,[38;2;2;2;2;48;2;1;1;1mg[48;2;0;0;0m                                                [0m
[7m[38;2;0;0;0m [0m[38;2;0;0;0;48;2;0;0;0m                                                 [48;2;1;1;1m:[38;2;25;25;25;48;2;4;4;4m_[38;2;56;56;56;48;2;42;42;42m4[38;2;157;157;157;48;2;171;171;171mE[38;2;240;240;240;48;2;245;245;245mL[38;2;246;246;246;48;2;248;248;248m:[48;2;251;251;251m [48;2;252;252;252m        [38;2;252;252;252;48;2;251;251;251m..[38;2;240;240;240;48;2;250;250;250m`[38;2;219;219;219;48;2;246;246;246m`[38;2;125;125;125;48;2;206;206;206m~[38;2;168;168;168;48;2;83;83;83m_[38;2;68;68;68;48;2;15;15;15m,[38;2;1;1;1;48;2;0;0;0m:                                               [0m
[7m[38;2;0;0;0m [0m[38;2;0;0;0;48;2;0;0;0m                                                [48;2;1;1;1m:[38;2;61;61;61;48;2;35;35;35my[38;2;169;169;169;48;2;106;106;106my[38;2;67;67;67;48;2;123;123;123m~[38;2;167;167;167;48;2;181;181;181m[[38;2;242;242;242;48;2;246;246;246mL[38;2;248;248;248;48;2;250;250;250mT[38;2;252;252;252;48;2;251;251;251m.[48;2;252;252;252m          [38;2;253;253;253m"[38;2;252;252;252;48;2;251;251;251m:[38;2;254;254;254;48;2;250;250;250m`[38;2;193;193;193;48;2;221;221;221m"[38;2;121;121;121;48;2;76;76;76mL[38;2;20;20;20;48;2;6;6;6m,[48;2;0;0;0m                                               [0m
[7m[38;2;0;0;0m [0m[38;2;0;0;0;48;2;0;0;0m                                                [48;2;4;4;4m:[38;2;96;96;96;48;2;64;64;64m4[38;2;124;124;124;48;2;202;202;202m_[38;2;187;187;187;48;2;216;216;216m_[38;2;204;204;204;48;2;226;226;226m~[38;2;252;252;252;48;2;246;246;246m`[38;2;247;247;247;48;2;250;250;250m_[38;2;252;252;252;48;2;251;251;251m:[48;2;252;252;252m            [48;2;251;251;251m [38;2;253;253;253;48;2;242;242;242m:[38;2;139;139;139;48;2;110;110;110mF[38;2;30;30;30;48;2;18;18;18mF[38;2;1;1;1;48;2;0;0;0m.                                              [0m
[7m[38;2;0;0;0m [0m[38;2;0;0;0;48;2;0;0;0m                                                 [38;2;16;16;16;48;2;5;5;5m`[38;2;69;69;69;48;2;20;20;20m"[38;2;141;141;141;48;2;45;45;45m~[38;2;199;199;199;48;2;84;84;84m~[38;2;46;46;46;48;2;162;162;162m_[38;2;175;175;175;48;2;224;224;224m_[38;2;252;252;252;48;2;248;248;248m`[38;2;249;249;249;48;2;251;251;251m_[38;2;252;252;252m:[48;2;252;252;252m        [48;2;251;251;251m: [38;2;254;254;254;48;2;250;250;250m:[38;2;185;185;185;48;2;224;224;224m_[38;2;117;117;117;48;2;75;75;75mF[38;2;17;17;17;48;2;5;5;5m~[48;2;0;0;0m                                               [0m
[7m[38;2;0;0;0m [0m[38;2;0;0;0;48;2;0;0;0m                                                   [48;2;1;1;1m:[38;2;6;6;6;48;2;3;3;3m~[38;2;33;33;33;48;2;15;15;15m"[38;2;133;133;133;48;2;82;82;82m~[38;2;118;118;118;48;2;200;200;200m_[38;2;223;223;223;48;2;240;240;240m,[38;2;252;252;252;48;2;250;250;250m`[48;2;251;251;251m:[38;2;250;250;250m_[38;2;252;252;252m.[48;2;252;252;252m    [48;2;251;251;251m:`[38;2;216;216;216;48;2;244;244;244m_[38;2;122;122;122;48;2;212;212;212m_[38;2;157;157;157;48;2;88;88;88m~[38;2;52;52;52;48;2;17;17;17m'[48;2;0;0;0m                                                [0m
[7m[38;2;0;0;0m [0m[38;2;0;0;0;48;2;0;0;0m                                                      [48;2;3;3;3m'[38;2;73;73;73;48;2;24;24;24m"[38;2;184;184;184;48;2;76;76;76m~[38;2;22;22;22;48;2;166;166;166m_[38;2;90;90;90;48;2;209;209;209m_[38;2;155;155;155;48;2;230;230;230m_[38;2;200;200;200;48;2;244;244;244m_[38;2;222;222;222;48;2;250;250;250m_[38;2;225;225;225;48;2;251;251;251m_[38;2;234;234;234;48;2;250;250;250m_[38;2;244;244;244;48;2;251;251;251m_[38;2;250;250;250m_[38;2;254;254;254;48;2;247;247;247m:[38;2;156;156;156;48;2;194;194;194m=[38;2;85;85;85;48;2;61;61;61mL[38;2;17;17;17;48;2;7;7;7m,[38;2;4;4;4;48;2;3;3;3m:[48;2;0;0;0m                                                [0m
[7m[38;2;0;0;0m [0m[38;2;0;0;0;48;2;0;0;0m                                                       [38;2;1;1;1m"T[38;2;8;8;8;48;2;2;2;2m`[38;2;50;50;50;48;2;10;10;10m"[38;2;86;86;86;48;2;16;16;16m~[38;2;119;119;119;48;2;30;30;30m~[38;2;141;141;141;48;2;45;45;45m~[38;2;159;159;159;48;2;75;75;75m~[38;2;91;91;91;48;2;156;156;156m_[38;2;172;172;172;48;2;209;209;209m_[38;2;213;213;213;48;2;236;236;236m_[38;2;238;238;238;48;2;246;246;246m_[38;2;252;252;252;48;2;244;244;244m:[38;2;140;140;140;48;2;184;184;184m~[38;2;99;99;99;48;2;54;54;54mL[38;2;28;28;28;48;2;7;7;7m,[38;2;1;1;1;48;2;0;0;0m:                                               [0m
[7m[38;2;0;0;0m [0m[38;2;0;0;0;48;2;0;0;0m                                                             [38;2;1;1;1m`[48;2;5;5;5m:[38;2;70;70;70;48;2;39;39;39m"[38;2;67;67;67;48;2;119;119;119m_[38;2;141;141;141;48;2;177;177;177m_[38;2;198;198;198;48;2;211;211;211mg[38;2;227;227;227;48;2;237;237;237m_[38;2;247;247;247;48;2;242;242;242m:[38;2;155;155;155;48;2;204;204;204m~[38;2;173;173;173;48;2;84;84;84m_[38;2;66;66;66;48;2;14;14;14m_[38;2;5;5;5;48;2;0;0;0m,                                              [0m
[7m[38;2;0;0;0m [0m[38;2;0;0;0;48;2;0;0;0m                                                              [38;2;1;1;1m`[38;2;0;0;0;48;2;4;4;4m:[38;2;58;58;58;48;2;40;40;40m"[38;2;122;122;122;48;2;97;97;97m~[38;2;140;140;140;48;2;156;156;156my[38;2;182;182;182;48;2;200;200;200m_[38;2;228;228;228;48;2;235;235;235m_[38;2;250;250;250;48;2;245;245;245m:[38;2;197;197;197;48;2;209;209;209my[38;2;121;121;121;48;2;87;87;87mF[38;2;22;22;22;48;2;13;13;13mM[48;2;0;0;0m                                              [0m
[7m[38;2;0;0;0m [0m[38;2;0;0;0;48;2;0;0;0m                                                               [48;2;1;1;1m:[38;2;23;23;23;48;2;18;18;18m4[38;2;72;72;72;48;2;61;61;61m"[38;2;120;120;120;48;2;106;106;106m~[38;2;129;129;129;48;2;153;153;153my[38;2;112;112;112;48;2;183;183;183m_[38;2;119;119;119;48;2;196;196;196m_[38;2;107;107;107;48;2;178;178;178m_[38;2;108;108;108;48;2;77;77;77mF[38;2;26;26;26;48;2;12;12;12mr[48;2;0;0;0m                                              [0m
[7m[38;2;0;0;0m [0m[38;2;0;0;0;48;2;0;0;0m                                                                [38;2;10;10;10;48;2;4;4;4m`[38;2;35;35;35;48;2;12;12;12m~[38;2;60;60;60;48;2;21;21;21m~[38;2;73;73;73;48;2;23;23;23m~[38;2;74;74;74;48;2;18;18;18m~[38;2;75;75;75;48;2;14;14;14m~[38;2;67;67;67;48;2;11;11;11m~[38;2;26;26;26;48;2;3;3;3m~[38;2;1;1;1;48;2;0;0;0m`                                              [0m
[7m[38;2;0;0;0m [0m[38;2;0;0;0;48;2;0;0;0m                                                                 [38;2;1;1;1m~[38;2;2;2;2m``[38;2;1;1;1m`~`                                                [0m
[7m[38;2;0;0;0m [0m[38;2;0;0;0;48;2;0;0;0m                                                                                                                       [0m
[7m[38;2;0;0;0m [0m[38;2;0;0;0;48;2;0;0;0m                                                                                                                       [0m
[7m[38;2;0;0;0m [0m[38;2;0;0;0;48;2;0;0;0m                                                                                                                       [0m
[7m[38;2;0;0;0m [0m[38;2;0;0;0;48;2;0;0;0m                                                                                                                       [0m
[7m[38;2;0;0;0m [0m[38;2;0;0;0;48;2;0;0;0m                                                                                                                       [0m
[7m[38;2;0;0;0m [0m[38;2;0;0;0;48;2;0;0;0m                                                                                                                       [0m
[7m[38;2;0;0;0m [0m[38;2;0;0;0;48;2;0;0;0m                                                                                                                       [0m
[7m[38;2;0;0;0m [0m[38;2;0;0;0;48;2;0;0;0m                                                                                                                       [0m
[?25h