[?25l[0m[7m[38;2;252;252;252m [0m[38;2;0;0;0;48;2;252;252;252m                                                                                                                       [0m
[7m[38;2;252;252;252m [0m[38;2;0;0;0;48;2;252;252;252m                                                                                                                       [0m
[7m[38;2;252;252;252m [0m[38;2;0;0;0;48;2;252;252;252m                                                                                                                       [0m
[7m[38;2;252;252;252m [0m[38;2;0;0;0;48;2;252;252;252m                                                                                                                       [0m
[7m[38;2;252;252;252m [0m[38;2;0;0;0;48;2;252;252;252m                                                                                                                       [0m
[7m[38;2;252;252;252m [0m[38;2;0;0;0;48;2;252;252;252m                                                                                                                       [0m
[7m[38;2;252;252;252m [0m[38;2;0;0;0;48;2;252;252;252m                                                                                                                       [0m
[7m[38;2;252;252;252m [0m[38;2;0;0;0;48;2;252;252;252m                                                                                                                       [0m
[7m[38;2;252;252;252m [0m[38;2;0;0;0;48;2;252;252;252m                                                                                                                       [0m
[7m[38;2;252;252;252m [0m[38;2;0;0;0;48;2;252;252;252m                                                                                                                       [0m
[7m[38;2;252;252;252m [0m[38;2;0;0;0;48;2;252;252;252m                                                     [38;2;254;254;254m_.[38;2;237;237;237;48;2;249;249;249m_[38;2;226;226;226;48;2;248;248;248m_[38;2;243;243;243;48;2;250;250;250m_[38;2;252;252;252;48;2;251;251;251m_ :[48;2;252;252;252m                                                          [0m
[7m[38;2;252;252;252m [0m[38;2;0;0;0;48;2;252;252;252m                                                  [48;2;251;251;251m [38;2;253;253;253m.[48;2;237;237;237m'[38;2;84;84;84;48;2;156;156;156my[38;2;194;194;194;48;2;65;65;65m~[38;2;179;179;179;48;2;47;47;47m~[38;2;169;169;169;48;2;41;41;41m~[38;2;184;184;184;48;2;60;60;60m~[38;2;79;79;79;48;2;159;159;159my[38;2;159;159;159;48;2;223;223;223m_[38;2;251;251;251;48;2;248;248;248m`[38;2;252;252;252;48;2;251;251;251m:[48;2;252;252;252m                                                         [0m
[7m[38;2;252;252;252m [0m[38;2;0;0;0;48;2;252;252;252m                                                  [38;2;252;252;252;48;2;251;251;251m.[38;2;254;254;254m'[38;2;248;248;248;48;2;230;230;230m:[38;2;213;213;213;48;2;105;105;105m_[38;2;68;68;68;48;2;20;20;20m,[38;2;2;2;2;48;2;1;1;1m`[48;2;0;0;0m_[38;2;1;1;1m_[48;2;8;8;8m'[38;2;101;101;101;48;2;61;61;61m~[38;2;162;162;162;48;2;199;199;199my[38;2;252;252;252;48;2;246;246;246m`[38;2;250;250;250;48;2;251;251;251m_[38;2;252;252;252m:[48;2;252;252;252m                                                       [0m
[7m[38;2;252;252;252m [0m[38;2;0;0;0;48;2;252;252;252m                                                  [38;2;252;252;252;48;2;251;251;251m: [48;2;250;250;250m`[38;2;254;254;254;48;2;236;236;236m:[38;2;66;66;66;48;2;137;137;137m`[38;2;46;46;46;48;2;27;27;27mr[38;2;0;0;0;48;2;2;2;2m.[38;2;1;1;1;48;2;20;20;20m`[38;2;119;119;119;48;2;51;51;51my[38;2;175;175;175;48;2;96;96;96my[38;2;156;156;156;48;2;209;209;209m~[38;2;251;251;251;48;2;247;247;247m:[48;2;251;251;251m [38;2;252;252;252m:[48;2;252;252;252m                                                       [0m
[7m[38;2;252;252;252m [0m[38;2;0;0;0;48;2;252;252;252m                                                 [38;2;252;252;252;48;2;251;251;251m: [48;2;250;250;250m`[38;2;207;207;207;48;2;240;240;240m_[38;2;72;72;72;48;2;183;183;183m_[38;2;103;103;103;48;2;52;52;52m"[38;2;20;20;20;48;2;3;3;3m~[38;2;2;2;2;48;2;1;1;1mT[38;2;41;41;41;48;2;19;19;19m"[38;2;67;67;67;48;2;122;122;122mw[38;2;195;195;195;48;2;229;229;229m_[38;2;251;251;251;48;2;249;249;249m:[48;2;251;251;251m [38;2;252;252;252m:[48;2;252;252;252m                                                        [0m
[7m[38;2;252;252;252m [0m[38;2;0;0;0;48;2;252;252;252m                                                 [38;2;252;252;252;48;2;251;251;251m`[38;2;253;253;253m:[38;2;221;221;221;48;2;232;232;232mu[38;2;65;65;65;48;2;128;128;128ma[38;2;43;43;43;48;2;15;15;15m~[38;2;1;1;1;48;2;0;0;0mt   [38;2;60;60;60;48;2;40;40;40m4[38;2;162;162;162;48;2;184;184;184mL[38;2;241;241;241;48;2;246;246;246mL[48;2;251;251;251m [38;2;252;252;252m:[48;2;252;252;252m                                                        [0m
[7m[38;2;252;252;252m [0m[38;2;0;0;0;48;2;252;252;252m                                                 [38;2;252;252;252;48;2;251;251;251m: [38;2;254;254;254;48;2;246;246;246m:[38;2;174;174;174;48;2;204;204;204m~[38;2;83;83;83;48;2;47;47;47mL[38;2;0;0;0;48;2;1;1;1m:[48;2;0;0;0m [48;2;9;9;9m`[38;2;73;73;73;48;2;21;21;21m_[38;2;4;4;4;48;2;37;37;37m:[38;2;95;95;95;48;2;147;147;147m_[38;2;236;236;236;48;2;242;242;242mr[38;2;250;250;250;48;2;251;251;251m=[38;2;252;252;252m:[48;2;252;252;252m                                                        [0m
[7m[38;2;252;252;252m [0m[38;2;0;0;0;48;2;252;252;252m                                                  [38;2;254;254;254;48;2;251;251;251m.[48;2;235;235;235m'[38;2;82;82;82;48;2;138;138;138my[38;2;50;50;50;48;2;20;20;20m~[48;2;1;1;1m [38;2;0;0;0m:[38;2;25;25;25;48;2;9;9;9m"[38;2;62;62;62;48;2;21;21;21m~[38;2;92;92;92;48;2;47;47;47m_[38;2;101;101;101;48;2;173;173;173m~[38;2;250;250;250;48;2;244;244;244m:[38;2;252;252;252;48;2;251;251;251m_:[48;2;252;252;252m                                                        [0m
[7m[38;2;252;252;252m [0m[38;2;0;0;0;48;2;252;252;252m                                               [38;2;252;252;252;48;2;251;251;251m: [38;2;254;254;254;48;2;243;243;243m:[38;2;118;118;118;48;2;185;185;185my[38;2;169;169;169;48;2;72;72;72m~[38;2;44;44;44;48;2;13;13;13m~[48;2;0;0;0m   [38;2;1;1;1mT[38;2;41;41;41;48;2;25;25;25m4[38;2;154;154;154;48;2;130;130;130m4[38;2;235;235;235;48;2;241;241;241mL[48;2;250;250;250m [38;2;252;252;252;48;2;251;251;251m:[48;2;252;252;252m                                                         [0m
[7m[38;2;252;252;252m [0m[38;2;0;0;0;48;2;252;252;252m                                               [38;2;252;252;252;48;2;251;251;251m: [38;2;254;254;254;48;2;245;245;245m:[38;2;123;123;123;48;2;190;190;190m`[38;2;74;74;74;48;2;40;40;40mr[38;2;0;0;0;48;2;1;1;1m:[48;2;0;0;0m    [48;2;7;7;7m:[38;2;89;89;89;48;2;71;71;71m4[38;2;181;181;181;48;2;218;218;218m_[38;2;251;251;251;48;2;249;249;249m'[48;2;251;251;251m [38;2;252;252;252m:[48;2;252;252;252m                                                        [0m
[7m[38;2;252;252;252m [0m[38;2;0;0;0;48;2;252;252;252m                                               [38;2;252;252;252;48;2;251;251;251m:[38;2;249;249;249;48;2;250;250;250mI[38;2;254;254;254;48;2;238;238;238m:[38;2;117;117;117;48;2;141;141;141mg[38;2;36;36;36;48;2;23;23;23m~[38;2;1;1;1;48;2;0;0;0m:    .[38;2;0;0;0;48;2;26;26;26m:[38;2;99;99;99;48;2;135;135;135mL[38;2;232;232;232;48;2;241;241;241mL[38;2;251;251;251;48;2;250;250;250mL[38;2;252;252;252;48;2;251;251;251m:[48;2;252;252;252m                                                        [0m
[7m[38;2;252;252;252m [0m[38;2;0;0;0;48;2;252;252;252m                                               [38;2;252;252;252;48;2;251;251;251m`[38;2;254;254;254m.[38;2;247;247;247;48;2;227;227;227m`[38;2;99;99;99;48;2;67;67;67mF[38;2;0;0;0;48;2;6;6;6m:[38;2;1;1;1;48;2;0;0;0m"     [38;2;0;0;0;48;2;3;3;3m:[38;2;83;83;83;48;2;61;61;61m4[38;2;200;200;200;48;2;220;220;220mL[38;2;252;252;252;48;2;250;250;250m`[48;2;251;251;251m :[48;2;252;252;252m                                                       [0m
[7m[38;2;252;252;252m [0m[38;2;0;0;0;48;2;252;252;252m                                              [38;2;252;252;252;48;2;251;251;251m:[38;2;249;249;249;48;2;250;250;250m|[38;2;254;254;254;48;2;243;243;243m'[38;2;198;198;198;48;2;172;172;172mF[38;2;59;59;59;48;2;32;32;32mL[38;2;1;1;1;48;2;0;0;0m.       [38;2;59;59;59;48;2;40;40;40m4[38;2;165;165;165;48;2;184;184;184mL[38;2;240;240;240;48;2;246;246;246mL[48;2;250;250;250m [38;2;252;252;252;48;2;251;251;251m:[48;2;252;252;252m                                                 [48;2;251;251;251m:.[38;2;250;250;250m_[38;2;247;247;247m_[38;2;242;242;242;48;2;250;250;250m_[38;2;233;233;233;48;2;248;248;248m_[0m
[7m[38;2;252;252;252m [0m[38;2;0;0;0;48;2;252;252;252m                                              [38;2;252;252;252;48;2;251;251;251m.[48;2;250;250;250m [38;2;253;253;253;48;2;235;235;235m:[38;2;137;137;137;48;2;109;109;109mF[38;2;29;29;29;48;2;17;17;17m~[38;2;1;1;1;48;2;0;0;0m:       [38;2;46;46;46;48;2;30;30;30m4[38;2;132;132;132;48;2;156;156;156mL[38;2;236;236;236;48;2;243;243;243mL[48;2;250;250;250m [38;2;252;252;252;48;2;251;251;251m:[48;2;252;252;252m                                            [48;2;251;251;251m:[38;2;249;249;249m_[38;2;242;242;242;48;2;250;250;250m_[38;2;232;232;232;48;2;248;248;248m_[38;2;215;215;215;48;2;244;244;244m_[38;2;194;194;194;48;2;238;238;238m_[38;2;171;171;171;48;2;229;229;229m_[38;2;137;137;137;48;2;212;212;212m_[38;2;103;103;103;48;2;192;192;192m_[38;2;77;77;77;48;2;172;172;172m_[38;2;51;51;51;48;2;150;150;150m_[0m
[7m[38;2;252;252;252m [0m[38;2;0;0;0;48;2;252;252;252m                                              [38;2;252;252;252;48;2;251;251;251m`[38;2;253;253;253m:[38;2;246;246;246;48;2;225;225;225m`[38;2;94;94;94;48;2;63;63;63mF[38;2;0;0;0;48;2;5;5;5m:[38;2;1;1;1;48;2;0;0;0m`      :[38;2;0;0;0;48;2;20;20;20m:[38;2;98;98;98;48;2;121;121;121m$[38;2;230;230;230;48;2;240;240;240mL[48;2;251;251;251m [38;2;252;252;252m:[48;2;252;252;252m                                           [48;2;251;251;251m:[38;2;248;248;248;48;2;249;249;249my[38;2;228;228;228;48;2;237;237;237my[38;2;175;175;175;48;2;202;202;202my[38;2;108;108;108;48;2;156;156;156my[38;2;176;176;176;48;2;94;94;94m~[38;2;149;149;149;48;2;65;65;65m~[38;2;123;123;123;48;2;46;46;46m~[38;2;95;95;95;48;2;29;29;29m~[38;2;67;67;67;48;2;16;16;16m~[38;2;48;48;48;48;2;9;9;9m~[38;2;39;39;39;48;2;7;7;7m`[0m
[7m[38;2;252;252;252m [0m[38;2;0;0;0;48;2;252;252;252m                                             [38;2;252;252;252;48;2;251;251;251m:[38;2;250;250;250m.[38;2;254;254;254;48;2;247;247;247m'[38;2;192;192;192;48;2;205;205;205m4[38;2;92;92;92;48;2;44;44;44m_[38;2;18;18;18;48;2;2;2;2m,[38;2;1;1;1;48;2;0;0;0m._     _[38;2;0;0;0;48;2;4;4;4m:[38;2;87;87;87;48;2;65;65;65m4[38;2;205;205;205;48;2;224;224;224mL[48;2;251;251;251m [38;2;252;252;252m:[48;2;252;252;252m                                           [48;2;251;251;251m:[38;2;243;243;243;48;2;245;245;245ma[38;2;207;207;207;48;2;217;217;217m4[38;2;149;149;149;48;2;167;167;167m4[38;2;147;147;147;48;2;105;105;105m_[38;2;103;103;103;48;2;62;62;62m_[38;2;69;69;69;48;2;34;34;34m_[38;2;50;50;50;48;2;19;19;19m_[38;2;41;41;41;48;2;10;10;10m_[38;2;37;37;37;48;2;7;7;7m_[38;2;65;65;65;48;2;20;20;20m_[38;2;134;134;134;48;2;61;61;61m_[0m
[7m[38;2;252;252;252m [0m[38;2;0;0;0;48;2;252;252;252m                                              [38;2;252;252;252;48;2;251;251;251m:'[38;2;230;230;230;48;2;245;245;245m`[38;2;156;156;156;48;2;219;219;219m~[38;2;61;61;61;48;2;184;184;184m~[38;2;6;6;6;48;2;143;143;143m~[38;2;220;220;220;48;2;77;77;77m_[38;2;205;205;205;48;2;48;48;48m_[38;2;115;115;115;48;2;21;21;21m_[38;2;25;25;25;48;2;4;4;4m,[38;2;0;0;0;48;2;1;1;1m:[48;2;22;22;22m`[38;2;202;202;202;48;2;53;53;53m_[38;2;221;221;221;48;2;84;84;84m_[38;2;46;46;46;48;2;164;164;164m~[38;2;210;210;210;48;2;236;236;236m~[38;2;253;253;253;48;2;251;251;251m`[38;2;252;252;252m:[48;2;252;252;252m                                           [48;2;251;251;251m:[38;2;247;247;247;48;2;250;250;250m`[38;2;236;236;236;48;2;246;246;246m"[38;2;213;213;213;48;2;233;233;233m~[38;2;171;171;171;48;2;199;199;199m~[38;2;178;178;178;48;2;143;143;143my[38;2;206;206;206;48;2;125;125;125m_[38;2;173;173;173;48;2;117;117;117my[38;2;178;178;178;48;2;108;108;108m_[38;2;140;140;140;48;2;85;85;85m_[38;2;84;84;84;48;2;120;120;120m~[38;2;156;156;156;48;2;191;191;191m~[0m
[7m[38;2;252;252;252m [0m[38;2;0;0;0;48;2;252;252;252m                                              [38;2;252;252;252;48;2;251;251;251m`[48;2;250;250;250m:[38;2;199;199;199;48;2;238;238;238m_[38;2;118;118;118;48;2;221;221;221m_[38;2;86;86;86;48;2;214;214;214m_[38;2;47;47;47;48;2;206;206;206m_[38;2;15;15;15;48;2;192;192;192m_[38;2;1;1;1;48;2;168;168;168m_[38;2;138;138;138;48;2;72;72;72m~[38;2;31;31;31;48;2;13;13;13m~[38;2;0;0;0;48;2;3;3;3m'[38;2;77;77;77;48;2;44;44;44m"[38;2;76;76;76;48;2;169;169;169m_[38;2;152;152;152;48;2;226;226;226m_[38;2;194;194;194;48;2;240;240;240m_[38;2;239;239;239;48;2;248;248;248m,[38;2;252;252;252;48;2;251;251;251m:[48;2;252;252;252m                                             [48;2;251;251;251m: [38;2;248;248;248;48;2;250;250;250m"[38;2;238;238;238;48;2;247;247;247m~[38;2;227;227;227;48;2;244;244;244m~[38;2;229;229;229;48;2;245;245;245m~[38;2;228;228;228;48;2;244;244;244m~[38;2;203;203;203;48;2;231;231;231m~[38;2;166;166;166;48;2;213;213;213m~[38;2;172;172;172;48;2;218;218;218m~[38;2;216;216;216;48;2;237;237;237m~[0m
[7m[38;2;252;252;252m [0m[38;2;0;0;0;48;2;252;252;252m                                              [38;2;252;252;252;48;2;251;251;251m:[38;2;253;253;253;48;2;249;249;249m'[38;2;208;208;208;48;2;233;233;233m~[38;2;132;132;132;48;2;205;205;205m~[38;2;84;84;84;48;2;181;181;181m~[38;2;40;40;40;48;2;157;157;157m~[38;2;217;217;217;48;2;81;81;81m_[38;2;209;209;209;48;2;52;52;52m_[38;2;206;206;206;48;2;49;49;49m_[38;2;202;202;202;48;2;54;54;54m_[38;2;204;204;204;48;2;62;62;62m_[38;2;210;210;210;48;2;71;71;71m_[38;2;218;218;218;48;2;98;98;98m_[38;2;225;225;225;48;2;133;133;133m_[38;2;151;151;151;48;2;187;187;187mF[38;2;225;225;225;48;2;234;234;234m^[38;2;252;252;252;48;2;251;251;251m`[48;2;252;252;252m                                                     [48;2;251;251;251m. _[0m
[7m[38;2;252;252;252m [0m[38;2;0;0;0;48;2;252;252;252m                                                  [38;2;253;253;253m~'[38;2;249;249;249;48;2;251;251;251m`[38;2;247;247;247m`[38;2;244;244;244m`[38;2;237;237;237;48;2;249;249;249m`[38;2;238;238;238;48;2;250;250;250m`[38;2;243;243;243;48;2;251;251;251m`[38;2;249;249;249;48;2;252;252;252m`[38;2;250;250;250m`                                                           [0m
[7m[38;2;252;252;252m [0m[38;2;0;0;0;48;2;252;252;252m                                                                                                                       [0m
[7m[38;2;252;252;252m [0m[38;2;0;0;0;48;2;252;252;252m                                                                                                                       [0m
[7m[38;2;252;252;252m [0m[38;2;0;0;0;48;2;252;252;252m                                                                                                                       [0m
[7m[38;2;252;252;252m [0m[38;2;0;0;0;48;2;252;252;252m                                                                                                                       [0m
[7m[38;2;252;252;252m [0m[38;2;0;0;0;48;2;252;252;252m                                                                                                                       [0m
[7m[38;2;252;252;252m [0m[38;2;0;0;0;48;2;252;252;252m                                                                                                                       [0m
[?25h