[?25l[0m[7m[38;2;0;0;0m [0m[38;2;0;0;0;48;2;0;0;0m                                                                                                                       [0m
[7m[38;2;0;0;0m [0m[38;2;0;0;0;48;2;0;0;0m                                                                                                                       [0m
[7m[38;2;0;0;0m [0m[38;2;0;0;0;48;2;0;0;0m                                                                                                                       [0m
[7m[38;2;0;0;0m [0m[38;2;0;0;0;48;2;0;0;0m                                                                                                                       [0m
[7m[38;2;0;0;0m [0m[38;2;0;0;0;48;2;0;0;0m                                                                                                                       [0m
[7m[38;2;0;0;0m [0m[38;2;0;0;0;48;2;0;0;0m                                                                                                                       [0m
[7m[38;2;0;0;0m [0m[38;2;0;0;0;48;2;0;0;0m                                                     [48;2;2;2;2m:[38;2;66;66;66;48;2;10;10;10m_[38;2;135;135;135;48;2;37;37;37m_[38;2;190;190;190;48;2;56;56;56m_[38;2;202;202;202;48;2;63;63;63m_[38;2;200;200;200;48;2;62;62;62m_[38;2;177;177;177;48;2;51;51;51m_[38;2;117;117;117;48;2;30;30;30m_[38;2;59;59;59;48;2;8;8;8m_[38;2;0;0;0;48;2;1;1;1m`[48;2;0;0;0m                                                        [0m
[7m[38;2;0;0;0m [0m[38;2;0;0;0;48;2;0;0;0m                                                   [48;2;6;6;6m:[38;2;124;124;124;48;2;43;43;43m_[38;2;48;48;48;48;2;162;162;162m~[38;2;156;156;156;48;2;223;223;223m~[38;2;202;202;202;48;2;241;241;241m~[38;2;224;224;224;48;2;245;245;245m"[38;2;222;222;222;48;2;246;246;246m`[38;2;220;220;220;48;2;245;245;245m`[38;2;207;207;207;48;2;243;243;243m`[38;2;176;176;176;48;2;236;236;236m`[38;2;151;151;151;48;2;214;214;214m~[38;2;55;55;55;48;2;144;144;144m~[38;2;109;109;109;48;2;39;39;39m,[38;2;19;19;19;48;2;3;3;3m,[48;2;0;0;0m                                                      [0m
[7m[38;2;0;0;0m [0m[38;2;0;0;0;48;2;0;0;0m                                                  [48;2;1;1;1m:[38;2;70;70;70;48;2;53;53;53my[38;2;148;148;148;48;2;201;201;201m~[38;2;253;253;253;48;2;247;247;247m:[38;2;248;248;248;48;2;250;250;250m~[48;2;251;251;251m [38;2;252;252;252m:[48;2;252;252;252m [48;2;251;251;251m:[38;2;250;250;250m``[48;2;249;249;249mu[38;2;254;254;254;48;2;242;242;242m:[38;2;105;105;105;48;2;150;150;150m`[38;2;57;57;57;48;2;31;31;31mL[38;2;1;1;1;48;2;0;0;0m.                                                     [0m
[7m[38;2;0;0;0m [0m[38;2;0;0;0;48;2;0;0;0m                                                  [48;2;1;1;1m:[38;2;45;45;45;48;2;79;79;79m$[38;2;175;175;175;48;2;217;217;217m_[38;2;254;254;254;48;2;250;250;250m`[38;2;251;251;251;48;2;252;252;252m. [38;2;253;253;253m___[38;2;252;252;252;48;2;251;251;251m:.[38;2;253;253;253;48;2;250;250;250m.[38;2;207;207;207;48;2;238;238;238m_[38;2;84;84;84;48;2;129;129;129my[38;2;43;43;43;48;2;20;20;20m~[48;2;0;0;0m                                                      [0m
[7m[38;2;0;0;0m [0m[38;2;0;0;0;48;2;0;0;0m                                                  [38;2;1;1;1m~[38;2;30;30;30;48;2;12;12;12m"[38;2;132;132;132;48;2;73;73;73m~[38;2;61;61;61;48;2;197;197;197m_[38;2;175;175;175;48;2;237;237;237m_[38;2;252;252;252;48;2;250;250;250m`[38;2;251;251;251;48;2;252;252;252m*=[38;2;253;253;253;48;2;251;251;251m`[38;2;205;205;205;48;2;244;244;244m_[38;2;114;114;114;48;2;226;226;226m_[38;2;31;31;31;48;2;176;176;176m_[38;2;170;170;170;48;2;70;70;70m~[38;2;50;50;50;48;2;13;13;13m~[48;2;0;0;0m                                                       [0m
[7m[38;2;0;0;0m [0m[38;2;0;0;0;48;2;0;0;0m                                                     [38;2;34;34;34;48;2;9;9;9m"[38;2;124;124;124;48;2;31;31;31m~[38;2;186;186;186;48;2;58;58;58m~[38;2;199;199;199;48;2;74;74;74m~[38;2;200;200;200;48;2;76;76;76m~[38;2;193;193;193;48;2;64;64;64m~[38;2;156;156;156;48;2;38;38;38m~[38;2;84;84;84;48;2;17;17;17m~[38;2;18;18;18;48;2;2;2;2m~[48;2;0;0;0m                                                         [0m
[7m[38;2;0;0;0m [0m[38;2;0;0;0;48;2;0;0;0m                                                        [38;2;1;1;1m~~                                                             [0m
[7m[38;2;0;0;0m [0m[38;2;0;0;0;48;2;0;0;0m                                                                                                                       [0m
[7m[38;2;0;0;0m [0m[38;2;0;0;0;48;2;0;0;0m                                                                                                                       [0m
[7m[38;2;0;0;0m [0m[38;2;0;0;0;48;2;0;0;0m                                                                                                                       [0m
[7m[38;2;0;0;0m [0m[38;2;0;0;0;48;2;0;0;0m                                                                                                                       [0m
[7m[38;2;0;0;0m [0m[38;2;0;0;0;48;2;0;0;0m                                                                                                                       [0m
[7m[38;2;0;0;0m [0m[38;2;0;0;0;48;2;0;0;0m                                                                                                                       [0m
[7m[38;2;0;0;0m [0m[38;2;0;0;0;48;2;0;0;0m                                                                                                                       [0m
[7m[38;2;0;0;0m [0m[38;2;0;0;0;48;2;0;0;0m                                                                                                                       [0m
[7m[38;2;0;0;0m [0m[38;2;0;0;0;48;2;0;0;0m                                                                                                                       [0m
[7m[38;2;0;0;0m [0m[38;2;0;0;0;48;2;0;0;0m                                                                                                                       [0m
[7m[38;2;0;0;0m [0m[38;2;0;0;0;48;2;0;0;0m                                                                                                                       [0m
[7m[38;2;0;0;0m [0m[38;2;0;0;0;48;2;0;0;0m                                                                                                                       [0m
[7m[38;2;0;0;0m [0m[38;2;0;0;0;48;2;0;0;0m                                                                                                                       [0m
[7m[38;2;0;0;0m [0m[38;2;0;0;0;48;2;0;0;0m                                                                                                                       [0m
[7m[38;2;0;0;0m [0m[38;2;0;0;0;48;2;0;0;0m                                                                                                                       [0m
[7m[38;2;0;0;0m [0m[38;2;0;0;0;48;2;0;0;0m                                                                                                                       [0m
[7m[38;2;0;0;0m [0m[38;2;0;0;0;48;2;0;0;0m                                                                                                                       [0m
[7m[38;2;0;0;0m [0m[38;2;0;0;0;48;2;0;0;0m                                                                                                                       [0m
[7m[38;2;0;0;0m [0m[38;2;0;0;0;48;2;0;0;0m                                                                                                                       [0m
[7m[38;2;0;0;0m [0m[38;2;0;0;0;48;2;0;0;0m                                                                                                                       [0m
[7m[38;2;0;0;0m [0m[38;2;0;0;0;48;2;0;0;0m                                                                                                                       [0m
[7m[38;2;0;0;0m [0m[38;2;0;0;0;48;2;0;0;0m                                                                                                                       [0m
[7m[38;2;0;0;0m [0m[38;2;0;0;0;48;2;0;0;0m                                                                                                                       [0m
[?25h