[?25l[0m[7m[38;2;0;0;0m [0m[38;2;0;0;0;48;2;0;0;0m                                                                                                                       [0m
[7m[38;2;0;0;0m [0m[38;2;0;0;0;48;2;0;0;0m                                                                                                                       [0m
[7m[38;2;0;0;0m [0m[38;2;0;0;0;48;2;0;0;0m                                                                                                                       [0m
[7m[38;2;0;0;0m [0m[38;2;0;0;0;48;2;0;0;0m                                                                                                                       [0m
[7m[38;2;0;0;0m [0m[38;2;0;0;0;48;2;0;0;0m                                                                                                                       [0m
[7m[38;2;0;0;0m [0m[38;2;0;0;0;48;2;0;0;0m                                                                                                                       [0m
[7m[38;2;0;0;0m [0m[38;2;0;0;0;48;2;0;0;0m                                                                                                                       [0m
[7m[38;2;0;0;0m [0m[38;2;0;0;0;48;2;0;0;0m                                            [38;2;7;7;7m_[38;2;5;5;5m_                                                                         [0m
[7m[38;2;0;0;0m [0m[38;2;0;0;0;48;2;0;0;0m                                          [38;2;37;37;37;48;2;19;19;19my[38;2;19;19;19;48;2;81;81;81m~[38;2;32;32;32;48;2;96;96;96m~[38;2;106;106;106;48;2;45;45;45m_[38;2;124;124;124;48;2;35;35;35m_[38;2;137;137;137;48;2;36;36;36m_[38;2;81;81;81;48;2;20;20;20m_[38;2;22;22;22;48;2;6;6;6m,[48;2;0;0;0m [38;2;1;1;1m_                                                                   [0m
[7m[38;2;0;0;0m [0m[38;2;0;0;0;48;2;0;0;0m                                         [48;2;2;2;2m'[38;2;91;91;91;48;2;44;44;44m_[38;2;212;212;212;48;2;144;144;144m_[38;2;183;183;183;48;2;228;228;228m~[38;2;193;193;193;48;2;238;238;238m~[38;2;179;179;179;48;2;239;239;239m`[38;2;199;199;199;48;2;238;238;238m"[38;2;162;162;162;48;2;220;220;220m~[38;2;98;98;98;48;2;180;180;180m~[38;2;175;175;175;48;2;103;103;103my[38;2;171;171;171;48;2;75;75;75m_[38;2;100;100;100;48;2;37;37;37m_[38;2;24;24;24;48;2;7;7;7m,[48;2;0;0;0m                                                                 [0m
[7m[38;2;0;0;0m [0m[38;2;0;0;0;48;2;0;0;0m                                         [38;2;42;42;42;48;2;31;31;31md[38;2;116;116;116;48;2;143;143;143mF[38;2;249;249;249;48;2;240;240;240m:[38;2;254;254;254;48;2;252;252;252m`[38;2;250;250;250;48;2;251;251;251m`[38;2;252;252;252m:[48;2;252;252;252m [48;2;251;251;251m:'[38;2;233;233;233;48;2;247;247;247m`[38;2;206;206;206;48;2;236;236;236m"[38;2;139;139;139;48;2;204;204;204m~[38;2;169;169;169;48;2;100;100;100my[38;2;107;107;107;48;2;36;36;36m_[38;2;25;25;25;48;2;6;6;6m,[48;2;0;0;0m                                                               [0m
[7m[38;2;0;0;0m [0m[38;2;0;0;0;48;2;0;0;0m                                         [38;2;3;3;3;48;2;21;21;21m.[38;2;81;81;81;48;2;120;120;120mL[38;2;212;212;212;48;2;229;229;229m_[38;2;254;254;254;48;2;251;251;251m: [48;2;252;252;252m     [38;2;252;252;252;48;2;251;251;251m.'[38;2;229;229;229;48;2;246;246;246m`[38;2;181;181;181;48;2;228;228;228m~[38;2;87;87;87;48;2;173;173;173m~[38;2;184;184;184;48;2;72;72;72m_[38;2;89;89;89;48;2;19;19;19m_[38;2;17;17;17;48;2;2;2;2m,[48;2;0;0;0m                                                            [0m
[7m[38;2;0;0;0m [0m[38;2;0;0;0;48;2;0;0;0m                                         [38;2;3;3;3;48;2;1;1;1m`[38;2;73;73;73;48;2;51;51;51m4[38;2;135;135;135;48;2;177;177;177m_[38;2;254;254;254;48;2;247;247;247m`[48;2;251;251;251m [48;2;252;252;252m        [38;2;253;253;253m`[48;2;251;251;251m'[38;2;218;218;218;48;2;243;243;243m`[38;2;135;135;135;48;2;212;212;212m~[38;2;185;185;185;48;2;103;103;103my[38;2;113;113;113;48;2;36;36;36m_[38;2;27;27;27;48;2;5;5;5m,[48;2;0;0;0m                                                          [0m
[7m[38;2;0;0;0m [0m[38;2;0;0;0;48;2;0;0;0m                                          [38;2;22;22;22;48;2;10;10;10m"[38;2;58;58;58;48;2;96;96;96mi[38;2;182;182;182;48;2;219;219;219m_[38;2;254;254;254;48;2;250;250;250m:[48;2;251;251;251m [48;2;252;252;252m          [38;2;253;253;253m`[38;2;252;252;252;48;2;248;248;248m:[38;2;156;156;156;48;2;227;227;227m`[38;2;86;86;86;48;2;175;175;175m~[38;2;177;177;177;48;2;63;63;63m_[38;2;64;64;64;48;2;12;12;12m_[38;2;0;0;0;48;2;1;1;1m`[48;2;0;0;0m                                                       [0m
[7m[38;2;0;0;0m [0m[38;2;0;0;0;48;2;0;0;0m                                           [38;2;50;50;50;48;2;22;22;22m`[38;2;76;76;76;48;2;122;122;122mL[38;2;182;182;182;48;2;229;229;229m_[38;2;253;253;253;48;2;250;250;250m:[48;2;251;251;251m [48;2;252;252;252m          [38;2;252;252;252;48;2;251;251;251m:[38;2;250;250;250m~[38;2;253;253;253m'[38;2;214;214;214;48;2;242;242;242m`[38;2;107;107;107;48;2;198;198;198m~[38;2;213;213;213;48;2;86;86;86m_[38;2;70;70;70;48;2;20;20;20m_[38;2;0;0;0;48;2;1;1;1m`[48;2;0;0;0m                                                     [0m
[7m[38;2;0;0;0m [0m[38;2;0;0;0;48;2;0;0;0m                                            [38;2;39;39;39;48;2;20;20;20m"[38;2;65;65;65;48;2;118;118;118mL[38;2;169;169;169;48;2;225;225;225m_[38;2;253;253;253;48;2;250;250;250m:[48;2;251;251;251m [48;2;252;252;252m            [38;2;252;252;252;48;2;251;251;251m:[38;2;253;253;253m`[38;2;233;233;233;48;2;245;245;245m`[38;2;155;155;155;48;2;213;213;213m~[38;2;169;169;169;48;2;98;98;98my[38;2;103;103;103;48;2;25;25;25m_[38;2;22;22;22;48;2;2;2;2m,[48;2;0;0;0m                                                   [0m
[7m[38;2;0;0;0m [0m[38;2;0;0;0;48;2;0;0;0m                                             [38;2;34;34;34;48;2;11;11;11m`[38;2;122;122;122;48;2;75;75;75m~[48;2;200;200;200m_[38;2;250;250;250;48;2;246;246;246m:[38;2;251;251;251;48;2;249;249;249m~[38;2;250;250;250;48;2;251;251;251m_[48;2;252;252;252m           [38;2;253;253;253m`[38;2;252;252;252;48;2;251;251;251m:[48;2;250;250;250m.[38;2;233;233;233;48;2;245;245;245m`[38;2;148;148;148;48;2;215;215;215m~[38;2;184;184;184;48;2;103;103;103my[38;2;90;90;90;48;2;30;30;30m_[38;2;6;6;6;48;2;2;2;2m.[48;2;0;0;0m                                                 [0m
[7m[38;2;0;0;0m [0m[38;2;0;0;0;48;2;0;0;0m                                              [38;2;10;10;10;48;2;4;4;4m`[38;2;93;93;93;48;2;46;46;46m"[38;2;76;76;76;48;2;164;164;164m_[38;2;212;212;212;48;2;240;240;240m_[38;2;253;253;253;48;2;250;250;250m.[38;2;250;250;250;48;2;251;251;251m_[38;2;252;252;252m:[48;2;252;252;252m            [48;2;251;251;251m _[48;2;248;248;248m`[38;2;161;161;161;48;2;215;215;215m~[38;2;170;170;170;48;2;100;100;100my[38;2;95;95;95;48;2;25;25;25m_[38;2;16;16;16;48;2;2;2;2m,[48;2;0;0;0m                                               [0m
[7m[38;2;0;0;0m [0m[38;2;0;0;0;48;2;0;0;0m                                               [38;2;2;2;2m`[38;2;49;49;49;48;2;22;22;22m"[38;2;66;66;66;48;2;121;121;121my[38;2;145;145;145;48;2;218;218;218m_[38;2;253;253;253;48;2;248;248;248m:[48;2;251;251;251m [48;2;252;252;252m              [38;2;252;252;252;48;2;251;251;251m.`[38;2;232;232;232;48;2;246;246;246m`[38;2;137;137;137;48;2;204;204;204m~[38;2;193;193;193;48;2;90;90;90m_[38;2;62;62;62;48;2;18;18;18m_[38;2;2;2;2;48;2;0;0;0m,[38;2;1;1;1m_                                            [0m
[7m[38;2;0;0;0m [0m[38;2;0;0;0;48;2;0;0;0m                                                [38;2;1;1;1m~[38;2;19;19;19;48;2;5;5;5m"[38;2;108;108;108;48;2;50;50;50m"[38;2;69;69;69;48;2;171;171;171m_[38;2;212;212;212;48;2;242;242;242m_[38;2;254;254;254;48;2;251;251;251m.[38;2;253;253;253;48;2;252;252;252m/             [38;2;252;252;252;48;2;251;251;251m:[38;2;250;250;250m`[38;2;253;253;253;48;2;250;250;250m`[38;2;215;215;215;48;2;238;238;238m`[38;2;121;121;121;48;2;187;187;187m~[38;2;160;160;160;48;2;72;72;72m_[38;2;49;49;49;48;2;12;12;12m_[38;2;3;3;3;48;2;0;0;0m,                                           [0m
[7m[38;2;0;0;0m [0m[38;2;0;0;0;48;2;0;0;0m                                                  [48;2;1;1;1m.[38;2;42;42;42;48;2;17;17;17m`[38;2;151;151;151;48;2;81;81;81m~[38;2;109;109;109;48;2;201;201;201m_[38;2;230;230;230;48;2;244;244;244m,[38;2;252;252;252;48;2;251;251;251m:[48;2;252;252;252m [38;2;253;253;253m__           [38;2;252;252;252;48;2;251;251;251m:[38;2;248;248;248;48;2;250;250;250m~[38;2;252;252;252;48;2;249;249;249m'[38;2;196;196;196;48;2;230;230;230m"[38;2;83;83;83;48;2;149;149;149m~[38;2;114;114;114;48;2;43;43;43m,[38;2;20;20;20;48;2;3;3;3m,[48;2;0;0;0m                                          [0m
[7m[38;2;0;0;0m [0m[38;2;0;0;0;48;2;0;0;0m                                                   [38;2;2;2;2m`[48;2;1;1;1m:[38;2;58;58;58;48;2;24;24;24m"[38;2;59;59;59;48;2;129;129;129my[38;2;126;126;126;48;2;216;216;216m_[38;2;235;235;235;48;2;247;247;247m,[38;2;248;248;248;48;2;251;251;251my[48;2;252;252;252m_             [48;2;251;251;251m [38;2;253;253;253m`[38;2;232;232;232;48;2;245;245;245m`[38;2;142;142;142;48;2;194;194;194m~[38;2;139;139;139;48;2;74;74;74m_[38;2;39;39;39;48;2;10;10;10m_[38;2;2;2;2;48;2;0;0;0m,                                        [0m
[7m[38;2;0;0;0m [0m[38;2;0;0;0;48;2;0;0;0m                                                     [38;2;1;1;1m`[38;2;9;9;9;48;2;3;3;3m`[38;2;85;85;85;48;2;29;29;29m"[38;2;63;63;63;48;2;130;130;130my[38;2;130;130;130;48;2;215;215;215m_[38;2;228;228;228;48;2;243;243;243m,[38;2;252;252;252;48;2;250;250;250m`[48;2;252;252;252m              [48;2;251;251;251m [38;2;247;247;247;48;2;249;249;249m`[38;2;176;176;176;48;2;213;213;213m~[38;2;150;150;150;48;2;102;102;102mL[38;2;79;79;79;48;2;25;25;25m,[38;2;4;4;4;48;2;0;0;0m,                                       [0m
[7m[38;2;0;0;0m [0m[38;2;0;0;0;48;2;0;0;0m                                                        [48;2;2;2;2m'[38;2;73;73;73;48;2;27;27;27m"[38;2;65;65;65;48;2;130;130;130mg[38;2;107;107;107;48;2;208;208;208m_[38;2;226;226;226;48;2;244;244;244m,[38;2;253;253;253;48;2;251;251;251m.[38;2;252;252;252m:[48;2;252;252;252m            [48;2;251;251;251m [38;2;251;251;251;48;2;250;250;250m:[38;2;194;194;194;48;2;226;226;226m"[38;2;95;95;95;48;2;141;141;141m~[38;2;84;84;84;48;2;38;38;38m_[38;2;13;13;13;48;2;2;2;2m,[48;2;0;0;0m                                      [0m
[7m[38;2;0;0;0m [0m[38;2;0;0;0;48;2;0;0;0m                                                          [48;2;2;2;2m:[38;2;72;72;72;48;2;23;23;23m"[38;2;166;166;166;48;2;81;81;81m~[38;2;80;80;80;48;2;183;183;183m_[38;2;170;170;170;48;2;235;235;235m_[38;2;238;238;238;48;2;249;249;249m,[38;2;252;252;252;48;2;251;251;251m:[38;2;250;250;250m_[38;2;252;252;252m.[48;2;252;252;252m         [48;2;251;251;251m [38;2;253;253;253m:[38;2;211;211;211;48;2;226;226;226m"[38;2;146;146;146;48;2;116;116;116mL[38;2;41;41;41;48;2;24;24;24mF[48;2;0;0;0m                                      [0m
[7m[38;2;0;0;0m [0m[38;2;0;0;0;48;2;0;0;0m                                                             [38;2;27;27;27;48;2;8;8;8m"[38;2;113;113;113;48;2;42;42;42m~[38;2;209;209;209;48;2;106;106;106m~[38;2;74;74;74;48;2;193;193;193m_[38;2;173;173;173;48;2;232;232;232m_[38;2;231;231;231;48;2;248;248;248m_[38;2;253;253;253;48;2;251;251;251m. [38;2;252;252;252m:[48;2;252;252;252m   [48;2;251;251;251m:[38;2;250;250;250m_[38;2;253;253;253m.[38;2;251;251;251;48;2;245;245;245m'[38;2;102;102;102;48;2;218;218;218m_[38;2;61;61;61;48;2;146;146;146my[38;2;102;102;102;48;2;32;32;32m~[38;2;9;9;9;48;2;1;1;1m~[48;2;0;0;0m                                      [0m
[7m[38;2;0;0;0m [0m[38;2;0;0;0;48;2;0;0;0m                                                               [48;2;2;2;2m:[38;2;52;52;52;48;2;14;14;14m`[38;2;114;114;114;48;2;40;40;40m~[38;2;46;46;46;48;2;123;123;123my[38;2;70;70;70;48;2;177;177;177m_[38;2;136;136;136;48;2;221;221;221m_[38;2;194;194;194;48;2;242;242;242m_[38;2;233;233;233;48;2;248;248;248m_[38;2;249;249;249;48;2;250;250;250m,.[38;2;226;226;226;48;2;247;247;247m_[38;2;156;156;156;48;2;232;232;232m_[38;2;91;91;91;48;2;177;177;177my[38;2;171;171;171;48;2;62;62;62m~[38;2;64;64;64;48;2;18;18;18m"[38;2;8;8;8;48;2;2;2;2m`[48;2;0;0;0m                                        [0m
[7m[38;2;0;0;0m [0m[38;2;0;0;0;48;2;0;0;0m                                                                [38;2;1;1;1m~[38;2;2;2;2m~ [38;2;15;15;15;48;2;5;5;5m`[38;2;64;64;64;48;2;21;21;21m~[38;2;145;145;145;48;2;59;59;59m~[38;2;61;61;61;48;2;139;139;139my[38;2;10;10;10;48;2;173;173;173m_[38;2;1;1;1;48;2;160;160;160m_[38;2;200;200;200;48;2;79;79;79m~[38;2;87;87;87;48;2;23;23;23m~[38;2;8;8;8;48;2;2;2;2m`[38;2;1;1;1;48;2;0;0;0m~                                          [0m
[7m[38;2;0;0;0m [0m[38;2;0;0;0;48;2;0;0;0m                                                                      [38;2;3;3;3m`[38;2;7;7;7m`[38;2;1;1;1m'                                              [0m
[7m[38;2;0;0;0m [0m[38;2;0;0;0;48;2;0;0;0m                                                                                                                       [0m
[7m[38;2;0;0;0m [0m[38;2;0;0;0;48;2;0;0;0m                                                                                                                       [0m
[7m[38;2;0;0;0m [0m[38;2;0;0;0;48;2;0;0;0m                                                                                                                       [0m
[7m[38;2;0;0;0m [0m[38;2;0;0;0;48;2;0;0;0m                                                                                                                       [0m
[7m[38;2;0;0;0m [0m[38;2;0;0;0;48;2;0;0;0m                                                                                                                       [0m
[7m[38;2;0;0;0m [0m[38;2;0;0;0;48;2;0;0;0m                                                                                                                       [0m
[7m[38;2;0;0;0m [0m[38;2;0;0;0;48;2;0;0;0m                                                                                                                       [0m
[?25h