[?25l[0m[7m[38;2;252;252;252m [0m[38;2;0;0;0;48;2;252;252;252m                                                                                                                       [0m
[7m[38;2;252;252;252m [0m[38;2;0;0;0;48;2;252;252;252m                                                                                                                       [0m
[7m[38;2;252;252;252m [0m[38;2;0;0;0;48;2;252;252;252m                                                                                                                       [0m
[7m[38;2;252;252;252m [0m[38;2;0;0;0;48;2;252;252;252m                                                                                                                       [0m
[7m[38;2;252;252;252m [0m[38;2;0;0;0;48;2;252;252;252m                                                                                                                       [0m
[7m[38;2;252;252;252m [0m[38;2;0;0;0;48;2;252;252;252m                                                                                                                       [0m
[7m[38;2;252;252;252m [0m[38;2;0;0;0;48;2;252;252;252m                                                                                                                       [0m
[7m[38;2;252;252;252m [0m[38;2;0;0;0;48;2;252;252;252m                                                                                                                       [0m
[7m[38;2;252;252;252m [0m[38;2;0;0;0;48;2;252;252;252m                                                      [38;2;251;251;251m_   [38;2;252;252;252;48;2;251;251;251m..[38;2;253;253;253;48;2;252;252;252m_[38;2;254;254;254m_[38;2;253;253;253m,,,_[38;2;252;252;252;48;2;251;251;251m:.[48;2;252;252;252m                                                   [0m
[7m[38;2;252;252;252m [0m[38;2;0;0;0;48;2;252;252;252m                                                   [38;2;252;252;252;48;2;251;251;251m:`[48;2;249;249;249m`[38;2;205;205;205;48;2;242;242;242m_[38;2;212;212;212m_[38;2;226;226;226;48;2;247;247;247m_[38;2;210;210;210;48;2;245;245;245m_[38;2;183;183;183;48;2;238;238;238m_[38;2;140;140;140;48;2;222;222;222m_[38;2;106;106;106;48;2;204;204;204m_[38;2;77;77;77;48;2;186;186;186m_[38;2;63;63;63;48;2;174;174;174m_[38;2;62;62;62m_[38;2;75;75;75;48;2;184;184;184m_[38;2;103;103;103;48;2;202;202;202m_[38;2;147;147;147;48;2;226;226;226m_[38;2;191;191;191;48;2;242;242;242m_[38;2;229;229;229;48;2;249;249;249m_[38;2;249;249;249;48;2;251;251;251m,[48;2;252;252;252m                                                 [0m
[7m[38;2;252;252;252m [0m[38;2;0;0;0;48;2;252;252;252m                                                 [38;2;252;252;252;48;2;251;251;251m:[38;2;250;250;250;48;2;252;252;252m=[38;2;251;251;251;48;2;247;247;247m`[38;2;180;180;180;48;2;215;215;215my[38;2;62;62;62;48;2;147;147;147my[38;2;63;63;63;48;2;122;122;122my[38;2;45;45;45;48;2;140;140;140m_[38;2;17;17;17;48;2;133;133;133m_[38;2;174;174;174;48;2;77;77;77m~[38;2;129;129;129;48;2;45;45;45m~[38;2;76;76;76;48;2;21;21;21m~[38;2;68;68;68;48;2;10;10;10m`[38;2;47;47;47;48;2;4;4;4m`[38;2;37;37;37;48;2;3;3;3m`[38;2;36;36;36m`[38;2;46;46;46;48;2;5;5;5m`[38;2;65;65;65;48;2;9;9;9m`[38;2;99;99;99;48;2;22;22;22m`[38;2;125;125;125;48;2;47;47;47m~[38;2;49;49;49;48;2;125;125;125my[38;2;55;55;55;48;2;185;185;185m_[38;2;178;178;178;48;2;234;234;234m_[38;2;242;242;242;48;2;249;249;249m,[38;2;252;252;252;48;2;251;251;251m:[48;2;252;252;252m                                              [0m
[7m[38;2;252;252;252m [0m[38;2;0;0;0;48;2;252;252;252m                                               [38;2;252;252;252;48;2;251;251;251m`[38;2;253;253;253m:[38;2;210;210;210;48;2;240;240;240m_[38;2;124;124;124;48;2;201;201;201m_[38;2;90;90;90;48;2;156;156;156my[38;2;36;36;36;48;2;99;99;99my[38;2;54;54;54;48;2;27;27;27m~[38;2;11;11;11;48;2;4;4;4m~[38;2;23;23;23m~[38;2;6;6;6;48;2;1;1;1m~[48;2;0;0;0m            [38;2;0;0;0;48;2;11;11;11m:[38;2;131;131;131;48;2;53;53;53m~[38;2;68;68;68;48;2;167;167;167m_[38;2;206;206;206;48;2;239;239;239m_[38;2;247;247;247;48;2;251;251;251m,[38;2;252;252;252m:[48;2;252;252;252m                                            [0m
[7m[38;2;252;252;252m [0m[38;2;0;0;0;48;2;252;252;252m                                              [38;2;252;252;252;48;2;251;251;251m`[38;2;253;253;253;48;2;250;250;250m:[38;2;194;194;194;48;2;229;229;229m_[38;2;62;62;62;48;2;144;144;144m_[38;2;92;92;92;48;2;41;41;41m~[38;2;24;24;24;48;2;6;6;6m~[38;2;1;1;1;48;2;0;0;0m`                  [38;2;33;33;33;48;2;15;15;15m`[38;2;160;160;160;48;2;87;87;87m~[38;2;170;170;170;48;2;218;218;218m_[38;2;240;240;240;48;2;248;248;248m,[38;2;250;250;250;48;2;251;251;251m_[38;2;252;252;252m:[48;2;252;252;252m                                          [0m
[7m[38;2;252;252;252m [0m[38;2;0;0;0;48;2;252;252;252m                                            [38;2;252;252;252;48;2;251;251;251m:`[48;2;250;250;250m:[38;2;194;194;194;48;2;226;226;226m_[38;2;65;65;65;48;2;123;123;123my[38;2;48;48;48;48;2;17;17;17m~[48;2;0;0;0m                     [38;2;1;1;1m^[38;2;0;0;0;48;2;12;12;12m:[38;2;65;65;65;48;2;102;102;102mz[38;2;201;201;201;48;2;225;225;225m_[38;2;246;246;246;48;2;250;250;250m,[38;2;252;252;252;48;2;251;251;251m::[48;2;252;252;252m                                         [0m
[7m[38;2;252;252;252m [0m[38;2;0;0;0;48;2;252;252;252m                                            [38;2;252;252;252;48;2;251;251;251m:[38;2;250;250;250ml[38;2;252;252;252;48;2;238;238;238m'[38;2;127;127;127;48;2;152;152;152my[38;2;43;43;43;48;2;24;24;24mL[48;2;0;0;0m                        [38;2;0;0;0;48;2;23;23;23m:[38;2;102;102;102;48;2;144;144;144my[38;2;228;228;228;48;2;237;237;237mr[38;2;252;252;252;48;2;251;251;251m_:[48;2;252;252;252m                                         [0m
[7m[38;2;252;252;252m [0m[38;2;0;0;0;48;2;252;252;252m                                            [48;2;251;251;251m [48;2;250;250;250m [38;2;252;252;252;48;2;235;235;235m:[38;2;136;136;136;48;2;116;116;116mL[38;2;32;32;32;48;2;17;17;17mL[38;2;1;1;1;48;2;0;0;0m:                       [38;2;0;0;0;48;2;1;1;1m:[38;2;9;9;9;48;2;52;52;52m:[38;2;192;192;192;48;2;214;214;214mL[38;2;245;245;245;48;2;249;249;249m,[48;2;251;251;251m [38;2;252;252;252m:[48;2;252;252;252m                                        [0m
[7m[38;2;252;252;252m [0m[38;2;0;0;0;48;2;252;252;252m                                            [38;2;252;252;252;48;2;251;251;251m.[38;2;249;249;249;48;2;250;250;250m'[38;2;252;252;252;48;2;240;240;240m:[38;2;204;204;204;48;2;156;156;156m_[38;2;52;52;52;48;2;26;26;26mL[38;2;1;1;1;48;2;0;0;0m`                        [38;2;0;0;0;48;2;37;37;37m:[38;2;182;182;182;48;2;197;197;197mL[38;2;242;242;242;48;2;247;247;247mL[48;2;251;251;251m [38;2;252;252;252m:[48;2;252;252;252m                                        [0m
[7m[38;2;252;252;252m [0m[38;2;0;0;0;48;2;252;252;252m                                             [38;2;252;252;252;48;2;251;251;251m:[48;2;250;250;250m'[48;2;232;232;232m:[38;2;73;73;73;48;2;130;130;130m~[38;2;56;56;56;48;2;25;25;25m,[38;2;0;0;0;48;2;1;1;1m`[48;2;0;0;0m                      [48;2;3;3;3m:[38;2;103;103;103;48;2;50;50;50m_[38;2;193;193;193;48;2;214;214;214mF[38;2;245;245;245;48;2;249;249;249m~[48;2;251;251;251m [38;2;252;252;252m:[48;2;252;252;252m                                        [0m
[7m[38;2;252;252;252m [0m[38;2;0;0;0;48;2;252;252;252m                                              [38;2;252;252;252;48;2;251;251;251m:[38;2;250;250;250m`[38;2;226;226;226;48;2;243;243;243m`[38;2;122;122;122;48;2;201;201;201m~[38;2;202;202;202;48;2;79;79;79m_[38;2;54;54;54;48;2;17;17;17m,[38;2;0;0;0;48;2;1;1;1m`[38;2;1;1;1;48;2;0;0;0m_                 [38;2;0;0;0;48;2;7;7;7m`[38;2;141;141;141;48;2;36;36;36m_[38;2;226;226;226;48;2;98;98;98m_[38;2;134;134;134;48;2;211;211;211m~[38;2;234;234;234;48;2;247;247;247m~[38;2;250;250;250;48;2;251;251;251m'[38;2;252;252;252m:[48;2;252;252;252m                                         [0m
[7m[38;2;252;252;252m [0m[38;2;0;0;0;48;2;252;252;252m                                               [38;2;252;252;252;48;2;251;251;251m: [48;2;250;250;250m`[38;2;227;227;227;48;2;242;242;242m`[38;2;136;136;136;48;2;207;207;207m~[38;2;194;194;194;48;2;101;101;101my[38;2;151;151;151;48;2;35;35;35m_[38;2;64;64;64;48;2;5;5;5m_[38;2;0;0;0;48;2;1;1;1m:[48;2;0;0;0m            [48;2;5;5;5m`[38;2;107;107;107;48;2;11;11;11m_[38;2;174;174;174;48;2;61;61;61m_[38;2;72;72;72;48;2;171;171;171m~[38;2;184;184;184;48;2;229;229;229m"[38;2;241;241;241;48;2;249;249;249m~[38;2;251;251;251;48;2;252;252;252mm[38;2;252;252;252;48;2;251;251;251m:[48;2;252;252;252m                                           [0m
[7m[38;2;252;252;252m [0m[38;2;0;0;0;48;2;252;252;252m                                                  [48;2;251;251;251m [38;2;250;250;250m"[38;2;245;245;245;48;2;250;250;250m`[38;2;197;197;197;48;2;239;239;239m`[38;2;109;109;109;48;2;202;202;202m~[38;2;20;20;20;48;2;145;145;145m~[38;2;214;214;214;48;2;65;65;65m_[38;2;131;131;131;48;2;29;29;29m_[38;2;49;49;49;48;2;9;9;9m_[38;2;0;0;0;48;2;1;1;1m`[38;2;1;1;1;48;2;0;0;0m+:[38;2;0;0;0;48;2;1;1;1m`[48;2;3;3;3m`[38;2;1;1;1;48;2;23;23;23m`[38;2;203;203;203;48;2;65;65;65m_[38;2;0;0;0;48;2;145;145;145m~[38;2;10;10;10;48;2;168;168;168m~[38;2;59;59;59;48;2;196;196;196m~[38;2;158;158;158;48;2;226;226;226m~[38;2;211;211;211;48;2;244;244;244m`[38;2;250;250;250;48;2;251;251;251m` [38;2;252;252;252m:[48;2;252;252;252m                                             [0m
[7m[38;2;252;252;252m [0m[38;2;0;0;0;48;2;252;252;252m                                                     [38;2;252;252;252;48;2;251;251;251m.[38;2;250;250;250m`=[38;2;242;242;242;48;2;248;248;248m`[38;2;187;187;187;48;2;236;236;236m~[38;2;143;143;143;48;2;225;225;225m~[38;2;104;104;104;48;2;199;199;199m~[38;2;222;222;222;48;2;138;138;138my[38;2;217;217;217;48;2;125;125;125my[38;2;221;221;221;48;2;134;134;134my[38;2;95;95;95;48;2;197;197;197m~[38;2;146;146;146;48;2;228;228;228m~[38;2;228;228;228;48;2;247;247;247m~[38;2;250;250;250;48;2;251;251;251m>[38;2;253;253;253;48;2;252;252;252m~[38;2;252;252;252;48;2;251;251;251m:[38;2;250;250;250m~[38;2;252;252;252m:[48;2;252;252;252m                                                [0m
[7m[38;2;252;252;252m [0m[38;2;0;0;0;48;2;252;252;252m                                                        [38;2;252;252;252;48;2;251;251;251m:.[38;2;253;253;253;48;2;252;252;252m`[48;2;251;251;251m [38;2;250;250;250mF TT[38;2;252;252;252m:[38;2;251;251;251;48;2;252;252;252m`                                                     [0m
[7m[38;2;252;252;252m [0m[38;2;0;0;0;48;2;252;252;252m                                                                                                                       [0m
[7m[38;2;252;252;252m [0m[38;2;0;0;0;48;2;252;252;252m                                                                                                                       [0m
[7m[38;2;252;252;252m [0m[38;2;0;0;0;48;2;252;252;252m                                                                                                                       [0m
[7m[38;2;252;252;252m [0m[38;2;0;0;0;48;2;252;252;252m                                                                                                                       [0m
[7m[38;2;252;252;252m [0m[38;2;0;0;0;48;2;252;252;252m                                                                                                                       [0m
[7m[38;2;252;252;252m [0m[38;2;0;0;0;48;2;252;252;252m                                                                                                                       [0m
[7m[38;2;252;252;252m [0m[38;2;0;0;0;48;2;252;252;252m                                                                                                                       [0m
[7m[38;2;252;252;252m [0m[38;2;0;0;0;48;2;252;252;252m                                                                                                                       [0m
[7m[38;2;252;252;252m [0m[38;2;0;0;0;48;2;252;252;252m                                                                                                                       [0m
[7m[38;2;252;252;252m [0m[38;2;0;0;0;48;2;252;252;252m                                                                                                                       [0m
[7m[38;2;252;252;252m [0m[38;2;0;0;0;48;2;252;252;252m                                                                                                                       [0m
[7m[38;2;252;252;252m [0m[38;2;0;0;0;48;2;252;252;252m                                                                                                                       [0m
[7m[38;2;252;252;252m [0m[38;2;0;0;0;48;2;252;252;252m                                                                                                                       [0m
[?25h