[?25l[0m[7m[38;2;252;252;252m [0m[38;2;0;0;0;48;2;252;252;252m                                                                                                                       [0m
[7m[38;2;252;252;252m [0m[38;2;0;0;0;48;2;252;252;252m                                                                                                                       [0m
[7m[38;2;252;252;252m [0m[38;2;0;0;0;48;2;252;252;252m                                                                                                                       [0m
[7m[38;2;252;252;252m [0m[38;2;0;0;0;48;2;252;252;252m                                                                                                                       [0m
[7m[38;2;252;252;252m [0m[38;2;0;0;0;48;2;252;252;252m                                                                                                                       [0m
[7m[38;2;252;252;252m [0m[38;2;0;0;0;48;2;252;252;252m                                                                                                                       [0m
[7m[38;2;252;252;252m [0m[38;2;0;0;0;48;2;252;252;252m                                                                                                                       [0m
[7m[38;2;252;252;252m [0m[38;2;0;0;0;48;2;252;252;252m                                                                                                                       [0m
[7m[38;2;252;252;252m [0m[38;2;0;0;0;48;2;252;252;252m                                                                                                                       [0m
[7m[38;2;252;252;252m [0m[38;2;0;0;0;48;2;252;252;252m                                                                                                                       [0m
[7m[38;2;252;252;252m [0m[38;2;0;0;0;48;2;252;252;252m                                                                                                                       [0m
[7m[38;2;252;252;252m [0m[38;2;0;0;0;48;2;252;252;252m                                                                                                                       [0m
[7m[38;2;252;252;252m [0m[38;2;0;0;0;48;2;252;252;252m                                                  [38;2;253;253;253m_                                                                    [0m
[7m[38;2;252;252;252m [0m[38;2;0;0;0;48;2;252;252;252m                                               [38;2;251;251;251m.[38;2;253;253;253;48;2;248;248;248m:[38;2;155;155;155;48;2;225;225;225m_[38;2;100;100;100;48;2;205;205;205m_[38;2;150;150;150;48;2;221;221;221m_[38;2;208;208;208;48;2;242;242;242m_[38;2;246;246;246;48;2;250;250;250m,[38;2;252;252;252;48;2;251;251;251m:[48;2;252;252;252m                                                                [0m
[7m[38;2;252;252;252m [0m[38;2;0;0;0;48;2;252;252;252m                                          [38;2;253;253;253;48;2;251;251;251m.[38;2;239;239;239;48;2;249;249;249m_[38;2;214;214;214;48;2;245;245;245m_[38;2;206;206;206;48;2;242;242;242m_[38;2;212;212;212;48;2;244;244;244m_[38;2;230;230;230;48;2;247;247;247m_[38;2;214;214;214;48;2;222;222;222mu[38;2;114;114;114;48;2;74;74;74m~[38;2;45;45;45;48;2;15;15;15m~[38;2;92;92;92;48;2;40;40;40m~[38;2;74;74;74;48;2;127;127;127my[38;2;138;138;138;48;2;203;203;203m_[38;2;230;230;230;48;2;243;243;243m,[38;2;252;252;252;48;2;251;251;251m::[48;2;252;252;252m         [48;2;251;251;251m:[38;2;253;253;253;48;2;252;252;252m_                                                   [0m
[7m[38;2;252;252;252m [0m[38;2;0;0;0;48;2;252;252;252m                                          [38;2;252;252;252;48;2;251;251;251m`[38;2;250;250;250;48;2;241;241;241m:[38;2;169;169;169;48;2;195;195;195m4[38;2;93;93;93;48;2;138;138;138ma[38;2;174;174;174;48;2;86;86;86m~[38;2;189;189;189;48;2;80;80;80m~[38;2;178;178;178;48;2;73;73;73m~[38;2;51;51;51;48;2;17;17;17m~[48;2;0;0;0m [38;2;0;0;0;48;2;1;1;1m.[38;2;26;26;26;48;2;9;9;9m"[38;2;103;103;103;48;2;50;50;50m~[38;2;91;91;91;48;2;151;151;151my[38;2;186;186;186;48;2;214;214;214mw[38;2;251;251;251;48;2;247;247;247m`[48;2;252;252;252m      [38;2;252;252;252;48;2;251;251;251m.`[48;2;247;247;247m`[38;2;154;154;154;48;2;227;227;227m_[38;2;82;82;82;48;2;199;199;199m_[38;2;92;92;92;48;2;200;200;200m_[38;2;188;188;188;48;2;228;228;228m_[38;2;252;252;252;48;2;248;248;248m`[48;2;252;252;252m                                                [0m
[7m[38;2;252;252;252m [0m[38;2;0;0;0;48;2;252;252;252m                                         [38;2;252;252;252;48;2;251;251;251m:`[48;2;248;248;248m:[38;2;173;173;173;48;2;223;223;223m_[38;2;49;49;49;48;2;139;139;139m_[38;2;51;51;51;48;2;26;26;26m~[38;2;0;0;0;48;2;1;1;1m:[38;2;2;2;2;48;2;0;0;0m`   [38;2;0;0;0;48;2;2;2;2m:[38;2;26;26;26;48;2;16;16;16m4[38;2;95;95;95;48;2;71;71;71m4[38;2;179;179;179;48;2;190;190;190mF[38;2;244;244;244;48;2;247;247;247mL[38;2;252;252;252;48;2;251;251;251m`:. :[48;2;250;250;250m:[38;2;182;182;182;48;2;239;239;239m_[38;2;94;94;94;48;2;204;204;204m_[38;2;62;62;62;48;2;140;140;140my[38;2;95;95;95;48;2;67;67;67m~[38;2;175;175;175;48;2;100;100;100my[38;2;74;74;74;48;2;190;190;190m~[38;2;182;182;182;48;2;228;228;228m~[38;2;243;243;243;48;2;249;249;249m~[38;2;253;253;253;48;2;251;251;251m_[38;2;252;252;252m`.[48;2;252;252;252m                                             [0m
[7m[38;2;252;252;252m [0m[38;2;0;0;0;48;2;252;252;252m                                         [38;2;252;252;252;48;2;251;251;251m:.[38;2;248;248;248;48;2;232;232;232m:[38;2;153;153;153;48;2;102;102;102m~[38;2;31;31;31;48;2;13;13;13m~[48;2;0;0;0m        [38;2;45;45;45;48;2;21;21;21m"[38;2;151;151;151;48;2;86;86;86m~[38;2;54;54;54;48;2;170;170;170m_[38;2;102;102;102;48;2;205;205;205m_[38;2;142;142;142;48;2;224;224;224m_[38;2;171;171;171;48;2;235;235;235m_[38;2;180;180;180;48;2;237;237;237m_[38;2;112;112;112;48;2;211;211;211m_[38;2;64;64;64;48;2;151;151;151my[38;2;145;145;145;48;2;48;48;48m~[38;2;43;43;43;48;2;22;22;22m"[38;2;90;90;90;48;2;53;53;53my[38;2;118;118;118;48;2;169;169;169m~[38;2;174;174;174;48;2;225;225;225m_[38;2;152;152;152;48;2;228;228;228m_[38;2;117;117;117;48;2;215;215;215m_[38;2;145;145;145;48;2;208;208;208my[38;2;169;169;169;48;2;206;206;206mw[38;2;216;216;216;48;2;230;230;230mm[38;2;245;245;245;48;2;248;248;248mr[48;2;252;252;252m                                             [0m
[7m[38;2;252;252;252m [0m[38;2;0;0;0;48;2;252;252;252m                                         [38;2;252;252;252;48;2;251;251;251m:[38;2;250;250;250m_[38;2;224;224;224;48;2;232;232;232m4[38;2;115;115;115;48;2;80;80;80mL[38;2;0;0;0;48;2;9;9;9m:[38;2;1;1;1;48;2;0;0;0m_        [38;2;6;6;6m`[38;2;37;37;37;48;2;4;4;4m`[38;2;76;76;76;48;2;12;12;12m`[38;2;108;108;108;48;2;21;21;21m`[38;2;94;94;94;48;2;28;28;28m~[38;2;100;100;100;48;2;29;29;29m~[38;2;82;82;82;48;2;15;15;15m`[38;2;10;10;10;48;2;2;2;2m`[48;2;0;0;0m [38;2;28;28;28;48;2;12;12;12m"[38;2;83;83;83;48;2;34;34;34m~[38;2;104;104;104;48;2;36;36;36m~[38;2;95;95;95;48;2;30;30;30m~[38;2;116;116;116;48;2;60;60;60m`[38;2;73;73;73;48;2;146;146;146m~[38;2;127;127;127;48;2;198;198;198m~[38;2;197;197;197;48;2;226;226;226m_[38;2;226;226;226;48;2;243;243;243m_[38;2;247;247;247;48;2;250;250;250m,[48;2;252;252;252m        [38;2;252;252;252;48;2;251;251;251m:  [38;2;253;253;253;48;2;252;252;252m_[48;2;251;251;251m__[48;2;252;252;252m,[48;2;251;251;251m_[38;2;252;252;252m, :[48;2;252;252;252m                          [0m
[7m[38;2;252;252;252m [0m[38;2;0;0;0;48;2;252;252;252m                                         [38;2;252;252;252;48;2;251;251;251m:[48;2;250;250;250m [38;2;251;251;251;48;2;243;243;243m:[38;2;141;141;141;48;2;187;187;187m~[38;2;119;119;119;48;2;45;45;45m_[38;2;18;18;18;48;2;3;3;3m,[38;2;1;1;1;48;2;0;0;0m,                 [38;2;2;2;2m`[38;2;4;4;4;48;2;1;1;1m~[38;2;0;0;0;48;2;2;2;2m:[38;2;56;56;56;48;2;20;20;20m"[38;2;143;143;143;48;2;48;48;48m~[38;2;65;65;65;48;2;114;114;114ms[38;2;169;169;169;48;2;196;196;196mF[38;2;224;224;224;48;2;239;239;239m~[38;2;248;248;248;48;2;250;250;250m~[38;2;252;252;252;48;2;251;251;251m: ~[38;2;250;250;250mw[38;2;252;252;252m~[38;2;245;245;245m_[38;2;233;233;233;48;2;250;250;250m_[38;2;222;222;222m_[38;2;206;206;206;48;2;247;247;247m_[38;2;177;177;177;48;2;237;237;237m_[38;2;134;134;134;48;2;222;222;222m_[38;2;74;74;74;48;2;201;201;201m_[38;2;22;22;22;48;2;164;164;164m_[38;2;47;47;47;48;2;147;147;147my[38;2;60;60;60;48;2;156;156;156my[38;2;49;49;49;48;2;179;179;179m_[38;2;105;105;105;48;2;210;210;210m_[38;2;149;149;149;48;2;228;228;228m_[38;2;202;202;202;48;2;243;243;243m_[38;2;239;239;239;48;2;250;250;250m_[38;2;250;250;250;48;2;252;252;252m_                        [0m
[7m[38;2;252;252;252m [0m[38;2;0;0;0;48;2;252;252;252m                                          [38;2;252;252;252;48;2;251;251;251m:[38;2;250;250;250m~[38;2;251;251;251;48;2;247;247;247m:[38;2;171;171;171;48;2;217;217;217m~[38;2;175;175;175;48;2;98;98;98my[38;2;126;126;126;48;2;34;34;34m_[38;2;26;26;26;48;2;6;6;6m,[48;2;0;0;0m                   [38;2;12;12;12;48;2;3;3;3m_[38;2;47;47;47;48;2;32;32;32mu[38;2;100;100;100;48;2;133;133;133m~[38;2;216;216;216;48;2;226;226;226mL[38;2;223;223;223;48;2;246;246;246m_[38;2;201;201;201;48;2;245;245;245m_[38;2;179;179;179;48;2;242;242;242m_[38;2;152;152;152;48;2;237;237;237m_[38;2;121;121;121;48;2;225;225;225m_[38;2;87;87;87;48;2;202;202;202m_[38;2;52;52;52;48;2;175;175;175m_[38;2;54;54;54;48;2;149;149;149my[38;2;27;27;27;48;2;113;113;113my[38;2;157;157;157;48;2;57;57;57m~[38;2;127;127;127;48;2;38;38;38m~[38;2;100;100;100;48;2;23;23;23m~[38;2;102;102;102;48;2;16;16;16m`[38;2;55;55;55;48;2;7;7;7m`[38;2;11;11;11;48;2;1;1;1m`[48;2;0;0;0m [38;2;5;5;5m`[38;2;34;34;34;48;2;4;4;4m`[38;2;80;80;80;48;2;13;13;13m`[38;2;115;115;115;48;2;26;26;26m`[38;2;148;148;148;48;2;65;65;65m~[38;2;77;77;77;48;2;153;153;153my[38;2;168;168;168;48;2;214;214;214m_[38;2;234;234;234;48;2;246;246;246m,[48;2;252;252;252m                       [0m
[7m[38;2;252;252;252m [0m[38;2;0;0;0;48;2;252;252;252m                                             [38;2;251;251;251m:[38;2;252;252;252;48;2;249;249;249m'[38;2;182;182;182;48;2;233;233;233m~[38;2;114;114;114;48;2;202;202;202m~[38;2;210;210;210;48;2;123;123;123my[38;2;200;200;200;48;2;77;77;77m_[38;2;91;91;91;48;2;18;18;18m_[38;2;0;0;0;48;2;2;2;2m`[38;2;3;3;3;48;2;0;0;0m_[38;2;1;1;1m_             [38;2;6;6;6;48;2;13;13;13m:[38;2;63;63;63;48;2;45;45;45m4[38;2;4;4;4;48;2;92;92;92m_[38;2;193;193;193;48;2;79;79;79m~[38;2;188;188;188;48;2;61;61;61m~[38;2;160;160;160;48;2;46;46;46m~[38;2;130;130;130;48;2;33;33;33m~[38;2;91;91;91;48;2;21;21;21m~[38;2;49;49;49;48;2;10;10;10m~[38;2;11;11;11;48;2;2;2;2m~[48;2;0;0;0m               [38;2;4;4;4;48;2;18;18;18m:[38;2;96;96;96;48;2;142;142;142m_[38;2;208;208;208;48;2;229;229;229m,[38;2;250;250;250;48;2;251;251;251m,[38;2;252;252;252m:[48;2;252;252;252m                     [0m
[7m[38;2;252;252;252m [0m[38;2;0;0;0;48;2;252;252;252m                                               [38;2;252;252;252;48;2;251;251;251m: [48;2;250;250;250m.[38;2;224;224;224;48;2;244;244;244m`[38;2;143;143;143;48;2;212;212;212m~[38;2;32;32;32;48;2;159;159;159m~[38;2;11;11;11;48;2;141;141;141m~[38;2;6;6;6;48;2;128;128;128m~[38;2;140;140;140;48;2;42;42;42m_[38;2;35;35;35;48;2;7;7;7m,[38;2;1;1;1;48;2;0;0;0mx          [38;2;3;3;3m`[38;2;11;11;11;48;2;1;1;1m`[38;2;1;1;1;48;2;0;0;0m`                      [38;2;0;0;0;48;2;7;7;7m:[38;2;142;142;142;48;2;87;87;87m_[38;2;199;199;199;48;2;220;220;220mF[38;2;249;249;249;48;2;251;251;251m~[38;2;252;252;252m^[48;2;252;252;252m                     [0m
[7m[38;2;252;252;252m [0m[38;2;0;0;0;48;2;252;252;252m                                                   [38;2;252;252;252;48;2;251;251;251m:[38;2;253;253;253m~[48;2;252;252;252m`[48;2;249;249;249m'[38;2;181;181;181;48;2;229;229;229m"[38;2;82;82;82;48;2;169;169;169m~[38;2;185;185;185;48;2;68;68;68m_[38;2;118;118;118;48;2;19;19;19m_[38;2;27;27;27;48;2;4;4;4m,[38;2;1;1;1;48;2;0;0;0m,                               .[38;2;0;0;0;48;2;14;14;14m`[38;2;115;115;115;48;2;144;144;144mL[38;2;219;219;219;48;2;232;232;232mL[38;2;252;252;252;48;2;251;251;251m>.[48;2;252;252;252m                     [0m
[7m[38;2;252;252;252m [0m[38;2;0;0;0;48;2;252;252;252m                                                      [38;2;252;252;252;48;2;251;251;251m:[38;2;250;250;250m~[38;2;252;252;252;48;2;250;250;250m.[38;2;215;215;215;48;2;245;245;245m`[38;2;190;190;190;48;2;228;228;228m~[38;2;65;65;65;48;2;159;159;159m~[38;2;216;216;216;48;2;80;80;80m_[38;2;93;93;93;48;2;25;25;25m_[38;2;16;16;16;48;2;2;2;2m,[48;2;0;0;0m                             [38;2;0;0;0;48;2;3;3;3m:[38;2;69;69;69;48;2;46;46;46ma[38;2;99;99;99;48;2;145;145;145my[38;2;69;69;69;48;2;179;179;179m_[38;2;201;201;201;48;2;227;227;227m_[38;2;245;245;245;48;2;249;249;249m,[48;2;252;252;252m                     [0m
[7m[38;2;252;252;252m [0m[38;2;0;0;0;48;2;252;252;252m                                                         [38;2;252;252;252;48;2;251;251;251m:[38;2;250;250;250m`[38;2;252;252;252m~[38;2;254;254;254;48;2;247;247;247m'[38;2;147;147;147;48;2;207;207;207m~[48;2;83;83;83my[38;2;93;93;93;48;2;17;17;17m_[38;2;19;19;19;48;2;2;2;2m,[38;2;1;1;1;48;2;0;0;0m__                         [38;2;0;0;0;48;2;1;1;1m.[38;2;86;86;86;48;2;15;15;15m_[38;2;188;188;188;48;2;66;66;66m_[38;2;66;66;66;48;2;171;171;171m~[38;2;206;206;206;48;2;232;232;232m"[38;2;247;247;247;48;2;251;251;251m~[38;2;252;252;252m~[48;2;252;252;252m                    [0m
[7m[38;2;252;252;252m [0m[38;2;0;0;0;48;2;252;252;252m                                                            [38;2;252;252;252;48;2;251;251;251m.'[38;2;217;217;217;48;2;244;244;244m`[38;2;155;155;155;48;2;217;217;217m~[38;2;53;53;53;48;2;175;175;175m~[38;2;178;178;178;48;2;89;89;89my[38;2;211;211;211;48;2;61;61;61m_[38;2;182;182;182;48;2;41;41;41m_[38;2;138;138;138;48;2;26;26;26m_[38;2;87;87;87;48;2;14;14;14m_[38;2;43;43;43;48;2;5;5;5m_[38;2;8;8;8;48;2;1;1;1m,[48;2;0;0;0m                   [38;2;0;0;0;48;2;15;15;15m`[38;2;7;7;7;48;2;105;105;105m~[38;2;140;140;140;48;2;198;198;198m~[38;2;202;202;202;48;2;235;235;235m_[38;2;218;218;218;48;2;247;247;247m_[38;2;244;244;244;48;2;251;251;251m_[48;2;252;252;252m                      [0m
[7m[38;2;252;252;252m [0m[38;2;0;0;0;48;2;252;252;252m                                                              [38;2;252;252;252;48;2;251;251;251m:[38;2;250;250;250m`[38;2;253;253;253;48;2;252;252;252m"[38;2;250;250;250;48;2;251;251;251m=[38;2;247;247;247;48;2;250;250;250m`[38;2;222;222;222;48;2;244;244;244m"[38;2;186;186;186;48;2;235;235;235m~[38;2;144;144;144;48;2;225;225;225m~[38;2;107;107;107;48;2;212;212;212m~[38;2;71;71;71;48;2;188;188;188m~[38;2;43;43;43;48;2;159;159;159m~[38;2;194;194;194;48;2;97;97;97my[38;2;219;219;219;48;2;79;79;79m_[38;2;172;172;172;48;2;52;52;52m_[38;2;130;130;130;48;2;28;28;28m_[38;2;94;94;94;48;2;10;10;10m_[38;2;60;60;60;48;2;2;2;2m_[38;2;24;24;24;48;2;0;0;0m_[38;2;3;3;3m,[38;2;2;2;2m_[38;2;1;1;1m,      .[38;2;0;0;0;48;2;1;1;1m`[38;2;51;51;51;48;2;21;21;21m`[38;2;155;155;155;48;2;52;52;52m~[38;2;171;171;171;48;2;55;55;55m~[38;2;157;157;157;48;2;59;59;59m~[38;2;81;81;81;48;2;139;139;139ms[38;2;203;203;203;48;2;225;225;225mr[38;2;252;252;252;48;2;251;251;251m`:[48;2;252;252;252m                    [0m
[7m[38;2;252;252;252m [0m[38;2;0;0;0;48;2;252;252;252m                                                                    [38;2;252;252;252;48;2;251;251;251m.:[38;2;253;253;253m`  [38;2;249;249;249m`[38;2;233;233;233;48;2;249;249;249m`[38;2;207;207;207;48;2;245;245;245m`[38;2;187;187;187;48;2;241;241;241m`[38;2;175;175;175;48;2;228;228;228m~[38;2;123;123;123;48;2;207;207;207m~[38;2;66;66;66;48;2;182;182;182m~[38;2;18;18;18;48;2;149;149;149m~[38;2;217;217;217;48;2;80;80;80m_[38;2;182;182;182;48;2;41;41;41m_[38;2;121;121;121;48;2;18;18;18m_[38;2;62;62;62;48;2;8;8;8m_[38;2;78;78;78;48;2;11;11;11m_[38;2;166;166;166;48;2;29;29;29m_[38;2;190;190;190;48;2;38;38;38m_[38;2;188;188;188m_[38;2;209;209;209;48;2;65;65;65m_[38;2;222;222;222;48;2;89;89;89m_[38;2;0;0;0;48;2;130;130;130m~[38;2;6;6;6;48;2;146;146;146m~[38;2;25;25;25;48;2;168;168;168m~[38;2;94;94;94;48;2;198;198;198m~[38;2;193;193;193;48;2;233;233;233m"[38;2;240;240;240;48;2;250;250;250m`[48;2;252;252;252m                      [0m
[7m[38;2;252;252;252m [0m[38;2;0;0;0;48;2;252;252;252m                                                                             [48;2;251;251;251m [38;2;250;250;250m`[38;2;253;253;253;48;2;252;252;252m"[38;2;250;250;250;48;2;251;251;251m=[38;2;249;249;249m`[38;2;216;216;216;48;2;243;243;243m`[38;2;172;172;172;48;2;230;230;230m~[38;2;122;122;122;48;2;219;219;219m~[38;2;129;129;129;48;2;224;224;224m~[38;2;204;204;204;48;2;241;241;241m~[38;2;231;231;231;48;2;247;247;247m~~[38;2;244;244;244;48;2;250;250;250m~[38;2;250;250;250;48;2;251;251;251m==[38;2;252;252;252mT[38;2;253;253;253m~[38;2;250;250;250m`~[48;2;252;252;252m                       [0m
[7m[38;2;252;252;252m [0m[38;2;0;0;0;48;2;252;252;252m                                                                                  [38;2;252;252;252;48;2;251;251;251m:[38;2;250;250;250m` [38;2;252;252;252m..:[48;2;252;252;252m                               [0m
[7m[38;2;252;252;252m [0m[38;2;0;0;0;48;2;252;252;252m                                                                                                                       [0m
[7m[38;2;252;252;252m [0m[38;2;0;0;0;48;2;252;252;252m                                                                                                                       [0m
[7m[38;2;252;252;252m [0m[38;2;0;0;0;48;2;252;252;252m                                                                                                                       [0m
[7m[38;2;252;252;252m [0m[38;2;0;0;0;48;2;252;252;252m                                                                                                                       [0m
[7m[38;2;252;252;252m [0m[38;2;0;0;0;48;2;252;252;252m                                                                                                                       [0m
[?25h