[?25l[0m[7m[38;2;0;0;0m [0m[38;2;0;0;0;48;2;0;0;0m                                                                                                                       [0m
[7m[38;2;0;0;0m [0m[38;2;0;0;0;48;2;0;0;0m                                                                                                                       [0m
[7m[38;2;0;0;0m [0m[38;2;0;0;0;48;2;0;0;0m                                                                                                                       [0m
[7m[38;2;0;0;0m [0m[38;2;0;0;0;48;2;0;0;0m                                                                                                                       [0m
[7m[38;2;0;0;0m [0m[38;2;0;0;0;48;2;0;0;0m                                                                                                                       [0m
[7m[38;2;0;0;0m [0m[38;2;0;0;0;48;2;0;0;0m                                                                                                                       [0m
[7m[38;2;0;0;0m [0m[38;2;0;0;0;48;2;0;0;0m                                                                                                                       [0m
[7m[38;2;0;0;0m [0m[38;2;0;0;0;48;2;0;0;0m                                                                                                                       [0m
[7m[38;2;0;0;0m [0m[38;2;0;0;0;48;2;0;0;0m                                                                                                                       [0m
[7m[38;2;0;0;0m [0m[38;2;0;0;0;48;2;0;0;0m                                                                                                                       [0m
[7m[38;2;0;0;0m [0m[38;2;0;0;0;48;2;0;0;0m                                                                                                                       [0m
[7m[38;2;0;0;0m [0m[38;2;0;0;0;48;2;0;0;0m                                                                                                                       [0m
[7m[38;2;0;0;0m [0m[38;2;0;0;0;48;2;0;0;0m                                                           [38;2;1;1;1m=  _                                                        [0m
[7m[38;2;0;0;0m [0m[38;2;0;0;0;48;2;0;0;0m                                                  [48;2;1;1;1m:[38;2;55;55;55;48;2;5;5;5m_[38;2;109;109;109;48;2;11;11;11m_[38;2;144;144;144;48;2;16;16;16m_[38;2;164;164;164;48;2;23;23;23m_[38;2;171;171;171;48;2;34;34;34m_[38;2;199;199;199;48;2;78;78;78m_[38;2;220;220;220;48;2;126;126;126my[38;2;227;227;227;48;2;134;134;134my[48;2;139;139;139my[38;2;217;217;217;48;2;129;129;129my[38;2;193;193;193;48;2;70;70;70m_[38;2;178;178;178;48;2;39;39;39m_[38;2;175;175;175;48;2;34;34;34m_[38;2;162;162;162;48;2;24;24;24m_[38;2;132;132;132;48;2;14;14;14m_[38;2;78;78;78;48;2;8;8;8m_[38;2;18;18;18;48;2;2;2;2m,[48;2;0;0;0m                                                   [0m
[7m[38;2;0;0;0m [0m[38;2;0;0;0;48;2;0;0;0m                                                 [38;2;64;64;64;48;2;33;33;33my[38;2;26;26;26;48;2;153;153;153m~[38;2;85;85;85;48;2;207;207;207m~[38;2;153;153;153;48;2;223;223;223m~[38;2;142;142;142;48;2;216;216;216m_[38;2;175;175;175;48;2;220;220;220m_[38;2;215;215;215;48;2;244;244;244m`[38;2;229;229;229;48;2;249;249;249m`[38;2;252;252;252;48;2;251;251;251m:[38;2;250;250;250m~T[38;2;252;252;252m:[38;2;227;227;227;48;2;249;249;249m`[38;2;223;223;223m`[38;2;222;222;222m`[38;2;208;208;208;48;2;244;244;244m`[38;2;190;190;190;48;2;234;234;234m~[38;2;122;122;122;48;2;208;208;208m~[38;2;123;123;123;48;2;87;87;87ms[38;2;36;36;36;48;2;16;16;16mr[48;2;0;0;0m                                                  [0m
[7m[38;2;0;0;0m [0m[38;2;0;0;0;48;2;0;0;0m                                                [38;2;1;1;1m`[38;2;60;60;60;48;2;22;22;22m"[38;2;191;191;191;48;2;83;83;83m~[38;2;60;60;60;48;2;166;166;166my[38;2;70;70;70;48;2;136;136;136my[38;2;123;123;123;48;2;158;158;158mF[38;2;200;200;200;48;2;234;234;234m"[38;2;252;252;252;48;2;250;250;250m`[48;2;251;251;251m [48;2;252;252;252m    [48;2;251;251;251m:`[38;2;254;254;254;48;2;250;250;250m:[38;2;211;211;211;48;2;223;223;223mu[38;2;75;75;75;48;2;147;147;147mg[38;2;206;206;206;48;2;81;81;81m~[38;2;100;100;100;48;2;31;31;31m~[38;2;17;17;17;48;2;2;2;2m~[38;2;1;1;1;48;2;0;0;0m`                                                 [0m
[7m[38;2;0;0;0m [0m[38;2;0;0;0;48;2;0;0;0m                                                   [38;2;3;3;3;48;2;1;1;1m`[38;2;43;43;43;48;2;30;30;30m4[38;2;153;153;153;48;2;139;139;139m4[38;2;237;237;237;48;2;244;244;244mL[38;2;249;249;249;48;2;250;250;250m.[38;2;252;252;252;48;2;251;251;251m:[48;2;252;252;252m    [48;2;251;251;251m: [38;2;254;254;254;48;2;250;250;250m:[38;2;203;203;203;48;2;215;215;215m4[38;2;97;97;97;48;2;58;58;58mL[38;2;1;1;1;48;2;2;2;2m:[48;2;0;0;0m                                                    [0m
[7m[38;2;0;0;0m [0m[38;2;0;0;0;48;2;0;0;0m                                                   [38;2;1;1;1m"[38;2;0;0;0;48;2;23;23;23m:[38;2;101;101;101;48;2;129;129;129m$[38;2;235;235;235;48;2;242;242;242mL[48;2;250;250;250m [38;2;252;252;252;48;2;251;251;251m:[48;2;252;252;252m     [48;2;251;251;251m [38;2;253;253;253;48;2;252;252;252m^[38;2;252;252;252;48;2;238;238;238m:[38;2;129;129;129;48;2;91;91;91mL[38;2;31;31;31;48;2;10;10;10m,[38;2;1;1;1;48;2;0;0;0m_                                                   [0m
[7m[38;2;0;0;0m [0m[38;2;0;0;0;48;2;0;0;0m                                                   [48;2;4;4;4m:[38;2;82;82;82;48;2;59;59;59my[38;2;152;152;152;48;2;198;198;198m~[38;2;253;253;253;48;2;247;247;247m`[38;2;250;250;250;48;2;251;251;251m~[38;2;252;252;252m:[48;2;252;252;252m     [48;2;251;251;251m:[38;2;250;250;250m^[38;2;253;253;253;48;2;246;246;246m`[38;2;135;135;135;48;2;175;175;175m`[38;2;82;82;82;48;2;48;48;48mL[38;2;1;1;1;48;2;3;3;3m`[48;2;0;0;0m                                                   [0m
[7m[38;2;0;0;0m [0m[38;2;0;0;0;48;2;0;0;0m                                                  [38;2;1;1;1m+[38;2;0;0;0;48;2;20;20;20m:[38;2;130;130;130;48;2;109;109;109my[38;2;235;235;235;48;2;241;241;241mL[38;2;249;249;249;48;2;252;252;252m_[38;2;251;251;251m`      [38;2;252;252;252;48;2;251;251;251m:[48;2;250;250;250m [38;2;254;254;254;48;2;247;247;247m:[38;2;209;209;209;48;2;181;181;181mL[38;2;81;81;81;48;2;49;49;49mL[38;2;0;0;0;48;2;1;1;1m:[48;2;0;0;0m                                                   [0m
[7m[38;2;0;0;0m [0m[38;2;0;0;0;48;2;0;0;0m                                                  [38;2;1;1;1m:[38;2;49;49;49;48;2;35;35;35m4[38;2;134;134;134;48;2;160;160;160mF[38;2;239;239;239;48;2;245;245;245mL[48;2;249;249;249m [38;2;252;252;252;48;2;251;251;251m:[48;2;252;252;252m       [48;2;251;251;251m [38;2;254;254;254;48;2;252;252;252m`[38;2;245;245;245;48;2;230;230;230m:[38;2;118;118;118;48;2;77;77;77mL[38;2;1;1;1;48;2;5;5;5m`[48;2;0;0;0m                                                   [0m
[7m[38;2;0;0;0m [0m[38;2;0;0;0;48;2;0;0;0m                                                  [48;2;8;8;8m:[38;2;103;103;103;48;2;76;76;76my[38;2;188;188;188;48;2;224;224;224m~[38;2;253;253;253;48;2;249;249;249m`[38;2;250;250;250;48;2;251;251;251m^[38;2;252;252;252m:[48;2;252;252;252m       [48;2;251;251;251m:~[38;2;254;254;254;48;2;244;244;244m:[38;2;84;84;84;48;2;148;148;148m`[38;2;83;83;83;48;2;33;33;33m,[48;2;0;0;0m                                                   [0m
[7m[38;2;0;0;0m [0m[38;2;0;0;0;48;2;0;0;0m                                                 [38;2;1;1;1m`[38;2;61;61;61;48;2;44;44;44mj[38;2;127;127;127;48;2;177;177;177m~[38;2;253;253;253;48;2;245;245;245m`[38;2;251;251;251;48;2;250;250;250m_[38;2;252;252;252;48;2;251;251;251m:[48;2;252;252;252m         [48;2;251;251;251m [38;2;254;254;254;48;2;250;250;250m`[38;2;214;214;214;48;2;232;232;232m"[38;2;145;145;145;48;2;93;93;93mL[38;2;53;53;53;48;2;14;14;14m,[38;2;1;1;1;48;2;0;0;0m_                                                 [0m
[7m[38;2;0;0;0m [0m[38;2;0;0;0;48;2;0;0;0m                                                [38;2;1;1;1mi[38;2;41;41;41;48;2;21;21;21m_[38;2;84;84;84;48;2;130;130;130mF[38;2;225;225;225;48;2;240;240;240m~[38;2;250;250;250;48;2;251;251;251m_[38;2;252;252;252m:[48;2;252;252;252m          [48;2;251;251;251m:[38;2;250;250;250m"[38;2;254;254;254;48;2;249;249;249m`[38;2;179;179;179;48;2;214;214;214m~[38;2;113;113;113;48;2;66;66;66mL[38;2;24;24;24;48;2;4;4;4m,[48;2;0;0;0m                                                 [0m
[7m[38;2;0;0;0m [0m[38;2;0;0;0;48;2;0;0;0m                                               [38;2;1;1;1m_[38;2;0;0;0;48;2;9;9;9m:[38;2;111;111;111;48;2;78;78;78my[38;2;188;188;188;48;2;225;225;225m~[38;2;254;254;254;48;2;250;250;250m`[38;2;250;250;250;48;2;251;251;251m"[38;2;252;252;252m:[48;2;252;252;252m           [48;2;251;251;251m:[38;2;250;250;250m][38;2;254;254;254;48;2;247;247;247m`[38;2;146;146;146;48;2;189;189;189m~[38;2;91;91;91;48;2;50;50;50mL[38;2;8;8;8;48;2;1;1;1m,[48;2;0;0;0m                                                [0m
[7m[38;2;0;0;0m [0m[38;2;0;0;0;48;2;0;0;0m                                               [38;2;2;2;2m`[38;2;73;73;73;48;2;48;48;48m4[38;2;146;146;146;48;2;189;189;189m~[38;2;254;254;254;48;2;247;247;247m:[48;2;250;250;250m [38;2;252;252;252;48;2;251;251;251m:[48;2;252;252;252m             [48;2;251;251;251m:[38;2;249;249;249;48;2;250;250;250m=[38;2;254;254;254;48;2;245;245;245m`[38;2;90;90;90;48;2;160;160;160m`[38;2;71;71;71;48;2;35;35;35mL[48;2;0;0;0m                                                [0m
[7m[38;2;0;0;0m [0m[38;2;0;0;0;48;2;0;0;0m                                               [38;2;1;1;1m`[38;2;58;58;58;48;2;45;45;45mu[38;2;146;146;146;48;2;179;179;179mF[38;2;254;254;254;48;2;246;246;246m:[48;2;250;250;250m [38;2;252;252;252;48;2;251;251;251m:[48;2;252;252;252m             [48;2;251;251;251m :[38;2;243;243;243;48;2;231;231;231m`[38;2;74;74;74;48;2;114;114;114m4[38;2;42;42;42;48;2;12;12;12m~[48;2;0;0;0m                                                [0m
[7m[38;2;0;0;0m [0m[38;2;0;0;0;48;2;0;0;0m                                               [38;2;1;1;1m=[38;2;56;56;56;48;2;34;34;34mJ[38;2;78;78;78;48;2;159;159;159m_[38;2;229;229;229;48;2;241;241;241m,[38;2;250;250;250;48;2;251;251;251m= [48;2;252;252;252m             [48;2;251;251;251m [38;2;254;254;254;48;2;250;250;250m:[38;2;172;172;172;48;2;224;224;224m_[38;2;115;115;115;48;2;72;72;72mF[38;2;15;15;15;48;2;4;4;4m~[48;2;0;0;0m                                                [0m
[7m[38;2;0;0;0m [0m[38;2;0;0;0;48;2;0;0;0m                                                [38;2;44;44;44;48;2;20;20;20m_[38;2;80;80;80;48;2;130;130;130mF[38;2;226;226;226;48;2;238;238;238m~[38;2;250;250;250;48;2;251;251;251my[38;2;252;252;252m.[48;2;252;252;252m            [48;2;251;251;251m:[38;2;250;250;250my[38;2;254;254;254;48;2;244;244;244m:[38;2;111;111;111;48;2;150;150;150m4[38;2;74;74;74;48;2;32;32;32m,[38;2;1;1;1;48;2;0;0;0m*                                                [0m
[7m[38;2;0;0;0m [0m[38;2;0;0;0;48;2;0;0;0m                                              [38;2;1;1;1m_[38;2;31;31;31;48;2;11;11;11m_[38;2;59;59;59;48;2;106;106;106mT[38;2;199;199;199;48;2;228;228;228m"[38;2;254;254;254;48;2;250;250;250m`[48;2;251;251;251m [38;2;252;252;252m:[48;2;252;252;252m            [48;2;251;251;251m:v[38;2;254;254;254;48;2;250;250;250m`[38;2;202;202;202;48;2;229;229;229m"[38;2;140;140;140;48;2;89;89;89mL[38;2;49;49;49;48;2;12;12;12m,[38;2;1;1;1;48;2;0;0;0m_                                               [0m
[7m[38;2;0;0;0m [0m[38;2;0;0;0;48;2;0;0;0m                                              [48;2;5;5;5m`[38;2;96;96;96;48;2;68;68;68my[38;2;164;164;164;48;2;214;214;214m~[38;2;254;254;254;48;2;249;249;249m`[38;2;250;250;250;48;2;251;251;251mT[38;2;252;252;252m:[48;2;252;252;252m              [48;2;251;251;251m:[38;2;249;249;249m^[38;2;253;253;253;48;2;249;249;249m:[38;2;178;178;178;48;2;214;214;214m~[38;2;116;116;116;48;2;68;68;68mL[38;2;24;24;24;48;2;4;4;4m,[48;2;0;0;0m                                               [0m
[7m[38;2;0;0;0m [0m[38;2;0;0;0;48;2;0;0;0m                                             [38;2;1;1;1m=[38;2;58;58;58;48;2;41;41;41my[38;2;117;117;117;48;2;169;169;169m~[38;2;254;254;254;48;2;246;246;246m:[48;2;250;250;250m [38;2;252;252;252;48;2;251;251;251m:[48;2;252;252;252m                [48;2;251;251;251m:[48;2;250;250;250m [38;2;253;253;253;48;2;246;246;246m:[38;2;138;138;138;48;2;170;170;170m~[38;2;74;74;74;48;2;41;41;41mL[48;2;0;0;0m                                               [0m
[7m[38;2;0;0;0m [0m[38;2;0;0;0;48;2;0;0;0m                                            [38;2;1;1;1m,[38;2;30;30;30;48;2;10;10;10m_[38;2;63;63;63;48;2;111;111;111mF[38;2;216;216;216;48;2;236;236;236m~[38;2;254;254;254;48;2;251;251;251m` [48;2;252;252;252m                  [48;2;251;251;251m `[38;2;249;249;249;48;2;234;234;234m:[38;2;142;142;142;48;2;94;94;94mL[38;2;47;47;47;48;2;12;12;12m,[38;2;1;1;1;48;2;0;0;0m,                                             [0m
[7m[38;2;0;0;0m [0m[38;2;0;0;0;48;2;0;0;0m                                            [48;2;2;2;2m:[38;2;86;86;86;48;2;61;61;61my[38;2;150;150;150;48;2;204;204;204m~[38;2;254;254;254;48;2;249;249;249m'[38;2;252;252;252;48;2;251;251;251m_:[48;2;252;252;252m                  [48;2;251;251;251m:[38;2;250;250;250m^[38;2;253;253;253;48;2;249;249;249m:[38;2;165;165;165;48;2;202;202;202m~[38;2;104;104;104;48;2;60;60;60mL[38;2;9;9;9;48;2;2;2;2m,[48;2;0;0;0m                                             [0m
[7m[38;2;0;0;0m [0m[38;2;0;0;0;48;2;0;0;0m                                           [38;2;1;1;1m:[38;2;45;45;45;48;2;32;32;32my[38;2;117;117;117;48;2;150;150;150mF[38;2;254;254;254;48;2;244;244;244m:[38;2;249;249;249;48;2;250;250;250mg[38;2;252;252;252;48;2;251;251;251m:[48;2;252;252;252m                    [48;2;251;251;251m:[38;2;249;249;249;48;2;250;250;250mg[38;2;253;253;253;48;2;244;244;244m:[38;2;105;105;105;48;2;149;149;149m`[38;2;61;61;61;48;2;33;33;33mL[48;2;0;0;0m                                             [0m
[7m[38;2;0;0;0m [0m[38;2;0;0;0;48;2;0;0;0m                                            [38;2;42;42;42;48;2;27;27;27m"[38;2;32;32;32;48;2;130;130;130m_[38;2;139;139;139;48;2;228;228;228m_[38;2;252;252;252;48;2;249;249;249m:[38;2;253;253;253;48;2;252;252;252m,        [48;2;249;249;249m:[38;2;120;120;120;48;2;233;233;233m_[38;2;119;119;119m_[38;2;251;251;251;48;2;249;249;249m'[48;2;252;252;252m       _[38;2;252;252;252;48;2;251;251;251m_[48;2;249;249;249m:[38;2;131;131;131;48;2;228;228;228m_[38;2;29;29;29;48;2;129;129;129m_[38;2;59;59;59;48;2;24;24;24m~[48;2;0;0;0m                                             [0m
[?25h