[?25l[0m[7m[38;2;252;252;252m [0m[38;2;0;0;0;48;2;252;252;252m                                                                                                                       [0m
[7m[38;2;252;252;252m [0m[38;2;0;0;0;48;2;252;252;252m                                                                                                                       [0m
[7m[38;2;252;252;252m [0m[38;2;0;0;0;48;2;252;252;252m                                                                                                                       [0m
[7m[38;2;252;252;252m [0m[38;2;0;0;0;48;2;252;252;252m                                                                                                                       [0m
[7m[38;2;252;252;252m [0m[38;2;0;0;0;48;2;252;252;252m                                                                                                                       [0m
[7m[38;2;252;252;252m [0m[38;2;0;0;0;48;2;252;252;252m                                                                                                                       [0m
[7m[38;2;252;252;252m [0m[38;2;0;0;0;48;2;252;252;252m                                                                                                                       [0m
[7m[38;2;252;252;252m [0m[38;2;0;0;0;48;2;252;252;252m                                                                                                                       [0m
[7m[38;2;252;252;252m [0m[38;2;0;0;0;48;2;252;252;252m                                                                                                                       [0m
[7m[38;2;252;252;252m [0m[38;2;0;0;0;48;2;252;252;252m                                                                                                                       [0m
[7m[38;2;252;252;252m [0m[38;2;0;0;0;48;2;252;252;252m                                                                                                                       [0m
[7m[38;2;252;252;252m [0m[38;2;0;0;0;48;2;252;252;252m                                                                                                                       [0m
[7m[38;2;252;252;252m [0m[38;2;0;0;0;48;2;252;252;252m                                                                                                                       [0m
[7m[38;2;252;252;252m [0m[38;2;0;0;0;48;2;252;252;252m                                                                                                                       [0m
[7m[38;2;252;252;252m [0m[38;2;0;0;0;48;2;252;252;252m                                                                                                                       [0m
[7m[38;2;252;252;252m [0m[38;2;0;0;0;48;2;252;252;252m                                                                                                                       [0m
[7m[38;2;252;252;252m [0m[38;2;0;0;0;48;2;252;252;252m                                                                                                                       [0m
[7m[38;2;252;252;252m [0m[38;2;0;0;0;48;2;252;252;252m                                                                                                                       [0m
[7m[38;2;252;252;252m [0m[38;2;0;0;0;48;2;252;252;252m                                                                                                                       [0m
[7m[38;2;252;252;252m [0m[38;2;0;0;0;48;2;252;252;252m                                                                                                                       [0m
[7m[38;2;252;252;252m [0m[38;2;0;0;0;48;2;252;252;252m                                                          [38;2;252;252;252;48;2;251;251;251m:  [48;2;252;252;252m [48;2;251;251;251m:...[48;2;252;252;252m                                                     [0m
[7m[38;2;252;252;252m [0m[38;2;0;0;0;48;2;252;252;252m                                                        [38;2;252;252;252;48;2;251;251;251m`[48;2;249;249;249m [38;2;164;164;164;48;2;232;232;232m_[38;2;82;82;82;48;2;213;213;213m_[38;2;134;134;134;48;2;224;224;224m_[38;2;232;232;232;48;2;246;246;246m,[38;2;229;229;229;48;2;247;247;247m_[38;2;203;203;203;48;2;235;235;235m_[38;2;174;174;174;48;2;218;218;218m_[38;2;173;173;173;48;2;220;220;220m_[38;2;212;212;212;48;2;238;238;238m_[38;2;245;245;245;48;2;249;249;249m,[38;2;250;250;250;48;2;251;251;251m_[38;2;252;252;252m:[48;2;252;252;252m                                                 [0m
[7m[38;2;252;252;252m [0m[38;2;0;0;0;48;2;252;252;252m                                                    [38;2;252;252;252;48;2;251;251;251m:[38;2;250;250;250m_s[38;2;253;253;253;48;2;247;247;247m:[38;2;142;142;142;48;2;218;218;218m_[38;2;65;65;65;48;2;159;159;159my[38;2;119;119;119;48;2;39;39;39m~[38;2;46;46;46;48;2;11;11;11m~[38;2;79;79;79;48;2;30;30;30m~[38;2;173;173;173;48;2;109;109;109m~[38;2;206;206;206;48;2;172;172;172m~[38;2;186;186;186;48;2;165;165;165m~[38;2;165;165;165;48;2;156;156;156m~[38;2;163;163;163;48;2;159;159;159m`[38;2;198;198;198;48;2;178;178;178m~[38;2;187;187;187;48;2;214;214;214my[38;2;215;215;215;48;2;235;235;235m_[38;2;245;245;245;48;2;249;249;249m,[48;2;251;251;251m [48;2;252;252;252m                               [38;2;253;253;253m^                [0m
[7m[38;2;252;252;252m [0m[38;2;0;0;0;48;2;252;252;252m                                                  [48;2;251;251;251m [38;2;253;253;253m.[38;2;224;224;224;48;2;248;248;248m_[38;2;135;135;135;48;2;224;224;224m_[38;2;32;32;32;48;2;189;189;189m_[38;2;54;54;54;48;2;142;142;142my[38;2;101;101;101;48;2;41;41;41m"[38;2;20;20;20;48;2;4;4;4m~[38;2;2;2;2;48;2;0;0;0m~ [38;2;0;0;0;48;2;1;1;1m:[38;2;51;51;51;48;2;17;17;17m"[38;2;137;137;137;48;2;57;57;57m~[38;2;8;8;8;48;2;111;111;111m_[38;2;68;68;68;48;2;137;137;137m_[38;2;141;141;141;48;2;152;152;152m,[38;2;158;158;158;48;2;156;156;156my[48;2;164;164;164m:[38;2;204;204;204;48;2;209;209;209m[[38;2;241;241;241;48;2;245;245;245mL[48;2;251;251;251m [48;2;252;252;252m                                                [0m
[7m[38;2;252;252;252m [0m[38;2;0;0;0;48;2;252;252;252m                                                [38;2;252;252;252;48;2;251;251;251m:[38;2;250;250;250m+[38;2;253;253;253;48;2;245;245;245m:[38;2;146;146;146;48;2;204;204;204my[38;2;170;170;170;48;2;76;76;76m~[38;2;89;89;89;48;2;20;20;20m~[38;2;22;22;22;48;2;2;2;2m~[38;2;1;1;1;48;2;0;0;0m'       [38;2;0;0;0;48;2;1;1;1m:[38;2;39;39;39;48;2;9;9;9m"[38;2;89;89;89;48;2;33;33;33m~[38;2;33;33;33;48;2;106;106;106m_[38;2;125;125;125;48;2;157;157;157m_[38;2;186;186;186;48;2;204;204;204m_[38;2;230;230;230;48;2;240;240;240m_[38;2;251;251;251;48;2;250;250;250m`[48;2;252;252;252m                                                [0m
[7m[38;2;252;252;252m [0m[38;2;0;0;0;48;2;252;252;252m                                                [38;2;252;252;252;48;2;251;251;251m`[38;2;254;254;254m:[38;2;217;217;217;48;2;225;225;225mu[38;2;91;91;91;48;2;60;60;60mF[38;2;0;0;0;48;2;4;4;4m:[38;2;1;1;1;48;2;0;0;0m"           "[38;2;0;0;0;48;2;14;14;14m:[38;2;77;77;77;48;2;93;93;93m%[38;2;173;173;173;48;2;184;184;184mF[38;2;224;224;224;48;2;230;230;230mF[38;2;248;248;248;48;2;249;249;249mF[48;2;252;252;252m                                                [0m
[7m[38;2;252;252;252m [0m[38;2;0;0;0;48;2;252;252;252m                                                [38;2;252;252;252;48;2;251;251;251m:[38;2;250;250;250m.[38;2;252;252;252;48;2;233;233;233m:[38;2;197;197;197;48;2;102;102;102m_[38;2;53;53;53;48;2;18;18;18m,[38;2;0;0;0;48;2;1;1;1m`[48;2;0;0;0m          [38;2;1;1;1m_ [38;2;0;0;0;48;2;29;29;29m`[38;2;188;188;188;48;2;123;123;123m_[38;2;190;190;190;48;2;218;218;218m~[38;2;235;235;235;48;2;244;244;244m~[38;2;250;250;250;48;2;251;251;251m~[48;2;252;252;252m                                                [0m
[7m[38;2;252;252;252m [0m[38;2;0;0;0;48;2;252;252;252m                                                 [38;2;252;252;252;48;2;251;251;251m: [38;2;251;251;251;48;2;239;239;239m:[38;2;32;32;32;48;2;178;178;178m`[38;2;205;205;205;48;2;79;79;79m_[38;2;120;120;120;48;2;24;24;24m_[38;2;50;50;50;48;2;4;4;4m_[48;2;0;0;0m [38;2;1;1;1m_  _ [38;2;0;0;0;48;2;1;1;1m:[38;2;64;64;64;48;2;5;5;5m_[38;2;126;126;126;48;2;29;29;29m_[38;2;173;173;173;48;2;82;82;82my[38;2;100;100;100;48;2;199;199;199m~[38;2;208;208;208;48;2;240;240;240m~[38;2;247;247;247;48;2;251;251;251m~[48;2;252;252;252m                                                  [0m
[7m[38;2;252;252;252m [0m[38;2;0;0;0;48;2;252;252;252m                                                  [38;2;252;252;252;48;2;251;251;251m: .[38;2;225;225;225;48;2;247;247;247m`[38;2;179;179;179;48;2;237;237;237m`[38;2;108;108;108;48;2;198;198;198m~[38;2;21;21;21;48;2;151;151;151m~[38;2;219;219;219;48;2;82;82;82m_[38;2;207;207;207;48;2;51;51;51m_[38;2;200;200;200;48;2;43;43;43m_[38;2;211;211;211;48;2;63;63;63m_[38;2;181;181;181;48;2;88;88;88my[38;2;30;30;30;48;2;168;168;168m~[38;2;120;120;120;48;2;209;209;209m~[38;2;200;200;200;48;2;241;241;241m~[38;2;234;234;234;48;2;248;248;248m`[38;2;250;250;250;48;2;251;251;251m' [48;2;252;252;252m                                                   [0m
[7m[38;2;252;252;252m [0m[38;2;0;0;0;48;2;252;252;252m                                                      [38;2;252;252;252;48;2;251;251;251m.  [38;2;250;250;250m=[38;2;245;245;245m`[38;2;237;237;237;48;2;250;250;250m`[38;2;247;247;247;48;2;251;251;251m`[38;2;250;250;250m=[38;2;252;252;252m~[38;2;250;250;250m~ [48;2;252;252;252m                                                      [0m
[7m[38;2;252;252;252m [0m[38;2;0;0;0;48;2;252;252;252m                                                                                                                       [0m
[7m[38;2;252;252;252m [0m[38;2;0;0;0;48;2;252;252;252m                                                                                                                       [0m
[7m[38;2;252;252;252m [0m[38;2;0;0;0;48;2;252;252;252m                                                                                                                       [0m
[7m[38;2;252;252;252m [0m[38;2;0;0;0;48;2;252;252;252m                                                                                                                       [0m
[7m[38;2;252;252;252m [0m[38;2;0;0;0;48;2;252;252;252m                                                                                                                       [0m
[7m[38;2;252;252;252m [0m[38;2;0;0;0;48;2;252;252;252m                       [38;2;252;252;252;48;2;251;251;251m:[48;2;252;252;252m                                                                                               [0m
[?25h