[?25l[0m[7m[38;2;252;252;252m [0m[38;2;0;0;0;48;2;252;252;252m                                                                                                                       [0m
[7m[38;2;252;252;252m [0m[38;2;0;0;0;48;2;252;252;252m                                                                                                                       [0m
[7m[38;2;252;252;252m [0m[38;2;0;0;0;48;2;252;252;252m                                                                                                                       [0m
[7m[38;2;252;252;252m [0m[38;2;0;0;0;48;2;252;252;252m                                                                                                                       [0m
[7m[38;2;252;252;252m [0m[38;2;0;0;0;48;2;252;252;252m                                                                                                                       [0m
[7m[38;2;252;252;252m [0m[38;2;0;0;0;48;2;252;252;252m                                                                                                                       [0m
[7m[38;2;252;252;252m [0m[38;2;0;0;0;48;2;252;252;252m                                                                                                                       [0m
[7m[38;2;252;252;252m [0m[38;2;0;0;0;48;2;252;252;252m                                                                                                                       [0m
[7m[38;2;252;252;252m [0m[38;2;0;0;0;48;2;252;252;252m                                                                                                                       [0m
[7m[38;2;252;252;252m [0m[38;2;0;0;0;48;2;252;252;252m                                                                                                                       [0m
[7m[38;2;252;252;252m [0m[38;2;0;0;0;48;2;252;252;252m                                                                                                                       [0m
[7m[38;2;252;252;252m [0m[38;2;0;0;0;48;2;252;252;252m                                                                                                                       [0m
[7m[38;2;252;252;252m [0m[38;2;0;0;0;48;2;252;252;252m                                                                                                                       [0m
[7m[38;2;252;252;252m [0m[38;2;0;0;0;48;2;252;252;252m                                                                                                                       [0m
[7m[38;2;252;252;252m [0m[38;2;0;0;0;48;2;252;252;252m                                                                                                                       [0m
[7m[38;2;252;252;252m [0m[38;2;0;0;0;48;2;252;252;252m                                                                                                                       [0m
[7m[38;2;252;252;252m [0m[38;2;0;0;0;48;2;252;252;252m                                                                                                                       [0m
[7m[38;2;252;252;252m [0m[38;2;0;0;0;48;2;252;252;252m                                                                                                                       [0m
[7m[38;2;252;252;252m [0m[38;2;0;0;0;48;2;252;252;252m                                                                                                                       [0m
[7m[38;2;252;252;252m [0m[38;2;0;0;0;48;2;252;252;252m                                                                                                                       [0m
[7m[38;2;252;252;252m [0m[38;2;0;0;0;48;2;252;252;252m                                                                                                                       [0m
[7m[38;2;252;252;252m [0m[38;2;0;0;0;48;2;252;252;252m                                                                                                                       [0m
[7m[38;2;252;252;252m [0m[38;2;0;0;0;48;2;252;252;252m                                                                                                                       [0m
[7m[38;2;252;252;252m [0m[38;2;0;0;0;48;2;252;252;252m                                                                                                                       [0m
[7m[38;2;252;252;252m [0m[38;2;0;0;0;48;2;252;252;252m                                                                                                                       [0m
[7m[38;2;252;252;252m [0m[38;2;0;0;0;48;2;252;252;252m                                                                                                                       [0m
[7m[38;2;252;252;252m [0m[38;2;0;0;0;48;2;252;252;252m                                                                                                                       [0m
[7m[38;2;252;252;252m [0m[38;2;0;0;0;48;2;252;252;252m                                                                                                                       [0m
[7m[38;2;252;252;252m [0m[38;2;0;0;0;48;2;252;252;252m                                                                                                           [38;2;252;252;252;48;2;251;251;251m::  [38;2;250;250;250ma** [48;2;252;252;252m [38;2;252;252;252;48;2;251;251;251m...[0m
[7m[38;2;252;252;252m [0m[38;2;0;0;0;48;2;252;252;252m                                                                                                         [48;2;251;251;251m [38;2;253;253;253m_[38;2;228;228;228;48;2;246;246;246m_[38;2;128;128;128;48;2;218;218;218m_[38;2;15;15;15;48;2;165;165;165m_[38;2;238;238;238;48;2;110;110;110m~[48;2;108;108;108m~[48;2;106;106;106m~[38;2;0;0;0;48;2;153;153;153m_[38;2;4;4;4;48;2;182;182;182m_[38;2;30;30;30;48;2;202;202;202m_[38;2;70;70;70;48;2;215;215;215m_[38;2;116;116;116;48;2;225;225;225m_[38;2;149;149;149;48;2;231;231;231m_[0m
[7m[38;2;252;252;252m [0m[38;2;0;0;0;48;2;252;252;252m                                                                                                       [38;2;253;253;253m. [48;2;251;251;251m [48;2;252;252;252m`[38;2;230;230;230;48;2;242;242;242m"[38;2;132;132;132;48;2;191;191;191m"[38;2;38;38;38;48;2;171;171;171m~[38;2;69;69;69;48;2;185;185;185m~[38;2;56;56;56;48;2;171;171;171m~[38;2;9;9;9;48;2;140;140;140m~[38;2;219;219;219;48;2;87;87;87m_[38;2;203;203;203;48;2;58;58;58m_[38;2;126;126;126;48;2;25;25;25m_[38;2;42;42;42;48;2;11;11;11m~[38;2;75;75;75;48;2;14;14;14m~[38;2;102;102;102;48;2;25;25;25m~[0m
[7m[38;2;252;252;252m [0m[38;2;0;0;0;48;2;252;252;252m                                                                                                              [38;2;253;253;253m` [48;2;251;251;251m [38;2;248;248;248;48;2;250;250;250m=[38;2;238;238;238;48;2;248;248;248m`[38;2;158;158;158;48;2;209;209;209m`[38;2;200;200;200;48;2;105;105;105m_[38;2;102;102;102;48;2;24;24;24m_[38;2;20;20;20;48;2;2;2;2m_[0m
[7m[38;2;252;252;252m [0m[38;2;0;0;0;48;2;252;252;252m                                                                                                                  [38;2;252;252;252;48;2;251;251;251m. [38;2;220;220;220;48;2;246;246;246m`[38;2;169;169;169;48;2;221;221;221m~[38;2;78;78;78;48;2;158;158;158m~[0m
[7m[38;2;252;252;252m [0m[38;2;0;0;0;48;2;252;252;252m                                                                                                                     [38;2;252;252;252;48;2;251;251;251m:[38;2;245;245;245m`[0m
[7m[38;2;252;252;252m [0m[38;2;0;0;0;48;2;252;252;252m                                                                                                                       [0m
[7m[38;2;252;252;252m [0m[38;2;0;0;0;48;2;252;252;252m                                                                                                                       [0m
[?25h