[?25l[0m[7m[38;2;252;252;252m [0m[38;2;0;0;0;48;2;252;252;252m                                                                                                                       [0m
[7m[38;2;252;252;252m [0m[38;2;0;0;0;48;2;252;252;252m                                                                                                                       [0m
[7m[38;2;252;252;252m [0m[38;2;0;0;0;48;2;252;252;252m                                                                                                                       [0m
[7m[38;2;252;252;252m [0m[38;2;0;0;0;48;2;252;252;252m                                                                                                                       [0m
[7m[38;2;252;252;252m [0m[38;2;0;0;0;48;2;252;252;252m                                                                                                                       [0m
[7m[38;2;252;252;252m [0m[38;2;0;0;0;48;2;252;252;252m                                                                                                                       [0m
[7m[38;2;252;252;252m [0m[38;2;0;0;0;48;2;252;252;252m                                                                                                                       [0m
[7m[38;2;252;252;252m [0m[38;2;0;0;0;48;2;252;252;252m                                                                                                                       [0m
[7m[38;2;252;252;252m [0m[38;2;0;0;0;48;2;252;252;252m                                                                                                                       [0m
[7m[38;2;252;252;252m [0m[38;2;0;0;0;48;2;252;252;252m                                                                                                                       [0m
[7m[38;2;252;252;252m [0m[38;2;0;0;0;48;2;252;252;252m                                                                                                                       [0m
[7m[38;2;252;252;252m [0m[38;2;0;0;0;48;2;252;252;252m                                                                                                                       [0m
[7m[38;2;252;252;252m [0m[38;2;0;0;0;48;2;252;252;252m                                                                                                                       [0m
[7m[38;2;252;252;252m [0m[38;2;0;0;0;48;2;252;252;252m                                                                                                                       [0m
[7m[38;2;252;252;252m [0m[38;2;0;0;0;48;2;252;252;252m                                                                                                                       [0m
[7m[38;2;252;252;252m [0m[38;2;0;0;0;48;2;252;252;252m                                                                                                                       [0m
[7m[38;2;252;252;252m [0m[38;2;0;0;0;48;2;252;252;252m                                                                                                                       [0m
[7m[38;2;252;252;252m [0m[38;2;0;0;0;48;2;252;252;252m                                                                                                                       [0m
[7m[38;2;252;252;252m [0m[38;2;0;0;0;48;2;252;252;252m                                                                                                                       [0m
[7m[38;2;252;252;252m [0m[38;2;0;0;0;48;2;252;252;252m                                                                                                                       [0m
[7m[38;2;252;252;252m [0m[38;2;0;0;0;48;2;252;252;252m                                                       [48;2;251;251;251m  [38;2;243;243;243m_[38;2;224;224;224;48;2;248;248;248m_[38;2;244;244;244;48;2;250;250;250m,[38;2;246;246;246;48;2;251;251;251m_[38;2;234;234;234;48;2;250;250;250m_[38;2;244;244;244;48;2;251;251;251m_[48;2;252;252;252m [38;2;252;252;252;48;2;251;251;251m:[48;2;252;252;252m                                                      [0m
[7m[38;2;252;252;252m [0m[38;2;0;0;0;48;2;252;252;252m                                                     [38;2;252;252;252;48;2;251;251;251m`[38;2;254;254;254;48;2;250;250;250m.[38;2;206;206;206;48;2;240;240;240m_[38;2;56;56;56;48;2;181;181;181m_[38;2;211;211;211;48;2;77;77;77m~[38;2;187;187;187;48;2;50;50;50m~[38;2;207;207;207;48;2;63;63;63m~[38;2;212;212;212;48;2;67;67;67m~[38;2;198;198;198;48;2;57;57;57m~[38;2;210;210;210;48;2;95;95;95m~[38;2;175;175;175;48;2;213;213;213my[38;2;252;252;252;48;2;247;247;247m`[38;2;250;250;250;48;2;251;251;251my[38;2;252;252;252m:[48;2;252;252;252m                                                    [0m
[7m[38;2;252;252;252m [0m[38;2;0;0;0;48;2;252;252;252m                                                    [48;2;251;251;251m [38;2;252;252;252;48;2;249;249;249m.[38;2;179;179;179;48;2;231;231;231m_[38;2;77;77;77;48;2;119;119;119mg[38;2;44;44;44;48;2;16;16;16m~[38;2;3;3;3;48;2;1;1;1m~[48;2;0;0;0m  [38;2;2;2;2;48;2;1;1;1m^[38;2;0;0;0m_[38;2;55;55;55;48;2;37;37;37m4[38;2;168;168;168;48;2;181;181;181mF[38;2;240;240;240;48;2;245;245;245mL[48;2;250;250;250m [38;2;249;249;249;48;2;251;251;251m_[38;2;252;252;252m_[48;2;252;252;252m                                  [38;2;253;253;253m^                [0m
[7m[38;2;252;252;252m [0m[38;2;0;0;0;48;2;252;252;252m                                                   [38;2;252;252;252;48;2;251;251;251m:[48;2;250;250;250m [38;2;254;254;254;48;2;243;243;243m:[38;2;216;216;216;48;2;167;167;167mL[38;2;87;87;87;48;2;47;47;47m,[38;2;2;2;2;48;2;3;3;3m`[48;2;0;0;0m    [38;2;0;0;0;48;2;12;12;12m:[38;2;50;50;50;48;2;96;96;96mF[38;2;214;214;214;48;2;192;192;192m4[38;2;157;157;157;48;2;217;217;217m_[38;2;166;166;166;48;2;206;206;206my[38;2;159;159;159;48;2;202;202;202my[38;2;184;184;184;48;2;217;217;217my[38;2;224;224;224;48;2;240;240;240m_[38;2;248;248;248;48;2;250;250;250m,[48;2;251;251;251m [48;2;252;252;252m                                                [0m
[7m[38;2;252;252;252m [0m[38;2;0;0;0;48;2;252;252;252m                                                 [38;2;252;252;252;48;2;251;251;251m:`[38;2;251;251;251;48;2;244;244;244m`[38;2;119;119;119;48;2;212;212;212m_[38;2;59;59;59;48;2;156;156;156my[38;2;163;163;163;48;2;59;59;59m~[38;2;52;52;52;48;2;13;13;13m~[48;2;0;0;0m     [38;2;23;23;23;48;2;11;11;11m"[38;2;33;33;33;48;2;76;76;76my[38;2;63;63;63;48;2;119;119;119m_[38;2;110;110;110;48;2;131;131;131m_[38;2;136;136;136;48;2;132;132;132m~[38;2;138;138;138;48;2;135;135;135m"[38;2;165;165;165;48;2;152;152;152m"[38;2;196;196;196;48;2;210;210;210mL[38;2;243;243;243;48;2;246;246;246mr[38;2;251;251;251;48;2;250;250;250m~[38;2;252;252;252;48;2;251;251;251m:[48;2;252;252;252m                                               [0m
[7m[38;2;252;252;252m [0m[38;2;0;0;0;48;2;252;252;252m                                                [38;2;252;252;252;48;2;251;251;251m:[38;2;250;250;250m$[38;2;254;254;254;48;2;240;240;240m:[38;2;96;96;96;48;2;158;158;158my[38;2;61;61;61;48;2;26;26;26m~[38;2;0;0;0;48;2;1;1;1m`[38;2;2;2;2;48;2;0;0;0m~        [38;2;0;0;0;48;2;8;8;8m:[38;2;85;85;85;48;2;36;36;36m~[38;2;38;38;38;48;2;100;100;100m_[38;2;125;125;125;48;2;133;133;133m,[38;2;181;181;181;48;2;160;160;160my[38;2;201;201;201;48;2;227;227;227m~[38;2;243;243;243;48;2;248;248;248m~[48;2;250;250;250m [38;2;252;252;252;48;2;251;251;251m.[48;2;252;252;252m                                               [0m
[7m[38;2;252;252;252m [0m[38;2;0;0;0;48;2;252;252;252m                                                [38;2;252;252;252;48;2;251;251;251m:[38;2;250;250;250mi[38;2;253;253;253;48;2;236;236;236m:[38;2;167;167;167;48;2;104;104;104m_[38;2;38;38;38;48;2;16;16;16m,[38;2;1;1;1;48;2;0;0;0mi           [38;2;0;0;0;48;2;17;17;17m:[38;2;109;109;109;48;2;89;89;89m~[38;2;170;170;170;48;2;188;188;188mL[38;2;227;227;227;48;2;239;239;239m_[38;2;248;248;248;48;2;250;250;250m, [38;2;252;252;252;48;2;251;251;251m:[48;2;252;252;252m                                               [0m
[7m[38;2;252;252;252m [0m[38;2;0;0;0;48;2;252;252;252m                                                [38;2;252;252;252;48;2;251;251;251m:[38;2;250;250;250m`[38;2;253;253;253;48;2;249;249;249m'[38;2;196;196;196;48;2;231;231;231m"[38;2;73;73;73;48;2;155;155;155m~[38;2;136;136;136;48;2;45;45;45m_[38;2;31;31;31;48;2;8;8;8m,[38;2;4;4;4;48;2;0;0;0m,        [38;2;0;0;0;48;2;6;6;6m:[38;2;85;85;85;48;2;36;36;36m_[38;2;77;77;77;48;2;113;113;113m~[38;2;185;185;185;48;2;165;165;165m_[38;2;217;217;217;48;2;228;228;228mF[38;2;247;247;247;48;2;248;248;248mF[48;2;250;250;250m [38;2;252;252;252;48;2;251;251;251m:[48;2;252;252;252m                                               [0m
[7m[38;2;252;252;252m [0m[38;2;0;0;0;48;2;252;252;252m                                                  [38;2;252;252;252;48;2;251;251;251m: [38;2;254;254;254;48;2;250;250;250m'[38;2;182;182;182;48;2;236;236;236m`[38;2;82;82;82;48;2;184;184;184m~[38;2;212;212;212;48;2;80;80;80m_[38;2;144;144;144;48;2;28;28;28m_[38;2;63;63;63;48;2;9;9;9m_[38;2;58;58;58;48;2;7;7;7m_[38;2;62;62;62;48;2;8;8;8m_[38;2;84;84;84;48;2;11;11;11m_[38;2;111;111;111;48;2;17;17;17m_[38;2;137;137;137;48;2;32;32;32m_[38;2;154;154;154;48;2;61;61;61m_[38;2;147;147;147;48;2;98;98;98my[38;2;206;206;206;48;2;146;146;146m_[38;2;216;216;216;48;2;179;179;179my[38;2;200;200;200;48;2;230;230;230m~[38;2;242;242;242;48;2;249;249;249m~[38;2;251;251;251;48;2;250;250;250my[38;2;250;250;250;48;2;251;251;251m^[38;2;252;252;252m:[48;2;252;252;252m                                               [0m
[7m[38;2;252;252;252m [0m[38;2;0;0;0;48;2;252;252;252m                                                    [38;2;252;252;252;48;2;251;251;251m: [38;2;254;254;254;48;2;252;252;252m`[38;2;246;246;246;48;2;249;249;249m`[38;2;187;187;187;48;2;234;234;234m"[38;2;126;126;126;48;2;220;220;220m~[38;2;111;111;111;48;2;212;212;212m~[38;2;110;110;110;48;2;205;205;205m~[38;2;126;126;126;48;2;209;209;209m~[38;2;150;150;150;48;2;215;215;215m~[38;2;173;173;173;48;2;222;222;222m~[38;2;186;186;186;48;2;230;230;230m~[38;2;201;201;201;48;2;238;238;238m~[38;2;227;227;227;48;2;243;243;243m"[38;2;245;245;245;48;2;249;249;249m~[38;2;252;252;252;48;2;251;251;251m.[48;2;252;252;252m                                                   [0m
[7m[38;2;252;252;252m [0m[38;2;0;0;0;48;2;252;252;252m                                                        [38;2;252;252;252;48;2;251;251;251m.::[38;2;250;250;250m``[38;2;252;252;252m.[48;2;252;252;252m                                                         [0m
[7m[38;2;252;252;252m [0m[38;2;0;0;0;48;2;252;252;252m                                                                                                                       [0m
[7m[38;2;252;252;252m [0m[38;2;0;0;0;48;2;252;252;252m                                                                                                                       [0m
[7m[38;2;252;252;252m [0m[38;2;0;0;0;48;2;252;252;252m                                                                                                                       [0m
[7m[38;2;252;252;252m [0m[38;2;0;0;0;48;2;252;252;252m                                                                                                                       [0m
[7m[38;2;252;252;252m [0m[38;2;0;0;0;48;2;252;252;252m                       [38;2;252;252;252;48;2;251;251;251m:[48;2;252;252;252m                                                                                               [0m
[?25h