[?25l[0m[7m[38;2;0;0;0m [0m[38;2;0;0;0;48;2;0;0;0m                                                         [48;2;2;2;2m:[38;2;84;84;84;48;2;60;60;60m4[38;2;214;214;214;48;2;225;225;225mL[38;2;253;253;253;48;2;251;251;251m: [48;2;252;252;252m                                                         [0m
[7m[38;2;0;0;0m [0m[38;2;0;0;0;48;2;0;0;0m                                                         [48;2;1;1;1m:[38;2;84;84;84;48;2;60;60;60m4[38;2;214;214;214;48;2;225;225;225mL[38;2;253;253;253;48;2;251;251;251m: [48;2;252;252;252m                                                         [0m
[7m[38;2;0;0;0m [0m[38;2;0;0;0;48;2;0;0;0m                                                         [48;2;1;1;1m:[38;2;84;84;84;48;2;60;60;60m4[38;2;214;214;214;48;2;225;225;225mL[38;2;253;253;253;48;2;251;251;251m: [48;2;252;252;252m                                                         [0m
[7m[38;2;0;0;0m [0m[38;2;0;0;0;48;2;0;0;0m                                                         [48;2;1;1;1m:[38;2;84;84;84;48;2;60;60;60m4[38;2;214;214;214;48;2;225;225;225mL[38;2;253;253;253;48;2;251;251;251m: [48;2;252;252;252m                                                         [0m
[7m[38;2;0;0;0m [0m[38;2;0;0;0;48;2;0;0;0m                                                         [48;2;1;1;1m:[38;2;84;84;84;48;2;60;60;60m4[38;2;214;214;214;48;2;225;225;225mL[38;2;253;253;253;48;2;251;251;251m: [48;2;252;252;252m                                                         [0m
[7m[38;2;0;0;0m [0m[38;2;0;0;0;48;2;0;0;0m                                                         [48;2;1;1;1m:[38;2;84;84;84;48;2;60;60;60m4[38;2;214;214;214;48;2;225;225;225mL[38;2;253;253;253;48;2;251;251;251m: [48;2;252;252;252m                                                         [0m
[7m[38;2;0;0;0m [0m[38;2;0;0;0;48;2;0;0;0m                                                         [48;2;1;1;1m:[38;2;84;84;84;48;2;60;60;60m4[38;2;214;214;214;48;2;225;225;225mL[38;2;253;253;253;48;2;251;251;251m: [48;2;252;252;252m                                                         [0m
[7m[38;2;0;0;0m [0m[38;2;0;0;0;48;2;0;0;0m                                                         [48;2;1;1;1m:[38;2;84;84;84;48;2;60;60;60m4[38;2;214;214;214;48;2;225;225;225mL[38;2;253;253;253;48;2;251;251;251m: [48;2;252;252;252m                                                         [0m
[7m[38;2;0;0;0m [0m[38;2;0;0;0;48;2;0;0;0m                                                         [48;2;1;1;1m:[38;2;84;84;84;48;2;60;60;60m4[38;2;214;214;214;48;2;225;225;225mL[38;2;253;253;253;48;2;251;251;251m: [48;2;252;252;252m                                                         [0m
[7m[38;2;0;0;0m [0m[38;2;0;0;0;48;2;0;0;0m                                                         [48;2;1;1;1m:[38;2;84;84;84;48;2;60;60;60m4[38;2;214;214;214;48;2;225;225;225mL[38;2;253;253;253;48;2;251;251;251m: [48;2;252;252;252m                                                         [0m
[7m[38;2;0;0;0m [0m[38;2;0;0;0;48;2;0;0;0m                                                         [48;2;1;1;1m:[38;2;84;84;84;48;2;60;60;60m4[38;2;214;214;214;48;2;225;225;225mL[38;2;253;253;253;48;2;251;251;251m: [48;2;252;252;252m                                                         [0m
[7m[38;2;0;0;0m [0m[38;2;0;0;0;48;2;0;0;0m                                                         [48;2;1;1;1m:[38;2;84;84;84;48;2;60;60;60m4[38;2;214;214;214;48;2;225;225;225mL[38;2;253;253;253;48;2;251;251;251m: [48;2;252;252;252m                                                         [0m
[7m[38;2;0;0;0m [0m[38;2;0;0;0;48;2;0;0;0m                                                         [48;2;1;1;1m:[38;2;84;84;84;48;2;60;60;60m4[38;2;213;213;213;48;2;225;225;225mL[38;2;253;253;253;48;2;251;251;251m: [48;2;252;252;252m                                                         [0m
[7m[38;2;0;0;0m [0m[38;2;0;0;0;48;2;0;0;0m                                                         [48;2;1;1;1m:[38;2;84;84;84;48;2;60;60;60m4[38;2;214;214;214;48;2;225;225;225mL[38;2;250;250;250;48;2;251;251;251mL [48;2;252;252;252m                                                         [0m
[7m[38;2;0;0;0m [0m[38;2;0;0;0;48;2;0;0;0m                                                         [48;2;1;1;1m:[38;2;84;84;84;48;2;60;60;60m4[38;2;213;213;213;48;2;224;224;224mL[38;2;250;250;250;48;2;251;251;251mL [48;2;252;252;252m                                                         [0m
[7m[38;2;0;0;0m [0m[38;2;0;0;0;48;2;0;0;0m                                                         [48;2;1;1;1m:[38;2;84;84;84;48;2;60;60;60m4[38;2;213;213;213;48;2;224;224;224mL[38;2;250;250;250;48;2;251;251;251mL [48;2;252;252;252m                                                         [0m
[7m[38;2;0;0;0m [0m[38;2;0;0;0;48;2;0;0;0m                                                         [48;2;1;1;1m:[38;2;84;84;84;48;2;60;60;60m4[38;2;213;213;213;48;2;224;224;224mL[38;2;250;250;250;48;2;251;251;251mL [48;2;252;252;252m                                                         [0m
[7m[38;2;0;0;0m [0m[38;2;0;0;0;48;2;0;0;0m                                                         [48;2;1;1;1m:[38;2;84;84;84;48;2;60;60;60m4[38;2;213;213;213;48;2;224;224;224mL[38;2;250;250;250;48;2;251;251;251mL [48;2;252;252;252m                                                         [0m
[7m[38;2;0;0;0m [0m[38;2;0;0;0;48;2;0;0;0m                                                         [48;2;1;1;1m:[38;2;84;84;84;48;2;60;60;60m4[38;2;213;213;213;48;2;224;224;224mL[38;2;250;250;250;48;2;251;251;251mL [48;2;252;252;252m                                                         [0m
[7m[38;2;0;0;0m [0m[38;2;0;0;0;48;2;0;0;0m                                                         [48;2;1;1;1m:[38;2;84;84;84;48;2;60;60;60m4[38;2;213;213;213;48;2;224;224;224mL[38;2;250;250;250;48;2;251;251;251mL [48;2;252;252;252m                                                         [0m
[7m[38;2;0;0;0m [0m[38;2;0;0;0;48;2;0;0;0m                                                         [48;2;1;1;1m:[38;2;84;84;84;48;2;60;60;60m4[38;2;213;213;213;48;2;224;224;224mL[38;2;250;250;250;48;2;251;251;251mL [48;2;252;252;252m                                                         [0m
[7m[38;2;0;0;0m [0m[38;2;0;0;0;48;2;0;0;0m                                                         [48;2;1;1;1m:[38;2;84;84;84;48;2;60;60;60m4[38;2;213;213;213;48;2;224;224;224mL[38;2;250;250;250;48;2;251;251;251mL [48;2;252;252;252m                                                         [0m
[7m[38;2;0;0;0m [0m[38;2;0;0;0;48;2;0;0;0m                                                         [48;2;1;1;1m:[38;2;84;84;84;48;2;60;60;60m4[38;2;213;213;213;48;2;224;224;224mL[38;2;250;250;250;48;2;251;251;251mL [48;2;252;252;252m                                                         [0m
[7m[38;2;0;0;0m [0m[38;2;0;0;0;48;2;0;0;0m                                                         [48;2;1;1;1m:[38;2;84;84;84;48;2;60;60;60m4[38;2;213;213;213;48;2;224;224;224mL[38;2;250;250;250;48;2;251;251;251mL [48;2;252;252;252m                                                         [0m
[7m[38;2;0;0;0m [0m[38;2;0;0;0;48;2;0;0;0m                                                         [48;2;1;1;1m:[38;2;84;84;84;48;2;60;60;60m4[38;2;213;213;213;48;2;224;224;224mL[38;2;250;250;250;48;2;251;251;251mL [48;2;252;252;252m                                                         [0m
[7m[38;2;0;0;0m [0m[38;2;0;0;0;48;2;0;0;0m                                                         [48;2;1;1;1m:[38;2;84;84;84;48;2;60;60;60m4[38;2;213;213;213;48;2;224;224;224mL[38;2;250;250;250;48;2;251;251;251mL [48;2;252;252;252m                                                         [0m
[7m[38;2;0;0;0m [0m[38;2;0;0;0;48;2;0;0;0m                                                       [38;2;1;1;1m__[38;2;0;0;0;48;2;1;1;1m:[38;2;84;84;84;48;2;60;60;60m4[38;2;214;214;214;48;2;225;225;225mL[38;2;253;253;253;48;2;251;251;251m: [48;2;252;252;252m                                                         [0m
[7m[38;2;0;0;0m [0m[38;2;0;0;0;48;2;0;0;0m                                                    [38;2;37;37;37;48;2;1;1;1m_[38;2;83;83;83;48;2;4;4;4m_[38;2;114;114;114;48;2;15;15;15m_[38;2;132;132;132;48;2;30;30;30m_[38;2;143;143;143;48;2;36;36;36m_[38;2;139;139;139;48;2;35;35;35m_[38;2;44;44;44;48;2;98;98;98mF[38;2;212;212;212;48;2;222;222;222mL[38;2;227;227;227;48;2;248;248;248m_[38;2;242;242;242;48;2;250;250;250m_[38;2;243;243;243m_[48;2;251;251;251m_[38;2;249;249;249m_[38;2;250;250;250m_[38;2;252;252;252m:[48;2;252;252;252m                                                    [0m
[7m[38;2;0;0;0m [0m[38;2;0;0;0;48;2;0;0;0m                                                [48;2;1;1;1m`[38;2;76;76;76;48;2;14;14;14m_[38;2;201;201;201;48;2;59;59;59m_[38;2;12;12;12;48;2;148;148;148m~[38;2;78;78;78;48;2;192;192;192m~[38;2;156;156;156;48;2;224;224;224m~[38;2;202;202;202;48;2;242;242;242m~[38;2;189;189;189m`[38;2;194;194;194m`[38;2;192;192;192m`[38;2;180;180;180;48;2;218;218;218m`[38;2;60;60;60;48;2;109;109;109ma[38;2;160;160;160;48;2;53;53;53m~[38;2;28;28;28;48;2;117;117;117my[38;2;30;30;30;48;2;121;121;121my[38;2;32;32;32;48;2;124;124;124my[38;2;53;53;53;48;2;154;154;154my[38;2;78;78;78;48;2;191;191;191m_[38;2;171;171;171;48;2;239;239;239m_[38;2;242;242;242;48;2;250;250;250m,[48;2;251;251;251m  [38;2;252;252;252m:[48;2;252;252;252m                                                [0m
[7m[38;2;0;0;0m [0m[38;2;0;0;0;48;2;0;0;0m                                         [38;2;1;1;1m__ [38;2;14;14;14m_[38;2;40;40;40;48;2;1;1;1m_[38;2;65;65;65;48;2;2;2;2m_[38;2;96;96;96;48;2;15;15;15m_[38;2;171;171;171;48;2;78;78;78m_[38;2;111;111;111;48;2;202;202;202m~[38;2;252;252;252;48;2;245;245;245m:[38;2;248;248;248;48;2;250;250;250m=[38;2;250;250;250;48;2;251;251;251m~~[38;2;252;252;252m:[48;2;252;252;252m [48;2;251;251;251m [38;2;254;254;254m:[38;2;237;237;237;48;2;223;223;223m:[38;2;97;97;97;48;2;60;60;60mL[38;2;2;2;2;48;2;1;1;1mL[38;2;1;1;1;48;2;0;0;0m~ ~ [38;2;21;21;21;48;2;7;7;7m`[38;2;102;102;102;48;2;37;37;37m"[38;2;217;217;217;48;2;98;98;98m~[38;2;29;29;29;48;2;196;196;196m_[38;2;165;165;165;48;2;232;232;232m_[38;2;236;236;236;48;2;247;247;247m,[38;2;246;246;246;48;2;251;251;251m_[38;2;250;250;250m_ _ [48;2;252;252;252m                                           [0m
[7m[38;2;0;0;0m [0m[38;2;0;0;0;48;2;0;0;0m                                      [38;2;34;34;34;48;2;4;4;4m_[38;2;104;104;104;48;2;14;14;14m_[38;2;166;166;166;48;2;28;28;28m_[38;2;205;205;205;48;2;56;56;56m_[38;2;174;174;174;48;2;81;81;81my[38;2;12;12;12;48;2;155;155;155m~[38;2;51;51;51;48;2;180;180;180m~[38;2;93;93;93;48;2;197;197;197m~[38;2;140;140;140;48;2;217;217;217m~[38;2;181;181;181;48;2;234;234;234m~[38;2;204;204;204;48;2;244;244;244m`[38;2;254;254;254;48;2;252;252;252m`      [48;2;251;251;251m :[38;2;237;237;237;48;2;223;223;223m:[38;2;97;97;97;48;2;60;60;60mL[38;2;2;2;2;48;2;1;1;1mL[48;2;0;0;0m     [38;2;1;1;1m` [38;2;0;0;0;48;2;6;6;6m:[38;2;108;108;108;48;2;24;24;24m~[38;2;171;171;171;48;2;62;62;62m~[38;2;34;34;34;48;2;126;126;126my[38;2;57;57;57;48;2;160;160;160my[38;2;52;52;52;48;2;179;179;179m_[38;2;105;105;105;48;2;208;208;208m_[38;2;156;156;156;48;2;235;235;235m_[38;2;189;189;189;48;2;245;245;245m_[38;2;228;228;228;48;2;249;249;249m_[38;2;247;247;247;48;2;250;250;250m,[48;2;251;251;251m    [48;2;252;252;252m                                    [0m
[7m[38;2;0;0;0m [0m[38;2;0;0;0;48;2;0;0;0m                                     [38;2;74;74;74;48;2;44;44;44ma[38;2;78;78;78;48;2;165;165;165m~[38;2;147;147;147;48;2;210;210;210m~[38;2;179;179;179;48;2;223;223;223m_[38;2;153;153;153;48;2;232;232;232m_[38;2;114;114;114;48;2;225;225;225m_[38;2;75;75;75;48;2;220;220;220m_[38;2;54;54;54;48;2;207;207;207m_[38;2;151;151;151;48;2;212;212;212m_[38;2;253;253;253;48;2;246;246;246m.[38;2;252;252;252;48;2;251;251;251m=:[48;2;252;252;252m       [48;2;251;251;251m [38;2;254;254;254m:[38;2;236;236;236;48;2;222;222;222m'[38;2;96;96;96;48;2;60;60;60mL[38;2;2;2;2;48;2;1;1;1mL[48;2;0;0;0m         [38;2;0;0;0;48;2;1;1;1m:[48;2;22;22;22m`[38;2;143;143;143;48;2;43;43;43m_[38;2;111;111;111;48;2;29;29;29m_[38;2;74;74;74;48;2;19;19;19m_[38;2;85;85;85;48;2;24;24;24m`[38;2;120;120;120;48;2;43;43;43m~[38;2;194;194;194;48;2;74;74;74m~[38;2;4;4;4;48;2;152;152;152m_[38;2;59;59;59;48;2;208;208;208m_[38;2;216;216;216;48;2;242;242;242m,[38;2;250;250;250;48;2;251;251;251m,[38;2;252;252;252m,[48;2;252;252;252m                                    [0m
[7m[38;2;0;0;0m [0m[38;2;0;0;0;48;2;0;0;0m                                     [38;2;47;47;47;48;2;7;7;7m`[38;2;106;106;106;48;2;19;19;19m~[38;2;138;138;138;48;2;27;27;27m~[38;2;126;126;126;48;2;22;22;22m~[38;2;108;108;108;48;2;17;17;17m~[38;2;80;80;80;48;2;13;13;13m~[38;2;52;52;52;48;2;20;20;20m~[38;2;51;51;51;48;2;105;105;105mF[38;2;173;173;173;48;2;221;221;221m~[38;2;254;254;254;48;2;249;249;249m'[38;2;250;250;250;48;2;251;251;251m~[38;2;252;252;252m:[48;2;252;252;252m       [48;2;251;251;251m [38;2;254;254;254m:[38;2;236;236;236;48;2;222;222;222m:[38;2;96;96;96;48;2;60;60;60mL[38;2;2;2;2;48;2;1;1;1mL[48;2;0;0;0m         [38;2;1;1;1m:[38;2;0;0;0;48;2;28;28;28m:[38;2;114;114;114;48;2;144;144;144mL[38;2;192;192;192;48;2;228;228;228m~[38;2;171;171;171m~[38;2;127;127;127;48;2;207;207;207m~[38;2;78;78;78;48;2;184;184;184m~[38;2;44;44;44;48;2;165;165;165m~[38;2;18;18;18;48;2;146;146;146m~[38;2;60;60;60;48;2;167;167;167m~[38;2;213;213;213;48;2;235;235;235m~[38;2;252;252;252;48;2;251;251;251m"[48;2;252;252;252m                                     [0m
[7m[38;2;0;0;0m [0m[38;2;0;0;0;48;2;0;0;0m                                          [38;2;1;1;1m`[38;2;77;77;77;48;2;55;55;55m4[38;2;158;158;158;48;2;192;192;192m~[38;2;254;254;254;48;2;248;248;248m:[48;2;250;250;250m [38;2;252;252;252;48;2;251;251;251m:[48;2;252;252;252m        [48;2;251;251;251m [38;2;254;254;254m:[38;2;236;236;236;48;2;222;222;222m:[38;2;96;96;96;48;2;60;60;60mL[38;2;2;2;2;48;2;1;1;1mL[48;2;0;0;0m         [38;2;1;1;1m:[38;2;0;0;0;48;2;16;16;16m:[38;2;123;123;123;48;2;102;102;102m4[38;2;224;224;224;48;2;235;235;235mL[38;2;251;251;251;48;2;250;250;250m,[38;2;250;250;250;48;2;251;251;251m~[38;2;253;253;253;48;2;252;252;252m`~[48;2;251;251;251m T[48;2;252;252;252m                                       [0m
[7m[38;2;0;0;0m [0m[38;2;0;0;0;48;2;0;0;0m                                          [38;2;58;58;58;48;2;24;24;24m_[38;2;91;91;91;48;2;141;141;141mF[38;2;226;226;226;48;2;242;242;242m~[38;2;253;253;253;48;2;251;251;251m`[38;2;252;252;252m.[48;2;252;252;252m         [48;2;251;251;251m [38;2;254;254;254m:[38;2;236;236;236;48;2;222;222;222m:[38;2;96;96;96;48;2;60;60;60mL[38;2;2;2;2;48;2;1;1;1mL[48;2;0;0;0m         [38;2;1;1;1m`[38;2;0;0;0;48;2;2;2;2m`[38;2;65;65;65;48;2;29;29;29m"[38;2;99;99;99;48;2;151;151;151my[38;2;224;224;224;48;2;237;237;237m,[38;2;252;252;252;48;2;251;251;251m`:[48;2;252;252;252m                                          [0m
[7m[38;2;0;0;0m [0m[38;2;0;0;0;48;2;0;0;0m                                         [38;2;36;36;36;48;2;16;16;16my[38;2;79;79;79;48;2;126;126;126mF[38;2;209;209;209;48;2;235;235;235m`[38;2;254;254;254;48;2;250;250;250m'[38;2;250;250;250;48;2;251;251;251m`[38;2;252;252;252m:[48;2;252;252;252m         [48;2;251;251;251m [38;2;254;254;254m:[38;2;236;236;236;48;2;222;222;222m:[38;2;96;96;96;48;2;60;60;60mL[38;2;2;2;2;48;2;1;1;1mL[48;2;0;0;0m           [38;2;0;0;0;48;2;1;1;1m`[38;2;2;2;2;48;2;41;41;41m:[38;2;160;160;160;48;2;191;191;191mL[38;2;235;235;235;48;2;245;245;245m,[38;2;250;250;250;48;2;251;251;251my[38;2;252;252;252m:[48;2;252;252;252m                                         [0m
[?25h