[?25l[0m[7m[38;2;0;0;0m [0m[38;2;0;0;0;48;2;0;0;0m                                                                                                                       [0m
[7m[38;2;0;0;0m [0m[38;2;0;0;0;48;2;0;0;0m                                                                                                                       [0m
[7m[38;2;0;0;0m [0m[38;2;0;0;0;48;2;0;0;0m                                                                                                                       [0m
[7m[38;2;0;0;0m [0m[38;2;0;0;0;48;2;0;0;0m                                                                                                                       [0m
[7m[38;2;0;0;0m [0m[38;2;0;0;0;48;2;0;0;0m                                                                                                                       [0m
[7m[38;2;0;0;0m [0m[38;2;0;0;0;48;2;0;0;0m                                                                                                                       [0m
[7m[38;2;0;0;0m [0m[38;2;0;0;0;48;2;0;0;0m                                                                                                                       [0m
[7m[38;2;0;0;0m [0m[38;2;0;0;0;48;2;0;0;0m                                                                                                                       [0m
[7m[38;2;0;0;0m [0m[38;2;0;0;0;48;2;0;0;0m                                                                                                                       [0m
[7m[38;2;0;0;0m [0m[38;2;0;0;0;48;2;0;0;0m                                                                                                                       [0m
[7m[38;2;0;0;0m [0m[38;2;0;0;0;48;2;0;0;0m                                                   [38;2;1;1;1m==         = [38;2;3;3;3;48;2;1;1;1m.[38;2;26;26;26;48;2;4;4;4m_[38;2;37;37;37;48;2;6;6;6m_[38;2;29;29;29;48;2;5;5;5m_[38;2;0;0;0;48;2;1;1;1m`[48;2;0;0;0m                                                  [0m
[7m[38;2;0;0;0m [0m[38;2;0;0;0;48;2;0;0;0m                                              [48;2;1;1;1m:[38;2;64;64;64;48;2;28;28;28my[38;2;190;190;190;48;2;91;91;91my[38;2;36;36;36;48;2;162;162;162m~[38;2;227;227;227;48;2;130;130;130my[38;2;228;228;228;48;2;133;133;133my[38;2;227;227;227;48;2;130;130;130my[38;2;223;223;223;48;2;117;117;117my[38;2;199;199;199;48;2;93;93;93my[38;2;186;186;186;48;2;85;85;85my[38;2;214;214;214;48;2;107;107;107my[38;2;31;31;31;48;2;161;161;161m~[38;2;227;227;227;48;2;127;127;127my[38;2;36;36;36;48;2;162;162;162m~[38;2;217;217;217;48;2;112;112;112my[38;2;28;28;28;48;2;159;159;159m~[38;2;79;79;79;48;2;185;185;185m~[38;2;126;126;126;48;2;209;209;209m~[38;2;154;154;154;48;2;225;225;225m~[38;2;170;170;170;48;2;234;234;234m~[38;2;175;175;175;48;2;235;235;235m~[38;2;170;170;170;48;2;227;227;227m"[38;2;162;162;162;48;2;122;122;122mL[38;2;50;50;50;48;2;26;26;26mL[48;2;0;0;0m                                                 [0m
[7m[38;2;0;0;0m [0m[38;2;0;0;0;48;2;0;0;0m                                              [38;2;2;2;2;48;2;1;1;1m"[38;2;75;75;75;48;2;49;49;49m4[38;2;120;120;120;48;2;189;189;189m_[38;2;254;254;254;48;2;247;247;247m:[48;2;250;250;250m [48;2;251;251;251m  [48;2;252;252;252m [38;2;246;246;246;48;2;251;251;251m`[38;2;241;241;241m`[38;2;252;252;252m:[38;2;253;253;253;48;2;252;252;252m`[38;2;252;252;252;48;2;251;251;251m.[38;2;253;253;253;48;2;252;252;252m`^^[38;2;250;250;250;48;2;251;251;251m"[38;2;249;249;249m~  [38;2;253;253;253;48;2;250;250;250m.[38;2;254;254;254;48;2;235;235;235m`[38;2;84;84;84;48;2;119;119;119my[38;2;34;34;34;48;2;18;18;18m^[38;2;1;1;1;48;2;0;0;0m"                                                [0m
[7m[38;2;0;0;0m [0m[38;2;0;0;0;48;2;0;0;0m                                              [38;2;1;1;1m`[38;2;0;0;0;48;2;5;5;5m:[38;2;89;89;89;48;2;65;65;65m4[38;2;144;144;144;48;2;207;207;207m_[38;2;254;254;254;48;2;248;248;248m:[38;2;249;249;249;48;2;250;250;250mw[38;2;252;252;252;48;2;251;251;251m:[48;2;252;252;252m           [48;2;251;251;251m.[38;2;253;253;253;48;2;250;250;250m.[38;2;254;254;254;48;2;240;240;240m`[38;2;105;105;105;48;2;160;160;160my[38;2;76;76;76;48;2;34;34;34m'[38;2;1;1;1;48;2;0;0;0m~                                                 [0m
[7m[38;2;0;0;0m [0m[38;2;0;0;0;48;2;0;0;0m                                               [38;2;1;1;1m`[38;2;17;17;17;48;2;6;6;6m`[38;2;109;109;109;48;2;56;56;56m"[38;2;45;45;45;48;2;173;173;173m_[38;2;104;104;104;48;2;216;216;216m_[38;2;226;226;226;48;2;243;243;243m,[38;2;254;254;254;48;2;252;252;252m.        [38;2;252;252;252;48;2;251;251;251m:[38;2;250;250;250m_[38;2;253;253;253;48;2;245;245;245m:[38;2;142;142;142;48;2;193;193;193my[38;2;185;185;185;48;2;83;83;83m~[38;2;68;68;68;48;2;21;21;21m'[38;2;1;1;1;48;2;0;0;0m`                                                  [0m
[7m[38;2;0;0;0m [0m[38;2;0;0;0;48;2;0;0;0m                                                   [38;2;77;77;77;48;2;56;56;56m4[38;2;195;195;195;48;2;209;209;209mL[38;2;246;246;246;48;2;249;249;249mL[38;2;250;250;250;48;2;251;251;251m:[38;2;252;252;252m:[48;2;252;252;252m      [48;2;251;251;251m [38;2;254;254;254;48;2;250;250;250m.[38;2;213;213;213;48;2;240;240;240m_[38;2;90;90;90;48;2;150;150;150m_[38;2;56;56;56;48;2;28;28;28mF[38;2;1;1;1;48;2;0;0;0m"                                                   [0m
[7m[38;2;0;0;0m [0m[38;2;0;0;0;48;2;0;0;0m                                                  [48;2;5;5;5m:[38;2;98;98;98;48;2;76;76;76m4[38;2;217;217;217;48;2;231;231;231m~[38;2;254;254;254;48;2;251;251;251m` [48;2;252;252;252m      [38;2;252;252;252;48;2;251;251;251m:[48;2;250;250;250m [38;2;254;254;254;48;2;245;245;245m:[38;2;180;180;180;48;2;166;166;166mL[38;2;64;64;64;48;2;43;43;43mL[38;2;4;4;4;48;2;1;1;1m`[48;2;0;0;0m                                                    [0m
[7m[38;2;0;0;0m [0m[38;2;0;0;0;48;2;0;0;0m                                                 [38;2;2;2;2;48;2;1;1;1my[38;2;0;0;0;48;2;25;25;25m:[38;2;95;95;95;48;2;131;131;131mF[38;2;236;236;236;48;2;243;243;243mL[38;2;249;249;249;48;2;250;250;250mg[38;2;252;252;252;48;2;251;251;251m:[48;2;252;252;252m      [48;2;251;251;251m:[38;2;249;249;249;48;2;250;250;250m%[38;2;254;254;254;48;2;246;246;246m:[38;2;169;169;169;48;2;182;182;182m4[38;2;73;73;73;48;2;42;42;42mL[38;2;1;1;1;48;2;0;0;0m.                                                    [0m
[7m[38;2;0;0;0m [0m[38;2;0;0;0;48;2;0;0;0m                                                 [38;2;46;46;46;48;2;25;25;25mu[38;2;40;40;40;48;2;127;127;127m~[38;2;181;181;181;48;2;218;218;218m~[38;2;254;254;254;48;2;250;250;250m:[38;2;249;249;249;48;2;251;251;251m~[38;2;252;252;252m:[48;2;252;252;252m      [48;2;251;251;251m:[38;2;250;250;250m~[38;2;254;254;254;48;2;250;250;250m'[38;2;194;194;194;48;2;222;222;222m~[38;2;174;174;174;48;2;102;102;102my[38;2;78;78;78;48;2;24;24;24m_[38;2;3;3;3;48;2;1;1;1m.[48;2;0;0;0m                                                   [0m
[7m[38;2;0;0;0m [0m[38;2;0;0;0;48;2;0;0;0m                                                [48;2;1;1;1m'[38;2;1;1;1;48;2;26;26;26m.[38;2;129;129;129;48;2;116;116;116m4[38;2;224;224;224;48;2;239;239;239m~[38;2;253;253;253;48;2;250;250;250m`[38;2;252;252;252;48;2;251;251;251m:[48;2;252;252;252m         [48;2;251;251;251m:[38;2;250;250;250;48;2;252;252;252my[38;2;254;254;254;48;2;241;241;241m:[38;2;148;148;148;48;2;106;106;106mL[38;2;47;47;47;48;2;18;18;18m,[38;2;1;1;1;48;2;0;0;0m_                                                  [0m
[7m[38;2;0;0;0m [0m[38;2;0;0;0;48;2;0;0;0m                                                [38;2;1;1;1m:[38;2;49;49;49;48;2;33;33;33m4[38;2;130;130;130;48;2;157;157;157mF[38;2;240;240;240;48;2;245;245;245mL[38;2;249;249;249;48;2;250;250;250m.[38;2;252;252;252;48;2;251;251;251m:[48;2;252;252;252m         [48;2;251;251;251m:[48;2;250;250;250m [38;2;254;254;254;48;2;244;244;244m:[38;2;170;170;170;48;2;146;146;146mL[38;2;57;57;57;48;2;33;33;33mL[38;2;1;1;1;48;2;0;0;0m:                                                  [0m
[7m[38;2;0;0;0m [0m[38;2;0;0;0;48;2;0;0;0m                                                [48;2;4;4;4m:[38;2;91;91;91;48;2;65;65;65my[38;2;172;172;172;48;2;212;212;212m~[38;2;254;254;254;48;2;249;249;249m`[38;2;252;252;252;48;2;251;251;251m_:[48;2;252;252;252m         [48;2;251;251;251m:[38;2;250;250;250m`[38;2;254;254;254;48;2;247;247;247m:[38;2;173;173;173;48;2;189;189;189m4[38;2;81;81;81;48;2;46;46;46mL[38;2;1;1;1;48;2;0;0;0m`                                                  [0m
[7m[38;2;0;0;0m [0m[38;2;0;0;0;48;2;0;0;0m                                               [48;2;1;1;1m [38;2;70;70;70;48;2;46;46;46my[38;2;122;122;122;48;2;182;182;182m~[38;2;254;254;254;48;2;246;246;246m:[38;2;250;250;250;48;2;251;251;251mf[38;2;252;252;252m:[48;2;252;252;252m           [48;2;251;251;251m [38;2;254;254;254m`[38;2;251;251;251;48;2;235;235;235m:[38;2;140;140;140;48;2;92;92;92mL[38;2;45;45;45;48;2;12;12;12m,[38;2;1;1;1;48;2;0;0;0m_                                                 [0m
[7m[38;2;0;0;0m [0m[38;2;0;0;0;48;2;0;0;0m                                               [38;2;72;72;72;48;2;38;38;38m_[38;2;96;96;96;48;2;163;163;163m~[38;2;254;254;254;48;2;244;244;244m:[48;2;250;250;250m`[38;2;252;252;252;48;2;251;251;251m.[48;2;252;252;252m            [48;2;251;251;251m:[38;2;249;249;249m`[38;2;254;254;254;48;2;249;249;249m`[38;2;177;177;177;48;2;220;220;220m~[38;2;168;168;168;48;2;90;90;90m_[38;2;45;45;45;48;2;13;13;13m_[38;2;1;1;1;48;2;0;0;0m_                                                [0m
[7m[38;2;0;0;0m [0m[38;2;0;0;0;48;2;0;0;0m                                             [48;2;1;1;1m`[38;2;72;72;72;48;2;36;36;36m_[38;2;86;86;86;48;2;160;160;160m~[38;2;230;230;230;48;2;244;244;244m~[38;2;249;249;249;48;2;250;250;250m+[48;2;251;251;251m [48;2;252;252;252m               [38;2;250;250;250;48;2;251;251;251m`[38;2;254;254;254;48;2;250;250;250m`[38;2;200;200;200;48;2;234;234;234m`[38;2;80;80;80;48;2;135;135;135m~[38;2;65;65;65;48;2;26;26;26m_[38;2;2;2;2;48;2;0;0;0m.                                               [0m
[7m[38;2;0;0;0m [0m[38;2;0;0;0;48;2;0;0;0m                                            [48;2;1;1;1m`[38;2;66;66;66;48;2;35;35;35my[38;2;86;86;86;48;2;162;162;162m~[38;2;253;253;253;48;2;243;243;243m:[38;2;254;254;254;48;2;251;251;251m`[38;2;251;251;251;48;2;252;252;252m`                 [38;2;252;252;252;48;2;251;251;251m:[38;2;249;249;249;48;2;250;250;250m=[38;2;253;253;253;48;2;241;241;241m:[38;2;107;107;107;48;2;165;165;165m~[38;2;117;117;117;48;2;45;45;45m,[38;2;10;10;10;48;2;2;2;2m,[48;2;0;0;0m                                              [0m
[7m[38;2;0;0;0m [0m[38;2;0;0;0;48;2;0;0;0m                                            [38;2;60;60;60;48;2;35;35;35my[38;2;93;93;93;48;2;162;162;162m~[38;2;232;232;232;48;2;245;245;245m~[38;2;252;252;252;48;2;250;250;250m`[48;2;251;251;251m:[48;2;252;252;252m                    [48;2;251;251;251m [38;2;253;253;253;48;2;243;243;243m:[38;2;182;182;182;48;2;138;138;138mL[38;2;84;84;84;48;2;35;35;35m_[38;2;9;9;9;48;2;2;2;2m,[48;2;0;0;0m                                             [0m
[7m[38;2;0;0;0m [0m[38;2;0;0;0;48;2;0;0;0m                                          [38;2;26;26;26;48;2;5;5;5m_[38;2;128;128;128;48;2;53;53;53m_[38;2;78;78;78;48;2;177;177;177m~[38;2;216;216;216;48;2;242;242;242m~[38;2;246;246;246;48;2;250;250;250m_[38;2;250;250;250;48;2;251;251;251m`[48;2;252;252;252m                 [38;2;252;252;252;48;2;251;251;251m:[38;2;250;250;250m_[38;2;254;254;254;48;2;248;248;248m:[38;2;182;182;182;48;2;212;212;212mg[38;2;126;126;126;48;2;191;191;191my[38;2;208;208;208;48;2;235;235;235m,[38;2;252;252;252;48;2;245;245;245m:[38;2;133;133;133;48;2;192;192;192m~[38;2;98;98;98;48;2;52;52;52mL[38;2;5;5;5;48;2;1;1;1m,[48;2;0;0;0m                                            [0m
[7m[38;2;0;0;0m [0m[38;2;0;0;0;48;2;0;0;0m                                          [38;2;76;76;76;48;2;48;48;48m4[38;2;157;157;157;48;2;181;181;181m~[38;2;254;254;254;48;2;247;247;247m:[38;2;248;248;248;48;2;237;237;237m`[38;2;185;185;185;48;2;205;205;205mz[38;2;194;194;194;48;2;240;240;240m_[38;2;241;241;241;48;2;250;250;250m,[38;2;252;252;252;48;2;251;251;251m:[48;2;252;252;252m               [48;2;251;251;251m:[48;2;250;250;250m [38;2;254;254;254;48;2;244;244;244m:[38;2;125;125;125;48;2;154;154;154ma[38;2;77;77;77;48;2;140;140;140m_[38;2;131;131;131;48;2;214;214;214m_[38;2;136;136;136;48;2;225;225;225m_[38;2;93;93;93;48;2;192;192;192m_[38;2;99;99;99;48;2;54;54;54mF[38;2;4;4;4;48;2;1;1;1m~[48;2;0;0;0m                                            [0m
[7m[38;2;0;0;0m [0m[38;2;0;0;0;48;2;0;0;0m                                         [38;2;1;1;1m~[38;2;27;27;27;48;2;10;10;10m"[38;2;121;121;121;48;2;48;48;48m~[38;2;229;229;229;48;2;95;95;95m~[38;2;232;232;232;48;2;89;89;89m~[38;2;192;192;192;48;2;66;66;66m~[38;2;68;68;68;48;2;114;114;114ms[38;2;192;192;192;48;2;217;217;217mr[38;2;254;254;254;48;2;250;250;250m:[38;2;250;250;250;48;2;251;251;251m=[38;2;252;252;252m:[48;2;252;252;252m             [48;2;251;251;251m:[38;2;249;249;249;48;2;250;250;250m`[38;2;254;254;254;48;2;249;249;249m`[38;2;183;183;183;48;2;217;217;217m~[38;2;120;120;120;48;2;75;75;75mL[38;2;55;55;55;48;2;13;13;13m`[38;2;63;63;63;48;2;9;9;9m`[38;2;37;37;37;48;2;4;4;4m`[38;2;3;3;3;48;2;0;0;0m`                                             [0m
[7m[38;2;0;0;0m [0m[38;2;0;0;0;48;2;0;0;0m                                             [48;2;1;1;1m.[38;2;60;60;60;48;2;37;37;37my[38;2;103;103;103;48;2;163;163;163m~[38;2;254;254;254;48;2;244;244;244m:[48;2;250;250;250m [38;2;252;252;252;48;2;251;251;251m:[48;2;252;252;252m               [48;2;251;251;251m:[38;2;251;251;251;48;2;250;250;250my[38;2;253;253;253;48;2;248;248;248m`[38;2;156;156;156;48;2;198;198;198m~[38;2;102;102;102;48;2;57;57;57mL[38;2;15;15;15;48;2;3;3;3m,[48;2;0;0;0m                                               [0m
[7m[38;2;0;0;0m [0m[38;2;0;0;0;48;2;0;0;0m                                            [38;2;1;1;1m*[38;2;50;50;50;48;2;24;24;24m_[38;2;92;92;92;48;2;138;138;138mF[38;2;226;226;226;48;2;241;241;241m~[38;2;250;250;250;48;2;251;251;251m_[38;2;252;252;252m.[48;2;252;252;252m                 [48;2;251;251;251m:[38;2;250;250;250m*[38;2;254;254;254;48;2;246;246;246m:[38;2;131;131;131;48;2;172;172;172m~[38;2;78;78;78;48;2;42;42;42mL[48;2;1;1;1m [48;2;0;0;0m                                              [0m
[7m[38;2;0;0;0m [0m[38;2;0;0;0;48;2;0;0;0m                                           [38;2;1;1;1m,[38;2;33;33;33;48;2;12;12;12m_[38;2;63;63;63;48;2;112;112;112mF[38;2;204;204;204;48;2;230;230;230m"[38;2;254;254;254;48;2;250;250;250m`[38;2;250;250;250;48;2;251;251;251m`[38;2;252;252;252m:[48;2;252;252;252m                  [48;2;251;251;251m.[38;2;253;253;253;48;2;250;250;250m`[48;2;241;241;241m:[38;2;109;109;109;48;2;138;138;138m4[38;2;75;75;75;48;2;27;27;27m,[48;2;0;0;0m                                              [0m
[7m[38;2;0;0;0m [0m[38;2;0;0;0;48;2;0;0;0m                                           [48;2;1;1;1m:[38;2;84;84;84;48;2;62;62;62my[38;2;156;156;156;48;2;205;205;205m~[38;2;254;254;254;48;2;249;249;249m:[38;2;249;249;249;48;2;250;250;250m`[38;2;252;252;252;48;2;251;251;251m:[48;2;252;252;252m                   [48;2;251;251;251m:[38;2;250;250;250m~[38;2;253;253;253;48;2;250;250;250m:[38;2;194;194;194;48;2;220;220;220m"[38;2;118;118;118;48;2;73;73;73mL[38;2;12;12;12;48;2;3;3;3m,[48;2;0;0;0m                                             [0m
[7m[38;2;0;0;0m [0m[38;2;0;0;0;48;2;0;0;0m                                          [38;2;1;1;1m|[38;2;51;51;51;48;2;27;27;27m_[38;2;101;101;101;48;2;143;143;143mF[38;2;254;254;254;48;2;244;244;244m:[38;2;252;252;252;48;2;251;251;251m~:[48;2;252;252;252m                     [48;2;251;251;251m:[38;2;249;249;249;48;2;250;250;250me[38;2;253;253;253;48;2;245;245;245m:[38;2;132;132;132;48;2;156;156;156m4[38;2;62;62;62;48;2;35;35;35mL[38;2;1;1;1;48;2;0;0;0ma                                            [0m
[7m[38;2;0;0;0m [0m[38;2;0;0;0;48;2;0;0;0m                                         [38;2;1;1;1m_[38;2;32;32;32;48;2;10;10;10m_[38;2;57;57;57;48;2;109;109;109mF[38;2;193;193;193;48;2;229;229;229m~[38;2;254;254;254;48;2;250;250;250m`[48;2;251;251;251m [38;2;252;252;252m:[48;2;252;252;252m                     [48;2;251;251;251m:  [38;2;208;208;208;48;2;231;231;231m"[38;2;142;142;142;48;2;92;92;92mL[38;2;46;46;46;48;2;11;11;11m,[38;2;1;1;1;48;2;0;0;0m_                                           [0m
[?25h