[?25l[0m[7m[38;2;0;0;0m [0m[38;2;0;0;0;48;2;0;0;0m                                                                                                                       [0m
[7m[38;2;0;0;0m [0m[38;2;0;0;0;48;2;0;0;0m                                                                                                                       [0m
[7m[38;2;0;0;0m [0m[38;2;0;0;0;48;2;0;0;0m                                                                                                                       [0m
[7m[38;2;0;0;0m [0m[38;2;0;0;0;48;2;0;0;0m                                                                                                                       [0m
[7m[38;2;0;0;0m [0m[38;2;0;0;0;48;2;0;0;0m                                                                                                                       [0m
[7m[38;2;0;0;0m [0m[38;2;0;0;0;48;2;0;0;0m                                                                                                                       [0m
[7m[38;2;0;0;0m [0m[38;2;0;0;0;48;2;0;0;0m                                                                                                                       [0m
[7m[38;2;0;0;0m [0m[38;2;0;0;0;48;2;0;0;0m                                                                                                                       [0m
[7m[38;2;0;0;0m [0m[38;2;0;0;0;48;2;0;0;0m                                                                                                                       [0m
[7m[38;2;0;0;0m [0m[38;2;0;0;0;48;2;0;0;0m                                                                                                                       [0m
[7m[38;2;0;0;0m [0m[38;2;0;0;0;48;2;0;0;0m                                                                                                                       [0m
[7m[38;2;0;0;0m [0m[38;2;0;0;0;48;2;0;0;0m                                                                                                                       [0m
[7m[38;2;0;0;0m [0m[38;2;0;0;0;48;2;0;0;0m                                                                                                                       [0m
[7m[38;2;0;0;0m [0m[38;2;0;0;0;48;2;0;0;0m                                                                                                                       [0m
[7m[38;2;0;0;0m [0m[38;2;0;0;0;48;2;0;0;0m                                                                                                                       [0m
[7m[38;2;0;0;0m [0m[38;2;0;0;0;48;2;0;0;0m                                                                                                                       [0m
[7m[38;2;0;0;0m [0m[38;2;0;0;0;48;2;0;0;0m                                                                                                                       [0m
[7m[38;2;0;0;0m [0m[38;2;0;0;0;48;2;0;0;0m                                                        [38;2;9;9;9m_[38;2;26;26;26;48;2;1;1;1m_[38;2;51;51;51;48;2;2;2;2m_[38;2;26;26;26;48;2;1;1;1m_[48;2;0;0;0m                                                           [0m
[7m[38;2;0;0;0m [0m[38;2;0;0;0;48;2;0;0;0m                                  [38;2;1;1;1m_______.[38;2;2;2;2m_[38;2;1;1;1m____        [38;2;24;24;24;48;2;13;13;13mu[38;2;108;108;108;48;2;70;70;70my[38;2;47;47;47;48;2;167;167;167m~[38;2;79;79;79;48;2;195;195;195m~[38;2;50;50;50;48;2;142;142;142m~[38;2;56;56;56;48;2;28;28;28mr[38;2;1;1;1;48;2;0;0;0m___                                                       [0m
[7m[38;2;0;0;0m [0m[38;2;0;0;0;48;2;0;0;0m                               [48;2;4;4;4m`[38;2;63;63;63;48;2;18;18;18m_[38;2;121;121;121;48;2;32;32;32m_[38;2;158;158;158;48;2;36;36;36m_[38;2;166;166;166;48;2;41;41;41m_[38;2;171;171;171;48;2;46;46;46m_[38;2;178;178;178;48;2;52;52;52m_[38;2;180;180;180;48;2;54;54;54m_[48;2;55;55;55m_[38;2;185;185;185;48;2;59;59;59m_[38;2;184;184;184;48;2;58;58;58m_[38;2;182;182;182;48;2;56;56;56m_[38;2;185;185;185;48;2;59;59;59m_[38;2;187;187;187;48;2;61;61;61m_[38;2;190;190;190;48;2;63;63;63m_[38;2;191;191;191m_[38;2;139;139;139;48;2;58;58;58my[38;2;143;143;143;48;2;59;59;59my[38;2;144;144;144;48;2;60;60;60my[38;2;146;146;146;48;2;61;61;61my[38;2;147;147;147;48;2;62;62;62my[38;2;150;150;150;48;2;63;63;63my[38;2;154;154;154;48;2;65;65;65my[38;2;156;156;156;48;2;66;66;66my[38;2;166;166;166;48;2;81;81;81my[38;2;194;194;194;48;2;140;140;140my[38;2;204;204;204;48;2;222;222;222mF[38;2;252;252;252;48;2;245;245;245m:[38;2;192;192;192;48;2;209;209;209m?[38;2;54;54;54;48;2;127;127;127m~[38;2;202;202;202;48;2;71;71;71m_[38;2;187;187;187;48;2;61;61;61m_[38;2;188;188;188m_[38;2;191;191;191;48;2;64;64;64m_[38;2;196;196;196;48;2;69;69;69m_[38;2;171;171;171;48;2;75;75;75my[38;2;191;191;191;48;2;88;88;88my[38;2;209;209;209;48;2;102;102;102my[38;2;176;176;176;48;2;87;87;87my[38;2;102;102;102;48;2;30;30;30m,[48;2;0;0;0m                                                [0m
[7m[38;2;0;0;0m [0m[38;2;0;0;0;48;2;0;0;0m                               [38;2;14;14;14;48;2;6;6;6m"[38;2;74;74;74;48;2;35;35;35m~[38;2;28;28;28;48;2;103;103;103my[38;2;54;54;54;48;2;147;147;147my[38;2;43;43;43;48;2;163;163;163m_[38;2;77;77;77;48;2;189;189;189m_[38;2;98;98;98;48;2;206;206;206m_[38;2;108;108;108;48;2;214;214;214m_[38;2;119;119;119;48;2;222;222;222m_[38;2;126;126;126;48;2;228;228;228m_[38;2;127;127;127;48;2;229;229;229m_[38;2;128;128;128m__[38;2;127;127;127m__[38;2;128;128;128;48;2;230;230;230m__[38;2;126;126;126;48;2;229;229;229m_[38;2;128;128;128;48;2;231;231;231m__[48;2;230;230;230m__[38;2;131;131;131;48;2;232;232;232m_[38;2;134;134;134;48;2;234;234;234m_[38;2;140;140;140;48;2;235;235;235m_[38;2;175;175;175;48;2;240;240;240m_[38;2;224;224;224;48;2;246;246;246m_[38;2;254;254;254;48;2;252;252;252m`[38;2;220;220;220;48;2;247;247;247m_[38;2;144;144;144;48;2;236;236;236m_[38;2;116;116;116;48;2;223;223;223m_[38;2;111;111;111;48;2;218;218;218m_[38;2;108;108;108;48;2;215;215;215m_[38;2;107;107;107m_[38;2;114;114;114;48;2;220;220;220m_[38;2;131;131;131;48;2;231;231;231m_[38;2;152;152;152;48;2;237;237;237m_[38;2;176;176;176;48;2;239;239;239m_[38;2;147;147;147;48;2;211;211;211m_[38;2;101;101;101;48;2;59;59;59mF[38;2;0;0;0;48;2;1;1;1m.[48;2;0;0;0m                                               [0m
[7m[38;2;0;0;0m [0m[38;2;0;0;0;48;2;0;0;0m                                [38;2;1;1;1m``    [38;2;7;7;7;48;2;1;1;1m`[38;2;17;17;17;48;2;4;4;4m~[38;2;28;28;28;48;2;6;6;6m~[38;2;30;30;30m~[38;2;31;31;31m~~~~[38;2;30;30;30m~[38;2;31;31;31m~[38;2;30;30;30m~[38;2;31;31;31m~[38;2;32;32;32;48;2;7;7;7m~[38;2;33;33;33m~[38;2;36;36;36;48;2;8;8;8m~[38;2;42;42;42;48;2;9;9;9m~[38;2;48;48;48;48;2;11;11;11m~[38;2;61;61;61;48;2;31;31;31m~[38;2;128;128;128;48;2;109;109;109m~[38;2;181;181;181;48;2;203;203;203m_[38;2;219;219;219;48;2;240;240;240m_[38;2;156;156;156;48;2;188;188;188m_[38;2;79;79;79;48;2;48;48;48mF[38;2;17;17;17;48;2;3;3;3m~[38;2;7;7;7;48;2;1;1;1m~[38;2;5;5;5m~[38;2;4;4;4;48;2;0;0;0m~[38;2;15;15;15;48;2;4;4;4m`[38;2;44;44;44;48;2;11;11;11m~[38;2;85;85;85;48;2;22;22;22m~[38;2;123;123;123;48;2;31;31;31m~[38;2;101;101;101;48;2;24;24;24m~[38;2;34;34;34;48;2;8;8;8m'[48;2;0;0;0m                                                [0m
[7m[38;2;0;0;0m [0m[38;2;0;0;0;48;2;0;0;0m                                                       [48;2;2;2;2m:[38;2;59;59;59;48;2;17;17;17m"[38;2;116;116;116;48;2;39;39;39m~[38;2;156;156;156;48;2;57;57;57m~[38;2;108;108;108;48;2;34;34;34m~[38;2;28;28;28;48;2;6;6;6m~[48;2;0;0;0m                                                          [0m
[7m[38;2;0;0;0m [0m[38;2;0;0;0;48;2;0;0;0m                                                          [38;2;1;1;1m"                                                            [0m
[7m[38;2;0;0;0m [0m[38;2;0;0;0;48;2;0;0;0m                                                                                                                       [0m
[7m[38;2;0;0;0m [0m[38;2;0;0;0;48;2;0;0;0m                                                                                                                       [0m
[7m[38;2;0;0;0m [0m[38;2;0;0;0;48;2;0;0;0m                                                                                                                       [0m
[7m[38;2;0;0;0m [0m[38;2;0;0;0;48;2;0;0;0m                                                                                                                       [0m
[7m[38;2;0;0;0m [0m[38;2;0;0;0;48;2;0;0;0m                                                                                                                       [0m
[7m[38;2;0;0;0m [0m[38;2;0;0;0;48;2;0;0;0m                                                                                                                       [0m
[7m[38;2;0;0;0m [0m[38;2;0;0;0;48;2;0;0;0m                                                                                                                       [0m
[7m[38;2;0;0;0m [0m[38;2;0;0;0;48;2;0;0;0m                                                                                                                       [0m
[7m[38;2;0;0;0m [0m[38;2;0;0;0;48;2;0;0;0m                                                                                                                       [0m
[7m[38;2;0;0;0m [0m[38;2;0;0;0;48;2;0;0;0m                                                                                                                       [0m
[7m[38;2;0;0;0m [0m[38;2;0;0;0;48;2;0;0;0m                                                                                                                       [0m
[7m[38;2;0;0;0m [0m[38;2;0;0;0;48;2;0;0;0m                                                                                                                       [0m
[?25h