[?25l[0m[7m[38;2;252;252;252m [0m[38;2;0;0;0;48;2;252;252;252m                      [38;2;252;252;252;48;2;251;251;251m: [38;2;250;250;250mF[38;2;236;236;236;48;2;221;221;221m`[38;2;143;143;143;48;2;85;85;85m~[38;2;0;0;0;48;2;8;8;8m:[38;2;1;1;1;48;2;0;0;0m>                                                                                     [38;2;23;23;23;48;2;6;6;6m"[38;2;102;102;102;48;2;32;32;32m~[38;2;182;182;182;48;2;70;70;70m~[38;2;227;227;227;48;2;107;107;107m~[38;2;65;65;65;48;2;156;156;156my[0m
[7m[38;2;252;252;252m [0m[38;2;0;0;0;48;2;252;252;252m                      [48;2;251;251;251m  [38;2;249;249;249;48;2;232;232;232m'[38;2;107;107;107;48;2;155;155;155my[38;2;0;0;0;48;2;17;17;17m:[38;2;1;1;1;48;2;0;0;0m.                                                                                           [0m
[7m[38;2;252;252;252m [0m[38;2;0;0;0;48;2;252;252;252m                     [38;2;252;252;252;48;2;251;251;251m.[38;2;250;250;250m_[38;2;251;251;251;48;2;242;242;242m`[38;2;140;140;140;48;2;189;189;189m_[38;2;72;72;72;48;2;33;33;33m~[38;2;0;0;0;48;2;1;1;1m:[48;2;0;0;0m                                                                                            [0m
[7m[38;2;252;252;252m [0m[38;2;0;0;0;48;2;252;252;252m                    [38;2;252;252;252;48;2;251;251;251m:.[38;2;247;247;247m_[38;2;200;200;200;48;2;218;218;218m_[38;2;124;124;124;48;2;71;71;71m~[38;2;0;0;0;48;2;5;5;5m:[38;2;1;1;1;48;2;0;0;0m^                                                                                            [0m
[7m[38;2;252;252;252m [0m[38;2;0;0;0;48;2;252;252;252m                    [48;2;251;251;251m  [38;2;246;246;246;48;2;229;229;229m'[38;2;99;99;99;48;2;145;145;145my[38;2;0;0;0;48;2;14;14;14m:[48;2;0;0;0m                                                                                              [0m
[7m[38;2;252;252;252m [0m[38;2;0;0;0;48;2;252;252;252m                   [48;2;251;251;251m  [38;2;251;251;251;48;2;244;244;244m'[38;2;150;150;150;48;2;191;191;191m_[38;2;66;66;66;48;2;29;29;29m~[38;2;0;0;0;48;2;1;1;1m:[48;2;0;0;0m                                                                                              [0m
[7m[38;2;252;252;252m [0m[38;2;0;0;0;48;2;252;252;252m                  [38;2;252;252;252;48;2;251;251;251m: [38;2;251;251;251;48;2;250;250;250m:[38;2;233;233;233;48;2;216;216;216m`[38;2;132;132;132;48;2;79;79;79m~[38;2;0;0;0;48;2;6;6;6m:[48;2;0;0;0m                                                                                               [0m
[7m[38;2;252;252;252m [0m[38;2;0;0;0;48;2;252;252;252m                  [48;2;251;251;251m [38;2;252;252;252m`[38;2;248;248;248;48;2;235;235;235m'[38;2;184;184;184;48;2;150;150;150mF[38;2;0;0;0;48;2;18;18;18m:[38;2;1;1;1;48;2;0;0;0m.                                                                                              [38;2;4;4;4;48;2;1;1;1m_[0m
[7m[38;2;252;252;252m [0m[38;2;0;0;0;48;2;252;252;252m                 [38;2;252;252;252;48;2;251;251;251m:.[38;2;251;251;251;48;2;250;250;250m:[38;2;194;194;194;48;2;212;212;212m_[38;2;103;103;103;48;2;59;59;59m~[38;2;0;0;0;48;2;3;3;3m:[38;2;1;1;1;48;2;0;0;0m"                                                                                              [38;2;4;4;4;48;2;1;1;1m"[0m
[7m[38;2;252;252;252m [0m[38;2;0;0;0;48;2;252;252;252m                 [38;2;252;252;252;48;2;251;251;251m| [38;2;226;226;226;48;2;232;232;232mu[38;2;182;182;182;48;2;138;138;138m~[38;2;0;0;0;48;2;14;14;14m:[38;2;1;1;1;48;2;0;0;0m.                                                                                                [0m
[7m[38;2;252;252;252m [0m[38;2;0;0;0;48;2;252;252;252m                 [38;2;252;252;252;48;2;251;251;251m:[38;2;249;249;249m_[38;2;203;203;203;48;2;213;213;213m4[38;2;91;91;91;48;2;57;57;57m~[38;2;0;0;0;48;2;3;3;3m:[38;2;1;1;1;48;2;0;0;0m"                                                                                                [0m
[7m[38;2;252;252;252m [0m[38;2;0;0;0;48;2;252;252;252m                [48;2;251;251;251m [38;2;252;252;252m`[38;2;247;247;247;48;2;233;233;233m'[38;2;192;192;192;48;2;148;148;148m~[38;2;0;0;0;48;2;15;15;15m:[38;2;1;1;1;48;2;0;0;0m.                                                                                                 [0m
[7m[38;2;252;252;252m [0m[38;2;0;0;0;48;2;252;252;252m                [48;2;251;251;251m [38;2;250;250;250mF[38;2;207;207;207;48;2;219;219;219m4[38;2;112;112;112;48;2;75;75;75m~[38;2;0;0;0;48;2;5;5;5m:[48;2;0;0;0m                                                                                                  [0m
[7m[38;2;252;252;252m [0m[38;2;0;0;0;48;2;252;252;252m               [38;2;252;252;252;48;2;251;251;251m:[38;2;251;251;251;48;2;252;252;252mL[38;2;252;252;252;48;2;247;247;247m`[38;2;183;183;183;48;2;196;196;196my[38;2;10;10;10;48;2;29;29;29m:[48;2;0;0;0m                                                                                                   [0m
[7m[38;2;252;252;252m [0m[38;2;0;0;0;48;2;252;252;252m               [48;2;251;251;251m [48;2;250;250;250m [38;2;224;224;224;48;2;230;230;230mu[38;2;171;171;171;48;2;133;133;133m~[38;2;0;0;0;48;2;11;11;11m:[38;2;1;1;1;48;2;0;0;0m+                                                                                                  [0m
[7m[38;2;252;252;252m [0m[38;2;0;0;0;48;2;252;252;252m               [38;2;250;250;250;48;2;251;251;251m^[38;2;249;249;249mF[38;2;207;207;207;48;2;219;219;219m4[38;2;107;107;107;48;2;82;82;82m~[38;2;0;0;0;48;2;5;5;5m:[38;2;1;1;1;48;2;0;0;0m:                                                                                                  [0m
[7m[38;2;252;252;252m [0m[38;2;0;0;0;48;2;252;252;252m              [38;2;252;252;252;48;2;251;251;251m:[48;2;252;252;252m [38;2;253;253;253;48;2;251;251;251m`[38;2;198;198;198;48;2;209;209;209m4[38;2;23;23;23;48;2;41;41;41m.[38;2;0;0;0;48;2;1;1;1m:[48;2;0;0;0m                                                                                                   [0m
[7m[38;2;252;252;252m [0m[38;2;0;0;0;48;2;252;252;252m              [48;2;251;251;251m  [38;2;247;247;247;48;2;242;242;242m`[38;2;169;169;169;48;2;181;181;181m4[38;2;2;2;2;48;2;17;17;17m:[48;2;0;0;0m                                                                                                    [0m
[7m[38;2;252;252;252m [0m[38;2;0;0;0;48;2;252;252;252m              [48;2;251;251;251m  [38;2;226;226;226;48;2;233;233;233m4[38;2;165;165;165;48;2;142;142;142mF[38;2;0;0;0;48;2;10;10;10m:[38;2;1;1;1;48;2;0;0;0m,                                                                                                   [0m
[7m[38;2;252;252;252m [0m[38;2;0;0;0;48;2;252;252;252m              [48;2;251;251;251m  [38;2;219;219;219;48;2;228;228;228m4[38;2;143;143;143;48;2;124;124;124mF[38;2;0;0;0;48;2;9;9;9m:[38;2;1;1;1;48;2;0;0;0m:                                                                                                   [0m
[7m[38;2;252;252;252m [0m[38;2;0;0;0;48;2;252;252;252m              [48;2;251;251;251m  [38;2;210;210;210;48;2;221;221;221m4[38;2;109;109;109;48;2;96;96;96mF[38;2;0;0;0;48;2;6;6;6m:[38;2;1;1;1;48;2;0;0;0m:                                                                                                   [0m
[7m[38;2;252;252;252m [0m[38;2;0;0;0;48;2;252;252;252m              [48;2;251;251;251m  [38;2;207;207;207;48;2;219;219;219m4[38;2;95;95;95;48;2;87;87;87mL[38;2;0;0;0;48;2;5;5;5m:[38;2;1;1;1;48;2;0;0;0m:                                                                                                   [0m
[7m[38;2;252;252;252m [0m[38;2;0;0;0;48;2;252;252;252m              [48;2;251;251;251m  [38;2;207;207;207;48;2;219;219;219m4[38;2;95;95;95;48;2;87;87;87mL[38;2;0;0;0;48;2;5;5;5m:[38;2;1;1;1;48;2;0;0;0m:                                                                                                   [0m
[7m[38;2;252;252;252m [0m[38;2;0;0;0;48;2;252;252;252m              [48;2;251;251;251m  [38;2;207;207;207;48;2;219;219;219m4[38;2;95;95;95;48;2;87;87;87mL[38;2;0;0;0;48;2;5;5;5m:[38;2;1;1;1;48;2;0;0;0m:                                                                                                   [0m
[7m[38;2;252;252;252m [0m[38;2;0;0;0;48;2;252;252;252m              [48;2;251;251;251m  [38;2;210;210;210;48;2;222;222;222m4[38;2;114;114;114;48;2;100;100;100mw[38;2;0;0;0;48;2;6;6;6m:[38;2;1;1;1;48;2;0;0;0m:                                                                                                   [0m
[7m[38;2;252;252;252m [0m[38;2;0;0;0;48;2;252;252;252m              [48;2;251;251;251m  [38;2;220;220;220;48;2;230;230;230m4[38;2;153;153;153;48;2;130;130;130mL[38;2;0;0;0;48;2;9;9;9m:[48;2;0;0;0m                                                                                                    [0m
[7m[38;2;252;252;252m [0m[38;2;0;0;0;48;2;252;252;252m              [38;2;252;252;252;48;2;251;251;251ml [38;2;244;244;244;48;2;238;238;238m:[38;2;177;177;177;48;2;163;163;163m$[38;2;0;0;0;48;2;14;14;14m`[48;2;0;0;0m                                                                                                    [0m
[7m[38;2;252;252;252m [0m[38;2;0;0;0;48;2;252;252;252m              [38;2;252;252;252;48;2;251;251;251m:[48;2;252;252;252m [38;2;242;242;242;48;2;246;246;246m4[38;2;176;176;176;48;2;192;192;192m4[38;2;5;5;5;48;2;22;22;22m`[48;2;0;0;0m                                                                                                    [0m
[7m[38;2;252;252;252m [0m[38;2;0;0;0;48;2;252;252;252m               [38;2;252;252;252;48;2;251;251;251m:[38;2;250;250;250m`[38;2;199;199;199;48;2;212;212;212m4[38;2;69;69;69;48;2;47;47;47m_[38;2;0;0;0;48;2;1;1;1m:[38;2;1;1;1;48;2;0;0;0m,                                                                                                  [0m
[38;2;243;243;243;48;2;250;250;250m_[38;2;253;253;253;48;2;252;252;252m;              [48;2;251;251;251m [38;2;251;251;251;48;2;250;250;250m4[38;2;211;211;211;48;2;223;223;223m4[38;2;118;118;118;48;2;98;98;98mw[38;2;0;0;0;48;2;7;7;7m:[38;2;1;1;1;48;2;0;0;0mK                                                                                                [38;2;2;2;2m_[38;2;82;82;82;48;2;17;17;17m_[0m
[38;2;173;173;173;48;2;206;206;206m_[38;2;247;247;247;48;2;252;252;252m_[38;2;253;253;253m_             [48;2;251;251;251m [38;2;250;250;250mF[38;2;243;243;243;48;2;236;236;236m:[38;2;185;185;185;48;2;155;155;155mL[38;2;0;0;0;48;2;14;14;14m`[48;2;0;0;0m                                                                                                [38;2;53;53;53;48;2;6;6;6m_[38;2;137;137;137;48;2;67;67;67my[38;2;129;129;129;48;2;196;196;196m~[0m
[38;2;77;77;77;48;2;117;117;117mL[38;2;169;169;169;48;2;214;214;214m,[38;2;252;252;252;48;2;253;253;253m_[38;2;253;253;253;48;2;252;252;252m,            [38;2;252;252;252;48;2;251;251;251m:"[38;2;246;246;246;48;2;250;250;250m`[38;2;194;194;194;48;2;207;207;207m4[38;2;67;67;67;48;2;43;43;43m_[38;2;0;0;0;48;2;1;1;1m:[38;2;1;1;1;48;2;0;0;0m,                                                                                             [38;2;91;91;91;48;2;30;30;30m_[38;2;77;77;77;48;2;155;155;155m~[38;2;202;202;202;48;2;230;230;230m"[38;2;248;248;248;48;2;251;251;251m`[0m
[38;2;41;41;41;48;2;13;13;13m"[38;2;80;80;80;48;2;119;119;119mw[38;2;180;180;180;48;2;216;216;216m_[38;2;249;249;249;48;2;252;252;252m_[48;2;251;251;251m [48;2;252;252;252m            [38;2;252;252;252;48;2;251;251;251m|[38;2;251;251;251;48;2;250;250;250mJ[38;2;235;235;235;48;2;223;223;223m:[38;2;155;155;155;48;2;109;109;109m_[38;2;0;0;0;48;2;9;9;9m:[38;2;1;1;1;48;2;0;0;0m^                                                                                           [38;2;0;0;0;48;2;2;2;2m`[38;2;130;130;130;48;2;54;54;54m_[38;2;120;120;120;48;2;180;180;180m~[38;2;221;221;221;48;2;240;240;240m"[38;2;252;252;252;48;2;253;253;253m"[38;2;253;253;253;48;2;252;252;252mu[0m
[38;2;2;2;2;48;2;0;0;0m~[38;2;41;41;41;48;2;14;14;14m"[38;2;67;67;67;48;2;121;121;121m_[38;2;183;183;183;48;2;219;219;219m_[48;2;252;252;252m [38;2;252;252;252;48;2;251;251;251m_:[48;2;252;252;252m          [48;2;251;251;251m:[38;2;251;251;251;48;2;252;252;252m~[38;2;240;240;240;48;2;246;246;246m"[38;2;180;180;180;48;2;194;194;194m4[38;2;0;0;0;48;2;31;31;31m`[48;2;0;0;0m                                                                                           [48;2;1;1;1m`[38;2;100;100;100;48;2;59;59;59my[38;2;147;147;147;48;2;192;192;192m~[38;2;232;232;232;48;2;245;245;245m"[48;2;252;252;252m [38;2;253;253;253m"~[0m
[38;2;1;1;1;48;2;0;0;0m`~[38;2;42;42;42;48;2;13;13;13m~[38;2;81;81;81;48;2;125;125;125mL[38;2;181;181;181;48;2;219;219;219m_[38;2;249;249;249;48;2;252;252;252m_[48;2;251;251;251m [48;2;252;252;252m           [48;2;251;251;251m [38;2;250;250;250m%[38;2;235;235;235;48;2;222;222;222m:[38;2;155;155;155;48;2;104;104;104m_[38;2;0;0;0;48;2;8;8;8m:[38;2;1;1;1;48;2;0;0;0m^                                                                                        [38;2;0;0;0;48;2;1;1;1m`[38;2;103;103;103;48;2;49;49;49m_[38;2;136;136;136;48;2;180;180;180m~[38;2;228;228;228;48;2;241;241;241m^[48;2;252;252;252m [38;2;252;252;252;48;2;251;251;251m:[48;2;252;252;252m  [0m
[7m[38;2;0;0;0m [0m[38;2;0;0;0;48;2;0;0;0m  [38;2;53;53;53;48;2;12;12;12m`[38;2;163;163;163;48;2;103;103;103m"[38;2;168;168;168;48;2;213;213;213m_[38;2;249;249;249;48;2;251;251;251m,[38;2;253;253;253;48;2;252;252;252m_"         [38;2;252;252;252;48;2;251;251;251m: [38;2;240;240;240;48;2;246;246;246m"[38;2;181;181;181;48;2;194;194;194m4[38;2;0;0;0;48;2;32;32;32m`[48;2;0;0;0m                                                                                         [38;2;63;63;63;48;2;31;31;31m_[38;2;117;117;117;48;2;162;162;162m~[38;2;220;220;220;48;2;234;234;234m^[38;2;253;253;253;48;2;252;252;252mF[38;2;252;252;252;48;2;251;251;251m:[48;2;252;252;252m   [0m
[?25h