[?25l[0m[7m[38;2;252;252;252m [0m[38;2;0;0;0;48;2;252;252;252m                                                                                                                       [0m
[7m[38;2;252;252;252m [0m[38;2;0;0;0;48;2;252;252;252m                                                                                                                       [0m
[7m[38;2;252;252;252m [0m[38;2;0;0;0;48;2;252;252;252m                                                                                                                       [0m
[7m[38;2;252;252;252m [0m[38;2;0;0;0;48;2;252;252;252m                                                                                                                       [0m
[7m[38;2;252;252;252m [0m[38;2;0;0;0;48;2;252;252;252m                                                                                                                       [0m
[7m[38;2;252;252;252m [0m[38;2;0;0;0;48;2;252;252;252m                                                                                                                       [0m
[7m[38;2;252;252;252m [0m[38;2;0;0;0;48;2;252;252;252m                                                                                                                       [0m
[7m[38;2;252;252;252m [0m[38;2;0;0;0;48;2;252;252;252m                                                                                                                       [0m
[7m[38;2;252;252;252m [0m[38;2;0;0;0;48;2;252;252;252m                                                                                                                       [0m
[7m[38;2;252;252;252m [0m[38;2;0;0;0;48;2;252;252;252m                                                                                                                       [0m
[7m[38;2;252;252;252m [0m[38;2;0;0;0;48;2;252;252;252m                                                                                                                       [0m
[7m[38;2;252;252;252m [0m[38;2;0;0;0;48;2;252;252;252m                                                                                                                       [0m
[7m[38;2;252;252;252m [0m[38;2;0;0;0;48;2;252;252;252m                                                                                                                       [0m
[7m[38;2;252;252;252m [0m[38;2;0;0;0;48;2;252;252;252m                                                                                                                       [0m
[7m[38;2;252;252;252m [0m[38;2;0;0;0;48;2;252;252;252m                                                                                                                       [0m
[7m[38;2;252;252;252m [0m[38;2;0;0;0;48;2;252;252;252m                                                                                                                       [0m
[7m[38;2;252;252;252m [0m[38;2;0;0;0;48;2;252;252;252m                                                                                                                       [0m
[7m[38;2;252;252;252m [0m[38;2;0;0;0;48;2;252;252;252m                                                            [38;2;251;251;251m_ [48;2;251;251;251m [38;2;250;250;250mw  [38;2;253;253;253;48;2;252;252;252m.[38;2;252;252;252;48;2;251;251;251m:[38;2;250;250;250mw [38;2;252;252;252m:[48;2;252;252;252m                                                [0m
[7m[38;2;252;252;252m [0m[38;2;0;0;0;48;2;252;252;252m                                                        [38;2;252;252;252;48;2;251;251;251m:[38;2;250;250;250m_[38;2;252;252;252m_[48;2;250;250;250m`[38;2;181;181;181;48;2;242;242;242m_[38;2;124;124;124;48;2;233;233;233m_[38;2;92;92;92;48;2;212;212;212m_[38;2;61;61;61;48;2;185;185;185m_[38;2;82;82;82;48;2;174;174;174my[38;2;65;65;65;48;2;165;165;165my[38;2;50;50;50;48;2;157;157;157my[38;2;67;67;67;48;2;166;166;166my[38;2;49;49;49;48;2;175;175;175m_[38;2;90;90;90;48;2;209;209;209m_[38;2;144;144;144;48;2;235;235;235m_[38;2;225;225;225;48;2;247;247;247m_[38;2;249;249;249;48;2;251;251;251m,[38;2;250;250;250m_[38;2;252;252;252m:[48;2;252;252;252m                                            [0m
[7m[38;2;252;252;252m [0m[38;2;0;0;0;48;2;252;252;252m                                                     [38;2;252;252;252;48;2;251;251;251m.[38;2;249;249;249m.[38;2;254;254;254m.[38;2;213;213;213;48;2;247;247;247m_[38;2;114;114;114;48;2;215;215;215m_[38;2;74;74;74;48;2;178;178;178my[38;2;210;210;210;48;2;79;79;79m~[38;2;139;139;139;48;2;36;36;36m~[38;2;47;47;47;48;2;13;13;13m"[38;2;0;0;0;48;2;1;1;1m:[48;2;0;0;0m [38;2;1;1;1m=    [38;2;0;0;0;48;2;4;4;4m:[38;2;88;88;88;48;2;26;26;26m"[38;2;179;179;179;48;2;63;63;63m~[38;2;36;36;36;48;2;167;167;167m_[38;2;187;187;187;48;2;235;235;235m_[38;2;244;244;244;48;2;249;249;249m,[48;2;251;251;251m [38;2;252;252;252m:[48;2;252;252;252m                                          [0m
[7m[38;2;252;252;252m [0m[38;2;0;0;0;48;2;252;252;252m                                                  [38;2;252;252;252;48;2;251;251;251m: _[48;2;247;247;247m [38;2;130;130;130;48;2;223;223;223m_[38;2;67;67;67;48;2;159;159;159my[38;2;144;144;144;48;2;49;49;49m~[38;2;82;82;82;48;2;16;16;16m`[38;2;5;5;5;48;2;2;2;2m'[48;2;0;0;0m            [38;2;1;1;1m`[38;2;0;0;0;48;2;7;7;7m:[38;2;112;112;112;48;2;50;50;50m~[38;2;68;68;68;48;2;172;172;172m_[38;2;178;178;178;48;2;235;235;235m_[38;2;240;240;240;48;2;248;248;248m,[38;2;250;250;250;48;2;251;251;251m=[38;2;253;253;253;48;2;252;252;252m_[38;2;248;248;248m_                                       [0m
[7m[38;2;252;252;252m [0m[38;2;0;0;0;48;2;252;252;252m                                                 [38;2;252;252;252;48;2;251;251;251m:`[38;2;254;254;254;48;2;243;243;243m:[38;2;90;90;90;48;2;201;201;201m_[38;2;209;209;209;48;2;88;88;88m~[38;2;78;78;78;48;2;20;20;20m~[38;2;0;0;0;48;2;2;2;2m:[38;2;2;2;2;48;2;0;0;0m`                 [38;2;0;0;0;48;2;7;7;7m:[38;2;129;129;129;48;2;47;47;47m~[38;2;0;0;0;48;2;150;150;150m_[38;2;17;17;17;48;2;155;155;155m_[38;2;222;222;222;48;2;111;111;111m~[38;2;79;79;79;48;2;155;155;155ms[38;2;181;181;181;48;2;209;209;209mm[38;2;240;240;240;48;2;245;245;245mr[48;2;252;252;252m                                     [0m
[7m[38;2;252;252;252m [0m[38;2;0;0;0;48;2;252;252;252m                                               [38;2;252;252;252;48;2;251;251;251m:[38;2;250;250;250m_[38;2;253;253;253;48;2;248;248;248m:[38;2;157;157;157;48;2;220;220;220m_[38;2;51;51;51;48;2;122;122;122my[38;2;64;64;64;48;2;18;18;18m~[38;2;2;2;2;48;2;1;1;1m'[38;2;1;1;1;48;2;0;0;0m`                    `[38;2;0;0;0;48;2;1;1;1m`[38;2;6;6;6;48;2;24;24;24m:[38;2;76;76;76;48;2;119;119;119m_[38;2;204;204;204;48;2;175;175;175my[38;2;238;238;238;48;2;195;195;195m_[38;2;227;227;227;48;2;235;235;235mF[38;2;249;249;249;48;2;250;250;250mL[48;2;252;252;252m                                    [0m
[7m[38;2;252;252;252m [0m[38;2;0;0;0;48;2;252;252;252m                                              [38;2;252;252;252;48;2;251;251;251m:[38;2;250;250;250my[38;2;253;253;253;48;2;247;247;247m:[38;2;158;158;158;48;2;210;210;210m_[38;2;125;125;125;48;2;63;63;63m~[38;2;24;24;24;48;2;5;5;5m~[38;2;2;2;2;48;2;0;0;0m`                         [38;2;0;0;0;48;2;38;38;38m:[38;2;133;133;133;48;2;185;185;185m_[38;2;230;230;230;48;2;243;243;243m,[38;2;251;251;251;48;2;250;250;250mh[38;2;252;252;252;48;2;251;251;251m.:[48;2;252;252;252m                                   [0m
[7m[38;2;252;252;252m [0m[38;2;0;0;0;48;2;252;252;252m                                              [38;2;252;252;252;48;2;251;251;251m:y[38;2;253;253;253;48;2;233;233;233m'[38;2;127;127;127;48;2;93;93;93mF[38;2;28;28;28;48;2;12;12;12m~[48;2;0;0;0m                           [38;2;0;0;0;48;2;5;5;5m:[38;2;94;94;94;48;2;59;59;59m~[38;2;164;164;164;48;2;211;211;211m_[38;2;237;237;237;48;2;248;248;248m,[38;2;250;250;250;48;2;251;251;251m_[38;2;252;252;252m:[48;2;252;252;252m                                   [0m
[7m[38;2;252;252;252m [0m[38;2;0;0;0;48;2;252;252;252m                                              [38;2;252;252;252;48;2;251;251;251m.[38;2;254;254;254;48;2;252;252;252m'[38;2;220;220;220;48;2;230;230;230m4[38;2;99;99;99;48;2;63;63;63mL[38;2;0;0;0;48;2;4;4;4m:[48;2;0;0;0m                            [48;2;10;10;10m:[38;2;70;70;70;48;2;101;101;101ms[38;2;213;213;213;48;2;229;229;229mL[38;2;250;250;250;48;2;251;251;251m`[38;2;252;252;252m.[48;2;252;252;252m                                   [0m
[7m[38;2;252;252;252m [0m[38;2;0;0;0;48;2;252;252;252m                                              [38;2;252;252;252;48;2;251;251;251m: [38;2;253;253;253;48;2;242;242;242m'[38;2;122;122;122;48;2;172;172;172m~[38;2;98;98;98;48;2;40;40;40m_[38;2;0;0;0;48;2;3;3;3m:[38;2;1;1;1;48;2;0;0;0m_                          [38;2;0;0;0;48;2;1;1;1m:[38;2;19;19;19;48;2;46;46;46m:[38;2;195;195;195;48;2;210;210;210mF[38;2;246;246;246;48;2;249;249;249mL[38;2;252;252;252;48;2;251;251;251mL[48;2;252;252;252m                                   [0m
[7m[38;2;252;252;252m [0m[38;2;0;0;0;48;2;252;252;252m                                               [38;2;252;252;252;48;2;251;251;251m: [38;2;253;253;253;48;2;247;247;247m'[38;2;149;149;149;48;2;216;216;216m~[38;2;195;195;195;48;2;101;101;101my[38;2;137;137;137;48;2;41;41;41m_[38;2;29;29;29;48;2;7;7;7m,[48;2;0;0;0m                         [38;2;0;0;0;48;2;18;18;18m:[38;2;158;158;158;48;2;111;111;111my[38;2;222;222;222;48;2;234;234;234m~[38;2;252;252;252;48;2;251;251;251m~:[48;2;252;252;252m                                   [0m
[7m[38;2;252;252;252m [0m[38;2;0;0;0;48;2;252;252;252m                                                 [38;2;252;252;252;48;2;251;251;251m: [38;2;254;254;254;48;2;249;249;249m'[38;2;174;174;174;48;2;213;213;213m`[38;2;107;107;107;48;2;68;68;68mL[38;2;15;15;15;48;2;6;6;6m,[48;2;0;0;0m                     [38;2;1;1;1m.[48;2;9;9;9m`[38;2;158;158;158;48;2;44;44;44m_[38;2;63;63;63;48;2;168;168;168m~[38;2;206;206;206;48;2;235;235;235m`[38;2;248;248;248;48;2;250;250;250m`[38;2;252;252;252;48;2;251;251;251m:[48;2;252;252;252m                                    [0m
[7m[38;2;252;252;252m [0m[38;2;0;0;0;48;2;252;252;252m                                                  [38;2;252;252;252;48;2;251;251;251m: [38;2;253;253;253;48;2;245;245;245m'[38;2;135;135;135;48;2;193;193;193m~[38;2;150;150;150;48;2;67;67;67m_[38;2;41;41;41;48;2;12;12;12m,[48;2;0;0;0m              [38;2;1;1;1m_ [38;2;0;0;0;48;2;1;1;1m:[38;2;47;47;47;48;2;2;2;2m_[38;2;93;93;93;48;2;14;14;14m_[38;2;172;172;172;48;2;53;53;53m_[38;2;192;192;192;48;2;94;94;94my[38;2;87;87;87;48;2;200;200;200m~[38;2;193;193;193;48;2;238;238;238m~[38;2;243;243;243;48;2;250;250;250m~[38;2;250;250;250;48;2;251;251;251m"[38;2;252;252;252m:[48;2;252;252;252m                                     [0m
[7m[38;2;252;252;252m [0m[38;2;0;0;0;48;2;252;252;252m                                                   [38;2;252;252;252;48;2;251;251;251m: [38;2;253;253;253m'[38;2;191;191;191;48;2;238;238;238m`[38;2;103;103;103;48;2;192;192;192m~[38;2;184;184;184;48;2;96;96;96my[38;2;197;197;197;48;2;49;49;49m_[38;2;147;147;147;48;2;21;21;21m_[38;2;101;101;101;48;2;13;13;13m_[38;2;67;67;67;48;2;8;8;8m_[38;2;42;42;42;48;2;4;4;4m_[38;2;18;18;18;48;2;2;2;2m_[38;2;22;22;22m_[38;2;29;29;29;48;2;3;3;3m_[38;2;41;41;41;48;2;4;4;4m_[38;2;59;59;59;48;2;7;7;7m_[38;2;111;111;111;48;2;14;14;14m_[38;2;146;146;146;48;2;19;19;19m_[38;2;178;178;178;48;2;31;31;31m_[38;2;204;204;204;48;2;58;58;58m_[38;2;183;183;183;48;2;87;87;87my[38;2;27;27;27;48;2;165;165;165m~[38;2;103;103;103;48;2;201;201;201m~[38;2;176;176;176;48;2;232;232;232m~[38;2;204;204;204;48;2;244;244;244m`[38;2;247;247;247;48;2;251;251;251m`[38;2;253;253;253;48;2;252;252;252m`[38;2;252;252;252;48;2;251;251;251m:[48;2;252;252;252m                                        [0m
[7m[38;2;252;252;252m [0m[38;2;0;0;0;48;2;252;252;252m                                                      [48;2;251;251;251m [38;2;252;252;252m.[38;2;247;247;247;48;2;250;250;250m`[38;2;237;237;237;48;2;248;248;248m`[38;2;196;196;196;48;2;237;237;237m~[38;2;151;151;151;48;2;226;226;226m~[38;2;121;121;121;48;2;219;219;219m~[38;2;101;101;101;48;2;215;215;215m~[38;2;84;84;84;48;2;208;208;208m~[38;2;86;86;86;48;2;210;210;210m~[38;2;90;90;90;48;2;212;212;212m~[38;2;98;98;98;48;2;214;214;214m~[38;2;112;112;112;48;2;219;219;219m~[38;2;154;154;154;48;2;228;228;228m~[38;2;189;189;189;48;2;237;237;237m~[38;2;221;221;221;48;2;245;245;245m~[38;2;241;241;241;48;2;249;249;249m`[38;2;247;247;247;48;2;251;251;251m`   [48;2;252;252;252m                                            [0m
[7m[38;2;252;252;252m [0m[38;2;0;0;0;48;2;252;252;252m                                                          [38;2;252;252;252;48;2;251;251;251m.[38;2;250;250;250m` [48;2;252;252;252m [38;2;253;253;253m` [38;2;252;252;252;48;2;251;251;251m`:.[38;2;250;250;250m` [38;2;252;252;252m:[48;2;252;252;252m                                                 [0m
[7m[38;2;252;252;252m [0m[38;2;0;0;0;48;2;252;252;252m                                                                                                                       [0m
[7m[38;2;252;252;252m [0m[38;2;0;0;0;48;2;252;252;252m                                                                                                                       [0m
[7m[38;2;252;252;252m [0m[38;2;0;0;0;48;2;252;252;252m                                                                                                                       [0m
[?25h