[?25l[0m[7m[38;2;0;0;0m [0m[38;2;0;0;0;48;2;0;0;0m                                      [38;2;57;57;57;48;2;35;35;35my[38;2;121;121;121;48;2;159;159;159mF[38;2;254;254;254;48;2;246;246;246m:[38;2;252;252;252;48;2;250;250;250m~[48;2;251;251;251m:[48;2;252;252;252m                                   [48;2;251;251;251m:[38;2;250;250;250my[38;2;253;253;253m:[38;2;191;191;191;48;2;232;232;232m_[38;2;76;76;76;48;2;118;118;118my[38;2;45;45;45;48;2;12;12;12m~[38;2;1;1;1;48;2;0;0;0m`                                  [0m
[7m[38;2;0;0;0m [0m[38;2;0;0;0;48;2;0;0;0m                                     [48;2;6;6;6m`[38;2;112;112;112;48;2;87;87;87m4[38;2;210;210;210;48;2;228;228;228m"[38;2;254;254;254;48;2;251;251;251m'[38;2;252;252;252m_:[48;2;252;252;252m                                   [48;2;251;251;251m [38;2;253;253;253m.[38;2;219;219;219;48;2;241;241;241m_[38;2;92;92;92;48;2;133;133;133my[38;2;51;51;51;48;2;21;21;21m^[48;2;0;0;0m                                    [0m
[7m[38;2;0;0;0m [0m[38;2;0;0;0;48;2;0;0;0m                                    [38;2;1;1;1m)[38;2;56;56;56;48;2;39;39;39my[38;2;128;128;128;48;2;162;162;162mF[38;2;254;254;254;48;2;247;247;247m:[48;2;250;250;250m [38;2;252;252;252;48;2;251;251;251m:[48;2;252;252;252m                                   [48;2;251;251;251m.[48;2;250;250;250m_[38;2;253;253;253;48;2;245;245;245m`[38;2;117;117;117;48;2;162;162;162my[38;2;79;79;79;48;2;36;36;36m~[48;2;0;0;0m                                     [0m
[7m[38;2;0;0;0m [0m[38;2;0;0;0;48;2;0;0;0m                                    [48;2;5;5;5m`[38;2;47;47;47;48;2;95;95;95m[[38;2;194;194;194;48;2;222;222;222m~[38;2;254;254;254;48;2;251;251;251m'[38;2;252;252;252m_:[48;2;252;252;252m                                  [48;2;251;251;251m:[48;2;250;250;250m [48;2;249;249;249m [38;2;149;149;149;48;2;192;192;192my[38;2;98;98;98;48;2;55;55;55m~[38;2;3;3;3;48;2;1;1;1m`[48;2;0;0;0m                                     [0m
[7m[38;2;0;0;0m [0m[38;2;0;0;0;48;2;0;0;0m                                    [38;2;49;49;49;48;2;35;35;35my[38;2;122;122;122;48;2;155;155;155mF[38;2;254;254;254;48;2;246;246;246m:[48;2;250;250;250m [38;2;252;252;252;48;2;251;251;251m:[48;2;252;252;252m                                  [48;2;251;251;251m:~[38;2;253;253;253;48;2;250;250;250m:[38;2;158;158;158;48;2;215;215;215m_[38;2;118;118;118;48;2;71;71;71mF[38;2;16;16;16;48;2;3;3;3m~[48;2;0;0;0m                                      [0m
[7m[38;2;0;0;0m [0m[38;2;0;0;0;48;2;0;0;0m                                   [38;2;1;1;1m`[38;2;33;33;33;48;2;81;81;81m[[38;2;178;178;178;48;2;208;208;208m~[38;2;254;254;254;48;2;250;250;250m: [38;2;252;252;252;48;2;251;251;251m:[48;2;252;252;252m                                  [38;2;250;250;250;48;2;251;251;251m_[38;2;254;254;254m.[38;2;199;199;199;48;2;234;234;234m_[38;2;143;143;143;48;2;96;96;96mF[38;2;47;47;47;48;2;14;14;14m'[38;2;1;1;1;48;2;0;0;0m`                                      [0m
[7m[38;2;0;0;0m [0m[38;2;0;0;0;48;2;0;0;0m                                  [38;2;1;1;1m_[38;2;25;25;25;48;2;12;12;12m_[38;2;77;77;77;48;2;121;121;121mF[38;2;228;228;228;48;2;242;242;242m~[48;2;252;252;252m [38;2;252;252;252;48;2;251;251;251m.[48;2;252;252;252m                                  [48;2;251;251;251m:[38;2;250;250;250m4[38;2;253;253;253;48;2;246;246;246m:[38;2;121;121;121;48;2;154;154;154my[38;2;64;64;64;48;2;34;34;34m~[48;2;0;0;0m                                        [0m
[7m[38;2;0;0;0m [0m[38;2;0;0;0;48;2;0;0;0m                                  [38;2;1;1;1m:[38;2;58;58;58;48;2;42;42;42m4[38;2;134;134;134;48;2;164;164;164mF[38;2;254;254;254;48;2;247;247;247m:[48;2;250;250;250m [38;2;252;252;252;48;2;251;251;251m:[48;2;252;252;252m                                 [48;2;251;251;251m:[38;2;250;250;250mg[38;2;253;253;253;48;2;249;249;249m:[38;2;163;163;163;48;2;208;208;208m_[38;2;108;108;108;48;2;65;65;65mF[38;2;9;9;9;48;2;1;1;1m~[48;2;0;0;0m                                        [0m
[7m[38;2;0;0;0m [0m[38;2;0;0;0;48;2;0;0;0m                                   [38;2;90;90;90;48;2;63;63;63m4[38;2;178;178;178;48;2;200;200;200m~[38;2;254;254;254;48;2;249;249;249m:[48;2;250;250;250m [38;2;252;252;252;48;2;251;251;251m:[48;2;252;252;252m                                 [48;2;251;251;251m [38;2;249;249;249m`[38;2;253;253;253;48;2;236;236;236m`[38;2;84;84;84;48;2;118;118;118my[38;2;35;35;35;48;2;14;14;14m^[38;2;1;1;1;48;2;0;0;0m"                                        [0m
[7m[38;2;0;0;0m [0m[38;2;0;0;0;48;2;0;0;0m                                  [48;2;4;4;4m`[38;2;76;76;76;48;2;97;97;97ml[38;2;222;222;222;48;2;230;230;230m^[38;2;254;254;254;48;2;252;252;252m:[48;2;251;251;251m [48;2;252;252;252m                                 [38;2;252;252;252;48;2;251;251;251m:[48;2;250;250;250m [38;2;253;253;253;48;2;246;246;246m`[38;2;135;135;135;48;2;171;171;171my[38;2;77;77;77;48;2;43;43;43m~[38;2;1;1;1;48;2;0;0;0m.                                         [0m
[7m[38;2;0;0;0m [0m[38;2;0;0;0;48;2;0;0;0m                                 [38;2;1;1;1m,[38;2;25;25;25;48;2;17;17;17my[38;2;101;101;101;48;2;125;125;125ml[38;2;253;253;253;48;2;245;245;245m:[38;2;250;250;250;48;2;251;251;251m,[38;2;252;252;252m.[48;2;252;252;252m                                 [48;2;251;251;251m [38;2;254;254;254;48;2;252;252;252m.[48;2;236;236;236m`[38;2;119;119;119;48;2;97;97;97ml[38;2;21;21;21;48;2;7;7;7m~[48;2;0;0;0m                                          [0m
[7m[38;2;0;0;0m [0m[38;2;0;0;0;48;2;0;0;0m                                 [38;2;1;1;1m:[38;2;17;17;17;48;2;40;40;40mF[38;2;115;115;115;48;2;147;147;147m[[38;2;254;254;254;48;2;247;247;247m:[48;2;250;250;250m [38;2;252;252;252;48;2;251;251;251m:[48;2;252;252;252m                                [48;2;251;251;251m:[48;2;250;250;250m [38;2;254;254;254;48;2;248;248;248m`[38;2;166;166;166;48;2;192;192;192my[38;2;87;87;87;48;2;52;52;52mF[38;2;1;1;1;48;2;0;0;0m.                                          [0m
[7m[38;2;0;0;0m [0m[38;2;0;0;0;48;2;0;0;0m                                 [38;2;1;1;1m:[38;2;40;40;40;48;2;54;54;54ml[38;2;151;151;151;48;2;172;172;172mF[38;2;254;254;254;48;2;248;248;248m:[38;2;249;249;249;48;2;250;250;250m$[38;2;252;252;252;48;2;251;251;251m:[48;2;252;252;252m                                [48;2;251;251;251m:.[38;2;253;253;253;48;2;244;244;244m:[38;2;101;101;101;48;2;130;130;130mj[38;2;48;48;48;48;2;23;23;23m'[38;2;1;1;1;48;2;0;0;0m.                                          [0m
[7m[38;2;0;0;0m [0m[38;2;0;0;0;48;2;0;0;0m                                  [38;2;45;45;45;48;2;60;60;60ml[38;2;162;162;162;48;2;182;182;182mF[38;2;254;254;254;48;2;248;248;248m:[38;2;249;249;249;48;2;250;250;250m$[38;2;252;252;252;48;2;251;251;251m:[48;2;252;252;252m                                [48;2;251;251;251m [38;2;254;254;254;48;2;252;252;252m.[38;2;251;251;251;48;2;229;229;229m`[38;2;109;109;109;48;2;84;84;84ml[38;2;9;9;9;48;2;3;3;3m~[48;2;0;0;0m                                           [0m
[7m[38;2;0;0;0m [0m[38;2;0;0;0;48;2;0;0;0m                                  [38;2;49;49;49;48;2;67;67;67mi[38;2;177;177;177;48;2;193;193;193mF[38;2;254;254;254;48;2;249;249;249m:[48;2;250;250;250m [38;2;252;252;252;48;2;251;251;251m:[48;2;252;252;252m                               [48;2;251;251;251m:[48;2;250;250;250m [38;2;254;254;254;48;2;249;249;249m`[38;2;189;189;189;48;2;202;202;202my[38;2;93;93;93;48;2;58;58;58mF[48;2;0;0;0m                                            [0m
[7m[38;2;0;0;0m [0m[38;2;0;0;0;48;2;0;0;0m                                  [38;2;52;52;52;48;2;71;71;71mi[38;2;187;187;187;48;2;199;199;199mF[38;2;248;248;248;48;2;250;250;250mL [48;2;252;252;252m                                [38;2;252;252;252;48;2;251;251;251m:[38;2;249;249;249;48;2;250;250;250m`[38;2;253;253;253;48;2;246;246;246m`[38;2;184;184;184;48;2;162;162;162mF[38;2;70;70;70;48;2;43;43;43mF[38;2;1;1;1;48;2;0;0;0m.                                           [0m
[7m[38;2;0;0;0m [0m[38;2;0;0;0;48;2;0;0;0m                                  [38;2;50;50;50;48;2;69;69;69mi[38;2;189;189;189;48;2;194;194;194m$[38;2;254;254;254;48;2;249;249;249m:[38;2;249;249;249;48;2;250;250;250m%[38;2;252;252;252;48;2;251;251;251m:[48;2;252;252;252m                               [48;2;251;251;251m:[38;2;248;248;248;48;2;249;249;249m][38;2;253;253;253;48;2;245;245;245m`[38;2;165;165;165;48;2;140;140;140mF[38;2;54;54;54;48;2;33;33;33mF[38;2;1;1;1;48;2;0;0;0m:                                           [0m
[7m[38;2;0;0;0m [0m[38;2;0;0;0;48;2;0;0;0m                                  [38;2;52;52;52;48;2;70;70;70mi[38;2;183;183;183;48;2;198;198;198mF[38;2;254;254;254;48;2;249;249;249m:[48;2;250;250;250m [38;2;252;252;252;48;2;251;251;251m:[48;2;252;252;252m                               [48;2;251;251;251m:[48;2;250;250;250m [38;2;253;253;253;48;2;244;244;244m:[38;2;142;142;142;48;2;120;120;120m[[38;2;35;35;35;48;2;21;21;21mF[38;2;1;1;1;48;2;0;0;0m:                                           [0m
[7m[38;2;0;0;0m [0m[38;2;0;0;0;48;2;0;0;0m                                  [38;2;48;48;48;48;2;68;68;68mi[38;2;175;175;175;48;2;193;193;193mL[38;2;254;254;254;48;2;249;249;249m:[48;2;250;250;250m [38;2;252;252;252;48;2;251;251;251m:[48;2;252;252;252m                               [48;2;251;251;251m:_[38;2;254;254;254;48;2;242;242;242m`[38;2;122;122;122;48;2;103;103;103ml[38;2;19;19;19;48;2;11;11;11m~[38;2;1;1;1;48;2;0;0;0m`                                           [0m
[7m[38;2;0;0;0m [0m[38;2;0;0;0;48;2;0;0;0m                                 [38;2;1;1;1m.[38;2;38;38;38;48;2;55;55;55mi[38;2;149;149;149;48;2;173;173;173mL[38;2;254;254;254;48;2;248;248;248m:[38;2;249;249;249;48;2;250;250;250m$[38;2;252;252;252;48;2;251;251;251m:[48;2;252;252;252m                               [48;2;251;251;251m [38;2;254;254;254;48;2;252;252;252m.[38;2;248;248;248;48;2;235;235;235m'[38;2;113;113;113;48;2;90;90;90ml[38;2;8;8;8;48;2;4;4;4mM[48;2;0;0;0m                                            [0m
[7m[38;2;0;0;0m [0m[38;2;0;0;0;48;2;0;0;0m                                 [38;2;1;1;1m:[38;2;57;57;57;48;2;39;39;39m4[38;2;137;137;137;48;2;156;156;156mi[38;2;254;254;254;48;2;247;247;247m:[38;2;249;249;249;48;2;250;250;250m$[38;2;252;252;252;48;2;251;251;251m:[48;2;252;252;252m                               [48;2;251;251;251m [38;2;254;254;254;48;2;252;252;252m:[38;2;238;238;238;48;2;228;228;228m'[38;2;107;107;107;48;2;81;81;81ml[38;2;4;4;4;48;2;2;2;2mL[48;2;0;0;0m                                            [0m
[7m[38;2;0;0;0m [0m[38;2;0;0;0;48;2;0;0;0m                                  [38;2;35;35;35;48;2;23;23;23m4[38;2;107;107;107;48;2;134;134;134mi[38;2;254;254;254;48;2;247;247;247m:[38;2;250;250;250;48;2;251;251;251m"[38;2;252;252;252m:[48;2;252;252;252m                               [48;2;251;251;251m [38;2;254;254;254m:[38;2;214;214;214;48;2;221;221;221mu[38;2;100;100;100;48;2;74;74;74ml[38;2;2;2;2;48;2;1;1;1m'[48;2;0;0;0m                                            [0m
[7m[38;2;0;0;0m [0m[38;2;0;0;0;48;2;0;0;0m                                  [38;2;5;5;5;48;2;12;12;12m:[38;2;88;88;88;48;2;116;116;116mi[38;2;254;254;254;48;2;243;243;243m`[38;2;253;253;253;48;2;252;252;252m_[48;2;251;251;251m [48;2;252;252;252m                               [38;2;250;250;250;48;2;251;251;251m`[38;2;254;254;254;48;2;250;250;250m:[38;2;207;207;207;48;2;214;214;214m4[38;2;95;95;95;48;2;67;67;67ml[48;2;0;0;0m                                             [0m
[7m[38;2;0;0;0m [0m[38;2;0;0;0;48;2;0;0;0m                                  [38;2;4;4;4;48;2;2;2;2m"[38;2;64;64;64;48;2;90;90;90mi[38;2;206;206;206;48;2;222;222;222m_[38;2;254;254;254;48;2;251;251;251m: [48;2;252;252;252m                               [38;2;250;250;250;48;2;251;251;251m`[38;2;254;254;254;48;2;250;250;250m:[38;2;207;207;207;48;2;214;214;214m4[38;2;95;95;95;48;2;67;67;67ml[48;2;0;0;0m                                             [0m
[7m[38;2;0;0;0m [0m[38;2;0;0;0;48;2;0;0;0m                                  [38;2;1;1;1m,[38;2;80;80;80;48;2;55;55;55m4[38;2;164;164;164;48;2;187;187;187mL[38;2;254;254;254;48;2;248;248;248m:[38;2;249;249;249;48;2;250;250;250mi[38;2;252;252;252;48;2;251;251;251m:[48;2;252;252;252m                              [48;2;251;251;251m  [38;2;211;211;211;48;2;219;219;219m4[38;2;99;99;99;48;2;71;71;71ml[38;2;1;1;1;48;2;0;0;0m.                                            [0m
[7m[38;2;0;0;0m [0m[38;2;0;0;0;48;2;0;0;0m                                  [38;2;1;1;1m:[38;2;47;47;47;48;2;32;32;32m4[38;2;117;117;117;48;2;148;148;148m[[38;2;253;253;253;48;2;247;247;247m`[48;2;250;250;250m [38;2;252;252;252;48;2;251;251;251m:[48;2;252;252;252m                              [48;2;251;251;251m [38;2;254;254;254;48;2;252;252;252m:[38;2;244;244;244;48;2;234;234;234m:[38;2;112;112;112;48;2;86;86;86ml[38;2;6;6;6;48;2;3;3;3mL[48;2;0;0;0m                                            [0m
[7m[38;2;0;0;0m [0m[38;2;0;0;0;48;2;0;0;0m                                  [38;2;1;1;1m`[38;2;23;23;23;48;2;13;13;13m`[38;2;85;85;85;48;2;115;115;115mi[38;2;254;254;254;48;2;240;240;240m`[38;2;251;251;251;48;2;252;252;252m`[48;2;251;251;251m [48;2;252;252;252m                              [48;2;251;251;251m [48;2;252;252;252m [48;2;241;241;241m:[38;2;119;119;119;48;2;97;97;97ml[38;2;12;12;12;48;2;7;7;7mL[48;2;0;0;0m                                            [0m
[7m[38;2;0;0;0m [0m[38;2;0;0;0;48;2;0;0;0m                                   [48;2;1;1;1m:[38;2;99;99;99;48;2;69;69;69m4[38;2;186;186;186;48;2;210;210;210m_[38;2;254;254;254;48;2;250;250;250m: [38;2;252;252;252;48;2;251;251;251m:[48;2;252;252;252m                              [48;2;251;251;251m [38;2;254;254;254;48;2;244;244;244m:[38;2;128;128;128;48;2;110;110;110ml[38;2;26;26;26;48;2;14;14;14mL[38;2;1;1;1;48;2;0;0;0m_                                           [0m
[7m[38;2;0;0;0m [0m[38;2;0;0;0;48;2;0;0;0m                                   [38;2;1;1;1m:[38;2;56;56;56;48;2;37;37;37m4[38;2;123;123;123;48;2;158;158;158mL[38;2;254;254;254;48;2;247;247;247m:[48;2;250;250;250m [38;2;252;252;252;48;2;251;251;251m:[48;2;252;252;252m                             [48;2;251;251;251m:[48;2;250;250;250m [38;2;254;254;254;48;2;244;244;244m`[38;2;158;158;158;48;2;127;127;127mL[38;2;45;45;45;48;2;26;26;26mL[38;2;1;1;1;48;2;0;0;0m:                                           [0m
[7m[38;2;0;0;0m [0m[38;2;0;0;0;48;2;0;0;0m                                    [38;2;15;15;15;48;2;7;7;7m"[38;2;121;121;121;48;2;91;91;91m4[38;2;210;210;210;48;2;233;233;233m_[38;2;254;254;254;48;2;251;251;251m: [48;2;252;252;252m                             [38;2;252;252;252;48;2;251;251;251m:[38;2;249;249;249;48;2;250;250;250m`[38;2;253;253;253;48;2;246;246;246m:[38;2;180;180;180;48;2;152;152;152mL[38;2;65;65;65;48;2;39;39;39mL[48;2;0;0;0m                                            [0m
[7m[38;2;0;0;0m [0m[38;2;0;0;0;48;2;0;0;0m                                    [38;2;1;1;1m:[38;2;73;73;73;48;2;50;50;50m4[38;2;154;154;154;48;2;180;180;180mL[38;2;254;254;254;48;2;248;248;248m:[48;2;250;250;250m [38;2;252;252;252;48;2;251;251;251m:[48;2;252;252;252m                            [48;2;251;251;251m:[48;2;250;250;250m [38;2;253;253;253;48;2;248;248;248m:[38;2;186;186;186;48;2;198;198;198m4[38;2;93;93;93;48;2;57;57;57mL[48;2;0;0;0m                                            [0m
[7m[38;2;0;0;0m [0m[38;2;0;0;0;48;2;0;0;0m                                    [38;2;1;1;1m~[38;2;39;39;39;48;2;19;19;19m`[38;2;85;85;85;48;2;127;127;127mL[38;2;254;254;254;48;2;243;243;243m'[38;2;252;252;252;48;2;251;251;251my.[48;2;252;252;252m                             [48;2;251;251;251m [38;2;254;254;254m`[38;2;219;219;219;48;2;231;231;231m"[38;2;119;119;119;48;2;84;84;84m[[38;2;13;13;13;48;2;4;4;4m,[48;2;0;0;0m                                           [0m
[7m[38;2;0;0;0m [0m[38;2;0;0;0;48;2;0;0;0m                                     [38;2;2;2;2m`[38;2;89;89;89;48;2;61;61;61m4[38;2;160;160;160;48;2;200;200;200m_[38;2;254;254;254;48;2;249;249;249m:[48;2;250;250;250m [38;2;252;252;252;48;2;251;251;251m:[48;2;252;252;252m                            [48;2;251;251;251m:[48;2;250;250;250m [38;2;253;253;253;48;2;244;244;244m:[38;2;146;146;146;48;2;123;123;123m[[38;2;41;41;41;48;2;22;22;22mL[48;2;0;0;0m                                           [0m
[7m[38;2;0;0;0m [0m[38;2;0;0;0;48;2;0;0;0m                                     [38;2;1;1;1m"[38;2;43;43;43;48;2;17;17;17m`[38;2;77;77;77;48;2;124;124;124mL[38;2;226;226;226;48;2;240;240;240m,[38;2;254;254;254;48;2;251;251;251m.[38;2;252;252;252m.[48;2;252;252;252m                            [48;2;251;251;251m:[48;2;250;250;250m [38;2;253;253;253;48;2;248;248;248m`[38;2;166;166;166;48;2;186;186;186m~[38;2;87;87;87;48;2;52;52;52mL[38;2;1;1;1;48;2;0;0;0m"                                          [0m
[7m[38;2;0;0;0m [0m[38;2;0;0;0;48;2;0;0;0m                                      [38;2;1;1;1m:[38;2;73;73;73;48;2;49;49;49m4[38;2;148;148;148;48;2;180;180;180mL[38;2;254;254;254;48;2;247;247;247m:[48;2;250;250;250m [38;2;252;252;252;48;2;251;251;251m:[48;2;252;252;252m                            [48;2;251;251;251m [38;2;254;254;254m`[48;2;235;235;235m.[38;2;71;71;71;48;2;108;108;108m4[38;2;23;23;23;48;2;8;8;8m_[48;2;0;0;0m                                          [0m
[7m[38;2;0;0;0m [0m[38;2;0;0;0;48;2;0;0;0m                                       [38;2;20;20;20;48;2;9;9;9m"[38;2;57;57;57;48;2;107;107;107mL[38;2;201;201;201;48;2;232;232;232m_[38;2;253;253;253;48;2;251;251;251m: [48;2;252;252;252m                            [38;2;252;252;252;48;2;251;251;251m:[48;2;250;250;250m [38;2;253;253;253;48;2;246;246;246m`[38;2;140;140;140;48;2;162;162;162m4[38;2;67;67;67;48;2;39;39;39mL[38;2;1;1;1;48;2;0;0;0m.                                         [0m
[?25h