[?25l[0m[7m[38;2;0;0;0m [0m[38;2;0;0;0;48;2;0;0;0m                                                         [48;2;2;2;2m:[38;2;84;84;84;48;2;60;60;60m4[38;2;214;214;214;48;2;225;225;225mL[38;2;253;253;253;48;2;251;251;251m: [48;2;252;252;252m                                                         [0m
[7m[38;2;0;0;0m [0m[38;2;0;0;0;48;2;0;0;0m                                                         [48;2;1;1;1m:[38;2;84;84;84;48;2;60;60;60m4[38;2;214;214;214;48;2;225;225;225mL[38;2;253;253;253;48;2;251;251;251m: [48;2;252;252;252m                                                         [0m
[7m[38;2;0;0;0m [0m[38;2;0;0;0;48;2;0;0;0m                                                         [48;2;1;1;1m:[38;2;84;84;84;48;2;60;60;60m4[38;2;214;214;214;48;2;225;225;225mL[38;2;253;253;253;48;2;251;251;251m: [48;2;252;252;252m                                                         [0m
[7m[38;2;0;0;0m [0m[38;2;0;0;0;48;2;0;0;0m                                                         [48;2;1;1;1m:[38;2;84;84;84;48;2;60;60;60m4[38;2;214;214;214;48;2;225;225;225mL[38;2;253;253;253;48;2;251;251;251m: [48;2;252;252;252m                                                         [0m
[7m[38;2;0;0;0m [0m[38;2;0;0;0;48;2;0;0;0m                                                         [48;2;1;1;1m:[38;2;84;84;84;48;2;60;60;60m4[38;2;214;214;214;48;2;225;225;225mL[38;2;253;253;253;48;2;251;251;251m: [48;2;252;252;252m                                                         [0m
[7m[38;2;0;0;0m [0m[38;2;0;0;0;48;2;0;0;0m                                                         [48;2;1;1;1m:[38;2;84;84;84;48;2;60;60;60m4[38;2;214;214;214;48;2;225;225;225mL[38;2;253;253;253;48;2;251;251;251m: [48;2;252;252;252m                                                         [0m
[7m[38;2;0;0;0m [0m[38;2;0;0;0;48;2;0;0;0m                                                         [48;2;1;1;1m:[38;2;84;84;84;48;2;60;60;60m4[38;2;214;214;214;48;2;225;225;225mL[38;2;253;253;253;48;2;251;251;251m: [48;2;252;252;252m                                                         [0m
[7m[38;2;0;0;0m [0m[38;2;0;0;0;48;2;0;0;0m                                                         [48;2;1;1;1m:[38;2;84;84;84;48;2;60;60;60m4[38;2;214;214;214;48;2;225;225;225mL[38;2;253;253;253;48;2;251;251;251m: [48;2;252;252;252m                                                         [0m
[7m[38;2;0;0;0m [0m[38;2;0;0;0;48;2;0;0;0m                                                         [48;2;1;1;1m:[38;2;84;84;84;48;2;60;60;60m4[38;2;214;214;214;48;2;225;225;225mL[38;2;253;253;253;48;2;251;251;251m: [48;2;252;252;252m                                                         [0m
[7m[38;2;0;0;0m [0m[38;2;0;0;0;48;2;0;0;0m                                                         [48;2;1;1;1m:[38;2;84;84;84;48;2;60;60;60m4[38;2;214;214;214;48;2;225;225;225mL[38;2;253;253;253;48;2;251;251;251m: [48;2;252;252;252m                                                         [0m
[7m[38;2;0;0;0m [0m[38;2;0;0;0;48;2;0;0;0m                                                         [48;2;1;1;1m:[38;2;84;84;84;48;2;60;60;60m4[38;2;214;214;214;48;2;225;225;225mL[38;2;253;253;253;48;2;251;251;251m: [48;2;252;252;252m                                                         [0m
[7m[38;2;0;0;0m [0m[38;2;0;0;0;48;2;0;0;0m                                                         [48;2;1;1;1m:[38;2;84;84;84;48;2;60;60;60m4[38;2;214;214;214;48;2;225;225;225mL[38;2;253;253;253;48;2;251;251;251m: [48;2;252;252;252m                                                         [0m
[7m[38;2;0;0;0m [0m[38;2;0;0;0;48;2;0;0;0m                                                         [48;2;1;1;1m:[38;2;84;84;84;48;2;60;60;60m4[38;2;213;213;213;48;2;225;225;225mL[38;2;253;253;253;48;2;251;251;251m: [48;2;252;252;252m                                                         [0m
[7m[38;2;0;0;0m [0m[38;2;0;0;0;48;2;0;0;0m                                                         [48;2;1;1;1m:[38;2;84;84;84;48;2;60;60;60m4[38;2;214;214;214;48;2;225;225;225mL[38;2;250;250;250;48;2;251;251;251mL [48;2;252;252;252m                                                         [0m
[7m[38;2;0;0;0m [0m[38;2;0;0;0;48;2;0;0;0m                                                         [48;2;1;1;1m:[38;2;84;84;84;48;2;60;60;60m4[38;2;214;214;214;48;2;225;225;225mL[38;2;253;253;253;48;2;251;251;251m: [48;2;252;252;252m                                                         [0m
[7m[38;2;0;0;0m [0m[38;2;0;0;0;48;2;0;0;0m                                                         [48;2;1;1;1m:[38;2;84;84;84;48;2;60;60;60m4[38;2;214;214;214;48;2;225;225;225mL[38;2;253;253;253;48;2;251;251;251m: [48;2;252;252;252m                                                         [0m
[7m[38;2;0;0;0m [0m[38;2;0;0;0;48;2;0;0;0m                                                   [38;2;1;1;1m_ * [38;2;10;10;10;48;2;1;1;1m_[38;2;26;26;26;48;2;4;4;4m_[38;2;27;27;27;48;2;5;5;5m_[38;2;83;83;83;48;2;62;62;62m4[38;2;216;216;216;48;2;226;226;226mF[38;2;253;253;253;48;2;251;251;251m`[38;2;254;254;254m__[38;2;253;253;253;48;2;252;252;252m,[48;2;251;251;251m  [38;2;252;252;252m:[48;2;252;252;252m                                                    [0m
[7m[38;2;0;0;0m [0m[38;2;0;0;0;48;2;0;0;0m                                                 [48;2;3;3;3m:[38;2;98;98;98;48;2;13;13;13m_[38;2;176;176;176;48;2;52;52;52m_[38;2;193;193;193;48;2;91;91;91my[38;2;223;223;223;48;2;135;135;135my[38;2;104;104;104;48;2;199;199;199m~[38;2;134;134;134;48;2;219;219;219m~[38;2;149;149;149;48;2;228;228;228m~[38;2;152;152;152;48;2;229;229;229m~[38;2;143;143;143;48;2;204;204;204m~[38;2;77;77;77;48;2;152;152;152my[38;2;55;55;55;48;2;160;160;160my[38;2;1;1;1;48;2;163;163;163m_[38;2;0;0;0;48;2;165;165;165m_[38;2;13;13;13;48;2;177;177;177m_[38;2;67;67;67;48;2;201;201;201m_[38;2;166;166;166;48;2;233;233;233m_[38;2;224;224;224;48;2;248;248;248m_[38;2;247;247;247;48;2;250;250;250m,[38;2;252;252;252;48;2;251;251;251m.[48;2;252;252;252m                                                  [0m
[7m[38;2;0;0;0m [0m[38;2;0;0;0;48;2;0;0;0m                                              [38;2;1;1;1m_[38;2;0;0;0;48;2;1;1;1m`[38;2;70;70;70;48;2;25;25;25m_[38;2;177;177;177;48;2;99;99;99my[38;2;139;139;139;48;2;217;217;217m~[38;2;228;228;228;48;2;245;245;245m~[38;2;244;244;244;48;2;250;250;250m`[38;2;249;249;249;48;2;251;251;251m~[38;2;250;250;250mT [38;2;252;252;252m`[38;2;254;254;254m:[38;2;237;237;237;48;2;223;223;223m'[38;2;97;97;97;48;2;60;60;60mL[38;2;2;2;2;48;2;1;1;1mL[48;2;0;0;0m  [38;2;4;4;4m`[38;2;41;41;41;48;2;6;6;6m`[38;2;125;125;125;48;2;27;27;27m`[38;2;176;176;176;48;2;81;81;81m~[38;2;60;60;60;48;2;178;178;178m_[38;2;139;139;139;48;2;231;231;231m_[38;2;234;234;234;48;2;248;248;248m,[38;2;252;252;252;48;2;251;251;251m::[48;2;252;252;252m                                               [0m
[7m[38;2;0;0;0m [0m[38;2;0;0;0;48;2;0;0;0m                                             [48;2;2;2;2m:[38;2;99;99;99;48;2;18;18;18m_[38;2;192;192;192;48;2;89;89;89m_[38;2;127;127;127;48;2;207;207;207m~[38;2;252;252;252;48;2;246;246;246m:[38;2;253;253;253;48;2;252;252;252m`[38;2;252;252;252;48;2;251;251;251m:[48;2;252;252;252m    [48;2;251;251;251m [38;2;254;254;254m:[38;2;237;237;237;48;2;223;223;223m:[38;2;97;97;97;48;2;60;60;60mL[38;2;2;2;2;48;2;1;1;1mL[48;2;0;0;0m      [38;2;0;0;0;48;2;4;4;4m`[38;2;83;83;83;48;2;30;30;30m"[38;2;66;66;66;48;2;134;134;134mg[38;2;166;166;166;48;2;224;224;224m_[38;2;223;223;223;48;2;247;247;247m_[38;2;248;248;248;48;2;250;250;250m,[48;2;251;251;251m [48;2;252;252;252m                                             [0m
[7m[38;2;0;0;0m [0m[38;2;0;0;0;48;2;0;0;0m                                         [38;2;1;1;1m_[38;2;0;0;0;48;2;2;2;2m`[38;2;88;88;88;48;2;20;20;20m_[38;2;213;213;213;48;2;73;73;73m_[38;2;31;31;31;48;2;170;170;170m~[38;2;138;138;138;48;2;216;216;216m~[38;2;229;229;229;48;2;247;247;247m~[38;2;253;253;253;48;2;251;251;251m`[38;2;251;251;251;48;2;252;252;252m`[38;2;253;253;253m`     [48;2;251;251;251m [38;2;254;254;254m:[38;2;237;237;237;48;2;223;223;223m:[38;2;97;97;97;48;2;60;60;60mL[38;2;2;2;2;48;2;1;1;1mL[48;2;0;0;0m        [38;2;0;0;0;48;2;4;4;4m:[38;2;88;88;88;48;2;26;26;26m~[38;2;169;169;169;48;2;78;78;78m~[38;2;46;46;46;48;2;165;165;165m_[38;2;131;131;131;48;2;228;228;228m_[38;2;230;230;230;48;2;247;247;247m,[48;2;251;251;251m  [38;2;252;252;252m:[48;2;252;252;252m                                         [0m
[7m[38;2;0;0;0m [0m[38;2;0;0;0;48;2;0;0;0m                                        [38;2;24;24;24;48;2;2;2;2m_[38;2;117;117;117;48;2;35;35;35m_[38;2;44;44;44;48;2;147;147;147m~[38;2;121;121;121;48;2;209;209;209m`[38;2;111;111;111;48;2;204;204;204m_[38;2;131;131;131;48;2;182;182;182my[38;2;224;224;224;48;2;234;234;234mF[38;2;254;254;254;48;2;251;251;251m:[38;2;252;252;252m`[48;2;252;252;252m       [48;2;251;251;251m [38;2;254;254;254m:[38;2;237;237;237;48;2;223;223;223m:[38;2;97;97;97;48;2;61;61;61mL[38;2;3;3;3;48;2;1;1;1mL[48;2;0;0;0m        [38;2;1;1;1m,[38;2;22;22;22;48;2;14;14;14mu[38;2;106;106;106;48;2;80;80;80ma[38;2;179;179;179;48;2;103;103;103my[38;2;158;158;158;48;2;74;74;74m_[38;2;190;190;190;48;2;96;96;96m~[38;2;103;103;103;48;2;204;204;204m_[38;2;223;223;223;48;2;244;244;244m,[38;2;250;250;250;48;2;251;251;251m,[48;2;252;252;252m                                         [0m
[7m[38;2;0;0;0m [0m[38;2;0;0;0;48;2;0;0;0m                                       [48;2;2;2;2m`[38;2;90;90;90;48;2;66;66;66mq[38;2;147;147;147;48;2;207;207;207m~[38;2;243;243;243;48;2;228;228;228m'[38;2;230;230;230;48;2;158;158;158m_[38;2;206;206;206;48;2;140;140;140my[38;2;128;128;128;48;2;214;214;214m~[38;2;254;254;254;48;2;249;249;249m:[48;2;252;252;252m         [48;2;251;251;251m :[38;2;237;237;237;48;2;223;223;223m:[38;2;97;97;97;48;2;61;61;61mL[38;2;3;3;3;48;2;1;1;1mL[48;2;0;0;0m         [38;2;0;0;0;48;2;2;2;2m:[38;2;73;73;73;48;2;28;28;28m"[38;2;46;46;46;48;2;130;130;130my[38;2;80;80;80;48;2;175;175;175m_[38;2;143;143;143;48;2;114;114;114ma[38;2;72;72;72;48;2;60;60;60mr[38;2;90;90;90;48;2;144;144;144my[38;2;227;227;227;48;2;237;237;237mr[38;2;252;252;252;48;2;251;251;251m_:[48;2;252;252;252m                                       [0m
[7m[38;2;0;0;0m [0m[38;2;0;0;0;48;2;0;0;0m                                       [48;2;2;2;2m:[38;2;97;97;97;48;2;55;55;55m`[38;2;37;37;37;48;2;166;166;166m_[38;2;62;62;62;48;2;195;195;195m_[38;2;40;40;40;48;2;187;187;187m_[38;2;78;78;78;48;2;177;177;177m_[38;2;212;212;212;48;2;228;228;228mr[38;2;254;254;254;48;2;251;251;251m:[38;2;252;252;252m`[48;2;252;252;252m        [48;2;251;251;251m [38;2;254;254;254m:[38;2;237;237;237;48;2;223;223;223m:[38;2;97;97;97;48;2;61;61;61mL[38;2;3;3;3;48;2;1;1;1mL[48;2;0;0;0m           [38;2;0;0;0;48;2;17;17;17m`[38;2;161;161;161;48;2;57;57;57m_[38;2;167;167;167;48;2;53;53;53m_[38;2;156;156;156;48;2;46;46;46m_[38;2;154;154;154;48;2;102;102;102my[38;2;221;221;221;48;2;233;233;233mF[38;2;252;252;252;48;2;251;251;251m`[48;2;252;252;252m                                        [0m
[7m[38;2;0;0;0m [0m[38;2;0;0;0;48;2;0;0;0m                                        [38;2;2;2;2m`[38;2;24;24;24;48;2;3;3;3m`[38;2;49;49;49;48;2;6;6;6m`[38;2;27;27;27;48;2;4;4;4m`[38;2;85;85;85;48;2;57;57;57m4[38;2;158;158;158;48;2;199;199;199m_[38;2;254;254;254;48;2;249;249;249m.[38;2;252;252;252;48;2;251;251;251m":[48;2;252;252;252m       [48;2;251;251;251m [38;2;254;254;254m:[38;2;237;237;237;48;2;223;223;223m:[38;2;97;97;97;48;2;61;61;61mL[38;2;3;3;3;48;2;1;1;1mL[48;2;0;0;0m          [38;2;0;0;0;48;2;8;8;8m`[38;2;133;133;133;48;2;69;69;69m_[38;2;188;188;188;48;2;211;211;211m"[38;2;221;221;221;48;2;244;244;244m~[38;2;198;198;198m`[38;2;219;219;219;48;2;248;248;248m`[38;2;248;248;248;48;2;251;251;251m`[48;2;252;252;252m                                         [0m
[7m[38;2;0;0;0m [0m[38;2;0;0;0;48;2;0;0;0m                                           [38;2;1;1;1m~[38;2;29;29;29;48;2;15;15;15m"[38;2;129;129;129;48;2;90;90;90m~[38;2;147;147;147;48;2;215;215;215m_[38;2;253;253;253;48;2;249;249;249m:[38;2;250;250;250;48;2;251;251;251m_[38;2;252;252;252m:[48;2;252;252;252m      [48;2;251;251;251m [38;2;254;254;254m:[38;2;237;237;237;48;2;223;223;223m:[38;2;97;97;97;48;2;61;61;61mL[38;2;3;3;3;48;2;1;1;1mL[48;2;0;0;0m         [38;2;0;0;0;48;2;10;10;10m:[38;2;99;99;99;48;2;76;76;76md[38;2;162;162;162;48;2;212;212;212m~[38;2;239;239;239;48;2;248;248;248m~[38;2;250;250;250;48;2;251;251;251m` [48;2;252;252;252m                                           [0m
[7m[38;2;0;0;0m [0m[38;2;0;0;0;48;2;0;0;0m                                            [38;2;3;3;3;48;2;2;2;2m'[38;2;70;70;70;48;2;47;47;47my[38;2;141;141;141;48;2;182;182;182mF[38;2;254;254;254;48;2;247;247;247m:[48;2;250;250;250m [38;2;252;252;252;48;2;251;251;251m:[48;2;252;252;252m      [48;2;251;251;251m [38;2;254;254;254m:[38;2;237;237;237;48;2;223;223;223m:[38;2;97;97;97;48;2;61;61;61mL[38;2;3;3;3;48;2;1;1;1mL[48;2;0;0;0m         [38;2;0;0;0;48;2;2;2;2m`[38;2;71;71;71;48;2;35;35;35m"[38;2;113;113;113;48;2;169;169;169my[38;2;226;226;226;48;2;240;240;240m,[38;2;251;251;251;48;2;250;250;250m:[38;2;252;252;252;48;2;251;251;251m.[48;2;252;252;252m                                           [0m
[7m[38;2;0;0;0m [0m[38;2;0;0;0;48;2;0;0;0m                                            [38;2;26;26;26;48;2;16;16;16m4[38;2;88;88;88;48;2;119;119;119ml[38;2;254;254;254;48;2;242;242;242m:[38;2;253;253;253;48;2;251;251;251m~[38;2;252;252;252m:[48;2;252;252;252m       [48;2;251;251;251m [38;2;254;254;254m:[38;2;237;237;237;48;2;223;223;223m:[38;2;97;97;97;48;2;61;61;61mL[38;2;3;3;3;48;2;1;1;1mL[48;2;0;0;0m          [38;2;0;0;0;48;2;1;1;1m:[38;2;5;5;5;48;2;47;47;47m:[38;2;166;166;166;48;2;202;202;202m_[38;2;239;239;239;48;2;247;247;247m,[48;2;251;251;251m [38;2;252;252;252m:[48;2;252;252;252m                                          [0m
[7m[38;2;0;0;0m [0m[38;2;0;0;0;48;2;0;0;0m                                           [38;2;1;1;1m`[38;2;15;15;15;48;2;6;6;6m"[38;2;64;64;64;48;2;92;92;92m$[38;2;195;195;195;48;2;219;219;219mw[38;2;254;254;254;48;2;250;250;250m:[38;2;252;252;252;48;2;251;251;251m":[48;2;252;252;252m      [48;2;251;251;251m [38;2;254;254;254m:[38;2;237;237;237;48;2;223;223;223m:[38;2;97;97;97;48;2;61;61;61mL[38;2;3;3;3;48;2;1;1;1mL[48;2;0;0;0m         [38;2;0;0;0;48;2;4;4;4m:[38;2;103;103;103;48;2;18;18;18m_[38;2;107;107;107;48;2;37;37;37m_[38;2;129;129;129;48;2;155;155;155mF[38;2;230;230;230;48;2;240;240;240mL[38;2;251;251;251;48;2;250;250;250mL[38;2;252;252;252;48;2;251;251;251m.[48;2;252;252;252m                                          [0m
[7m[38;2;0;0;0m [0m[38;2;0;0;0;48;2;0;0;0m                                            [38;2;1;1;1m:[38;2;4;4;4;48;2;38;38;38m.[38;2;85;85;85;48;2;155;155;155m_[38;2;254;254;254;48;2;240;240;240m'[38;2;239;239;239;48;2;248;248;248m_[38;2;250;250;250;48;2;251;251;251m,[48;2;252;252;252m      [48;2;251;251;251m [38;2;254;254;254m:[38;2;237;237;237;48;2;223;223;223m:[38;2;97;97;97;48;2;61;61;61mL[38;2;3;3;3;48;2;1;1;1mL[48;2;0;0;0m         [38;2;36;36;36;48;2;23;23;23m4[38;2;155;155;155;48;2;137;137;137m4[38;2;151;151;151;48;2;218;218;218m~[38;2;208;208;208;48;2;239;239;239m"[38;2;246;246;246;48;2;250;250;250m~[38;2;251;251;251;48;2;252;252;252m`                                           [0m
[7m[38;2;0;0;0m [0m[38;2;0;0;0;48;2;0;0;0m                                            [38;2;1;1;1m`[38;2;9;9;9;48;2;6;6;6m4[38;2;59;59;59;48;2;98;98;98ml[38;2;201;201;201;48;2;234;234;234m_[38;2;226;226;226;48;2;238;238;238m_[38;2;240;240;240;48;2;246;246;246m_[38;2;253;253;253;48;2;252;252;252m:     [48;2;251;251;251m [38;2;254;254;254m:[38;2;237;237;237;48;2;223;223;223m:[38;2;97;97;97;48;2;61;61;61mL[38;2;3;3;3;48;2;1;1;1mL[48;2;0;0;0m        [38;2;1;1;1m:[38;2;0;0;0;48;2;20;20;20m:[38;2;127;127;127;48;2;119;119;119m4[38;2;226;226;226;48;2;237;237;237mL[48;2;250;250;250m [48;2;251;251;251m [48;2;252;252;252m                                            [0m
[7m[38;2;0;0;0m [0m[38;2;0;0;0;48;2;0;0;0m                                              [38;2;45;45;45;48;2;18;18;18m"[38;2;52;52;52;48;2;106;106;106mw[38;2;174;174;174;48;2;193;193;193mw[38;2;231;231;231;48;2;234;234;234mr[38;2;251;251;251;48;2;252;252;252mL[38;2;252;252;252;48;2;251;251;251m`[48;2;252;252;252m    [48;2;251;251;251m [38;2;254;254;254m:[38;2;237;237;237;48;2;223;223;223m:[38;2;97;97;97;48;2;61;61;61mL[38;2;3;3;3;48;2;1;1;1mL[48;2;0;0;0m        [38;2;1;1;1m=[38;2;0;0;0;48;2;27;27;27m:[38;2;128;128;128;48;2;150;150;150mF[38;2;231;231;231;48;2;240;240;240mL[48;2;250;250;250m [48;2;251;251;251m [48;2;252;252;252m                                            [0m
[7m[38;2;0;0;0m [0m[38;2;0;0;0;48;2;0;0;0m                                              [38;2;1;1;1m,[38;2;15;15;15;48;2;51;51;51ml[38;2;150;150;150;48;2;161;161;161mF[38;2;212;212;212;48;2;222;222;222mK[38;2;248;248;248;48;2;250;250;250mL[38;2;250;250;250;48;2;251;251;251m:[38;2;252;252;252m:[48;2;252;252;252m   [48;2;251;251;251m [38;2;254;254;254m:[38;2;237;237;237;48;2;223;223;223m:[38;2;97;97;97;48;2;61;61;61mL[38;2;3;3;3;48;2;1;1;1mL[48;2;0;0;0m         [38;2;45;45;45;48;2;29;29;29m4[38;2;163;163;163;48;2;177;177;177mF[38;2;237;237;237;48;2;243;243;243mL[48;2;250;250;250m [48;2;251;251;251m [48;2;252;252;252m                                            [0m
[7m[38;2;0;0;0m [0m[38;2;0;0;0;48;2;0;0;0m                                              [48;2;1;1;1m.[38;2;70;70;70;48;2;53;53;53mj[38;2;162;162;162;48;2;190;190;190mF[38;2;254;254;254;48;2;246;246;246m:[38;2;249;249;249;48;2;250;250;250ma[38;2;252;252;252;48;2;251;251;251m:[48;2;252;252;252m    [48;2;251;251;251m [38;2;254;254;254m:[38;2;237;237;237;48;2;223;223;223m:[38;2;97;97;97;48;2;61;61;61mL[38;2;3;3;3;48;2;1;1;1mL[48;2;0;0;0m        [48;2;1;1;1m_[38;2;43;43;43;48;2;29;29;29m4[38;2;161;161;161;48;2;172;172;172m[[38;2;236;236;236;48;2;243;243;243mL[38;2;250;250;250;48;2;249;249;249mF[48;2;251;251;251m [48;2;252;252;252m                                            [0m
[7m[38;2;0;0;0m [0m[38;2;0;0;0;48;2;0;0;0m                                             [48;2;2;2;2m`[38;2;94;94;94;48;2;47;47;47m_[38;2;104;104;104;48;2;176;176;176m~[38;2;230;230;230;48;2;245;245;245m~[38;2;249;249;249;48;2;250;250;250m\[38;2;252;252;252;48;2;251;251;251m_[48;2;252;252;252m     [48;2;251;251;251m [38;2;254;254;254m:[38;2;237;237;237;48;2;223;223;223m:[38;2;97;97;97;48;2;61;61;61mL[38;2;3;3;3;48;2;1;1;1mL[48;2;0;0;0m        [38;2;1;1;1m~[38;2;41;41;41;48;2;27;27;27m4[38;2;147;147;147;48;2;166;166;166mL[38;2;234;234;234;48;2;242;242;242mL[38;2;250;250;250;48;2;249;249;249mL[48;2;251;251;251m [48;2;252;252;252m                                            [0m
[7m[38;2;0;0;0m [0m[38;2;0;0;0;48;2;0;0;0m                                            [38;2;1;1;1;48;2;2;2;2m:[38;2;80;80;80;48;2;49;49;49my[38;2;110;110;110;48;2;186;186;186m~[38;2;254;254;254;48;2;246;246;246m:[48;2;250;250;250m [38;2;252;252;252;48;2;251;251;251m:[48;2;252;252;252m      [48;2;251;251;251m [38;2;254;254;254m:[38;2;237;237;237;48;2;223;223;223m:[38;2;97;97;97;48;2;61;61;61mL[38;2;3;3;3;48;2;1;1;1mL[48;2;0;0;0m         [38;2;0;0;0;48;2;14;14;14m:[38;2;74;74;74;48;2;110;110;110mg[38;2;201;201;201;48;2;228;228;228m_[38;2;246;246;246;48;2;249;249;249m,[48;2;251;251;251m [38;2;252;252;252m:[48;2;252;252;252m                                           [0m
[?25h