[?25l[0m[7m[38;2;252;252;252m [0m[38;2;0;0;0;48;2;252;252;252m                                                                                                                       [0m
[7m[38;2;252;252;252m [0m[38;2;0;0;0;48;2;252;252;252m                                                                                                                       [0m
[7m[38;2;252;252;252m [0m[38;2;0;0;0;48;2;252;252;252m                                                                                                                       [0m
[7m[38;2;252;252;252m [0m[38;2;0;0;0;48;2;252;252;252m                                                                                                                       [0m
[7m[38;2;252;252;252m [0m[38;2;0;0;0;48;2;252;252;252m                                                                                                                       [0m
[7m[38;2;252;252;252m [0m[38;2;0;0;0;48;2;252;252;252m                                                                                                                       [0m
[7m[38;2;252;252;252m [0m[38;2;0;0;0;48;2;252;252;252m                                                                                                                       [0m
[7m[38;2;252;252;252m [0m[38;2;0;0;0;48;2;252;252;252m                                                                                                                       [0m
[7m[38;2;252;252;252m [0m[38;2;0;0;0;48;2;252;252;252m                                                                                                                       [0m
[7m[38;2;252;252;252m [0m[38;2;0;0;0;48;2;252;252;252m                                                                                                                       [0m
[7m[38;2;252;252;252m [0m[38;2;0;0;0;48;2;252;252;252m                                                                                                                       [0m
[7m[38;2;252;252;252m [0m[38;2;0;0;0;48;2;252;252;252m                                                                                                                       [0m
[7m[38;2;252;252;252m [0m[38;2;0;0;0;48;2;252;252;252m                                                                                                                       [0m
[7m[38;2;252;252;252m [0m[38;2;0;0;0;48;2;252;252;252m                                                                                                                       [0m
[7m[38;2;252;252;252m [0m[38;2;0;0;0;48;2;252;252;252m                                                                                                                       [0m
[7m[38;2;252;252;252m [0m[38;2;0;0;0;48;2;252;252;252m                                                                                                                       [0m
[7m[38;2;252;252;252m [0m[38;2;0;0;0;48;2;252;252;252m                                                                                                                       [0m
[7m[38;2;252;252;252m [0m[38;2;0;0;0;48;2;252;252;252m                                                                                                                       [0m
[7m[38;2;252;252;252m [0m[38;2;0;0;0;48;2;252;252;252m                                                       [38;2;252;252;252;48;2;251;251;251m:[48;2;252;252;252m [48;2;251;251;251m [38;2;250;250;250m**  [38;2;252;252;252m:[48;2;252;252;252m                                                        [0m
[7m[38;2;252;252;252m [0m[38;2;0;0;0;48;2;252;252;252m                                                     [38;2;251;251;251m_[38;2;252;252;252;48;2;251;251;251m`[38;2;254;254;254;48;2;244;244;244m:[38;2;93;93;93;48;2;209;209;209m_[38;2;68;68;68;48;2;172;172;172my[38;2;40;40;40;48;2;137;137;137my[38;2;222;222;222;48;2;100;100;100m~[38;2;30;30;30;48;2;164;164;164m_[38;2;155;155;155;48;2;224;224;224m_[38;2;252;252;252;48;2;248;248;248m`[48;2;251;251;251m :[48;2;252;252;252m                                                      [0m
[7m[38;2;252;252;252m [0m[38;2;0;0;0;48;2;252;252;252m                                                    [38;2;252;252;252;48;2;251;251;251m:[48;2;250;250;250m_[38;2;253;253;253;48;2;238;238;238m'[38;2;95;95;95;48;2;142;142;142my[38;2;60;60;60;48;2;28;28;28m"[38;2;6;6;6;48;2;3;3;3m'[38;2;2;2;2;48;2;1;1;1m7[38;2;4;4;4mT[38;2;0;0;0;48;2;7;7;7m'[38;2;101;101;101;48;2;67;67;67m~[38;2;190;190;190;48;2;214;214;214mw[38;2;197;197;197;48;2;243;243;243m_[38;2;239;239;239;48;2;249;249;249m,[38;2;252;252;252;48;2;251;251;251m::[48;2;252;252;252m                                                    [0m
[7m[38;2;252;252;252m [0m[38;2;0;0;0;48;2;252;252;252m                                                    [48;2;251;251;251m [38;2;254;254;254m:[38;2;216;216;216;48;2;227;227;227m4[38;2;101;101;101;48;2;66;66;66mL[38;2;0;0;0;48;2;4;4;4m`[38;2;1;1;1;48;2;0;0;0m_ [38;2;0;0;0;48;2;5;5;5m:[38;2;83;83;83;48;2;45;45;45mu[38;2;74;74;74;48;2;161;161;161m~[38;2;127;127;127;48;2;184;184;184m_[38;2;44;44;44;48;2;107;107;107mg[38;2;61;61;61;48;2;133;133;133mg[38;2;203;203;203;48;2;226;226;226mL[38;2;252;252;252;48;2;250;250;250m'[48;2;251;251;251m :[48;2;252;252;252m                                                  [0m
[7m[38;2;252;252;252m [0m[38;2;0;0;0;48;2;252;252;252m                                                    [38;2;252;252;252;48;2;251;251;251m:[48;2;250;250;250m [38;2;254;254;254;48;2;238;238;238m:[38;2;161;161;161;48;2;124;124;124mL[38;2;54;54;54;48;2;25;25;25m,[38;2;2;2;2;48;2;1;1;1m$[48;2;0;0;0m [38;2;0;0;0;48;2;2;2;2m:[38;2;61;61;61;48;2;20;20;20m`[38;2;122;122;122;48;2;31;31;31m~[38;2;77;77;77;48;2;14;14;14m~[38;2;0;0;0;48;2;11;11;11m:[38;2;108;108;108;48;2;71;71;71m_[38;2;206;206;206;48;2;222;222;222m^[38;2;247;247;247;48;2;250;250;250m~[38;2;250;250;250;48;2;251;251;251m"[38;2;252;252;252m:[48;2;252;252;252m                                 [38;2;253;253;253m^                [0m
[7m[38;2;252;252;252m [0m[38;2;0;0;0;48;2;252;252;252m                                                    [38;2;252;252;252;48;2;251;251;251m`[38;2;254;254;254m.[48;2;238;238;238m'[38;2;63;63;63;48;2;171;171;171m_[38;2;66;66;66;48;2;33;33;33mF[38;2;0;0;0;48;2;1;1;1m`[48;2;0;0;0m  [48;2;3;3;3m`[38;2;75;75;75;48;2;2;2;2m_[38;2;46;46;46;48;2;3;3;3m_[38;2;0;0;0;48;2;15;15;15m:[38;2;121;121;121;48;2;91;91;91m_[38;2;224;224;224;48;2;236;236;236mL[38;2;250;250;250;48;2;252;252;252m~                                                    [0m
[7m[38;2;252;252;252m [0m[38;2;0;0;0;48;2;252;252;252m                                                 [38;2;252;252;252;48;2;251;251;251m:[38;2;250;250;250m_[38;2;252;252;252;48;2;250;250;250m`[38;2;192;192;192;48;2;240;240;240m_[38;2;85;85;85;48;2;188;188;188m_[38;2;165;165;165;48;2;72;72;72m~[38;2;47;47;47;48;2;12;12;12m~[38;2;1;1;1;48;2;0;0;0m`  [38;2;0;0;0;48;2;1;1;1m`[38;2;51;51;51;48;2;30;30;30m4[38;2;160;160;160;48;2;134;134;134m4[38;2;87;87;87;48;2;190;190;190m~[38;2;75;75;75;48;2;199;199;199m~[38;2;174;174;174;48;2;230;230;230m~[38;2;246;246;246;48;2;249;249;249m'[48;2;252;252;252m                                                     [0m
[7m[38;2;252;252;252m [0m[38;2;0;0;0;48;2;252;252;252m                                                [38;2;252;252;252;48;2;251;251;251m:[38;2;249;249;249m_[38;2;254;254;254;48;2;248;248;248m:[38;2;160;160;160;48;2;217;217;217m_[38;2;157;157;157;48;2;78;78;78m~[38;2;36;36;36;48;2;9;9;9m~[48;2;0;0;0m     [38;2;1;1;1m"[38;2;0;0;0;48;2;2;2;2m'[38;2;69;69;69;48;2;32;32;32m"[38;2;39;39;39;48;2;149;149;149m_[38;2;186;186;186;48;2;231;231;231m_[38;2;243;243;243;48;2;247;247;247m,[38;2;238;238;238;48;2;250;250;250m_[38;2;243;243;243;48;2;252;252;252m_[38;2;248;248;248m_[38;2;250;250;250m_[38;2;252;252;252;48;2;251;251;251m:[48;2;252;252;252m                                                 [0m
[7m[38;2;252;252;252m [0m[38;2;0;0;0;48;2;252;252;252m                                                [48;2;251;251;251m [38;2;249;249;249;48;2;250;250;250m$[38;2;254;254;254;48;2;238;238;238m:[38;2;149;149;149;48;2;131;131;131mL[38;2;40;40;40;48;2;22;22;22mL[48;2;1;1;1m [48;2;0;0;0m        [38;2;0;0;0;48;2;11;11;11m:[38;2;133;133;133;48;2;64;64;64m~[38;2;119;119;119;48;2;170;170;170my[38;2;212;212;212;48;2;161;161;161m~[38;2;216;216;216;48;2;164;164;164m~[38;2;153;153;153;48;2;195;195;195my[38;2;168;168;168;48;2;208;208;208my[38;2;210;210;210;48;2;230;230;230my[38;2;243;243;243;48;2;248;248;248m,[48;2;252;252;252m                                                [0m
[7m[38;2;252;252;252m [0m[38;2;0;0;0;48;2;252;252;252m                                                [38;2;252;252;252;48;2;251;251;251m:[38;2;249;249;249;48;2;250;250;250mT[38;2;254;254;254;48;2;244;244;244m:[38;2;158;158;158;48;2;185;185;185m~[38;2;70;70;70;48;2;38;38;38mL[38;2;0;0;0;48;2;1;1;1m.[48;2;0;0;0m         [48;2;10;10;10m:[38;2;53;53;53;48;2;71;71;71mL[38;2;127;127;127;48;2;133;133;133mF[38;2;163;163;163;48;2;139;139;139m_[38;2;203;203;203;48;2;151;151;151m_[38;2;236;236;236;48;2;181;181;181m_[38;2;200;200;200;48;2;231;231;231m~[38;2;243;243;243;48;2;249;249;249m~[48;2;252;252;252m                                                [0m
[7m[38;2;252;252;252m [0m[38;2;0;0;0;48;2;252;252;252m                                                 [38;2;252;252;252;48;2;251;251;251m:[38;2;251;251;251;48;2;250;250;250m`[38;2;253;253;253;48;2;240;240;240m:[38;2;100;100;100;48;2;165;165;165m~[38;2;109;109;109;48;2;39;39;39m_[38;2;22;22;22;48;2;4;4;4m,[48;2;0;0;0m        [38;2;45;45;45;48;2;13;13;13m_[38;2;112;112;112;48;2;70;70;70m_[38;2;156;156;156;48;2;145;145;145m4[38;2;186;186;186;48;2;208;208;208m~[38;2;226;226;226;48;2;244;244;244m~[38;2;243;243;243;48;2;250;250;250m`[38;2;250;250;250;48;2;251;251;251m~[38;2;252;252;252m:[48;2;252;252;252m                                                [0m
[7m[38;2;252;252;252m [0m[38;2;0;0;0;48;2;252;252;252m                                                  [38;2;252;252;252;48;2;251;251;251m:[38;2;250;250;250m`[38;2;252;252;252;48;2;247;247;247m'[38;2;160;160;160;48;2;224;224;224m~[38;2;79;79;79;48;2;177;177;177m~[38;2;30;30;30;48;2;111;111;111m~[38;2;113;113;113;48;2;62;62;62my[38;2;132;132;132;48;2;52;52;52m_[38;2;122;122;122;48;2;40;40;40m_[38;2;125;125;125;48;2;42;42;42m_[38;2;128;128;128;48;2;47;47;47m_[38;2;108;108;108;48;2;55;55;55my[38;2;29;29;29;48;2;96;96;96m~[38;2;69;69;69;48;2;116;116;116m~[38;2;123;123;123;48;2;131;131;131m~[38;2;141;141;141;48;2;149;149;149m'[38;2;200;200;200;48;2;210;210;210mF[38;2;244;244;244;48;2;248;248;248mL[38;2;252;252;252;48;2;251;251;251m:[48;2;252;252;252m                                                  [0m
[7m[38;2;252;252;252m [0m[38;2;0;0;0;48;2;252;252;252m                                                     [38;2;252;252;252;48;2;251;251;251m`[38;2;250;250;250;48;2;245;245;245m:[38;2;189;189;189;48;2;221;221;221m~[38;2;216;216;216;48;2;177;177;177my[38;2;227;227;227;48;2;166;166;166m_[38;2;214;214;214;48;2;155;155;155m_[38;2;192;192;192;48;2;146;146;146m_[38;2;182;182;182;48;2;142;142;142m_[38;2;180;180;180;48;2;143;143;143m_[38;2;184;184;184;48;2;142;142;142m_[38;2;197;197;197;48;2;147;147;147m_[38;2;216;216;216;48;2;160;160;160m_[38;2;222;222;222;48;2;191;191;191my[38;2;223;223;223;48;2;237;237;237m"[38;2;249;249;249;48;2;251;251;251m~[48;2;252;252;252m                                                   [0m
[7m[38;2;252;252;252m [0m[38;2;0;0;0;48;2;252;252;252m                                                       [38;2;252;252;252;48;2;251;251;251m:[38;2;248;248;248m`[38;2;244;244;244;48;2;250;250;250m`[38;2;237;237;237;48;2;247;247;247m"[38;2;219;219;219;48;2;243;243;243m~[38;2;208;208;208;48;2;240;240;240m~[38;2;205;205;205;48;2;239;239;239m~[38;2;211;211;211;48;2;241;241;241m~[38;2;223;223;223;48;2;245;245;245m~[38;2;238;238;238;48;2;248;248;248m"[38;2;249;249;249;48;2;251;251;251m`[38;2;252;252;252m:[48;2;252;252;252m                                                    [0m
[7m[38;2;252;252;252m [0m[38;2;0;0;0;48;2;252;252;252m                                                                                                                       [0m
[7m[38;2;252;252;252m [0m[38;2;0;0;0;48;2;252;252;252m                                                                                                                       [0m
[7m[38;2;252;252;252m [0m[38;2;0;0;0;48;2;252;252;252m                                                                                                                       [0m
[7m[38;2;252;252;252m [0m[38;2;0;0;0;48;2;252;252;252m                       [38;2;252;252;252;48;2;251;251;251m:[48;2;252;252;252m                                                                                               [0m
[?25h