[?25l[0m[7m[38;2;0;0;0m [0m[38;2;0;0;0;48;2;0;0;0m                                                                                                                       [0m
[7m[38;2;0;0;0m [0m[38;2;0;0;0;48;2;0;0;0m                                                                                                                       [0m
[7m[38;2;0;0;0m [0m[38;2;0;0;0;48;2;0;0;0m                                                                                                                       [0m
[7m[38;2;0;0;0m [0m[38;2;0;0;0;48;2;0;0;0m                                                                                                                       [0m
[7m[38;2;0;0;0m [0m[38;2;0;0;0;48;2;0;0;0m                                                                                                                       [0m
[7m[38;2;0;0;0m [0m[38;2;0;0;0;48;2;0;0;0m                                                                                                                       [0m
[7m[38;2;0;0;0m [0m[38;2;0;0;0;48;2;0;0;0m                                                                                                                       [0m
[7m[38;2;0;0;0m [0m[38;2;0;0;0;48;2;0;0;0m                                                                                                                       [0m
[7m[38;2;0;0;0m [0m[38;2;0;0;0;48;2;0;0;0m                                                          [38;2;1;1;1m_    ___                                                     [0m
[7m[38;2;0;0;0m [0m[38;2;0;0;0;48;2;0;0;0m                                               [38;2;5;5;5m_[38;2;26;26;26;48;2;2;2;2m_[38;2;67;67;67;48;2;8;8;8m_[38;2;86;86;86;48;2;10;10;10m_[38;2;92;92;92;48;2;11;11;11m_[38;2;85;85;85;48;2;10;10;10m_[38;2;71;71;71;48;2;9;9;9m_[38;2;139;139;139;48;2;18;18;18m_[38;2;176;176;176;48;2;26;26;26m_[38;2;180;180;180;48;2;30;30;30m_[38;2;187;187;187;48;2;38;38;38m_[48;2;43;43;43m_[38;2;151;151;151;48;2;25;25;25m_[38;2;136;136;136;48;2;18;18;18m_[38;2;176;176;176;48;2;29;29;29m_[38;2;189;189;189;48;2;41;41;41m_[38;2;191;191;191;48;2;47;47;47m_[38;2;193;193;193;48;2;49;49;49m_[38;2;191;191;191;48;2;45;45;45m_[38;2;190;190;190;48;2;42;42;42m_[38;2;176;176;176;48;2;28;28;28m_[38;2;86;86;86;48;2;11;11;11m_[38;2;18;18;18;48;2;2;2;2m,[48;2;0;0;0m                                                 [0m
[7m[38;2;0;0;0m [0m[38;2;0;0;0;48;2;0;0;0m                                            [48;2;3;3;3m`[38;2;102;102;102;48;2;38;38;38m_[38;2;199;199;199;48;2;106;106;106my[38;2;52;52;52;48;2;191;191;191m~[38;2;72;72;72;48;2;204;204;204m~[38;2;108;108;108;48;2;214;214;214m~[38;2;128;128;128;48;2;219;219;219m~[38;2;136;136;136;48;2;221;221;221m~[38;2;129;129;129;48;2;219;219;219m~[38;2;115;115;115;48;2;218;218;218m~[38;2;184;184;184;48;2;235;235;235m~[38;2;229;229;229;48;2;247;247;247m~[38;2;221;221;221;48;2;248;248;248m`[38;2;230;230;230;48;2;249;249;249m`[38;2;231;231;231;48;2;247;247;247m`[38;2;204;204;204;48;2;238;238;238m~[38;2;186;186;186;48;2;235;235;235m~[38;2;229;229;229;48;2;247;247;247m~[38;2;231;231;231;48;2;249;249;249m`[38;2;233;233;233m``[38;2;232;232;232m`[48;2;247;247;247m`[38;2;222;222;222;48;2;239;239;239m`[38;2;161;161;161;48;2;136;136;136m=[38;2;55;55;55;48;2;30;30;30mL[48;2;0;0;0m                                                 [0m
[7m[38;2;0;0;0m [0m[38;2;0;0;0;48;2;0;0;0m                                            [38;2;1;1;1;48;2;7;7;7m:[38;2;107;107;107;48;2;76;76;76m4[38;2;171;171;171;48;2;220;220;220m_[48;2;250;250;250m [38;2;251;251;251m`[38;2;249;249;249;48;2;251;251;251m~``[38;2;250;250;250m`  [38;2;252;252;252m:[48;2;252;252;252m   [48;2;251;251;251m  :[48;2;252;252;252m  [48;2;251;251;251m:[38;2;250;250;250m_[38;2;254;254;254;48;2;249;249;249m:[38;2;160;160;160;48;2;217;217;217m_[38;2;111;111;111;48;2;67;67;67mF[38;2;20;20;20;48;2;4;4;4m~[38;2;1;1;1;48;2;0;0;0m"                                                [0m
[7m[38;2;0;0;0m [0m[38;2;0;0;0;48;2;0;0;0m                                            [38;2;1;1;1m"[38;2;33;33;33;48;2;16;16;16m"[38;2;60;60;60;48;2;110;110;110mL[38;2;152;152;152;48;2;226;226;226m_[38;2;252;252;252;48;2;248;248;248m:[38;2;233;233;233;48;2;249;249;249m_[38;2;234;234;234m_[38;2;253;253;253;48;2;251;251;251m.[38;2;252;252;252m:[48;2;252;252;252m         [48;2;251;251;251m:[38;2;253;253;253m.[38;2;252;252;252;48;2;244;244;244m`[38;2;128;128;128;48;2;230;230;230m_[38;2;53;53;53;48;2;180;180;180m_[38;2;121;121;121;48;2;55;55;55m~[38;2;25;25;25;48;2;5;5;5m~[48;2;0;0;0m                                                  [0m
[7m[38;2;0;0;0m [0m[38;2;0;0;0;48;2;0;0;0m                                              [38;2;24;24;24;48;2;6;6;6m"[38;2;110;110;110;48;2;44;44;44m~[38;2;41;41;41;48;2;132;132;132my[38;2;91;91;91;48;2;141;141;141ms[38;2;213;213;213;48;2;227;227;227mF[38;2;254;254;254;48;2;251;251;251m: [48;2;252;252;252m         [48;2;251;251;251m [38;2;249;249;249my[38;2;254;254;254;48;2;233;233;233m.[38;2;87;87;87;48;2;123;123;123m4[38;2;55;55;55;48;2;21;21;21m,[38;2;0;0;0;48;2;1;1;1m`[48;2;0;0;0m                                                   [0m
[7m[38;2;0;0;0m [0m[38;2;0;0;0;48;2;0;0;0m                                                [48;2;9;9;9m:[38;2;74;74;74;48;2;107;107;107m$[38;2;230;230;230;48;2;238;238;238mL[38;2;253;253;253;48;2;252;252;252m:[38;2;251;251;251m-        [38;2;252;252;252;48;2;251;251;251m: [48;2;249;249;249m.[38;2;196;196;196;48;2;236;236;236m_[38;2;76;76;76;48;2;147;147;147m_[38;2;54;54;54;48;2;27;27;27mF[48;2;0;0;0m                                                    [0m
[7m[38;2;0;0;0m [0m[38;2;0;0;0;48;2;0;0;0m                                               [38;2;1;1;1m:[38;2;40;40;40;48;2;28;28;28my[38;2;108;108;108;48;2;145;145;145mF[38;2;239;239;239;48;2;245;245;245mL[38;2;251;251;251;48;2;250;250;250m~[38;2;252;252;252;48;2;251;251;251m:[48;2;252;252;252m       [48;2;251;251;251m:[38;2;250;250;250mj[38;2;254;254;254;48;2;247;247;247m:[38;2;161;161;161;48;2;201;201;201my[38;2;162;162;162;48;2;73;73;73m~[38;2;56;56;56;48;2;16;16;16m'[48;2;1;1;1m [48;2;0;0;0m                                                    [0m
[7m[38;2;0;0;0m [0m[38;2;0;0;0;48;2;0;0;0m                                              [38;2;1;1;1m_[38;2;0;0;0;48;2;2;2;2m:[38;2;90;90;90;48;2;66;66;66m4[38;2;189;189;189;48;2;219;219;219m~[38;2;254;254;254;48;2;250;250;250m`[48;2;251;251;251m [38;2;252;252;252m:[48;2;252;252;252m       [48;2;251;251;251m:[38;2;249;249;249;48;2;250;250;250m$[38;2;254;254;254;48;2;243;243;243m:[38;2;166;166;166;48;2;146;146;146mL[38;2;55;55;55;48;2;32;32;32mL[38;2;5;5;5;48;2;4;4;4m*[48;2;1;1;1m [48;2;0;0;0m                                                    [0m
[7m[38;2;0;0;0m [0m[38;2;0;0;0;48;2;0;0;0m                                             [48;2;3;3;3m:[38;2;97;97;97;48;2;20;20;20m_[38;2;146;146;146;48;2;79;79;79my[38;2;120;120;120;48;2;197;197;197m~[38;2;253;253;253;48;2;247;247;247m'[38;2;250;250;250;48;2;251;251;251m=[38;2;252;252;252m:[48;2;252;252;252m        [48;2;251;251;251m:[48;2;250;250;250m [38;2;254;254;254;48;2;244;244;244m:[38;2;145;145;145;48;2;172;172;172m4[38;2;149;149;149;48;2;49;49;49m_[38;2;65;65;65;48;2;9;9;9m_[38;2;0;0;0;48;2;2;2;2m`[48;2;0;0;0m                                                    [0m
[7m[38;2;0;0;0m [0m[38;2;0;0;0;48;2;0;0;0m                                             [38;2;7;7;7;48;2;29;29;29m.[38;2;58;58;58;48;2;107;107;107m_[38;2;125;125;125;48;2;168;168;168m+[38;2;222;222;222;48;2;237;237;237mF[38;2;253;253;253;48;2;250;250;250m'[38;2;252;252;252;48;2;251;251;251m:[48;2;252;252;252m          [48;2;251;251;251m:.[38;2;233;233;233;48;2;249;249;249m`[38;2;193;193;193;48;2;238;238;238m`[38;2;109;109;109;48;2;200;200;200m~[38;2;100;100;100;48;2;58;58;58mw[38;2;0;0;0;48;2;5;5;5m`[48;2;0;0;0m                                                   [0m
[7m[38;2;0;0;0m [0m[38;2;0;0;0;48;2;0;0;0m                                             [48;2;2;2;2m:[38;2;66;66;66;48;2;44;44;44m4[38;2;95;95;95;48;2;154;154;154m_[38;2;175;175;175;48;2;215;215;215my[38;2;254;254;254;48;2;248;248;248m:[38;2;250;250;250;48;2;251;251;251my[38;2;252;252;252m:[48;2;252;252;252m           [48;2;251;251;251m [38;2;249;249;249m_[38;2;254;254;254;48;2;241;241;241m:[38;2;146;146;146;48;2;104;104;104mL[38;2;44;44;44;48;2;17;17;17m,[38;2;1;1;1;48;2;0;0;0m_                                                  [0m
[7m[38;2;0;0;0m [0m[38;2;0;0;0;48;2;0;0;0m                                             [48;2;1;1;1m:[38;2;29;29;29;48;2;9;9;9m`[38;2;75;75;75;48;2;68;68;68my[38;2;152;152;152;48;2;196;196;196m~[38;2;254;254;254;48;2;248;248;248m:[48;2;250;250;250m [38;2;252;252;252;48;2;251;251;251m:[48;2;252;252;252m           [48;2;251;251;251m,[38;2;249;249;249;48;2;250;250;250m`[38;2;254;254;254;48;2;242;242;242m:[38;2;147;147;147;48;2;122;122;122mF[38;2;39;39;39;48;2;23;23;23mF[38;2;1;1;1;48;2;0;0;0m:                                                  [0m
[7m[38;2;0;0;0m [0m[38;2;0;0;0;48;2;0;0;0m                                              [38;2;1;1;1;48;2;9;9;9m:[38;2;56;56;56;48;2;104;104;104m[[38;2;232;232;232;48;2;239;239;239mL[38;2;253;253;253;48;2;252;252;252m.[38;2;251;251;251m`            [38;2;252;252;252;48;2;251;251;251m:[48;2;250;250;250m [38;2;254;254;254;48;2;244;244;244m:[38;2;178;178;178;48;2;141;141;141mL[38;2;57;57;57;48;2;31;31;31mL[48;2;0;0;0m                                                   [0m
[7m[38;2;0;0;0m [0m[38;2;0;0;0;48;2;0;0;0m                                             [38;2;1;1;1m.[38;2;56;56;56;48;2;37;37;37my[38;2;109;109;109;48;2;163;163;163m~[38;2;254;254;254;48;2;245;245;245m:[48;2;250;250;250m [38;2;252;252;252;48;2;251;251;251m:[48;2;252;252;252m            [48;2;251;251;251mF[48;2;250;250;250m [38;2;254;254;254;48;2;248;248;248m.[38;2;180;180;180;48;2;197;197;197m4[38;2;89;89;89;48;2;52;52;52mL[38;2;7;7;7;48;2;1;1;1m,[38;2;1;1;1;48;2;0;0;0m_                                                 [0m
[7m[38;2;0;0;0m [0m[38;2;0;0;0;48;2;0;0;0m                                            [48;2;1;1;1m`[38;2;66;66;66;48;2;18;18;18m_[38;2;70;70;70;48;2;128;128;128mF[38;2;222;222;222;48;2;236;236;236m^[38;2;254;254;254;48;2;251;251;251m` [48;2;252;252;252m             [48;2;251;251;251m [38;2;252;252;252m.[38;2;254;254;254m`[38;2;234;234;234;48;2;245;245;245m`[38;2;96;96;96;48;2;216;216;216m`[38;2;206;206;206;48;2;117;117;117my[38;2;152;152;152;48;2;42;42;42m_[38;2;51;51;51;48;2;6;6;6m_[38;2;5;5;5;48;2;1;1;1m,[48;2;0;0;0m                                               [0m
[7m[38;2;0;0;0m [0m[38;2;0;0;0;48;2;0;0;0m                                          [38;2;1;1;1m_[38;2;33;33;33;48;2;6;6;6m_[38;2;137;137;137;48;2;60;60;60m_[38;2;93;93;93;48;2;185;185;185m~[38;2;221;221;221;48;2;244;244;244m~[48;2;251;251;251m [38;2;252;252;252m.[48;2;252;252;252m                 [48;2;251;251;251m: [48;2;250;250;250m'[38;2;199;199;199;48;2;241;241;241m`[38;2;100;100;100;48;2;194;194;194m~[38;2;220;220;220;48;2;87;87;87m_[38;2;112;112;112;48;2;30;30;30m,[38;2;23;23;23;48;2;4;4;4m,[48;2;0;0;0m                                             [0m
[7m[38;2;0;0;0m [0m[38;2;0;0;0;48;2;0;0;0m                                         [48;2;4;4;4m`[38;2;112;112;112;48;2;35;35;35m_[38;2;52;52;52;48;2;149;149;149m~[38;2;173;173;173;48;2;229;229;229m"[38;2;254;254;254;48;2;250;250;250m'[38;2;250;250;250;48;2;251;251;251m~[38;2;252;252;252m:[48;2;252;252;252m                     [38;2;250;250;250;48;2;251;251;251m`[38;2;253;253;253m~[38;2;254;254;254;48;2;250;250;250m`[38;2;119;119;119;48;2;223;223;223m`[38;2;60;60;60;48;2;158;158;158m~[38;2;136;136;136;48;2;47;47;47m,[38;2;22;22;22;48;2;3;3;3m_[38;2;2;2;2;48;2;0;0;0m_                                          [0m
[7m[38;2;0;0;0m [0m[38;2;0;0;0;48;2;0;0;0m                                      [38;2;1;1;1m_.[38;2;73;73;73;48;2;19;19;19m_[38;2;204;204;204;48;2;98;98;98m_[38;2;147;147;147;48;2;217;217;217m~[38;2;241;241;241;48;2;247;247;247m`[38;2;250;250;250;48;2;251;251;251m^[38;2;252;252;252m.[48;2;252;252;252m                        [38;2;253;253;253m_ `[38;2;254;254;254;48;2;250;250;250m`[38;2;154;154;154;48;2;215;215;215m~[38;2;51;51;51;48;2;178;178;178m~[38;2;4;4;4;48;2;126;126;126m~[38;2;105;105;105;48;2;41;41;41m_[38;2;22;22;22;48;2;5;5;5m_[48;2;0;0;0m                                        [0m
[7m[38;2;0;0;0m [0m[38;2;0;0;0;48;2;0;0;0m                                    [48;2;1;1;1m:[38;2;59;59;59;48;2;5;5;5m_[38;2;126;126;126;48;2;28;28;28m_[38;2;190;190;190;48;2;74;74;74m_[38;2;90;90;90;48;2;177;177;177m~[38;2;228;228;228;48;2;245;245;245m~[38;2;250;250;250;48;2;251;251;251m=`[48;2;252;252;252m                        [38;2;252;252;252;48;2;251;251;251m:[38;2;254;254;254;48;2;252;252;252m.[38;2;253;253;253;48;2;240;240;240m`[38;2;95;95;95;48;2;206;206;206m_[38;2;156;156;156;48;2;228;228;228m_[38;2;235;235;235;48;2;247;247;247m,[38;2;232;232;232;48;2;246;246;246m_[38;2;209;209;209;48;2;242;242;242m_[38;2;188;188;188;48;2;216;216;216m_[38;2;115;115;115;48;2;136;136;136mJ[38;2;95;95;95;48;2;35;35;35m,[38;2;6;6;6;48;2;0;0;0m,                                       [0m
[7m[38;2;0;0;0m [0m[38;2;0;0;0;48;2;0;0;0m                                    [38;2;38;38;38;48;2;26;26;26m4[38;2;137;137;137;48;2;117;117;117m4[38;2;199;199;199;48;2;222;222;222m~[38;2;216;216;216;48;2;242;242;242m`[38;2;247;247;247;48;2;248;248;248m.[48;2;251;251;251m [48;2;252;252;252m   [38;2;252;252;252;48;2;251;251;251m.:[38;2;222;222;222;48;2;248;248;248m_[38;2;235;235;235m_[38;2;254;254;254;48;2;252;252;252m.[48;2;251;251;251m [48;2;252;252;252m                [38;2;252;252;252;48;2;251;251;251m:[38;2;251;251;251;48;2;250;250;250m`[38;2;254;254;254;48;2;248;248;248m:[38;2;180;180;180;48;2;198;198;198my[38;2;92;92;92;48;2;58;58;58mF[38;2;102;102;102;48;2;39;39;39m~[48;2;160;160;160my[38;2;107;107;107;48;2;193;193;193m_[38;2;111;111;111;48;2;178;178;178m_[38;2;90;90;90;48;2;152;152;152m_[38;2;73;73;73;48;2;128;128;128my[38;2;100;100;100;48;2;80;80;80mF[38;2;41;41;41;48;2;21;21;21mF[48;2;0;0;0m                                       [0m
[7m[38;2;0;0;0m [0m[38;2;0;0;0;48;2;0;0;0m                                  [38;2;1;1;1m,[38;2;31;31;31;48;2;12;12;12m_[38;2;52;52;52;48;2;91;91;91mF[38;2;154;154;154;48;2;175;175;175m"[38;2;234;234;234;48;2;200;200;200m~[38;2;210;210;210;48;2;224;224;224my[38;2;248;248;248;48;2;236;236;236m`[38;2;158;158;158;48;2;226;226;226m_[38;2;161;161;161m_[38;2;254;254;254;48;2;250;250;250m:[38;2;249;249;249;48;2;251;251;251my[38;2;252;252;252;48;2;245;245;245m:[38;2;132;132;132;48;2;212;212;212m_[38;2;162;162;162;48;2;188;188;188ms[38;2;236;236;236;48;2;243;243;243mF[38;2;254;254;254;48;2;252;252;252m`[38;2;251;251;251m`                [38;2;252;252;252;48;2;251;251;251m:[48;2;250;250;250m [38;2;253;253;253;48;2;244;244;244m:[38;2;170;170;170;48;2;139;139;139mF[38;2;55;55;55;48;2;31;31;31mF[38;2;0;0;0;48;2;1;1;1m.[38;2;17;17;17;48;2;2;2;2m`[38;2;45;45;45;48;2;5;5;5m`[38;2;50;50;50;48;2;6;6;6m`[38;2;36;36;36;48;2;4;4;4m`[38;2;7;7;7;48;2;1;1;1m`[38;2;9;9;9;48;2;0;0;0m`[38;2;1;1;1m`                                       [0m
[7m[38;2;0;0;0m [0m[38;2;0;0;0;48;2;0;0;0m                                   [38;2;26;26;26;48;2;7;7;7m`[38;2;75;75;75;48;2;24;24;24m~[38;2;117;117;117;48;2;41;41;41m~[38;2;26;26;26;48;2;95;95;95my[38;2;33;33;33;48;2;117;117;117my[38;2;29;29;29;48;2;112;112;112my[38;2;127;127;127;48;2;51;51;51m~[38;2;39;39;39;48;2;110;110;110m_[38;2;129;129;129;48;2;216;216;216m_[38;2;159;159;159;48;2;231;231;231m_[38;2;94;94;94;48;2;166;166;166my[38;2;104;104;104;48;2;134;134;134m$[38;2;203;203;203;48;2;230;230;230m"[38;2;254;254;254;48;2;250;250;250m`[48;2;252;252;252m                 [38;2;252;252;252;48;2;251;251;251m:[48;2;250;250;250m [38;2;254;254;254;48;2;247;247;247m:[38;2;158;158;158;48;2;194;194;194my[38;2;107;107;107;48;2;58;58;58m~[38;2;16;16;16;48;2;3;3;3m~[48;2;0;0;0m                                               [0m
[7m[38;2;0;0;0m [0m[38;2;0;0;0;48;2;0;0;0m                                         [38;2;1;1;1m~[38;2;12;12;12;48;2;2;2;2m`[38;2;68;68;68;48;2;10;10;10m`[38;2;96;96;96;48;2;25;25;25m`[38;2;104;104;104;48;2;78;78;78my[38;2;163;163;163;48;2;215;215;215m~[38;2;254;254;254;48;2;249;249;249m'[38;2;250;250;250;48;2;251;251;251m~[38;2;252;252;252m:[48;2;252;252;252m                [48;2;251;251;251m:[38;2;250;250;250m~[38;2;254;254;254;48;2;249;249;249m`[38;2;188;188;188;48;2;220;220;220m~[38;2;127;127;127;48;2;78;78;78mL[38;2;25;25;25;48;2;8;8;8m_[38;2;1;1;1;48;2;0;0;0m_                                              [0m
[7m[38;2;0;0;0m [0m[38;2;0;0;0;48;2;0;0;0m                                           [38;2;1;1;1;48;2;2;2;2m:[38;2;81;81;81;48;2;55;55;55my[38;2;137;137;137;48;2;192;192;192m~[38;2;254;254;254;48;2;247;247;247m`[48;2;250;250;250m [38;2;252;252;252;48;2;251;251;251m:[48;2;252;252;252m                  [48;2;251;251;251m:[38;2;250;250;250mF[38;2;253;253;253;48;2;248;248;248m:[38;2;164;164;164;48;2;204;204;204m~[38;2;110;110;110;48;2;63;63;63mL[38;2;23;23;23;48;2;4;4;4m,[48;2;0;0;0m                                              [0m
[7m[38;2;0;0;0m [0m[38;2;0;0;0;48;2;0;0;0m                                          [38;2;1;1;1m=[38;2;59;59;59;48;2;36;36;36my[38;2;102;102;102;48;2;162;162;162m~[38;2;254;254;254;48;2;245;245;245m:[48;2;250;250;250m [38;2;252;252;252;48;2;251;251;251m:[48;2;252;252;252m                    [48;2;251;251;251m:[48;2;250;250;250m [38;2;254;254;254;48;2;247;247;247m.[38;2;138;138;138;48;2;177;177;177m~[38;2;82;82;82;48;2;45;45;45mL[38;2;2;2;2;48;2;0;0;0m,                                             [0m
[7m[38;2;0;0;0m [0m[38;2;0;0;0;48;2;0;0;0m                                          [38;2;51;51;51;48;2;23;23;23m_[38;2;89;89;89;48;2;136;136;136mF[38;2;221;221;221;48;2;241;241;241m~[38;2;253;253;253;48;2;250;250;250m`[38;2;252;252;252;48;2;251;251;251m.[48;2;252;252;252m                      [48;2;251;251;251m:[38;2;250;250;250mz[38;2;253;253;253;48;2;241;241;241m:[38;2;107;107;107;48;2;136;136;136m4[38;2;70;70;70;48;2;26;26;26m,[48;2;1;1;1m [48;2;0;0;0m                                            [0m
[7m[38;2;0;0;0m [0m[38;2;0;0;0;48;2;0;0;0m                                        [38;2;1;1;1m_[38;2;0;0;0;48;2;7;7;7m`[38;2;115;115;115;48;2;86;86;86mj[38;2;193;193;193;48;2;229;229;229m~[48;2;251;251;251m  [38;2;252;252;252m:[48;2;252;252;252m                      [48;2;251;251;251m:[38;2;249;249;249;48;2;250;250;250m`[38;2;254;254;254;48;2;249;249;249m:[38;2;185;185;185;48;2;204;204;204m~[38;2;101;101;101;48;2;61;61;61mL[38;2;2;2;2;48;2;1;1;1m.[48;2;0;0;0m                                            [0m
[?25h