[?25l[0m[7m[38;2;252;252;252m [0m[38;2;0;0;0;48;2;252;252;252m                                                                                                                       [0m
[7m[38;2;252;252;252m [0m[38;2;0;0;0;48;2;252;252;252m                                                                                                                       [0m
[7m[38;2;252;252;252m [0m[38;2;0;0;0;48;2;252;252;252m                                                                                                                       [0m
[7m[38;2;252;252;252m [0m[38;2;0;0;0;48;2;252;252;252m                                                                                                                       [0m
[7m[38;2;252;252;252m [0m[38;2;0;0;0;48;2;252;252;252m                                                                                                                       [0m
[7m[38;2;252;252;252m [0m[38;2;0;0;0;48;2;252;252;252m                                                                                                                       [0m
[7m[38;2;252;252;252m [0m[38;2;0;0;0;48;2;252;252;252m                                                                                                                       [0m
[7m[38;2;252;252;252m [0m[38;2;0;0;0;48;2;252;252;252m                                                                                                                       [0m
[7m[38;2;252;252;252m [0m[38;2;0;0;0;48;2;252;252;252m                                                                                                                       [0m
[7m[38;2;252;252;252m [0m[38;2;0;0;0;48;2;252;252;252m                                                                                                                       [0m
[7m[38;2;252;252;252m [0m[38;2;0;0;0;48;2;252;252;252m                                                                                                                       [0m
[7m[38;2;252;252;252m [0m[38;2;0;0;0;48;2;252;252;252m                                                                                                                       [0m
[7m[38;2;252;252;252m [0m[38;2;0;0;0;48;2;252;252;252m                                                                                                                       [0m
[7m[38;2;252;252;252m [0m[38;2;0;0;0;48;2;252;252;252m                                                                                                                       [0m
[7m[38;2;252;252;252m [0m[38;2;0;0;0;48;2;252;252;252m                                                                                                                       [0m
[7m[38;2;252;252;252m [0m[38;2;0;0;0;48;2;252;252;252m                                                        [48;2;251;251;251m [38;2;250;250;250muw    [38;2;252;252;252m:[48;2;252;252;252m                                                       [0m
[7m[38;2;252;252;252m [0m[38;2;0;0;0;48;2;252;252;252m                                                    [38;2;252;252;252;48;2;251;251;251m:[38;2;250;250;250m_[38;2;252;252;252;48;2;249;249;249m`[38;2;181;181;181;48;2;240;240;240m_[38;2;100;100;100;48;2;219;219;219m_[38;2;55;55;55;48;2;184;184;184m_[38;2;79;79;79;48;2;172;172;172my[38;2;75;75;75;48;2;169;169;169my[38;2;41;41;41;48;2;170;170;170m_[38;2;68;68;68;48;2;197;197;197m_[38;2;107;107;107;48;2;226;226;226m_[38;2;180;180;180;48;2;241;241;241m_[38;2;252;252;252;48;2;250;250;250m`[48;2;252;252;252m                                                      [0m
[7m[38;2;252;252;252m [0m[38;2;0;0;0;48;2;252;252;252m                                                  [38;2;252;252;252;48;2;251;251;251m: [38;2;254;254;254;48;2;248;248;248m.[38;2;166;166;166;48;2;226;226;226m_[38;2;70;70;70;48;2;161;161;161my[38;2;144;144;144;48;2;46;46;46m~[38;2;40;40;40;48;2;8;8;8m~[48;2;0;0;0m [38;2;1;1;1m==  [38;2;37;37;37;48;2;10;10;10m"[38;2;130;130;130;48;2;42;42;42m~[38;2;57;57;57;48;2;139;139;139my[38;2;131;131;131;48;2;214;214;214m_[38;2;236;236;236;48;2;247;247;247m,[38;2;250;250;250;48;2;251;251;251m,[38;2;252;252;252m:[48;2;252;252;252m                                                  [0m
[7m[38;2;252;252;252m [0m[38;2;0;0;0;48;2;252;252;252m                                                 [38;2;252;252;252;48;2;251;251;251m:[38;2;250;250;250ms[38;2;253;253;253;48;2;243;243;243m:[38;2;123;123;123;48;2;189;189;189my[38;2;114;114;114;48;2;49;49;49m~[38;2;1;1;1;48;2;6;6;6m:[48;2;0;0;0m~       ~[38;2;0;0;0;48;2;4;4;4m'[38;2;89;89;89;48;2;41;41;41m"[38;2;77;77;77;48;2;169;169;169m_[38;2;224;224;224;48;2;240;240;240m,[38;2;250;250;250;48;2;251;251;251m*[38;2;252;252;252m:[48;2;252;252;252m                                                 [0m
[7m[38;2;252;252;252m [0m[38;2;0;0;0;48;2;252;252;252m                                                [38;2;252;252;252;48;2;251;251;251m:[48;2;250;250;250m [38;2;254;254;254;48;2;241;241;241m:[38;2;113;113;113;48;2;171;171;171my[38;2;71;71;71;48;2;32;32;32m~[38;2;0;0;0;48;2;1;1;1m`[48;2;0;0;0m           [48;2;1;1;1m`[48;2;32;32;32m:[38;2;115;115;115;48;2;161;161;161my[38;2;234;234;234;48;2;242;242;242mr[38;2;251;251;251;48;2;250;250;250m~[48;2;251;251;251m [48;2;252;252;252m                                                [0m
[7m[38;2;252;252;252m [0m[38;2;0;0;0;48;2;252;252;252m                                                [38;2;252;252;252;48;2;251;251;251m`[38;2;254;254;254;48;2;250;250;250m:[38;2;210;210;210;48;2;219;219;219m4[38;2;83;83;83;48;2;53;53;53mF[38;2;0;0;0;48;2;2;2;2m:[38;2;1;1;1;48;2;0;0;0m`           _[38;2;0;0;0;48;2;12;12;12m:[38;2;102;102;102;48;2;92;92;92m4[38;2;225;225;225;48;2;237;237;237mL[48;2;251;251;251m [38;2;252;252;252m:[48;2;252;252;252m                                                [0m
[7m[38;2;252;252;252m [0m[38;2;0;0;0;48;2;252;252;252m                                                [38;2;252;252;252;48;2;251;251;251m:[38;2;253;253;253m'[38;2;254;254;254;48;2;231;231;231m:[38;2;148;148;148;48;2;99;99;99my[38;2;47;47;47;48;2;19;19;19m,[38;2;3;3;3;48;2;1;1;1m.[48;2;0;0;0m           [38;2;0;0;0;48;2;2;2;2m:[48;2;48;48;48m`[38;2;127;127;127;48;2;189;189;189m~[38;2;253;253;253;48;2;245;245;245m.[38;2;251;251;251;48;2;250;250;250my[38;2;252;252;252;48;2;251;251;251m.[48;2;252;252;252m                                                [0m
[7m[38;2;252;252;252m [0m[38;2;0;0;0;48;2;252;252;252m                                                 [38;2;252;252;252;48;2;251;251;251m:'[38;2;215;215;215;48;2;242;242;242m`[38;2;93;93;93;48;2;192;192;192m~[38;2;218;218;218;48;2;82;82;82m_[38;2;114;114;114;48;2;27;27;27m_[38;2;25;25;25;48;2;5;5;5m,[38;2;1;1;1;48;2;0;0;0m- ____ [38;2;0;0;0;48;2;1;1;1m`[38;2;2;2;2;48;2;18;18;18m`[38;2;194;194;194;48;2;75;75;75m_[38;2;115;115;115;48;2;201;201;201m~[38;2;252;252;252;48;2;245;245;245m.[48;2;251;251;251m :[48;2;252;252;252m                                [38;2;253;253;253m^                [0m
[7m[38;2;252;252;252m [0m[38;2;0;0;0;48;2;252;252;252m                                                  [38;2;252;252;252;48;2;251;251;251m:[38;2;250;250;250m`[38;2;254;254;254;48;2;252;252;252m`[38;2;251;251;251;48;2;249;249;249m:[38;2;173;173;173;48;2;230;230;230m~[38;2;102;102;102;48;2;196;196;196m~[38;2;205;205;205;48;2;108;108;108my[38;2;200;200;200;48;2;69;69;69m_[38;2;161;161;161;48;2;43;43;43m_[38;2;144;144;144;48;2;29;29;29m_[38;2;149;149;149;48;2;34;34;34m_[38;2;179;179;179;48;2;53;53;53m_[38;2;168;168;168;48;2;71;71;71my[38;2;214;214;214;48;2;123;123;123my[38;2;123;123;123;48;2;216;216;216m~[38;2;221;221;221;48;2;245;245;245m~[38;2;249;249;249;48;2;251;251;251m~[38;2;250;250;250m`[38;2;252;252;252m:[48;2;252;252;252m                                                  [0m
[7m[38;2;252;252;252m [0m[38;2;0;0;0;48;2;252;252;252m                                                      [38;2;252;252;252;48;2;251;251;251m.`'[38;2;223;223;223;48;2;248;248;248m`[38;2;205;205;205;48;2;245;245;245m`[38;2;198;198;198;48;2;244;244;244m`[38;2;199;199;199m`[38;2;213;213;213;48;2;246;246;246m`[38;2;234;234;234;48;2;249;249;249m`[38;2;252;252;252;48;2;251;251;251m.[38;2;253;253;253m`[38;2;252;252;252m.[48;2;252;252;252m                                                     [0m
[7m[38;2;252;252;252m [0m[38;2;0;0;0;48;2;252;252;252m                                                                                                                       [0m
[7m[38;2;252;252;252m [0m[38;2;0;0;0;48;2;252;252;252m                                                                                                                       [0m
[7m[38;2;252;252;252m [0m[38;2;0;0;0;48;2;252;252;252m                                                                                                                       [0m
[7m[38;2;252;252;252m [0m[38;2;0;0;0;48;2;252;252;252m                                                                                                                       [0m
[7m[38;2;252;252;252m [0m[38;2;0;0;0;48;2;252;252;252m                                                                                                                       [0m
[7m[38;2;252;252;252m [0m[38;2;0;0;0;48;2;252;252;252m                                                                                                                       [0m
[7m[38;2;252;252;252m [0m[38;2;0;0;0;48;2;252;252;252m                                                                                                                       [0m
[7m[38;2;252;252;252m [0m[38;2;0;0;0;48;2;252;252;252m                                                                                                                       [0m
[7m[38;2;252;252;252m [0m[38;2;0;0;0;48;2;252;252;252m                                                                                                                       [0m
[7m[38;2;252;252;252m [0m[38;2;0;0;0;48;2;252;252;252m                                                                                                                       [0m
[7m[38;2;252;252;252m [0m[38;2;0;0;0;48;2;252;252;252m                       [38;2;252;252;252;48;2;251;251;251m:[48;2;252;252;252m                                                                                               [0m
[?25h