[?25l[0m[7m[38;2;252;252;252m [0m[38;2;0;0;0;48;2;252;252;252m                                                                                                                       [0m
[7m[38;2;252;252;252m [0m[38;2;0;0;0;48;2;252;252;252m                                                                                                                       [0m
[7m[38;2;252;252;252m [0m[38;2;0;0;0;48;2;252;252;252m                                                                                                                       [0m
[7m[38;2;252;252;252m [0m[38;2;0;0;0;48;2;252;252;252m                                                                                                                       [0m
[7m[38;2;252;252;252m [0m[38;2;0;0;0;48;2;252;252;252m                                                                                                                       [0m
[7m[38;2;252;252;252m [0m[38;2;0;0;0;48;2;252;252;252m                                                                                                                       [0m
[7m[38;2;252;252;252m [0m[38;2;0;0;0;48;2;252;252;252m                                                                                                                       [0m
[7m[38;2;252;252;252m [0m[38;2;0;0;0;48;2;252;252;252m                                                                                                                       [0m
[7m[38;2;252;252;252m [0m[38;2;0;0;0;48;2;252;252;252m                                                                                                                       [0m
[7m[38;2;252;252;252m [0m[38;2;0;0;0;48;2;252;252;252m                                                                                                                       [0m
[7m[38;2;252;252;252m [0m[38;2;0;0;0;48;2;252;252;252m                                                                                                                       [0m
[7m[38;2;252;252;252m [0m[38;2;0;0;0;48;2;252;252;252m                                                                                                                       [0m
[7m[38;2;252;252;252m [0m[38;2;0;0;0;48;2;252;252;252m                                                                                                                       [0m
[7m[38;2;252;252;252m [0m[38;2;0;0;0;48;2;252;252;252m                                                                                                                       [0m
[7m[38;2;252;252;252m [0m[38;2;0;0;0;48;2;252;252;252m                                                                                                                       [0m
[7m[38;2;252;252;252m [0m[38;2;0;0;0;48;2;252;252;252m                                                         [38;2;252;252;252;48;2;251;251;251m:   .[48;2;252;252;252m                                                         [0m
[7m[38;2;252;252;252m [0m[38;2;0;0;0;48;2;252;252;252m                                                      [38;2;252;252;252;48;2;251;251;251m:[38;2;253;253;253m.[38;2;251;251;251;48;2;245;245;245m`[38;2;134;134;134;48;2;234;234;234m_[38;2;89;89;89;48;2;215;215;215m_[38;2;80;80;80;48;2;210;210;210m_[38;2;114;114;114;48;2;229;229;229m_[38;2;191;191;191;48;2;242;242;242m_[38;2;251;251;251;48;2;249;249;249m`[38;2;252;252;252;48;2;251;251;251m:[48;2;252;252;252m                                                       [0m
[7m[38;2;252;252;252m [0m[38;2;0;0;0;48;2;252;252;252m                                                    [38;2;252;252;252;48;2;251;251;251m:[38;2;250;250;250my[38;2;254;254;254;48;2;247;247;247m:[38;2;163;163;163;48;2;213;213;213my[38;2;190;190;190;48;2;82;82;82m~[38;2;81;81;81;48;2;25;25;25m"[38;2;17;17;17;48;2;3;3;3m~[38;2;0;0;0;48;2;2;2;2m.[38;2;48;48;48;48;2;15;15;15m"[38;2;144;144;144;48;2;57;57;57m~[38;2;118;118;118;48;2;179;179;179my[38;2;251;251;251;48;2;243;243;243m`[48;2;251;251;251m [38;2;252;252;252m:[48;2;252;252;252m                                                     [0m
[7m[38;2;252;252;252m [0m[38;2;0;0;0;48;2;252;252;252m                                                    [48;2;251;251;251m [38;2;252;252;252mz[38;2;254;254;254;48;2;233;233;233m'[38;2;115;115;115;48;2;91;91;91mF[38;2;23;23;23;48;2;11;11;11m~[38;2;2;2;2;48;2;0;0;0m`  [38;2;1;1;1;48;2;3;3;3m:[38;2;0;0;0;48;2;29;29;29m'[38;2;202;202;202;48;2;109;109;109m_[38;2;231;231;231;48;2;239;239;239mL[48;2;251;251;251m [48;2;252;252;252m                                                      [0m
[7m[38;2;252;252;252m [0m[38;2;0;0;0;48;2;252;252;252m                                                    [48;2;251;251;251m [38;2;254;254;254m.[38;2;214;214;214;48;2;241;241;241m_[38;2;183;183;183;48;2;149;149;149m=[38;2;61;61;61;48;2;32;32;32mL[48;2;0;0;0m   [38;2;0;0;0;48;2;9;9;9m:[38;2;105;105;105;48;2;75;75;75m4[38;2;205;205;205;48;2;223;223;223mL[38;2;253;253;253;48;2;250;250;250m`[48;2;251;251;251m [38;2;252;252;252m:[48;2;252;252;252m                                                     [0m
[7m[38;2;252;252;252m [0m[38;2;0;0;0;48;2;252;252;252m                                                   [38;2;252;252;252;48;2;251;251;251m:[38;2;250;250;250mu[38;2;252;252;252;48;2;228;228;228m'[38;2;69;69;69;48;2;117;117;117m4[48;2;20;20;20m~[38;2;7;7;7;48;2;3;3;3m`[48;2;0;0;0m    [38;2;62;62;62;48;2;37;37;37m4[38;2;102;102;102;48;2;186;186;186m_[38;2;144;144;144;48;2;234;234;234m_[38;2;204;204;204;48;2;242;242;242m_[38;2;252;252;252;48;2;250;250;250m`[48;2;252;252;252m                                                     [0m
[7m[38;2;252;252;252m [0m[38;2;0;0;0;48;2;252;252;252m                                                   [38;2;252;252;252;48;2;251;251;251m:_[38;2;254;254;254;48;2;247;247;247m:[38;2;127;127;127;48;2;197;197;197m`[38;2;84;84;84;48;2;49;49;49mL[38;2;0;0;0;48;2;3;3;3m:[38;2;1;1;1;48;2;0;0;0m_    [38;2;27;27;27;48;2;8;8;8m"[38;2;0;0;0;48;2;49;49;49m:[38;2;113;113;113;48;2;167;167;167m_[38;2;251;251;251;48;2;242;242;242m`[38;2;250;250;250;48;2;251;251;251mg[38;2;252;252;252m.[48;2;252;252;252m                                                   [0m
[7m[38;2;252;252;252m [0m[38;2;0;0;0;48;2;252;252;252m                                                    [38;2;252;252;252;48;2;251;251;251m:[48;2;250;250;250m [38;2;254;254;254;48;2;240;240;240m:[38;2;127;127;127;48;2;160;160;160m~[38;2;59;59;59;48;2;31;31;31mL[38;2;0;0;0;48;2;1;1;1m_[48;2;0;0;0m    [38;2;2;2;2m~[38;2;0;0;0;48;2;6;6;6m:[38;2;88;88;88;48;2;69;69;69m4[38;2;205;205;205;48;2;223;223;223m_[38;2;248;248;248;48;2;250;250;250m,[38;2;252;252;252;48;2;251;251;251m`:[48;2;252;252;252m                                 [38;2;253;253;253m^                [0m
[7m[38;2;252;252;252m [0m[38;2;0;0;0;48;2;252;252;252m                                                   [38;2;252;252;252;48;2;251;251;251m:[38;2;250;250;250m.[38;2;253;253;253;48;2;248;248;248m:[38;2;150;150;150;48;2;220;220;220m_[38;2;190;190;190;48;2;94;94;94m~[38;2;55;55;55;48;2;15;15;15m~[48;2;0;0;0m      [38;2;1;1;1m_[38;2;0;0;0;48;2;31;31;31m:[38;2;71;71;71;48;2;159;159;159m_[38;2;251;251;251;48;2;240;240;240m`[38;2;252;252;252;48;2;251;251;251mL:[48;2;252;252;252m                                                  [0m
[7m[38;2;252;252;252m [0m[38;2;0;0;0;48;2;252;252;252m                                                  [38;2;252;252;252;48;2;251;251;251m: [38;2;254;254;254;48;2;246;246;246m:[38;2;124;124;124;48;2;202;202;202m_[38;2;120;120;120;48;2;59;59;59m~[38;2;24;24;24;48;2;4;4;4m~[38;2;1;1;1;48;2;0;0;0m`      [48;2;8;8;8m`[38;2;110;110;110;48;2;23;23;23m_[38;2;195;195;195;48;2;89;89;89m_[38;2;214;214;214;48;2;227;227;227m^[38;2;252;252;252;48;2;251;251;251m::[48;2;252;252;252m                                                  [0m
[7m[38;2;252;252;252m [0m[38;2;0;0;0;48;2;252;252;252m                                                 [48;2;251;251;251m [38;2;253;253;253m.[48;2;240;240;240m:[38;2;68;68;68;48;2;174;174;174m_[38;2;93;93;93;48;2;40;40;40m~[38;2;0;0;0;48;2;3;3;3m:[38;2;1;1;1;48;2;0;0;0m"      [38;2;0;0;0;48;2;5;5;5m:[38;2;88;88;88;48;2;56;56;56m4[38;2;153;153;153;48;2;199;199;199m~[38;2;225;225;225;48;2;244;244;244m~[38;2;253;253;253;48;2;251;251;251m`[38;2;252;252;252m:[48;2;252;252;252m                                                   [0m
[7m[38;2;252;252;252m [0m[38;2;0;0;0;48;2;252;252;252m                                                [38;2;252;252;252;48;2;251;251;251m.[38;2;253;253;253;48;2;250;250;250m.[38;2;254;254;254;48;2;234;234;234m'[38;2;74;74;74;48;2;137;137;137my[38;2;56;56;56;48;2;20;20;20m~[38;2;0;0;0;48;2;1;1;1m.[48;2;0;0;0m         [48;2;25;25;25m:[38;2;101;101;101;48;2;134;134;134mL[38;2;231;231;231;48;2;240;240;240mL[38;2;250;250;250;48;2;249;249;249m_[48;2;251;251;251m [48;2;252;252;252m                                                   [0m
[7m[38;2;252;252;252m [0m[38;2;0;0;0;48;2;252;252;252m                                               [38;2;252;252;252;48;2;251;251;251m.[38;2;249;249;249;48;2;250;250;250mi[38;2;254;254;254;48;2;242;242;242m:[38;2;201;201;201;48;2;158;158;158m~[38;2;50;50;50;48;2;31;31;31m~[38;2;1;1;1;48;2;0;0;0m:          [38;2;0;0;0;48;2;3;3;3m:[38;2;81;81;81;48;2;63;63;63m4[38;2;213;213;213;48;2;228;228;228mL[38;2;250;250;250;48;2;251;251;251mL[38;2;252;252;252m:[48;2;252;252;252m                                                   [0m
[7m[38;2;252;252;252m [0m[38;2;0;0;0;48;2;252;252;252m                                               [38;2;252;252;252;48;2;251;251;251m:[48;2;250;250;250m [38;2;254;254;254;48;2;243;243;243m'[38;2;146;146;146;48;2;182;182;182m~[38;2;85;85;85;48;2;46;46;46m,[38;2;1;1;1;48;2;3;3;3m:[38;2;2;2;2;48;2;0;0;0m_        [38;2;1;1;1m_[38;2;0;0;0;48;2;6;6;6m:[38;2;88;88;88;48;2;73;73;73m4[38;2;222;222;222;48;2;232;232;232mL[38;2;248;248;248;48;2;251;251;251m_[38;2;250;250;250m_[38;2;252;252;252m:[48;2;252;252;252m                                                  [0m
[7m[38;2;252;252;252m [0m[38;2;0;0;0;48;2;252;252;252m                                                [38;2;252;252;252;48;2;251;251;251m:[38;2;250;250;250m~[38;2;253;253;253;48;2;245;245;245m'[38;2;134;134;134;48;2;203;203;203m~[38;2;219;219;219;48;2;94;94;94m_[38;2;116;116;116;48;2;28;28;28m_[38;2;65;65;65;48;2;4;4;4m_[38;2;26;26;26;48;2;1;1;1m_[38;2;3;3;3;48;2;0;0;0m,    [38;2;37;37;37;48;2;2;2;2m_[38;2;61;61;61;48;2;11;11;11m_[38;2;92;92;92;48;2;41;41;41m_[38;2;110;110;110;48;2;129;129;129mF[38;2;152;152;152;48;2;215;215;215m_[38;2;176;176;176;48;2;227;227;227m_[38;2;186;186;186;48;2;233;233;233m_[38;2;192;192;192;48;2;238;238;238m_[38;2;219;219;219;48;2;246;246;246m_[38;2;244;244;244;48;2;251;251;251m_[38;2;251;251;251;48;2;252;252;252m,                                               [0m
[7m[38;2;252;252;252m [0m[38;2;0;0;0;48;2;252;252;252m                                                  [38;2;252;252;252;48;2;251;251;251m..[38;2;235;235;235;48;2;248;248;248m`[38;2;175;175;175;48;2;226;226;226m`[38;2;118;118;118;48;2;168;168;168m`[38;2;77;77;77;48;2;118;118;118m~[38;2;25;25;25;48;2;73;73;73m~[38;2;30;30;30;48;2;13;13;13m,[48;2;0;0;0m [38;2;0;0;0;48;2;1;1;1m:[38;2;42;42;42;48;2;27;27;27m4[38;2;79;79;79;48;2;99;99;99m_[38;2;108;108;108;48;2;128;128;128m~[38;2;111;111;111;48;2;130;130;130m`[38;2;131;131;131;48;2;132;132;132m_[38;2;141;141;141;48;2;133;133;133m"[38;2;163;163;163;48;2;136;136;136m`[38;2;160;160;160;48;2;138;138;138m~[38;2;166;166;166;48;2;143;143;143m"[38;2;185;185;185;48;2;152;152;152m~[38;2;178;178;178;48;2;200;200;200my[38;2;229;229;229;48;2;239;239;239m,[38;2;249;249;249;48;2;251;251;251m,[48;2;252;252;252m                                              [0m
[7m[38;2;252;252;252m [0m[38;2;0;0;0;48;2;252;252;252m                                                   [48;2;251;251;251m [38;2;248;248;248;48;2;250;250;250m4[38;2;214;214;214;48;2;221;221;221m4[38;2;167;167;167;48;2;157;157;157mL[38;2;135;135;135;48;2;137;137;137m4[38;2;99;99;99;48;2;110;110;110m4[38;2;58;58;58;48;2;30;30;30m_[38;2;0;0;0;48;2;2;2;2m`[38;2;1;1;1;48;2;0;0;0m,[38;2;0;0;0;48;2;2;2;2m'[38;2;45;45;45;48;2;27;27;27m"[38;2;87;87;87;48;2;102;102;102mm[38;2;130;130;130;48;2;132;132;132mL[38;2;133;133;133m,[48;2;131;131;131m_[38;2;134;134;134m_[48;2;132;132;132m_[48;2;133;133;133m~[38;2;132;132;132;48;2;138;138;138m.[38;2;177;177;177;48;2;169;169;169m4[38;2;219;219;219;48;2;229;229;229mL[38;2;247;247;247;48;2;249;249;249mr[48;2;251;251;251m [48;2;252;252;252m                                             [0m
[7m[38;2;252;252;252m [0m[38;2;0;0;0;48;2;252;252;252m                                                    [38;2;253;253;253;48;2;251;251;251m'[38;2;233;233;233;48;2;243;243;243m"[38;2;223;223;223;48;2;196;196;196my[38;2;204;204;204;48;2;156;156;156m_[38;2;164;164;164;48;2;137;137;137m_[38;2;100;100;100;48;2;125;125;125m~[38;2;42;42;42;48;2;94;94;94m~[38;2;121;121;121;48;2;40;40;40m_[38;2;118;118;118;48;2;27;27;27m_[38;2;138;138;138;48;2;60;60;60m_[38;2;174;174;174;48;2;125;125;125m_[38;2;191;191;191;48;2;141;141;141m_[38;2;215;215;215;48;2;156;156;156m_[38;2;217;217;217;48;2;175;175;175my[38;2;232;232;232;48;2;190;190;190my[38;2;227;227;227;48;2;185;185;185my[38;2;222;222;222;48;2;179;179;179my[38;2;233;233;233;48;2;191;191;191my[38;2;184;184;184;48;2;228;228;228m~[38;2;232;232;232;48;2;244;244;244m"[38;2;249;249;249;48;2;251;251;251m~[48;2;252;252;252m                                              [0m
[7m[38;2;252;252;252m [0m[38;2;0;0;0;48;2;252;252;252m                                                      [38;2;249;249;249;48;2;251;251;251m`[38;2;227;227;227;48;2;243;243;243m"[38;2;190;190;190;48;2;231;231;231m~[38;2;165;165;165;48;2;219;219;219m~[38;2;152;152;152;48;2;209;209;209m~[38;2;154;154;154;48;2;212;212;212m~[38;2;157;157;157;48;2;218;218;218m~[38;2;175;175;175;48;2;227;227;227m~[38;2;202;202;202;48;2;238;238;238m~[38;2;221;221;221;48;2;244;244;244m~[38;2;235;235;235;48;2;248;248;248m`[38;2;249;249;249;48;2;251;251;251m`[48;2;252;252;252m [38;2;253;253;253mF[38;2;249;249;249;48;2;251;251;251m`[48;2;252;252;252m                                                  [0m
[7m[38;2;252;252;252m [0m[38;2;0;0;0;48;2;252;252;252m                                                         [38;2;253;253;253m"~~``                                                         [0m
[7m[38;2;252;252;252m [0m[38;2;0;0;0;48;2;252;252;252m                       [38;2;252;252;252;48;2;251;251;251m:[48;2;252;252;252m                                                                                               [0m
[?25h