[?25l[0m[7m[38;2;252;252;252m [0m[38;2;0;0;0;48;2;252;252;252m                                         [48;2;251;251;251m [38;2;253;253;253m.[38;2;250;250;250;48;2;232;232;232m'[38;2;87;87;87;48;2;136;136;136mg[38;2;86;86;86;48;2;140;140;140mg[38;2;173;173;173;48;2;229;229;229m_[38;2;250;250;250;48;2;237;237;237m:[38;2;121;121;121;48;2;185;185;185my[38;2;132;132;132;48;2;75;75;75m~[38;2;29;29;29;48;2;13;13;13m~[38;2;0;0;0;48;2;1;1;1m:[38;2;42;42;42;48;2;77;77;77m$[38;2;198;198;198;48;2;215;215;215mL[38;2;253;253;253;48;2;250;250;250m.[48;2;251;251;251m [38;2;252;252;252m:[48;2;252;252;252m                                                              [0m
[7m[38;2;252;252;252m [0m[38;2;0;0;0;48;2;252;252;252m                                        [38;2;252;252;252;48;2;251;251;251m::[38;2;251;251;251;48;2;234;234;234m'[38;2;185;185;185;48;2;116;116;116m~[38;2;59;59;59;48;2;21;21;21m~[38;2;33;33;33;48;2;12;12;12m"[38;2;132;132;132;48;2;77;77;77m~[38;2;97;97;97;48;2;175;175;175m_[38;2;88;88;88;48;2;64;64;64m~[38;2;23;23;23;48;2;10;10;10m~[38;2;1;1;1;48;2;2;2;2m.[48;2;0;0;0m_[38;2;61;61;61;48;2;41;41;41m4[38;2;155;155;155;48;2;177;177;177mL[38;2;241;241;241;48;2;246;246;246mL[48;2;250;250;250m [38;2;252;252;252;48;2;251;251;251m:[48;2;252;252;252m                                                              [0m
[7m[38;2;252;252;252m [0m[38;2;0;0;0;48;2;252;252;252m                                        [38;2;252;252;252;48;2;251;251;251m: [38;2;251;251;251;48;2;242;242;242m:[38;2;121;121;121;48;2;179;179;179m~[38;2;134;134;134;48;2;53;53;53m_[38;2;24;24;24;48;2;7;7;7m,[38;2;0;0;0;48;2;4;4;4m:[38;2;48;48;48;48;2;14;14;14m~[38;2;41;41;41;48;2;13;13;13m~[38;2;0;0;0;48;2;1;1;1m:[48;2;0;0;0m [38;2;1;1;1m.[38;2;40;40;40;48;2;26;26;26m4[38;2;122;122;122;48;2;141;141;141m$[38;2;236;236;236;48;2;243;243;243mL[38;2;249;249;249;48;2;250;250;250m.[38;2;252;252;252;48;2;251;251;251m:[48;2;252;252;252m                                                              [0m
[7m[38;2;252;252;252m [0m[38;2;0;0;0;48;2;252;252;252m                                           [38;2;252;252;252;48;2;249;249;249m'[38;2;190;190;190;48;2;231;231;231m"[38;2;76;76;76;48;2;167;167;167m~[38;2;185;185;185;48;2;61;61;61m_[38;2;73;73;73;48;2;14;14;14m_[38;2;0;0;0;48;2;2;2;2m:[48;2;0;0;0m   [38;2;21;21;21;48;2;15;15;15m4[38;2;121;121;121;48;2;102;102;102m4[38;2;234;234;234;48;2;242;242;242mL[48;2;251;251;251m [38;2;252;252;252m:[48;2;252;252;252m                                                              [0m
[7m[38;2;252;252;252m [0m[38;2;0;0;0;48;2;252;252;252m                                       [48;2;251;251;251m [38;2;250;250;250m__[38;2;252;252;252m.: [48;2;250;250;250m'[38;2;221;221;221;48;2;241;241;241m`[38;2;127;127;127;48;2;201;201;201m~[38;2;115;115;115;48;2;72;72;72mL[38;2;0;0;0;48;2;11;11;11m:[38;2;1;1;1;48;2;0;0;0m. [38;2;21;21;21;48;2;14;14;14m4[38;2;121;121;121;48;2;100;100;100m4[38;2;234;234;234;48;2;242;242;242mL[48;2;251;251;251m [48;2;252;252;252m                                                               [0m
[7m[38;2;252;252;252m [0m[38;2;0;0;0;48;2;252;252;252m                                     [38;2;252;252;252;48;2;251;251;251m`[38;2;226;226;226;48;2;249;249;249m_[38;2;165;165;165;48;2;238;238;238m_[38;2;118;118;118;48;2;216;216;216m_[38;2;127;127;127;48;2;220;220;220m_[38;2;185;185;185;48;2;243;243;243m_[38;2;244;244;244;48;2;250;250;250m,[38;2;252;252;252;48;2;251;251;251m. [38;2;253;253;253;48;2;247;247;247m:[38;2;168;168;168;48;2;208;208;208m_[38;2;94;94;94;48;2;61;61;61mF[38;2;0;0;0;48;2;6;6;6m:[48;2;0;0;0m  [38;2;21;21;21;48;2;14;14;14m4[38;2;120;120;120;48;2;99;99;99m4[38;2;230;230;230;48;2;239;239;239mL[38;2;219;219;219;48;2;248;248;248m_[38;2;220;220;220m_[38;2;240;240;240;48;2;251;251;251m_[38;2;250;250;250m.[38;2;252;252;252m:[38;2;251;251;251;48;2;252;252;252m_                                                          [0m
[7m[38;2;252;252;252m [0m[38;2;0;0;0;48;2;252;252;252m                                    [38;2;252;252;252;48;2;251;251;251m:[38;2;251;251;251;48;2;248;248;248m:[38;2;244;244;244;48;2;218;218;218m.[38;2;218;218;218;48;2;129;129;129m_[38;2;19;19;19;48;2;37;37;37m:[38;2;69;69;69;48;2;13;13;13m`[38;2;106;106;106;48;2;54;54;54m~[38;2;127;127;127;48;2;175;175;175mw[38;2;254;254;254;48;2;247;247;247m:[38;2;252;252;252;48;2;250;250;250m.[38;2;199;199;199;48;2;227;227;227m_[38;2;64;64;64;48;2;111;111;111my[38;2;31;31;31;48;2;12;12;12m~[38;2;2;2;2;48;2;1;1;1m=[48;2;0;0;0m  [38;2;0;0;0;48;2;8;8;8m:[38;2;91;91;91;48;2;47;47;47m"[38;2;198;198;198;48;2;72;72;72m~[38;2;183;183;183;48;2;61;61;61m~[38;2;184;184;184;48;2;62;62;62m~[38;2;217;217;217;48;2;87;87;87m~[38;2;8;8;8;48;2;163;163;163m_[38;2;82;82;82;48;2;219;219;219m_[38;2;223;223;223;48;2;244;244;244m,[38;2;252;252;252;48;2;251;251;251m` :[48;2;252;252;252m                                                       [0m
[7m[38;2;252;252;252m [0m[38;2;0;0;0;48;2;252;252;252m                                    [38;2;252;252;252;48;2;251;251;251m: .[38;2;241;241;241;48;2;223;223;223m:[38;2;105;105;105;48;2;83;83;83mL[38;2;18;18;18;48;2;8;8;8mL[38;2;2;2;2;48;2;5;5;5m:[38;2;100;100;100;48;2;64;64;64m"[38;2;75;75;75;48;2;191;191;191m_[38;2;153;153;153;48;2;222;222;222m_[38;2;181;181;181;48;2;132;132;132m~[38;2;43;43;43;48;2;24;24;24m~[38;2;1;1;1;48;2;0;0;0m:   [38;2;0;0;0;48;2;1;1;1m:[38;2;18;18;18;48;2;9;9;9m^[38;2;0;0;0;48;2;1;1;1m`[48;2;0;0;0m   [48;2;2;2;2m.[38;2;59;59;59;48;2;16;16;16m"[38;2;163;163;163;48;2;66;66;66m~[38;2;76;76;76;48;2;183;183;183m_[38;2;203;203;203;48;2;242;242;242m_[38;2;252;252;252;48;2;251;251;251m`.:[48;2;252;252;252m                                                     [0m
[7m[38;2;252;252;252m [0m[38;2;0;0;0;48;2;252;252;252m                                     [38;2;252;252;252;48;2;251;251;251m:[38;2;251;251;251;48;2;250;250;250m:[38;2;211;211;211;48;2;234;234;234m"[38;2;83;83;83;48;2;163;163;163m~[38;2;49;49;49;48;2;31;31;31mr[38;2;0;0;0;48;2;1;1;1m::[38;2;42;42;42;48;2;11;11;11m`[38;2;101;101;101;48;2;17;17;17m`[38;2;52;52;52;48;2;13;13;13m~[38;2;0;0;0;48;2;2;2;2m:[48;2;0;0;0m            [38;2;2;2;2m`[38;2;41;41;41;48;2;16;16;16m"[38;2;62;62;62;48;2;108;108;108mg[38;2;145;145;145;48;2;218;218;218m_[38;2;250;250;250;48;2;248;248;248m`[38;2;249;249;249;48;2;251;251;251m_[38;2;252;252;252m:[48;2;252;252;252m                                                    [0m
[7m[38;2;252;252;252m [0m[38;2;0;0;0;48;2;252;252;252m                                    [38;2;252;252;252;48;2;251;251;251m:`[48;2;249;249;249m.[38;2;184;184;184;48;2;233;233;233m_[38;2;88;88;88;48;2;146;146;146my[38;2;49;49;49;48;2;20;20;20m~[38;2;1;1;1;48;2;0;0;0m:                  ~[38;2;0;0;0;48;2;8;8;8m'[38;2;111;111;111;48;2;68;68;68m~[38;2;159;159;159;48;2;211;211;211m_[38;2;250;250;250;48;2;248;248;248m'[48;2;251;251;251m_[38;2;252;252;252m:[48;2;252;252;252m                                                   [0m
[7m[38;2;252;252;252m [0m[38;2;0;0;0;48;2;252;252;252m                                  [38;2;252;252;252;48;2;251;251;251m:[38;2;250;250;250m_[38;2;251;251;251;48;2;247;247;247m`[38;2;132;132;132;48;2;222;222;222m_[38;2;60;60;60;48;2;150;150;150my[38;2;123;123;123;48;2;41;41;41m~[38;2;27;27;27;48;2;6;6;6m~[48;2;0;0;0m                     [38;2;2;2;2m"[38;2;25;25;25;48;2;12;12;12m"[38;2;67;67;67;48;2;103;103;103ml[38;2;221;221;221;48;2;235;235;235mL[38;2;249;249;249;48;2;251;251;251m"[38;2;252;252;252m.[48;2;252;252;252m                                                   [0m
[7m[38;2;252;252;252m [0m[38;2;0;0;0;48;2;252;252;252m                                 [38;2;252;252;252;48;2;251;251;251m:[38;2;250;250;250mL[38;2;251;251;251;48;2;244;244;244m'[38;2;139;139;139;48;2;195;195;195m_[38;2;108;108;108;48;2;46;46;46m~[38;2;0;0;0;48;2;4;4;4m`[38;2;2;2;2;48;2;0;0;0m`                       [38;2;0;0;0;48;2;1;1;1m:[38;2;74;74;74;48;2;52;52;52m4[38;2;195;195;195;48;2;215;215;215mL[38;2;253;253;253;48;2;249;249;249m`[38;2;252;252;252;48;2;251;251;251m':[48;2;252;252;252m                                                  [0m
[7m[38;2;252;252;252m [0m[38;2;0;0;0;48;2;252;252;252m                                [38;2;252;252;252;48;2;251;251;251m:`[38;2;250;250;250;48;2;243;243;243m`[38;2;109;109;109;48;2;195;195;195m_[48;2;50;50;50m~[38;2;0;0;0;48;2;5;5;5m`[38;2;1;1;1;48;2;0;0;0m~                       [38;2;0;0;0;48;2;3;3;3m:[38;2;70;70;70;48;2;42;42;42mu[38;2;61;61;61;48;2;170;170;170m~[38;2;208;208;208;48;2;235;235;235m~[38;2;252;252;252;48;2;250;250;250m`[38;2;251;251;251;48;2;252;252;252m`                                                   [0m
[7m[38;2;252;252;252m [0m[38;2;0;0;0;48;2;252;252;252m                                [38;2;252;252;252;48;2;251;251;251m:\[38;2;218;218;218;48;2;229;229;229m4[38;2;147;147;147;48;2;111;111;111m_[38;2;5;5;5;48;2;19;19;19m:[38;2;1;1;1;48;2;0;0;0m`                         [38;2;58;58;58;48;2;40;40;40m4[38;2;172;172;172;48;2;193;193;193mL[38;2;241;241;241;48;2;247;247;247mL[48;2;251;251;251m [38;2;252;252;252m:[48;2;252;252;252m                                                   [0m
[7m[38;2;252;252;252m [0m[38;2;0;0;0;48;2;252;252;252m                                [38;2;252;252;252;48;2;251;251;251m:.[38;2;250;250;250;48;2;246;246;246m:[38;2;174;174;174;48;2;221;221;221m~[38;2;191;191;191;48;2;127;127;127my[38;2;85;85;85;48;2;31;31;31m_[38;2;0;0;0;48;2;3;3;3m`[38;2;2;2;2;48;2;0;0;0m_                      [38;2;1;1;1my[38;2;46;46;46;48;2;30;30;30m4[38;2;140;140;140;48;2;162;162;162mL[38;2;235;235;235;48;2;243;243;243mL[48;2;250;250;250m [38;2;252;252;252;48;2;251;251;251m.[48;2;252;252;252m                                                   [0m
[7m[38;2;252;252;252m [0m[38;2;0;0;0;48;2;252;252;252m                           [38;2;252;252;252;48;2;251;251;251m;[38;2;250;250;250mw [48;2;252;252;252m____[48;2;251;251;251m [38;2;252;252;252m`[38;2;240;240;240;48;2;248;248;248m`[38;2;167;167;167;48;2;224;224;224m~[38;2;212;212;212;48;2;121;121;121my[38;2;177;177;177;48;2;84;84;84my[38;2;162;162;162;48;2;77;77;77my[38;2;79;79;79;48;2;38;38;38my[38;2;0;0;0;48;2;6;6;6m:[38;2;1;1;1;48;2;0;0;0m,                  [48;2;1;1;1m [38;2;41;41;41;48;2;28;28;28m4[38;2;158;158;158;48;2;147;147;147m4[38;2;234;234;234;48;2;242;242;242mL[48;2;250;250;250m [48;2;251;251;251m [48;2;252;252;252m                                                   [0m
[7m[38;2;252;252;252m [0m[38;2;0;0;0;48;2;252;252;252m                       [38;2;252;252;252;48;2;251;251;251m:[38;2;250;250;250m_[38;2;252;252;252;48;2;249;249;249m`[38;2;187;187;187;48;2;242;242;242m_[38;2;101;101;101;48;2;224;224;224m_[38;2;59;59;59;48;2;187;187;187m_[38;2;64;64;64;48;2;163;163;163my[38;2;39;39;39;48;2;146;146;146my[38;2;38;38;38;48;2;145;145;145myy[38;2;46;46;46;48;2;150;150;150my[38;2;31;31;31;48;2;162;162;162m_[38;2;71;71;71;48;2;198;198;198m_[38;2;130;130;130;48;2;233;233;233m_[38;2;211;211;211;48;2;245;245;245m_[38;2;252;252;252;48;2;250;250;250m'[38;2;246;246;246;48;2;235;235;235m'[38;2;100;100;100;48;2;172;172;172my[38;2;115;115;115;48;2;49;49;49m~[38;2;0;0;0;48;2;6;6;6m:[38;2;1;1;1;48;2;0;0;0m"                  `[38;2;55;55;55;48;2;37;37;37m4[38;2;168;168;168;48;2;186;186;186mF[38;2;241;241;241;48;2;246;246;246mL[48;2;250;250;250m [38;2;252;252;252;48;2;251;251;251m.[48;2;252;252;252m                                                   [0m
[7m[38;2;252;252;252m [0m[38;2;0;0;0;48;2;252;252;252m          [38;2;252;252;252;48;2;251;251;251m:.:[38;2;250;250;250mu.[48;2;252;252;252m_[38;2;246;246;246m_[38;2;245;245;245;48;2;251;251;251m_[38;2;247;247;247;48;2;252;252;252m_[38;2;253;253;253m.[48;2;251;251;251m [38;2;250;250;250mw.[38;2;251;251;251;48;2;248;248;248m`[38;2;172;172;172;48;2;226;226;226m_[38;2;62;62;62;48;2;159;159;159my[38;2;148;148;148;48;2;40;40;40m~[38;2;29;29;29;48;2;9;9;9m`[48;2;0;0;0m       [38;2;7;7;7;48;2;2;2;2m`[38;2;63;63;63;48;2;18;18;18m~[38;2;166;166;166;48;2;63;63;63m~[38;2;32;32;32;48;2;157;157;157m_[38;2;89;89;89;48;2;197;197;197m_[38;2;47;47;47;48;2;155;155;155m_[38;2;90;90;90;48;2;55;55;55mF[38;2;0;0;0;48;2;7;7;7m:[48;2;0;0;0m                   [48;2;1;1;1m:[38;2;72;72;72;48;2;53;53;53m4[38;2;199;199;199;48;2;215;215;215mF[38;2;252;252;252;48;2;249;249;249m`[38;2;250;250;250;48;2;251;251;251m`[38;2;252;252;252m:[48;2;252;252;252m                                                   [0m
[7m[38;2;252;252;252m [0m[38;2;0;0;0;48;2;252;252;252m       [38;2;252;252;252;48;2;251;251;251m:[38;2;250;250;250m,[38;2;253;253;253;48;2;252;252;252m,[38;2;251;251;251;48;2;247;247;247m`[38;2;177;177;177;48;2;241;241;241m_[38;2;115;115;115;48;2;226;226;226m_[38;2;74;74;74;48;2;196;196;196m_[38;2;80;80;80;48;2;173;173;173my[38;2;47;47;47;48;2;154;154;154my[38;2;34;34;34;48;2;140;140;140my[38;2;32;32;32;48;2;137;137;137my[38;2;36;36;36;48;2;142;142;142my[38;2;52;52;52;48;2;156;156;156my[38;2;79;79;79;48;2;171;171;171my[38;2;65;65;65;48;2;188;188;188m_[38;2;85;85;85;48;2;205;205;205m_[38;2;55;55;55;48;2;164;164;164m_[38;2;119;119;119;48;2;43;43;43m~[38;2;0;0;0;48;2;4;4;4m:[38;2;2;2;2;48;2;0;0;0m~           [38;2;20;20;20;48;2;2;2;2m`[38;2;68;68;68;48;2;7;7;7m`[38;2;29;29;29;48;2;3;3;3m`[38;2;3;3;3;48;2;0;0;0m`     [38;2;34;34;34;48;2;6;6;6m_[38;2;88;88;88;48;2;17;17;17m_[38;2;18;18;18;48;2;4;4;4m,[48;2;0;0;0m            [38;2;0;0;0;48;2;14;14;14m:[38;2;115;115;115;48;2;94;94;94my[38;2;228;228;228;48;2;237;237;237mL[38;2;250;250;250;48;2;251;251;251mg[38;2;252;252;252m:[48;2;252;252;252m                                                    [0m
[7m[38;2;252;252;252m [0m[38;2;0;0;0;48;2;252;252;252m    [38;2;252;252;252;48;2;251;251;251m: [38;2;247;247;247m_[38;2;217;217;217;48;2;245;245;245m_[38;2;136;136;136;48;2;219;219;219m_[38;2;11;11;11;48;2;162;162;162m_[38;2;202;202;202;48;2;72;72;72m~[38;2;133;133;133;48;2;31;31;31m~[38;2;40;40;40;48;2;10;10;10m"[48;2;0;0;0m                                [38;2;1;1;1mw[38;2;43;43;43;48;2;30;30;30my[38;2;74;74;74;48;2;121;121;121m~[38;2;163;163;163;48;2;125;125;125m=[38;2;43;43;43;48;2;22;22;22mM[38;2;1;1;1;48;2;0;0;0m:          `[38;2;0;0;0;48;2;36;36;36m:[38;2;138;138;138;48;2;164;164;164mF[38;2;249;249;249;48;2;242;242;242m`[48;2;250;250;250m [38;2;252;252;252;48;2;251;251;251m:[48;2;252;252;252m                                                    [0m
[7m[38;2;252;252;252m [0m[38;2;0;0;0;48;2;252;252;252m   [38;2;252;252;252;48;2;251;251;251m::[38;2;251;251;251;48;2;242;242;242m`[38;2;116;116;116;48;2;203;203;203m_[38;2;189;189;189;48;2;81;81;81m~[38;2;77;77;77;48;2;14;14;14m~[38;2;6;6;6;48;2;1;1;1m`[48;2;0;0;0m                                    [38;2;44;44;44;48;2;27;27;27m"[38;2;36;36;36;48;2;95;95;95my[38;2;79;79;79;48;2;29;29;29m~[38;2;0;0;0;48;2;4;4;4m:[38;2;1;1;1;48;2;0;0;0m`          [38;2;0;0;0;48;2;4;4;4m:[38;2;86;86;86;48;2;65;65;65m4[38;2;202;202;202;48;2;217;217;217m^[38;2;251;251;251;48;2;249;249;249m`[38;2;250;250;250;48;2;251;251;251m`[38;2;252;252;252m:[48;2;252;252;252m                                                    [0m
[7m[38;2;252;252;252m [0m[38;2;0;0;0;48;2;252;252;252m  [48;2;251;251;251m  [38;2;250;250;250;48;2;226;226;226m`[38;2;99;99;99;48;2;152;152;152my[38;2;73;73;73;48;2;19;19;19m~[38;2;1;1;1;48;2;0;0;0m.`                                                    [38;2;0;0;0;48;2;2;2;2m:[38;2;75;75;75;48;2;55;55;55m4[38;2;177;177;177;48;2;210;210;210m_[38;2;251;251;251;48;2;248;248;248m`[38;2;250;250;250;48;2;249;249;249m~[38;2;252;252;252;48;2;251;251;251m.[48;2;252;252;252m                                                    [0m
[7m[38;2;252;252;252m [0m[38;2;0;0;0;48;2;252;252;252m [48;2;251;251;251m [38;2;251;251;251;48;2;252;252;252m.[38;2;230;230;230;48;2;242;242;242m_[38;2;199;199;199;48;2;163;163;163mF[38;2;45;45;45;48;2;17;17;17m"[48;2;0;0;0m                                                        [38;2;0;0;0;48;2;26;26;26m:[38;2;103;103;103;48;2;136;136;136mL[38;2;231;231;231;48;2;240;240;240mL[38;2;250;250;250;48;2;249;249;249m_[38;2;252;252;252;48;2;251;251;251m:[48;2;252;252;252m                                                    [0m
[7m[38;2;252;252;252m [0m[38;2;0;0;0;48;2;252;252;252m [38;2;252;252;252;48;2;251;251;251m, [38;2;221;221;221;48;2;231;231;231m4[38;2;130;130;130;48;2;147;147;147m4[38;2;0;0;0;48;2;5;5;5m:[48;2;0;0;0m                            [38;2;42;42;42;48;2;1;1;1m_[38;2;101;101;101;48;2;8;8;8m_[38;2;113;113;113;48;2;18;18;18m_[38;2;40;40;40;48;2;12;12;12m,[48;2;0;0;0m                        [38;2;0;0;0;48;2;4;4;4m:[38;2;86;86;86;48;2;64;64;64m4[38;2;203;203;203;48;2;226;226;226m_[38;2;252;252;252;48;2;250;250;250m:[48;2;251;251;251m :[48;2;252;252;252m                                                   [0m
[7m[38;2;252;252;252m [0m[38;2;0;0;0;48;2;252;252;252m [38;2;252;252;252;48;2;251;251;251m:[48;2;252;252;252m [38;2;239;239;239;48;2;247;247;247m"[38;2;174;174;174;48;2;190;190;190m4[38;2;79;79;79;48;2;30;30;30m_[48;2;0;0;0m                           [38;2;2;2;2;48;2;8;8;8m.[38;2;117;117;117;48;2;80;80;80m4[38;2;146;146;146;48;2;195;195;195m_[38;2;102;102;102;48;2;165;165;165m_[38;2;45;45;45;48;2;28;28;28mL[48;2;0;0;0m                         [38;2;0;0;0;48;2;15;15;15m:[38;2;154;154;154;48;2;77;77;77m~[38;2;88;88;88;48;2;189;189;189m_[38;2;196;196;196;48;2;239;239;239m_[38;2;244;244;244;48;2;250;250;250m,[38;2;250;250;250;48;2;251;251;251m_[38;2;252;252;252m:[48;2;252;252;252m                                                 [0m
[7m[38;2;252;252;252m [0m[38;2;0;0;0;48;2;252;252;252m  [48;2;251;251;251m  [38;2;216;216;216;48;2;235;235;235m"[38;2;194;194;194;48;2;149;149;149mL[38;2;81;81;81;48;2;20;20;20m_[38;2;1;1;1;48;2;0;0;0m`,                        "[38;2;17;17;17;48;2;5;5;5m"[38;2;58;58;58;48;2;15;15;15m~[38;2;51;51;51;48;2;12;12;12m~[38;2;0;0;0;48;2;1;1;1m:[48;2;0;0;0m                           [48;2;11;11;11m'[38;2;149;149;149;48;2;61;61;61m~[38;2;37;37;37;48;2;178;178;178m_[38;2;189;189;189;48;2;235;235;235m_[38;2;243;243;243;48;2;249;249;249m,[38;2;252;252;252;48;2;251;251;251m~:[48;2;252;252;252m                                               [0m
[7m[38;2;252;252;252m [0m[38;2;0;0;0;48;2;252;252;252m   [48;2;251;251;251m [38;2;252;252;252m`[38;2;220;220;220;48;2;240;240;240m`[38;2;132;132;132;48;2;186;186;186m~[38;2;169;169;169;48;2;56;56;56m_[38;2;0;0;0;48;2;5;5;5m`[38;2;1;1;1;48;2;0;0;0m.                 [38;2;23;23;23;48;2;2;2;2m_[38;2;44;44;44;48;2;5;5;5m_[48;2;0;0;0m                                      [38;2;1;1;1;48;2;8;8;8m:[38;2;123;123;123;48;2;43;43;43m~[38;2;41;41;41;48;2;155;155;155m_[38;2;162;162;162;48;2;234;234;234m_[38;2;241;241;241;48;2;250;250;250m,[38;2;252;252;252;48;2;251;251;251m::[48;2;252;252;252m                                             [0m
[7m[38;2;252;252;252m [0m[38;2;0;0;0;48;2;252;252;252m    [38;2;252;252;252;48;2;251;251;251m:`[38;2;250;250;250m`[38;2;198;198;198;48;2;232;232;232m`[38;2;74;74;74;48;2;173;173;173m~[38;2;183;183;183;48;2;62;62;62m_[38;2;78;78;78;48;2;9;9;9m_[38;2;0;0;0;48;2;2;2;2m`[38;2;1;1;1;48;2;0;0;0m.           [38;2;45;45;45;48;2;3;3;3m_[38;2;111;111;111;48;2;25;25;25m_[38;2;190;190;190;48;2;82;82;82m_[38;2;59;59;59;48;2;167;167;167m~[38;2;81;81;81;48;2;162;162;162m~[38;2;65;65;65;48;2;34;34;34m,[38;2;56;56;56;48;2;14;14;14m_[38;2;125;125;125;48;2;30;30;30m_[38;2;62;62;62;48;2;9;9;9m_[38;2;0;0;0;48;2;1;1;1m:[48;2;0;0;0m                                  [38;2;2;2;2m`[38;2;1;1;1;48;2;5;5;5m`[38;2;94;94;94;48;2;38;38;38m"[38;2;20;20;20;48;2;144;144;144m_[38;2;146;146;146;48;2;222;222;222m_[38;2;234;234;234;48;2;247;247;247m,[38;2;249;249;249;48;2;251;251;251m_[38;2;252;252;252m:[48;2;252;252;252m                                           [0m
[7m[38;2;252;252;252m [0m[38;2;0;0;0;48;2;252;252;252m      [38;2;252;252;252;48;2;251;251;251m: [38;2;244;244;244;48;2;250;250;250m`[38;2;208;208;208;48;2;241;241;241m`[38;2;153;153;153;48;2;216;216;216m~[38;2;42;42;42;48;2;158;158;158m~[38;2;208;208;208;48;2;70;70;70m_[38;2;169;169;169;48;2;30;30;30m_[38;2;113;113;113;48;2;16;16;16m_[38;2;70;70;70;48;2;9;9;9m_[38;2;48;48;48;48;2;6;6;6m_[38;2;45;45;45;48;2;5;5;5m_[38;2;58;58;58;48;2;7;7;7m_[38;2;81;81;81;48;2;11;11;11m_[38;2;117;117;117;48;2;17;17;17m_[38;2;161;161;161;48;2;32;32;32m_[38;2;202;202;202;48;2;65;65;65m_[38;2;190;190;190;48;2;104;104;104my[38;2;85;85;85;48;2;189;189;189m~[38;2;166;166;166;48;2;227;227;227m~[38;2;224;224;224;48;2;245;245;245m~[38;2;250;250;250;48;2;249;249;249m.[38;2;242;242;242;48;2;230;230;230m:[38;2;218;218;218;48;2;122;122;122m_[38;2;85;85;85;48;2;138;138;138mF[38;2;206;206;206;48;2;186;186;186mR[38;2;122;122;122;48;2;93;93;93mF[38;2;63;63;63;48;2;20;20;20m_[38;2;21;21;21;48;2;11;11;11m_[38;2;45;45;45;48;2;10;10;10m_[38;2;52;52;52;48;2;6;6;6m_[48;2;0;0;0m                           [38;2;7;7;7m_[38;2;1;1;1m.     [38;2;0;0;0;48;2;4;4;4m`[38;2;95;95;95;48;2;32;32;32m~[38;2;78;78;78;48;2;153;153;153my[38;2;173;173;173;48;2;233;233;233m_[38;2;242;242;242;48;2;250;250;250m,[38;2;250;250;250;48;2;251;251;251m_[38;2;252;252;252m:[48;2;252;252;252m                                         [0m
[7m[38;2;252;252;252m [0m[38;2;0;0;0;48;2;252;252;252m         [38;2;252;252;252;48;2;251;251;251m::T[38;2;240;240;240;48;2;249;249;249m`[38;2;211;211;211;48;2;241;241;241m"[38;2;163;163;163;48;2;230;230;230m~[38;2;125;125;125;48;2;221;221;221m~[38;2;107;107;107;48;2;214;214;214m~[38;2;102;102;102;48;2;213;213;213m~[38;2;113;113;113;48;2;218;218;218m~[38;2;131;131;131;48;2;224;224;224m~[38;2;162;162;162;48;2;231;231;231m~[38;2;201;201;201;48;2;240;240;240m~[38;2;238;238;238;48;2;249;249;249m~[38;2;252;252;252;48;2;251;251;251m:[38;2;253;253;253;48;2;252;252;252m'[38;2;252;252;252;48;2;251;251;251m:[48;2;252;252;252m  [38;2;251;251;251m`[48;2;249;249;249mE[38;2;224;224;224;48;2;230;230;230mJ[38;2;222;222;222;48;2;178;178;178my[38;2;106;106;106;48;2;182;182;182m~[38;2;85;85;85;48;2;73;73;73mL[38;2;130;130;130;48;2;50;50;50m_[38;2;161;161;161;48;2;80;80;80m_[38;2;120;120;120;48;2;100;100;100ma[38;2;215;215;215;48;2;91;91;91m_[38;2;53;53;53;48;2;23;23;23m,[38;2;0;0;0;48;2;1;1;1m`[48;2;0;0;0m      [38;2;1;1;1m,                [38;2;26;26;26;48;2;16;16;16mu[38;2;115;115;115;48;2;81;81;81ma[38;2;191;191;191;48;2;101;101;101my[38;2;155;155;155;48;2;54;54;54m_[38;2;68;68;68;48;2;10;10;10m_[38;2;10;10;10;48;2;1;1;1m,[48;2;0;0;0m   [38;2;1;1;1m~[38;2;0;0;0;48;2;7;7;7m:[38;2;108;108;108;48;2;54;54;54m~[38;2;93;93;93;48;2;188;188;188m_[38;2;226;226;226;48;2;243;243;243m,[38;2;252;252;252;48;2;251;251;251m`:[48;2;252;252;252m                                        [0m
[7m[38;2;252;252;252m [0m[38;2;0;0;0;48;2;252;252;252m             [38;2;252;252;252;48;2;251;251;251m:.[48;2;252;252;252m [38;2;253;253;253;48;2;251;251;251m`[48;2;252;252;252m [38;2;252;252;252;48;2;251;251;251m:[48;2;252;252;252m [48;2;251;251;251m:.[48;2;252;252;252m        [38;2;248;248;248;48;2;251;251;251m`[38;2;249;249;249;48;2;250;250;250m~[38;2;244;244;244;48;2;232;232;232m:[38;2;194;194;194;48;2;133;133;133m_[38;2;134;134;134;48;2;104;104;104m?[38;2;55;55;55;48;2;153;153;153m_[38;2;65;65;65;48;2;117;117;117m[[38;2;199;199;199;48;2;210;210;210mw[38;2;139;139;139;48;2;197;197;197m~[38;2;186;186;186;48;2;69;69;69m_[38;2;49;49;49;48;2;15;15;15m,[38;2;0;0;0;48;2;2;2;2m`[38;2;1;1;1;48;2;0;0;0m_ [38;2;0;0;0;48;2;1;1;1m:[38;2;44;44;44;48;2;17;17;17m_[38;2;104;104;104;48;2;38;38;38m_[38;2;28;28;28;48;2;9;9;9m,[48;2;0;0;0m               [38;2;0;0;0;48;2;13;13;13m:[38;2;111;111;111;48;2;94;94;94m4[38;2;227;227;227;48;2;236;236;236mL[38;2;194;194;194;48;2;240;240;240m`[38;2;139;139;139;48;2;209;209;209m~[38;2;38;38;38;48;2;152;152;152m~[38;2;86;86;86;48;2;41;41;41mw[38;2;20;20;20;48;2;5;5;5m,[48;2;0;0;0m  [38;2;1;1;1m`[38;2;0;0;0;48;2;2;2;2m`[38;2;70;70;70;48;2;39;39;39m"[38;2;122;122;122;48;2;180;180;180m_[38;2;230;230;230;48;2;242;242;242m,[38;2;252;252;252;48;2;251;251;251m~.[48;2;252;252;252m                                       [0m
[7m[38;2;252;252;252m [0m[38;2;0;0;0;48;2;252;252;252m                              [38;2;252;252;252;48;2;251;251;251m:.[38;2;251;251;251;48;2;250;250;250m'[38;2;216;216;216;48;2;235;235;235m`[38;2;87;87;87;48;2;163;163;163m~[38;2;24;24;24;48;2;44;44;44m`[38;2;117;117;117;48;2;87;87;87m4[38;2;199;199;199;48;2;217;217;217m_[38;2;253;253;253;48;2;249;249;249m:[38;2;221;221;221;48;2;241;241;241m`[38;2;112;112;112;48;2;203;203;203m~[38;2;240;240;240;48;2;104;104;104m_[38;2;147;147;147;48;2;45;45;45m_[38;2;32;32;32;48;2;11;11;11m,[38;2;1;1;1;48;2;12;12;12m'[38;2;92;92;92;48;2;73;73;73my[38;2;125;125;125;48;2;154;154;154m~[48;2;79;79;79m_[38;2;0;0;0;48;2;13;13;13m:[38;2;1;1;1;48;2;0;0;0m_             [38;2;0;0;0;48;2;3;3;3m:[38;2;84;84;84;48;2;63;63;63m4[38;2;209;209;209;48;2;226;226;226mL[38;2;248;248;248;48;2;251;251;251m,[38;2;253;253;253;48;2;250;250;250m:[38;2;202;202;202;48;2;225;225;225m_[38;2;119;119;119;48;2;76;76;76mF[38;2;21;21;21;48;2;5;5;5m~[48;2;0;0;0m   [38;2;1;1;1m"[38;2;0;0;0;48;2;8;8;8m:[38;2;47;47;47;48;2;83;83;83m.[38;2;217;217;217;48;2;231;231;231mL[38;2;252;252;252;48;2;251;251;251mL.[48;2;252;252;252m                                       [0m
[7m[38;2;252;252;252m [0m[38;2;0;0;0;48;2;252;252;252m                               [38;2;252;252;252;48;2;251;251;251m:[38;2;250;250;250m,[38;2;252;252;252;48;2;247;247;247m'[38;2;186;186;186;48;2;205;205;205my[38;2;79;79;79;48;2;61;61;61mL[38;2;149;149;149;48;2;56;56;56m_[38;2;91;91;91;48;2;141;141;141mL[38;2;187;187;187;48;2;230;230;230m_[38;2;254;254;254;48;2;249;249;249m.[48;2;250;250;250m [38;2;246;246;246;48;2;249;249;249m`[38;2;188;188;188;48;2;237;237;237m`[38;2;134;134;134;48;2;200;200;200m~[38;2;199;199;199;48;2;99;99;99m_[38;2;65;65;65;48;2;96;96;96my[38;2;69;69;69;48;2;135;135;135my[38;2;22;22;22;48;2;91;91;91m_[38;2;27;27;27;48;2;13;13;13m~[38;2;1;1;1;48;2;0;0;0m`              [38;2;51;51;51;48;2;34;34;34m4[38;2;144;144;144;48;2;172;172;172mL[38;2;219;219;219;48;2;238;238;238m_[38;2;254;254;254;48;2;245;245;245m`[38;2;186;186;186;48;2;158;158;158mF[38;2;65;65;65;48;2;38;38;38mF[48;2;0;0;0m    [38;2;1;1;1m:[38;2;0;0;0;48;2;13;13;13m:[38;2;117;117;117;48;2;95;95;95my[38;2;221;221;221;48;2;233;233;233mL[38;2;251;251;251;48;2;250;250;250m^[48;2;251;251;251m [48;2;252;252;252m                                       [0m
[7m[38;2;252;252;252m [0m[38;2;0;0;0;48;2;252;252;252m                               [38;2;252;252;252;48;2;251;251;251m: [38;2;251;251;251;48;2;247;247;247m:[38;2;189;189;189;48;2;203;203;203m4[38;2;76;76;76;48;2;116;116;116ml[38;2;84;84;84;48;2;186;186;186m_[38;2;58;58;58;48;2;119;119;119m_[38;2;117;117;117;48;2;151;151;151mL[38;2;254;254;254;48;2;246;246;246m:[38;2;251;251;251;48;2;250;250;250m_[38;2;252;252;252;48;2;251;251;251m:[48;2;252;252;252m [38;2;250;250;250;48;2;251;251;251m`[38;2;232;232;232;48;2;244;244;244m`[38;2;120;120;120;48;2;200;200;200m~[38;2;133;133;133;48;2;77;77;77my[38;2;0;0;0;48;2;14;14;14m:[38;2;1;1;1;48;2;0;0;0m:               [38;2;20;20;20;48;2;8;8;8m"[38;2;107;107;107;48;2;64;64;64m~[38;2;143;143;143;48;2;181;181;181m_[38;2;243;243;243;48;2;230;230;230m%[38;2;139;139;139;48;2;105;105;105mF[38;2;35;35;35;48;2;18;18;18m'[38;2;1;1;1;48;2;0;0;0m"   `[38;2;0;0;0;48;2;31;31;31m`[38;2;136;136;136;48;2;172;172;172m~[38;2;234;234;234;48;2;242;242;242m~[38;2;252;252;252;48;2;251;251;251m,.[48;2;252;252;252m                                       [0m
[7m[38;2;252;252;252m [0m[38;2;0;0;0;48;2;252;252;252m                                [38;2;252;252;252;48;2;251;251;251m:[38;2;250;250;250m^[38;2;234;234;234;48;2;241;241;241m"[38;2;214;214;214;48;2;157;157;157my[38;2;90;90;90;48;2;60;60;60m_[38;2;44;44;44;48;2;58;58;58m$[38;2;132;132;132;48;2;158;158;158mF[38;2;254;254;254;48;2;247;247;247m:[48;2;251;251;251m [48;2;252;252;252m [38;2;252;252;252;48;2;251;251;251m:[48;2;250;250;250m'[38;2;250;250;250;48;2;240;240;240m'[38;2;137;137;137;48;2;199;199;199my[38;2;136;136;136;48;2;79;79;79m~[38;2;27;27;27;48;2;10;10;10m~[38;2;1;1;1;48;2;0;0;0m`                [38;2;0;0;0;48;2;9;9;9m:[38;2;109;109;109;48;2;61;61;61m"[38;2;187;187;187;48;2;98;98;98m~[38;2;74;74;74;48;2;38;38;38m^[38;2;7;7;7;48;2;2;2;2m~[48;2;0;0;0m   [38;2;1;1;1m_[38;2;0;0;0;48;2;7;7;7m:[38;2;94;94;94;48;2;68;68;68my[38;2;211;211;211;48;2;225;225;225mF[38;2;249;249;249;48;2;251;251;251m~[38;2;252;252;252m:[48;2;252;252;252m                                        [0m
[7m[38;2;252;252;252m [0m[38;2;0;0;0;48;2;252;252;252m                                 [48;2;251;251;251m [38;2;252;252;252m,[38;2;244;244;244;48;2;230;230;230m:[38;2;141;141;141;48;2;111;111;111mr[38;2;50;50;50;48;2;31;31;31mM[38;2;63;63;63;48;2;112;112;112mL[38;2;144;144;144;48;2;222;222;222m_[38;2;253;253;253;48;2;250;250;250m:[38;2;249;249;249;48;2;251;251;251m_[38;2;252;252;252;48;2;243;243;243m`[38;2;109;109;109;48;2;192;192;192m_[38;2;194;194;194;48;2;87;87;87m~[38;2;91;91;91;48;2;40;40;40m~[38;2;80;80;80;48;2;27;27;27m~[38;2;0;0;0;48;2;5;5;5m:[48;2;0;0;0m                 [48;2;1;1;1m:[38;2;27;27;27;48;2;16;16;16m=[38;2;15;15;15;48;2;29;29;29m~[38;2;8;8;8;48;2;4;4;4mr[48;2;0;0;0m     [38;2;0;0;0;48;2;27;27;27m:[38;2;117;117;117;48;2;159;159;159m~[38;2;231;231;231;48;2;239;239;239m~[38;2;251;251;251;48;2;250;250;250m_[48;2;251;251;251m [48;2;252;252;252m                                        [0m
[?25h