[?25l[0m[7m[38;2;0;0;0m [0m[38;2;0;0;0;48;2;0;0;0m                                          [38;2;40;40;40;48;2;18;18;18my[38;2;109;109;109;48;2;54;54;54my[38;2;74;74;74;48;2;28;28;28m_[38;2;0;0;0;48;2;3;3;3m:[48;2;0;0;0m                  [48;2;8;8;8m:[38;2;91;91;91;48;2;39;39;39m~[38;2;74;74;74;48;2;26;26;26m~[38;2;20;20;20;48;2;4;4;4m~[48;2;0;0;0m                                                   [0m
[7m[38;2;0;0;0m [0m[38;2;0;0;0;48;2;0;0;0m                                          [38;2;33;33;33;48;2;7;7;7m`[38;2;88;88;88;48;2;30;30;30m~[38;2;12;12;12;48;2;57;57;57m_[38;2;0;0;0;48;2;9;9;9m`[48;2;0;0;0m                                                                         [0m
[7m[38;2;0;0;0m [0m[38;2;0;0;0;48;2;0;0;0m                                            [38;2;1;1;1m`                                                                          [0m
[7m[38;2;0;0;0m [0m[38;2;0;0;0;48;2;0;0;0m                                                    [38;2;18;18;18;48;2;1;1;1m_[38;2;13;13;13m_[48;2;0;0;0m                                                                 [0m
[7m[38;2;0;0;0m [0m[38;2;0;0;0;48;2;0;0;0m                                                  [38;2;1;1;1m=[38;2;0;0;0;48;2;14;14;14m:[38;2;16;16;16;48;2;63;63;63m_[38;2;37;37;37;48;2;61;61;61m~[38;2;21;21;21;48;2;9;9;9mL[48;2;0;0;0m                                                                [0m
[7m[38;2;0;0;0m [0m[38;2;0;0;0;48;2;0;0;0m                                                    [38;2;9;9;9;48;2;2;2;2m`[38;2;27;27;27;48;2;5;5;5m~[38;2;0;0;0;48;2;1;1;1m:[48;2;0;0;0m   [48;2;1;1;1m:[38;2;59;59;59;48;2;7;7;7m_[38;2;107;107;107;48;2;14;14;14m_[38;2;33;33;33;48;2;5;5;5m,[48;2;0;0;0m                                                         [0m
[7m[38;2;0;0;0m [0m[38;2;0;0;0;48;2;0;0;0m                                                          [48;2;6;6;6m:[38;2;70;70;70;48;2;41;41;41m~[38;2;12;12;12;48;2;89;89;89m_[38;2;41;41;41;48;2;20;20;20m~[48;2;0;0;0m                                                         [0m
[7m[38;2;0;0;0m [0m[38;2;0;0;0;48;2;0;0;0m                                 [38;2;34;34;34;48;2;3;3;3m_[38;2;66;66;66;48;2;7;7;7m_[38;2;0;0;0;48;2;1;1;1m:[48;2;0;0;0m                       [38;2;1;1;1m`[38;2;10;10;10;48;2;1;1;1m`[48;2;0;0;0m                                                          [0m
[7m[38;2;0;0;0m [0m[38;2;0;0;0;48;2;0;0;0m                                [38;2;4;4;4;48;2;2;2;2m"[38;2;43;43;43;48;2;26;26;26m~[38;2;5;5;5;48;2;63;63;63m_[38;2;29;29;29;48;2;17;17;17mL[38;2;0;0;0;48;2;1;1;1m:[38;2;30;30;30;48;2;15;15;15my[38;2;87;87;87;48;2;47;47;47my[38;2;122;122;122;48;2;41;41;41m_[38;2;0;0;0;48;2;7;7;7m:[48;2;0;0;0m   [38;2;2;2;2m_                                                                          [0m
[7m[38;2;0;0;0m [0m[38;2;0;0;0;48;2;0;0;0m                                  [38;2;3;3;3m`[38;2;13;13;13;48;2;2;2;2m"[38;2;1;1;1;48;2;0;0;0m`[38;2;26;26;26;48;2;5;5;5m`[38;2;73;73;73;48;2;19;19;19m~[38;2;93;93;93;48;2;31;31;31m~[38;2;0;0;0;48;2;19;19;19m'[38;2;61;61;61;48;2;33;33;33ma[38;2;42;42;42;48;2;21;21;21mw[38;2;40;40;40;48;2;27;27;27m4[38;2;59;59;59;48;2;83;83;83m~[38;2;19;19;19;48;2;49;49;49m~[38;2;81;81;81;48;2;38;38;38my[38;2;131;131;131;48;2;46;46;46m_[38;2;82;82;82;48;2;15;15;15m_[38;2;0;0;0;48;2;2;2;2m:[48;2;1;1;1m:[38;2;34;34;34;48;2;20;20;20mu[38;2;84;84;84;48;2;53;53;53ma[38;2;27;27;27;48;2;12;12;12mL[48;2;0;0;0m     [38;2;0;0;0;48;2;9;9;9m:[38;2;84;84;84;48;2;37;37;37my[38;2;117;117;117;48;2;61;61;61mg[38;2;57;57;57;48;2;20;20;20m,[48;2;0;0;0m  [38;2;28;28;28;48;2;2;2;2m_[38;2;1;1;1;48;2;0;0;0m.                                                    [0m
[7m[38;2;0;0;0m [0m[38;2;0;0;0;48;2;0;0;0m                                       [48;2;5;5;5m`[38;2;75;75;75;48;2;21;21;21m_[38;2;110;110;110;48;2;34;34;34m_[38;2;21;21;21;48;2;10;10;10m`[38;2;8;8;8;48;2;2;2;2m`[38;2;48;48;48;48;2;4;4;4m`[38;2;25;25;25m`[38;2;66;66;66;48;2;30;30;30m"[38;2;8;8;8;48;2;103;103;103m_[38;2;37;37;37;48;2;118;118;118m_[38;2;42;42;42;48;2;18;18;18mL[38;2;0;0;0;48;2;6;6;6m:[38;2;85;85;85;48;2;24;24;24m_[38;2;111;111;111;48;2;37;37;37m_[38;2;26;26;26;48;2;9;9;9m,[38;2;0;0;0;48;2;3;3;3m:[38;2;52;52;52;48;2;19;19;19m_[38;2;71;71;71;48;2;24;24;24m_[38;2;16;16;16;48;2;5;5;5m,[48;2;0;0;0m [38;2;23;23;23;48;2;9;9;9m"[38;2;103;103;103;48;2;41;41;41m~[38;2;109;109;109;48;2;68;68;68m~[38;2;18;18;18;48;2;60;60;60m`[38;2;23;23;23;48;2;13;13;13mr[38;2;39;39;39;48;2;25;25;25mu[38;2;49;49;49;48;2;82;82;82m~[38;2;40;40;40;48;2;19;19;19mL[48;2;0;0;0m  [38;2;0;0;0;48;2;2;2;2m:[38;2;60;60;60;48;2;14;14;14m_[38;2;113;113;113;48;2;27;27;27m_[38;2;36;36;36;48;2;9;9;9m_[48;2;0;0;0m                                              [0m
[7m[38;2;0;0;0m [0m[38;2;0;0;0;48;2;0;0;0m                                       [38;2;10;10;10;48;2;3;3;3m`[38;2;54;54;54;48;2;26;26;26m~[38;2;89;89;89;48;2;65;65;65m~[38;2;70;70;70;48;2;37;37;37my[38;2;0;0;0;48;2;6;6;6m:[48;2;0;0;0m   [38;2;1;1;1m`[38;2;15;15;15;48;2;6;6;6m~[38;2;68;68;68;48;2;41;41;41m4[38;2;147;147;147;48;2;104;104;104m=[38;2;73;73;73;48;2;46;46;46mF[38;2;90;90;90;48;2;35;35;35m~[38;2;22;22;22;48;2;6;6;6m~[38;2;0;0;0;48;2;1;1;1m:[38;2;36;36;36;48;2;10;10;10m~[38;2;54;54;54;48;2;15;15;15m~[38;2;0;0;0;48;2;3;3;3m:[48;2;0;0;0m [38;2;1;1;1m`[38;2;0;0;0;48;2;1;1;1m.[38;2;28;28;28;48;2;7;7;7m"[38;2;56;56;56;48;2;14;14;14m~[38;2;43;43;43;48;2;24;24;24m_[38;2;12;12;12;48;2;77;77;77m_[38;2;0;0;0;48;2;68;68;68m_[38;2;28;28;28;48;2;14;14;14m~[48;2;0;0;0m  [38;2;0;0;0;48;2;2;2;2m`[38;2;47;47;47;48;2;18;18;18m~[38;2;85;85;85;48;2;26;26;26m~[38;2;37;37;37;48;2;8;8;8m'[48;2;0;0;0m                                              [0m
[7m[38;2;0;0;0m [0m[38;2;0;0;0;48;2;0;0;0m                                        [38;2;4;4;4;48;2;1;1;1m`[38;2;32;32;32;48;2;10;10;10m~[38;2;62;62;62;48;2;19;19;19m~[38;2;0;0;0;48;2;3;3;3m:[48;2;0;0;0m     [38;2;4;4;4m`[38;2;38;38;38;48;2;2;2;2m`[38;2;1;1;1;48;2;0;0;0m`          [38;2;26;26;26;48;2;14;14;14m4[38;2;10;10;10;48;2;58;58;58m_[38;2;24;24;24;48;2;11;11;11mF[48;2;0;0;0m   [38;2;0;0;0;48;2;5;5;5m:[38;2;81;81;81;48;2;28;28;28m_[38;2;62;62;62;48;2;32;32;32my[38;2;30;30;30;48;2;9;9;9m,[48;2;0;0;0m                                               [0m
[7m[38;2;0;0;0m [0m[38;2;0;0;0;48;2;0;0;0m                                   [48;2;5;5;5m`[38;2;66;66;66;48;2;29;29;29my[38;2;117;117;117;48;2;52;52;52my[38;2;0;0;0;48;2;12;12;12m`[38;2;1;1;1;48;2;0;0;0m_[38;2;24;24;24;48;2;2;2;2m_[38;2;64;64;64;48;2;5;5;5m_[38;2;16;16;16;48;2;3;3;3m,[48;2;0;0;0m  [38;2;34;34;34;48;2;14;14;14m_[38;2;85;85;85;48;2;35;35;35my[38;2;34;34;34;48;2;12;12;12m,[48;2;0;0;0m               [38;2;2;2;2m`    [38;2;0;0;0;48;2;3;3;3m:[38;2;61;61;61;48;2;15;15;15m~[38;2;60;60;60;48;2;12;12;12m~[38;2;18;18;18;48;2;2;2;2m~[48;2;0;0;0m                                               [0m
[7m[38;2;0;0;0m [0m[38;2;0;0;0;48;2;0;0;0m                                   [38;2;3;3;3m`[38;2;50;50;50;48;2;12;12;12m`[38;2;83;83;83;48;2;27;27;27m~[38;2;21;21;21;48;2;11;11;11m'[38;2;3;3;3;48;2;2;2;2m~[38;2;68;68;68;48;2;39;39;39m4[38;2;143;143;143;48;2;104;104;104ma[38;2;106;106;106;48;2;70;70;70mm[38;2;24;24;24;48;2;11;11;11mr[48;2;0;0;0m [38;2;36;36;36;48;2;16;16;16m"[38;2;121;121;121;48;2;45;45;45m~[38;2;55;55;55;48;2;20;20;20m~[38;2;0;0;0;48;2;2;2;2m:[48;2;0;0;0m         [38;2;20;20;20;48;2;10;10;10mu[38;2;3;3;3;48;2;56;56;56m~[38;2;38;38;38;48;2;21;21;21mm[38;2;0;0;0;48;2;2;2;2m`[38;2;2;2;2;48;2;1;1;1m_[38;2;1;1;1;48;2;0;0;0mw [38;2;0;0;0;48;2;25;25;25m`[38;2;19;19;19;48;2;119;119;119m~[38;2;12;12;12;48;2;84;84;84m~[38;2;38;38;38;48;2;15;15;15mr[38;2;1;1;1;48;2;0;0;0m+                                                 [0m
[7m[38;2;0;0;0m [0m[38;2;0;0;0;48;2;0;0;0m                                       [38;2;28;28;28;48;2;12;12;12my[38;2;75;75;75;48;2;31;31;31my[38;2;52;52;52;48;2;18;18;18m_[38;2;103;103;103;48;2;29;29;29m_[38;2;74;74;74;48;2;12;12;12m_[38;2;0;0;0;48;2;2;2;2m:[48;2;0;0;0m             [48;2;3;3;3m:[38;2;53;53;53;48;2;11;11;11m~[38;2;24;24;24;48;2;4;4;4m~[48;2;0;0;0m [38;2;2;2;2m`[38;2;1;1;1m` [38;2;37;37;37;48;2;10;10;10m_[38;2;83;83;83;48;2;37;37;37m~[38;2;40;40;40;48;2;14;14;14m"[38;2;4;4;4;48;2;0;0;0m~                                                  [0m
[7m[38;2;0;0;0m [0m[38;2;0;0;0;48;2;0;0;0m                                       [38;2;27;27;27;48;2;12;12;12m"[38;2;86;86;86;48;2;31;31;31m~[38;2;62;62;62m"[38;2;28;28;28;48;2;88;88;88my[38;2;38;38;38;48;2;75;75;75my[38;2;0;0;0;48;2;11;11;11m:[38;2;48;48;48;48;2;10;10;10m_[38;2;120;120;120;48;2;25;25;25m_[38;2;23;23;23;48;2;6;6;6m,[48;2;0;0;0m                [38;2;0;0;0;48;2;4;4;4m:[38;2;55;55;55;48;2;30;30;30m~[38;2;21;21;21;48;2;68;68;68my[38;2;38;38;38;48;2;14;14;14m~[48;2;0;0;0m                                                   [0m
[7m[38;2;0;0;0m [0m[38;2;0;0;0;48;2;0;0;0m                                       [48;2;1;1;1m`[38;2;29;29;29m_[38;2;27;27;27m_[38;2;0;0;0m`[48;2;0;0;0m [38;2;1;1;1m`[38;2;43;43;43;48;2;21;21;21m"[38;2;24;24;24;48;2;75;75;75my[38;2;38;38;38;48;2;27;27;27m~[38;2;53;53;53;48;2;4;4;4m_[38;2;63;63;63;48;2;3;3;3m_[38;2;0;0;0;48;2;1;1;1m:[48;2;0;0;0m       [38;2;34;34;34;48;2;4;4;4m_[38;2;61;61;61;48;2;11;11;11m_[48;2;25;25;25my[38;2;80;80;80;48;2;32;32;32my[38;2;38;38;38;48;2;10;10;10m,[48;2;0;0;0m   [38;2;0;0;0;48;2;1;1;1m:[38;2;51;51;51;48;2;2;2;2m_[38;2;14;14;14m,[48;2;0;0;0m   [38;2;31;31;31;48;2;16;16;16mu[38;2;48;48;48;48;2;103;103;103m~[38;2;63;63;63;48;2;90;90;90m_[38;2;44;44;44;48;2;21;21;21mF[38;2;33;33;33;48;2;19;19;19mu[38;2;59;59;59;48;2;87;87;87m~[38;2;55;55;55;48;2;34;34;34mL[38;2;0;0;0;48;2;2;2;2m`[48;2;0;0;0m                                       [0m
[7m[38;2;0;0;0m [0m[38;2;0;0;0;48;2;0;0;0m                                      [38;2;39;39;39;48;2;18;18;18my[38;2;11;11;11;48;2;80;80;80m~[38;2;116;116;116;48;2;82;82;82ma[38;2;126;126;126;48;2;81;81;81ma[38;2;32;32;32;48;2;13;13;13mr[48;2;0;0;0m   [38;2;1;1;1m~[48;2;15;15;15m:[38;2;14;14;14;48;2;64;64;64m_[38;2;30;30;30;48;2;81;81;81m_[38;2;25;25;25;48;2;11;11;11mM[38;2;0;0;0;48;2;1;1;1m:[38;2;33;33;33;48;2;4;4;4m_[38;2;0;0;0;48;2;6;6;6m:[38;2;80;80;80;48;2;15;15;15m_[38;2;52;52;52;48;2;9;9;9m_[38;2;0;0;0;48;2;1;1;1m`[48;2;3;3;3m:[38;2;49;49;49;48;2;21;21;21m~[38;2;11;11;11;48;2;51;51;51my[38;2;13;13;13;48;2;54;54;54my[38;2;17;17;17;48;2;72;72;72my[38;2;38;38;38;48;2;13;13;13m~[48;2;0;0;0m [38;2;1;1;1ma[38;2;0;0;0;48;2;3;3;3m:[38;2;59;59;59;48;2;38;38;38mu[38;2;158;158;158;48;2;111;111;111ma[38;2;70;70;70;48;2;42;42;42mL[38;2;1;1;1;48;2;17;17;17m`[38;2;0;0;0;48;2;83;83;83m~[38;2;62;62;62;48;2;31;31;31mm[38;2;6;6;6;48;2;9;9;9m.[38;2;95;95;95;48;2;11;11;11m`[38;2;43;43;43;48;2;5;5;5m`[38;2;3;3;3;48;2;0;0;0m`[38;2;10;10;10;48;2;1;1;1m`[38;2;60;60;60;48;2;6;6;6m`[38;2;17;17;17;48;2;2;2;2m`[48;2;0;0;0m                                        [0m
[7m[38;2;0;0;0m [0m[38;2;0;0;0;48;2;0;0;0m                                      [38;2;45;45;45;48;2;11;11;11m`[38;2;99;99;99;48;2;23;23;23m~[38;2;61;61;61;48;2;13;13;13m~[38;2;0;0;0;48;2;2;2;2m:[38;2;2;2;2;48;2;0;0;0m`       [38;2;1;1;1m`[38;2;43;43;43;48;2;22;22;22m4[38;2;131;131;131;48;2;85;85;85m=[38;2;76;76;76;48;2;54;54;54m_[38;2;25;25;25;48;2;61;61;61my[38;2;57;57;57;48;2;45;45;45m~[38;2;125;125;125;48;2;39;39;39m_[38;2;43;43;43;48;2;13;13;13m,[38;2;8;8;8;48;2;2;2;2m_[38;2;2;2;2;48;2;0;0;0m,[38;2;0;0;0;48;2;1;1;1m:[38;2;43;43;43m_[38;2;0;0;0m`[48;2;0;0;0m [38;2;1;1;1m`[38;2;22;22;22;48;2;13;13;13m4[38;2;83;83;83;48;2;64;64;64m=[38;2;90;90;90;48;2;38;38;38m~[38;2;30;30;30;48;2;6;6;6m~[38;2;0;0;0;48;2;4;4;4m:[38;2;67;67;67;48;2;16;16;16m~[38;2;28;28;28;48;2;8;8;8m"[38;2;22;22;22;48;2;1;1;1m_[38;2;41;41;41m_[38;2;8;8;8m,[48;2;0;0;0m                                            [0m
[7m[38;2;0;0;0m [0m[38;2;0;0;0;48;2;0;0;0m                                      [38;2;41;41;41;48;2;9;9;9m_[38;2;111;111;111;48;2;23;23;23m_[38;2;36;36;36;48;2;9;9;9m,[48;2;0;0;0m      [38;2;1;1;1m_  .[38;2;17;17;17;48;2;8;8;8m"[38;2;11;11;11;48;2;47;47;47my[38;2;14;14;14;48;2;59;59;59my[38;2;26;26;26;48;2;10;10;10m~[38;2;56;56;56;48;2;27;27;27m"[38;2;26;26;26;48;2;99;99;99my[38;2;59;59;59;48;2;24;24;24m~[38;2;8;8;8;48;2;3;3;3m~[38;2;0;0;0;48;2;7;7;7m:[38;2;102;102;102;48;2;34;34;34m_[38;2;50;50;50;48;2;73;73;73m_[38;2;33;33;33;48;2;18;18;18mF[38;2;1;1;1;48;2;0;0;0mL [38;2;3;3;3;48;2;1;1;1m`[38;2;35;35;35;48;2;3;3;3m`[38;2;3;3;3;48;2;0;0;0m`  [38;2;1;1;1m`[38;2;0;0;0;48;2;11;11;11m:[38;2;89;89;89;48;2;61;61;61ma[38;2;90;90;90;48;2;74;74;74m*[38;2;89;89;89;48;2;37;37;37m_[38;2;28;28;28;48;2;5;5;5m_[48;2;0;0;0m                                           [0m
[7m[38;2;0;0;0m [0m[38;2;0;0;0;48;2;0;0;0m                                      [38;2;50;50;50;48;2;12;12;12m`[38;2;105;105;105;48;2;29;29;29m~[38;2;44;44;44;48;2;13;13;13m~[38;2;0;0;0;48;2;1;1;1m:[48;2;0;0;0m  [48;2;10;10;10m`[38;2;22;22;22;48;2;48;48;48m~[38;2;21;21;21;48;2;57;57;57m~[38;2;0;0;0;48;2;9;9;9m:[38;2;1;1;1;48;2;2;2;2m`[38;2;2;2;2;48;2;22;22;22m`[38;2;83;83;83;48;2;46;46;46m=[38;2;0;0;0;48;2;10;10;10m`[48;2;0;0;0m   [38;2;2;2;2m=[38;2;0;0;0;48;2;5;5;5m:[38;2;55;55;55;48;2;28;28;28m=[38;2;60;60;60;48;2;36;36;36m#[38;2;1;1;1;48;2;19;19;19m.[38;2;97;97;97;48;2;39;39;39m~[38;2;54;54;54;48;2;16;16;16m_[38;2;0;0;0;48;2;1;1;1m:[48;2;0;0;0m   [48;2;24;24;24m`[38;2;126;126;126;48;2;79;79;79m=[38;2;62;62;62;48;2;97;97;97m~[38;2;57;57;57;48;2;36;36;36mm[38;2;7;7;7;48;2;3;3;3mL[48;2;0;0;0m [38;2;0;0;0;48;2;12;12;12m:[38;2;93;93;93;48;2;69;69;69m=[38;2;44;44;44;48;2;88;88;88m_[48;2;22;22;22mF[48;2;0;0;0m                                           [0m
[7m[38;2;0;0;0m [0m[38;2;0;0;0;48;2;0;0;0m                                            [38;2;2;2;2m`[38;2;33;33;33;48;2;4;4;4m`[38;2;60;60;60;48;2;7;7;7m`[38;2;0;0;0;48;2;1;1;1m:[48;2;10;10;10m'[38;2;98;98;98;48;2;36;36;36m_[38;2;114;114;114;48;2;34;34;34m_[38;2;23;23;23;48;2;7;7;7m,[48;2;0;0;0m    [38;2;1;1;1m.[38;2;0;0;0;48;2;9;9;9m:[38;2;68;68;68;48;2;32;32;32my[38;2;81;81;81;48;2;33;33;33m_[38;2;49;49;49;48;2;39;39;39m4[38;2;46;46;46;48;2;86;86;86m_[38;2;36;36;36;48;2;18;18;18mF[48;2;0;0;0m   [38;2;7;7;7;48;2;1;1;1m`[38;2;38;38;38;48;2;5;5;5m`[38;2;70;70;70;48;2;9;9;9m`[38;2;23;23;23;48;2;3;3;3m`[38;2;2;2;2;48;2;0;0;0m'[48;2;1;1;1mu[38;2;1;1;1;48;2;3;3;3m`[38;2;43;43;43;48;2;6;6;6m`[38;2;31;31;31;48;2;8;8;8m`[38;2;58;58;58;48;2;11;11;11m_[38;2;22;22;22;48;2;3;3;3m_[48;2;0;0;0m                                          [0m
[7m[38;2;0;0;0m [0m[38;2;0;0;0;48;2;0;0;0m                                                [38;2;24;24;24;48;2;7;7;7m"[38;2;92;92;92;48;2;25;25;25m~[38;2;113;113;113;48;2;43;43;43m~[38;2;9;9;9;48;2;62;62;62m`[38;2;10;10;10;48;2;54;54;54m`[38;2;4;4;4;48;2;47;47;47m_[38;2;0;0;0;48;2;8;8;8m`[48;2;0;0;0m [48;2;1;1;1m:[38;2;41;41;41;48;2;14;14;14m_[38;2;16;16;16;48;2;63;63;63m=[38;2;4;4;4;48;2;43;43;43ma[38;2;21;21;21;48;2;4;4;4m~[38;2;2;2;2;48;2;0;0;0m_[38;2;0;0;0;48;2;1;1;1m`[38;2;40;40;40m_[38;2;19;19;19;48;2;0;0;0m_      [38;2;0;0;0;48;2;7;7;7m:[38;2;76;76;76;48;2;32;32;32my[38;2;95;95;95;48;2;47;47;47my[38;2;37;37;37;48;2;84;84;84m_[38;2;1;1;1;48;2;119;119;119m_[38;2;76;76;76;48;2;33;33;33mF[38;2;0;0;0;48;2;1;1;1m.[48;2;0;0;0m                                         [0m
[7m[38;2;0;0;0m [0m[38;2;0;0;0;48;2;0;0;0m                                                  [38;2;4;4;4;48;2;1;1;1m`[38;2;49;49;49;48;2;6;6;6m`[38;2;17;17;17;48;2;2;2;2m`[38;2;2;2;2;48;2;0;0;0m` [38;2;1;1;1m~[38;2;0;0;0;48;2;5;5;5m:[38;2;62;62;62;48;2;41;41;41m~[38;2;75;75;75;48;2;114;114;114mw[38;2;44;44;44;48;2;91;91;91m~[38;2;66;66;66;48;2;35;35;35mw[38;2;32;32;32;48;2;19;19;19mu[38;2;11;11;11;48;2;73;73;73m~[38;2;71;71;71;48;2;108;108;108m~[38;2;63;63;63;48;2;40;40;40mF[38;2;0;0;0;48;2;4;4;4m.[48;2;0;0;0m     [48;2;2;2;2m:[38;2;52;52;52;48;2;11;11;11m~[38;2;62;62;62;48;2;10;10;10m~[38;2;23;23;23;48;2;3;3;3m~[48;2;0;0;0m                                            [0m
[7m[38;2;0;0;0m [0m[38;2;0;0;0;48;2;0;0;0m                                               [48;2;1;1;1m:[38;2;35;35;35;48;2;11;11;11m_[38;2;59;59;59;48;2;21;21;21my[38;2;0;0;0;48;2;5;5;5m:[48;2;0;0;0m [48;2;3;3;3m:[38;2;38;38;38;48;2;13;13;13my[38;2;52;52;52;48;2;19;19;19my[38;2;0;0;0;48;2;5;5;5m`[38;2;8;8;8;48;2;0;0;0m_[38;2;1;1;1;48;2;15;15;15m:[38;2;26;26;26;48;2;70;70;70my[38;2;117;117;117;48;2;40;40;40m~[38;2;50;50;50;48;2;20;20;20m"[38;2;1;1;1;48;2;10;10;10m:[38;2;90;90;90;48;2;25;25;25m~[38;2;101;101;101;48;2;27;27;27m~[38;2;31;31;31;48;2;6;6;6m~[48;2;0;0;0m                                                      [0m
[7m[38;2;0;0;0m [0m[38;2;0;0;0;48;2;0;0;0m                                               [38;2;1;1;1m`[38;2;30;30;30;48;2;14;14;14m"[38;2;24;24;24;48;2;51;51;51mw[38;2;75;75;75;48;2;18;18;18m_[38;2;0;0;0;48;2;3;3;3m:[48;2;7;7;7m:[38;2;87;87;87;48;2;27;27;27m_[38;2;46;46;46;48;2;23;23;23m~[38;2;69;69;69;48;2;37;37;37my[38;2;28;28;28;48;2;116;116;116m~[38;2;51;51;51;48;2;26;26;26mr[38;2;0;0;0;48;2;6;6;6m:[38;2;67;67;67;48;2;52;52;52mu[38;2;146;146;146;48;2;102;102;102ma[38;2;57;57;57;48;2;27;27;27mL[48;2;0;0;0m    [38;2;6;6;6m_[38;2;13;13;13;48;2;1;1;1m_[38;2;1;1;1;48;2;0;0;0m.                                                  [0m
[7m[38;2;0;0;0m [0m[38;2;0;0;0;48;2;0;0;0m                                                [48;2;4;4;4m:[38;2;48;48;48;48;2;30;30;30m~[38;2;5;5;5;48;2;65;65;65m_[38;2;39;39;39;48;2;15;15;15m_[38;2;42;42;42;48;2;14;14;14m_[38;2;95;95;95;48;2;33;33;33m~[38;2;51;51;51;48;2;20;20;20m~[38;2;86;86;86;48;2;50;50;50m~[38;2;161;161;161;48;2;63;63;63m~[38;2;49;49;49;48;2;14;14;14m~[48;2;0;0;0m [38;2;2;2;2;48;2;1;1;1m`[38;2;26;26;26;48;2;6;6;6m~[38;2;4;4;4;48;2;1;1;1m'[38;2;0;0;0;48;2;2;2;2m:[38;2;52;52;52;48;2;18;18;18m_[38;2;94;94;94;48;2;35;35;35my[38;2;55;55;55;48;2;19;19;19m,[38;2;73;73;73;48;2;40;40;40m=[38;2;159;159;159;48;2;80;80;80m=[38;2;59;59;59;48;2;25;25;25mr[48;2;0;0;0m                                                  [0m
[7m[38;2;0;0;0m [0m[38;2;0;0;0;48;2;0;0;0m                                                  [48;2;12;12;12m:[38;2;21;21;21;48;2;57;57;57my[38;2;27;27;27;48;2;65;65;65my[38;2;20;20;20;48;2;11;11;11m^[48;2;0;0;0m  [38;2;0;0;0;48;2;3;3;3m`[38;2;55;55;55;48;2;16;16;16m_[38;2;68;68;68;48;2;20;20;20m_[38;2;49;49;49;48;2;13;13;13m_[38;2;86;86;86;48;2;21;21;21m_[38;2;26;26;26;48;2;5;5;5m,[38;2;0;0;0;48;2;1;1;1m'[38;2;37;37;37;48;2;11;11;11m"[38;2;80;80;80;48;2;21;21;21m~[38;2;40;40;40;48;2;27;27;27mu[38;2;2;2;2;48;2;65;65;65m~[38;2;33;33;33;48;2;16;16;16mr[48;2;0;0;0m                                                   [0m
[7m[38;2;0;0;0m [0m[38;2;0;0;0;48;2;0;0;0m                                                 [38;2;1;1;1m_[38;2;0;0;0;48;2;7;7;7m:[38;2;74;74;74;48;2;30;30;30my[38;2;138;138;138;48;2;61;61;61my[38;2;50;50;50;48;2;20;20;20m,[38;2;44;44;44;48;2;21;21;21m=[38;2;56;56;56;48;2;32;32;32ms[38;2;0;0;0;48;2;13;13;13m'[38;2;8;8;8;48;2;36;36;36ma[38;2;12;12;12;48;2;44;44;44ma[38;2;26;26;26;48;2;54;54;54m=[38;2;35;35;35;48;2;69;69;69m=[38;2;13;13;13;48;2;32;32;32m`[38;2;107;107;107;48;2;38;38;38my[38;2;64;64;64;48;2;16;16;16m,[38;2;18;18;18;48;2;1;1;1m_[38;2;25;25;25;48;2;10;10;10m"[38;2;67;67;67;48;2;21;21;21m~[38;2;22;22;22;48;2;5;5;5m~[48;2;0;0;0m   [38;2;0;0;0;48;2;22;22;22m`[38;2;101;101;101;48;2;70;70;70m@[38;2;72;72;72;48;2;38;38;38mm[38;2;16;16;16;48;2;6;6;6mr[48;2;0;0;0m                                            [0m
[7m[38;2;0;0;0m [0m[38;2;0;0;0;48;2;0;0;0m                                                 [38;2;1;1;1m`[38;2;15;15;15;48;2;7;7;7m"[38;2;74;74;74;48;2;30;30;30m~[38;2;123;123;123;48;2;34;34;34m~[38;2;33;33;33;48;2;6;6;6m~[38;2;6;6;6;48;2;1;1;1m`[38;2;13;13;13;48;2;2;2;2m`[38;2;3;3;3;48;2;16;16;16m:[38;2;31;31;31;48;2;62;62;62my[38;2;45;45;45;48;2;64;64;64m*[38;2;32;32;32;48;2;68;68;68my[38;2;53;53;53;48;2;18;18;18m~[38;2;44;44;44;48;2;21;21;21m"[38;2;105;105;105;48;2;60;60;60m~[38;2;104;104;104;48;2;36;36;36m_[38;2;57;57;57;48;2;64;64;64mw[38;2;90;90;90;48;2;77;77;77m4[38;2;111;111;111;48;2;80;80;80ma[38;2;73;73;73;48;2;46;46;46mw[38;2;18;18;18;48;2;8;8;8mr[48;2;0;0;0m  [38;2;5;5;5;48;2;1;1;1m`[38;2;27;27;27;48;2;3;3;3m`[38;2;9;9;9;48;2;1;1;1m`[48;2;0;0;0m                                             [0m
[7m[38;2;0;0;0m [0m[38;2;0;0;0;48;2;0;0;0m                                                   [48;2;1;1;1m:[38;2;37;37;37;48;2;0;0;0m_   [38;2;0;0;0;48;2;1;1;1m:[38;2;35;35;35;48;2;22;22;22m"[38;2;49;49;49;48;2;79;79;79ma[38;2;62;62;62;48;2;29;29;29m_[38;2;2;2;2;48;2;4;4;4m:[38;2;53;53;53;48;2;29;29;29m4[38;2;62;62;62;48;2;137;137;137m_[38;2;78;78;78;48;2;124;124;124m_[38;2;24;24;24;48;2;76;76;76m_[38;2;33;33;33;48;2;21;21;21mF[38;2;43;43;43;48;2;5;5;5m`[38;2;15;15;15;48;2;1;1;1m`[48;2;0;0;0m                                                   [0m
[7m[38;2;0;0;0m [0m[38;2;0;0;0;48;2;0;0;0m                                                  [48;2;3;3;3m:[38;2;59;59;59;48;2;40;40;40m4[38;2;124;124;124;48;2;100;100;100mf[38;2;45;45;45;48;2;25;25;25mL[38;2;0;0;0;48;2;1;1;1m`[38;2;2;2;2m+[38;2;0;0;0;48;2;4;4;4m`[38;2;61;61;61;48;2;42;42;42m4[38;2;88;88;88;48;2;126;126;126m_[38;2;46;46;46;48;2;83;83;83my[38;2;6;6;6;48;2;39;39;39m`[38;2;32;32;32;48;2;17;17;17my[38;2;50;50;50;48;2;32;32;32m"[38;2;89;89;89;48;2;108;108;108mw[38;2;156;156;156;48;2;76;76;76m_[38;2;62;62;62;48;2;18;18;18m,[48;2;0;0;0m                                                     [0m
[7m[38;2;0;0;0m [0m[38;2;0;0;0;48;2;0;0;0m                                                   [38;2;31;31;31;48;2;17;17;17m4[38;2;49;49;49;48;2;78;78;78m_[38;2;105;105;105;48;2;52;52;52m_[38;2;86;86;86;48;2;25;25;25m_[38;2;79;79;79;48;2;21;21;21m_[38;2;0;0;0;48;2;29;29;29m`[38;2;113;113;113;48;2;64;64;64my[38;2;56;56;56;48;2;30;30;30m,[38;2;41;41;41;48;2;18;18;18m_[38;2;76;76;76;48;2;61;61;61my[38;2;30;30;30;48;2;43;43;43mf[38;2;37;37;37;48;2;61;61;61mF[38;2;23;23;23;48;2;94;94;94m_[38;2;0;0;0;48;2;131;131;131m_[38;2;60;60;60;48;2;29;29;29mF[48;2;0;0;0m                                                     [0m
[7m[38;2;0;0;0m [0m[38;2;0;0;0;48;2;0;0;0m                                                   [48;2;10;10;10m:[38;2;72;72;72;48;2;44;44;44m?[38;2;42;42;42;48;2;98;98;98my[38;2;78;78;78;48;2;94;94;94my[38;2;97;97;97;48;2;90;90;90m$[38;2;40;40;40;48;2;32;32;32mL[38;2;94;94;94;48;2;43;43;43m~[38;2;34;34;34;48;2;71;71;71mF[38;2;123;123;123;48;2;157;157;157m~[38;2;89;89;89;48;2;117;117;117m~[38;2;132;132;132;48;2;79;79;79my[38;2;85;85;85;48;2;46;46;46m`[38;2;20;20;20;48;2;5;5;5m~[48;2;0;0;0m                                                       [0m
[7m[38;2;0;0;0m [0m[38;2;0;0;0;48;2;0;0;0m                                                    [38;2;1;1;1m~[38;2;16;16;16;48;2;5;5;5m"[38;2;75;75;75;48;2;27;27;27m~[38;2;114;114;114;48;2;39;39;39m~[38;2;51;51;51;48;2;20;20;20m~[38;2;43;43;43;48;2;74;74;74mw[38;2;153;153;153;48;2;118;118;118m_[38;2;177;177;177;48;2;136;136;136mg[38;2;102;102;102;48;2;82;82;82mr[38;2;24;24;24;48;2;87;87;87my[38;2;76;76;76;48;2;29;29;29m~[38;2;0;0;0;48;2;4;4;4m.[48;2;0;0;0m                                                       [0m
[?25h