[?25l[0m[7m[38;2;0;0;0m [0m[38;2;0;0;0;48;2;0;0;0m                                                                                                                       [0m
[7m[38;2;0;0;0m [0m[38;2;0;0;0;48;2;0;0;0m                                                                                                                       [0m
[7m[38;2;0;0;0m [0m[38;2;0;0;0;48;2;0;0;0m                                                                                                                       [0m
[7m[38;2;0;0;0m [0m[38;2;0;0;0;48;2;0;0;0m                                                                                                                       [0m
[7m[38;2;0;0;0m [0m[38;2;0;0;0;48;2;0;0;0m                                                                                                                       [0m
[7m[38;2;0;0;0m [0m[38;2;0;0;0;48;2;0;0;0m                                                                                                                       [0m
[7m[38;2;0;0;0m [0m[38;2;0;0;0;48;2;0;0;0m                                                                                                                       [0m
[7m[38;2;0;0;0m [0m[38;2;0;0;0;48;2;0;0;0m                                                                                                                       [0m
[7m[38;2;0;0;0m [0m[38;2;0;0;0;48;2;0;0;0m                                                                                                                       [0m
[7m[38;2;0;0;0m [0m[38;2;0;0;0;48;2;0;0;0m                                                                                                                       [0m
[7m[38;2;0;0;0m [0m[38;2;0;0;0;48;2;0;0;0m                                                                                                                       [0m
[7m[38;2;0;0;0m [0m[38;2;0;0;0;48;2;0;0;0m                                                                                                                       [0m
[7m[38;2;0;0;0m [0m[38;2;0;0;0;48;2;0;0;0m                                                                                                                       [0m
[7m[38;2;0;0;0m [0m[38;2;0;0;0;48;2;0;0;0m                                           [48;2;1;1;1m:[38;2;63;63;63;48;2;6;6;6m_[38;2;142;142;142;48;2;17;17;17m_[38;2;145;145;145;48;2;20;20;20m_[38;2;132;132;132;48;2;16;16;16m_[38;2;127;127;127;48;2;15;15;15m_[38;2;100;100;100;48;2;10;10;10m_[38;2;85;85;85;48;2;8;8;8m_[38;2;56;56;56;48;2;4;4;4m_[38;2;22;22;22;48;2;1;1;1m_[38;2;3;3;3;48;2;0;0;0m,[38;2;1;1;1m.                                                                [0m
[7m[38;2;0;0;0m [0m[38;2;0;0;0;48;2;0;0;0m                                          [38;2;1;1;1m*[38;2;31;31;31;48;2;23;23;23mu[38;2;143;143;143;48;2;111;111;111m4[38;2;194;194;194;48;2;231;231;231m~[38;2;203;203;203;48;2;239;239;239m~[38;2;186;186;186;48;2;234;234;234m~[38;2;180;180;180;48;2;231;231;231m~[38;2;147;147;147;48;2;223;223;223m~[38;2;128;128;128;48;2;217;217;217m~[38;2;92;92;92;48;2;208;208;208m~[38;2;56;56;56;48;2;194;194;194m~[38;2;30;30;30;48;2;169;169;169m~[38;2;14;14;14;48;2;140;140;140m~[38;2;228;228;228;48;2;75;75;75m_[38;2;177;177;177;48;2;43;43;43m_[38;2;100;100;100;48;2;23;23;23m_[38;2;32;32;32;48;2;7;7;7m,[38;2;1;1;1;48;2;0;0;0m: _                                                         [0m
[7m[38;2;0;0;0m [0m[38;2;0;0;0;48;2;0;0;0m                                          [38;2;8;8;8m_[38;2;0;0;0;48;2;4;4;4m:[38;2;87;87;87;48;2;59;59;59m"[38;2;148;148;148;48;2;188;188;188mw[38;2;254;254;254;48;2;247;247;247m:[38;2;250;250;250;48;2;251;251;251m.  `[48;2;250;250;250m [38;2;252;252;252m_[38;2;249;249;249m=[38;2;251;251;251;48;2;249;249;249m_[38;2;243;243;243;48;2;248;248;248m`[38;2;213;213;213;48;2;242;242;242m"[38;2;181;181;181;48;2;235;235;235m~[38;2;141;141;141;48;2;216;216;216m~[38;2;67;67;67;48;2;170;170;170m~[38;2;182;182;182;48;2;87;87;87my[38;2;176;176;176;48;2;48;48;48m_[38;2;113;113;113;48;2;15;15;15m_[38;2;29;29;29;48;2;4;4;4m,[38;2;1;1;1;48;2;0;0;0m._                                                     [0m
[7m[38;2;0;0;0m [0m[38;2;0;0;0;48;2;0;0;0m                                        [38;2;52;52;52;48;2;22;22;22m_[38;2;142;142;142;48;2;74;74;74my[38;2;19;19;19;48;2;157;157;157m~[38;2;21;21;21;48;2;169;169;169m~[38;2;55;55;55;48;2;189;189;189m~[38;2;151;151;151;48;2;222;222;222m~[38;2;254;254;254;48;2;250;250;250m:[38;2;251;251;251;48;2;252;252;252m`       [38;2;252;252;252;48;2;251;251;251m:.[48;2;252;252;252m [48;2;251;251;251m.:[38;2;241;241;241;48;2;250;250;250m`[38;2;219;219;219;48;2;246;246;246m`[38;2;168;168;168;48;2;224;224;224m~[38;2;51;51;51;48;2;174;174;174m~[38;2;230;230;230;48;2;81;81;81m_[38;2;114;114;114;48;2;32;32;32m,[38;2;25;25;25;48;2;5;5;5m,[38;2;1;1;1;48;2;0;0;0m_                                                   [0m
[7m[38;2;0;0;0m [0m[38;2;0;0;0;48;2;0;0;0m                                        [38;2;57;57;57;48;2;29;29;29m`[38;2;66;66;66;48;2;135;135;135m_[38;2;190;190;190;48;2;234;234;234m_[38;2;254;254;254;48;2;248;248;248m.[38;2;252;252;252;48;2;251;251;251m~[38;2;253;253;253;48;2;252;252;252m_               [38;2;252;252;252;48;2;251;251;251m:[38;2;250;250;250m"[38;2;248;248;248m=[38;2;252;252;252;48;2;249;249;249m'[38;2;144;144;144;48;2;229;229;229m`[38;2;72;72;72;48;2;161;161;161m~[38;2;146;146;146;48;2;44;44;44m_[38;2;37;37;37;48;2;4;4;4m_[38;2;1;1;1;48;2;0;0;0m,                                                 [0m
[7m[38;2;0;0;0m [0m[38;2;0;0;0;48;2;0;0;0m                                        [38;2;1;1;1m`[38;2;52;52;52;48;2;11;11;11m`[38;2;127;127;127;48;2;62;62;62m~[38;2;77;77;77;48;2;176;176;176m_[38;2;190;190;190;48;2;240;240;240m_[38;2;253;253;253;48;2;250;250;250m`[38;2;249;249;249;48;2;251;251;251m_[38;2;252;252;252m.[48;2;252;252;252m                [48;2;251;251;251m: [38;2;251;251;251;48;2;248;248;248m'[38;2;193;193;193;48;2;229;229;229m"[38;2;70;70;70;48;2;156;156;156m~[38;2;127;127;127;48;2;47;47;47m,[38;2;30;30;30;48;2;5;5;5m,[48;2;0;0;0m                                                [0m
[7m[38;2;0;0;0m [0m[38;2;0;0;0;48;2;0;0;0m                                           [38;2;38;38;38;48;2;12;12;12m"[38;2;144;144;144;48;2;54;54;54m~[38;2;33;33;33;48;2;152;152;152m_[38;2;133;133;133;48;2;219;219;219m_[38;2;215;215;215;48;2;247;247;247m_[38;2;240;240;240;48;2;250;250;250m_[38;2;249;249;249;48;2;251;251;251m,[38;2;250;250;250mL [48;2;252;252;252m              [38;2;252;252;252;48;2;251;251;251m: [48;2;249;249;249m:[38;2;163;163;163;48;2;210;210;210m~[38;2;165;165;165;48;2;84;84;84m_[38;2;47;47;47;48;2;13;13;13m_[38;2;1;1;1;48;2;0;0;0m.                                              [0m
[7m[38;2;0;0;0m [0m[38;2;0;0;0;48;2;0;0;0m                                             [38;2;20;20;20;48;2;3;3;3m`[38;2;100;100;100;48;2;20;20;20m`[38;2;139;139;139;48;2;51;51;51m~[38;2;43;43;43;48;2;133;133;133my[38;2;45;45;45;48;2;169;169;169m_[38;2;82;82;82;48;2;199;199;199m_[38;2;124;124;124;48;2;229;229;229m_[38;2;157;157;157;48;2;239;239;239m_[38;2;189;189;189;48;2;243;243;243m_[38;2;229;229;229;48;2;249;249;249m_[38;2;252;252;252;48;2;251;251;251m:[38;2;250;250;250m* [38;2;253;253;253m_[48;2;252;252;252m,_[38;2;252;252;252;48;2;251;251;251m:  [38;2;250;250;250m__, _[38;2;251;251;251;48;2;250;250;250m:[38;2;200;200;200;48;2;229;229;229m"[38;2;153;153;153;48;2;104;104;104mL[38;2;62;62;62;48;2;20;20;20m,[48;2;0;0;0m                                              [0m
[7m[38;2;0;0;0m [0m[38;2;0;0;0;48;2;0;0;0m                                                  [48;2;1;1;1m:[38;2;37;37;37;48;2;10;10;10m"[38;2;92;92;92;48;2;24;24;24m~[38;2;140;140;140;48;2;37;37;37m~[38;2;189;189;189;48;2;56;56;56m~[38;2;216;216;216;48;2;77;77;77m~[38;2;225;225;225;48;2;100;100;100m~[38;2;0;0;0;48;2;154;154;154m_[38;2;1;1;1;48;2;169;169;169m_[38;2;17;17;17;48;2;187;187;187m_[38;2;33;33;33;48;2;197;197;197m_[38;2;61;61;61;48;2;206;206;206m_[38;2;82;82;82;48;2;211;211;211m_[38;2;103;103;103;48;2;216;216;216m_[38;2;124;124;124;48;2;221;221;221m_[38;2;139;139;139;48;2;225;225;225m_[38;2;149;149;149;48;2;228;228;228m_[38;2;161;161;161;48;2;232;232;232m_[38;2;147;147;147;48;2;228;228;228m_[38;2;121;121;121;48;2;220;220;220m_[38;2;85;85;85;48;2;206;206;206m_[38;2;31;31;31;48;2;129;129;129m_[38;2;52;52;52;48;2;25;25;25mF[48;2;0;0;0m                                              [0m
[7m[38;2;0;0;0m [0m[38;2;0;0;0;48;2;0;0;0m                                                       [38;2;1;1;1m^^  [38;2;9;9;9;48;2;1;1;1m`[38;2;18;18;18;48;2;2;2;2m`[38;2;46;46;46;48;2;6;6;6m`[38;2;62;62;62;48;2;9;9;9m`[38;2;59;59;59;48;2;11;11;11m"[38;2;96;96;96;48;2;15;15;15m`[38;2;77;77;77;48;2;13;13;13m~[38;2;84;84;84;48;2;14;14;14m~[38;2;91;91;91;48;2;16;16;16m~[38;2;84;84;84;48;2;14;14;14m~[38;2;68;68;68;48;2;11;11;11m~[38;2;64;64;64;48;2;10;10;10m`[38;2;17;17;17;48;2;3;3;3m`[38;2;1;1;1;48;2;0;0;0m'                                              [0m
[7m[38;2;0;0;0m [0m[38;2;0;0;0;48;2;0;0;0m                                                                                                                       [0m
[7m[38;2;0;0;0m [0m[38;2;0;0;0;48;2;0;0;0m                                                                                                                       [0m
[7m[38;2;0;0;0m [0m[38;2;0;0;0;48;2;0;0;0m                                                                                                                       [0m
[7m[38;2;0;0;0m [0m[38;2;0;0;0;48;2;0;0;0m                                                                                                                       [0m
[7m[38;2;0;0;0m [0m[38;2;0;0;0;48;2;0;0;0m                                                                                                                       [0m
[7m[38;2;0;0;0m [0m[38;2;0;0;0;48;2;0;0;0m                                                                                                                       [0m
[7m[38;2;0;0;0m [0m[38;2;0;0;0;48;2;0;0;0m                                                                                                                       [0m
[7m[38;2;0;0;0m [0m[38;2;0;0;0;48;2;0;0;0m                                                                                                                       [0m
[7m[38;2;0;0;0m [0m[38;2;0;0;0;48;2;0;0;0m                                                                                                                       [0m
[7m[38;2;0;0;0m [0m[38;2;0;0;0;48;2;0;0;0m                                                                                                                       [0m
[7m[38;2;0;0;0m [0m[38;2;0;0;0;48;2;0;0;0m                                                                                                                       [0m
[7m[38;2;0;0;0m [0m[38;2;0;0;0;48;2;0;0;0m                                                                                                                       [0m
[7m[38;2;0;0;0m [0m[38;2;0;0;0;48;2;0;0;0m                                                                                                                       [0m
[?25h