[?25l[0m[7m[38;2;252;252;252m [0m[38;2;0;0;0;48;2;252;252;252m                        [38;2;252;252;252;48;2;251;251;251m:[38;2;246;246;246;48;2;250;250;250m`[38;2;197;197;197;48;2;219;219;219m"[38;2;169;169;169;48;2;97;97;97m_[38;2;0;0;0;48;2;14;14;14m`[48;2;0;0;0m                                                                    [38;2;1;1;1m_  _:[38;2;46;46;46;48;2;10;10;10m_[38;2;130;130;130;48;2;155;155;155mF[38;2;222;222;222;48;2;235;235;235mF[38;2;252;252;252;48;2;251;251;251mL [48;2;252;252;252m            [0m
[7m[38;2;252;252;252m [0m[38;2;0;0;0;48;2;252;252;252m                        [38;2;252;252;252;48;2;251;251;251m::[38;2;244;244;244;48;2;249;249;249m`[38;2;193;193;193;48;2;218;218;218m"[38;2;179;179;179;48;2;104;104;104m_[38;2;0;0;0;48;2;21;21;21m`[38;2;8;8;8;48;2;3;3;3m.[38;2;3;3;3;48;2;0;0;0m_                                                               [38;2;0;0;0;48;2;3;3;3m:[38;2;120;120;120;48;2;36;36;36m_[38;2;162;162;162;48;2;75;75;75my[38;2;218;218;218;48;2;83;83;83m_[38;2;210;210;210;48;2;59;59;59m_[38;2;216;216;216;48;2;73;73;73m_[38;2;220;220;220;48;2;86;86;86m_[38;2;84;84;84;48;2;179;179;179m~[38;2;206;206;206;48;2;235;235;235m"[38;2;245;245;245;48;2;250;250;250m`[48;2;251;251;251m [38;2;252;252;252m:[48;2;252;252;252m            [0m
[7m[38;2;252;252;252m [0m[38;2;0;0;0;48;2;252;252;252m                           [38;2;247;247;247;48;2;250;250;250m`[38;2;204;204;204;48;2;228;228;228m"[38;2;178;178;178;48;2;129;129;129my[38;2;106;106;106;48;2;58;58;58m_[38;2;113;113;113;48;2;51;51;51m_[38;2;51;51;51;48;2;10;10;10m_[48;2;0;0;0m                                                             [38;2;1;1;1m:[38;2;0;0;0;48;2;8;8;8m:[38;2;128;128;128;48;2;96;96;96m~[38;2;206;206;206;48;2;224;224;224mL[38;2;248;248;248;48;2;251;251;251m`[38;2;246;246;246m`[38;2;249;249;249m`[48;2;252;252;252m [38;2;253;253;253m.                [0m
[7m[38;2;252;252;252m [0m[38;2;0;0;0;48;2;252;252;252m                            [38;2;250;250;250;48;2;251;251;251m`[38;2;222;222;222;48;2;237;237;237m"[38;2;212;212;212;48;2;174;174;174my[38;2;193;193;193;48;2;149;149;149m_[38;2;95;95;95;48;2;120;120;120m~[38;2;29;29;29;48;2;13;13;13mL[48;2;0;0;0m                                                            [38;2;1;1;1m` [38;2;12;12;12;48;2;34;34;34m:[38;2;171;171;171;48;2;198;198;198mL[38;2;236;236;236;48;2;247;247;247m,[38;2;252;252;252;48;2;251;251;251mL [48;2;252;252;252m                  [0m
[7m[38;2;252;252;252m [0m[38;2;0;0;0;48;2;252;252;252m                             [38;2;252;252;252;48;2;251;251;251m:[38;2;241;241;241;48;2;248;248;248m"[38;2;213;213;213;48;2;230;230;230m"[38;2;164;164;164;48;2;153;153;153m%[38;2;38;38;38;48;2;19;19;19mL[48;2;0;0;0m                                                              [38;2;0;0;0;48;2;10;10;10m:[38;2;94;94;94;48;2;125;125;125mL[38;2;212;212;212;48;2;228;228;228mL[38;2;252;252;252;48;2;251;251;251m' [48;2;252;252;252m                  [0m
[7m[38;2;252;252;252m [0m[38;2;0;0;0;48;2;252;252;252m                             [48;2;251;251;251m  [38;2;234;234;234;48;2;239;239;239m4[38;2;155;155;155;48;2;167;167;167m4[38;2;40;40;40;48;2;20;20;20mL[48;2;0;0;0m                                                             [38;2;1;1;1m`[38;2;0;0;0;48;2;1;1;1m:[38;2;65;65;65;48;2;45;45;45m"[38;2;185;185;185;48;2;210;210;210mL[38;2;244;244;244;48;2;250;250;250m,[38;2;252;252;252;48;2;251;251;251m::[48;2;252;252;252m                 [0m
[7m[38;2;252;252;252m [0m[38;2;0;0;0;48;2;252;252;252m                             [38;2;252;252;252;48;2;248;248;248m`[38;2;178;178;178;48;2;237;237;237m_[38;2;74;74;74;48;2;213;213;213m_[38;2;56;56;56;48;2;148;148;148m_[38;2;36;36;36;48;2;18;18;18mL[48;2;0;0;0m                                                              [38;2;1;1;1m_[38;2;0;0;0;48;2;13;13;13m:[38;2;120;120;120;48;2;151;151;151mL[38;2;223;223;223;48;2;233;233;233mr[38;2;252;252;252;48;2;251;251;251m' [48;2;252;252;252m                 [0m
[7m[38;2;252;252;252m [0m[38;2;0;0;0;48;2;252;252;252m                            [38;2;252;252;252;48;2;251;251;251m:[38;2;250;250;250;48;2;246;246;246m:[38;2;190;190;190;48;2;202;202;202m4[38;2;93;93;93;48;2;70;70;70mL[38;2;38;38;38;48;2;11;11;11m~[48;2;0;0;0m      [38;2;3;3;3;48;2;1;1;1m.[38;2;26;26;26;48;2;2;2;2m_[48;2;0;0;0m                                                      [38;2;22;22;22;48;2;5;5;5m_[38;2;43;43;43;48;2;9;9;9m_[38;2;20;20;20;48;2;8;8;8m,[38;2;92;92;92;48;2;70;70;70m~[38;2;197;197;197;48;2;218;218;218mL[48;2;251;251;251m  [48;2;252;252;252m                 [0m
[7m[38;2;252;252;252m [0m[38;2;0;0;0;48;2;252;252;252m                            [38;2;252;252;252;48;2;251;251;251m:[38;2;251;251;251;48;2;250;250;250m"[38;2;205;205;205;48;2;215;215;215m4[38;2;84;84;84;48;2;70;70;70mL[38;2;0;0;0;48;2;5;5;5m:[48;2;0;0;0m     [48;2;1;1;1m:[38;2;72;72;72;48;2;43;43;43my[38;2;165;165;165;48;2;103;103;103my[38;2;94;94;94;48;2;40;40;40m_[38;2;0;0;0;48;2;4;4;4m:[48;2;0;0;0m                                                    [38;2;8;8;8;48;2;24;24;24m.[38;2;125;125;125;48;2;88;88;88my[38;2;86;86;86;48;2;52;52;52mL[38;2;12;12;12;48;2;27;27;27m:[38;2;139;139;139;48;2;180;180;180m_[38;2;223;223;223;48;2;242;242;242m,[48;2;251;251;251m  [48;2;252;252;252m                [0m
[7m[38;2;252;252;252m [0m[38;2;0;0;0;48;2;252;252;252m                            [38;2;252;252;252;48;2;251;251;251m:[38;2;248;248;248;48;2;249;249;249m4[38;2;198;198;198;48;2;208;208;208m4[38;2;71;71;71;48;2;56;56;56mL[38;2;0;0;0;48;2;3;3;3m:[48;2;0;0;0m     [38;2;1;1;1;48;2;4;4;4m'[38;2;71;71;71;48;2;99;99;99ml[38;2;214;214;214;48;2;230;230;230m~[38;2;155;155;155;48;2;205;205;205m~[38;2;170;170;170;48;2;83;83;83m_[38;2;36;36;36;48;2;15;15;15m,[48;2;0;0;0m                                                  [38;2;1;1;1m,[38;2;0;0;0;48;2;13;13;13m:[38;2;118;118;118;48;2;138;138;138mL[38;2;121;121;121;48;2;157;157;157m~[38;2;122;122;122;48;2;71;71;71m_[38;2;110;110;110;48;2;77;77;77m~[38;2;198;198;198;48;2;219;219;219mL[38;2;252;252;252;48;2;251;251;251mL [48;2;252;252;252m                [0m
[7m[38;2;252;252;252m [0m[38;2;0;0;0;48;2;252;252;252m                            [38;2;252;252;252;48;2;251;251;251m:[38;2;244;244;244;48;2;246;246;246m4[38;2;187;187;187;48;2;198;198;198m4[38;2;60;60;60;48;2;43;43;43mL[38;2;0;0;0;48;2;1;1;1m:[48;2;0;0;0m    [38;2;1;1;1m_[38;2;18;18;18;48;2;13;13;13mu[38;2;87;87;87;48;2;116;116;116ml[38;2;253;253;253;48;2;244;244;244m:[38;2;251;251;251;48;2;242;242;242m'[38;2;139;139;139;48;2;179;179;179m_[38;2;63;63;63;48;2;38;38;38mF[38;2;0;0;0;48;2;1;1;1m:[48;2;0;0;0m                                                  [48;2;5;5;5m:[38;2;94;94;94;48;2;76;76;76m~[38;2;201;201;201;48;2;217;217;217mL[38;2;143;143;143;48;2;177;177;177m"[38;2;110;110;110;48;2;74;74;74m_[38;2;124;124;124;48;2;175;175;175m_[38;2;218;218;218;48;2;240;240;240m,[48;2;251;251;251m  [48;2;252;252;252m               [0m
[7m[38;2;252;252;252m [0m[38;2;0;0;0;48;2;252;252;252m                            [38;2;252;252;252;48;2;251;251;251m:[38;2;240;240;240;48;2;244;244;244m4[38;2;176;176;176;48;2;186;186;186m4[38;2;49;49;49;48;2;32;32;32mL[48;2;0;0;0m     [38;2;1;1;1m:[38;2;30;30;30;48;2;23;23;23my[38;2;105;105;105;48;2;131;131;131ml[38;2;238;238;238;48;2;241;241;241mL[38;2;172;172;172;48;2;208;208;208m_[38;2;125;125;125;48;2;75;75;75m~[38;2;0;0;0;48;2;9;9;9m:[48;2;0;0;0m                                                    [38;2;10;10;10;48;2;32;32;32m:[38;2;176;176;176;48;2;200;200;200mL[38;2;229;229;229;48;2;241;241;241m`[38;2;139;139;139;48;2;182;182;182m"[38;2;178;178;178;48;2;130;130;130m_[38;2;201;201;201;48;2;220;220;220mL[38;2;249;249;249;48;2;251;251;251m,[38;2;253;253;253;48;2;252;252;252m.               [0m
[7m[38;2;252;252;252m [0m[38;2;0;0;0;48;2;252;252;252m                           [38;2;252;252;252;48;2;251;251;251m: [38;2;236;236;236;48;2;240;240;240m4[38;2;162;162;162;48;2;172;172;172m4[38;2;42;42;42;48;2;23;23;23mL[48;2;0;0;0m     [38;2;1;1;1m:[38;2;54;54;54;48;2;39;39;39m4[38;2;138;138;138;48;2;156;156;156ml[38;2;249;249;249;48;2;227;227;227m'[38;2;155;155;155;48;2;117;117;117m~[38;2;1;1;1;48;2;21;21;21m:[48;2;0;0;0m                                                    ,[38;2;0;0;0;48;2;13;13;13m:[38;2;126;126;126;48;2;154;154;154mL[38;2;223;223;223;48;2;234;234;234mL[38;2;232;232;232;48;2;243;243;243m"[38;2;205;205;205;48;2;232;232;232m~[38;2;231;231;231;48;2;242;242;242m"[38;2;250;250;250;48;2;251;251;251m~[38;2;253;253;253;48;2;252;252;252m`               [0m
[7m[38;2;252;252;252m [0m[38;2;0;0;0;48;2;252;252;252m                           [48;2;251;251;251m  [38;2;244;244;244;48;2;235;235;235m'[38;2;139;139;139;48;2;155;155;155m_[38;2;36;36;36;48;2;18;18;18mL[48;2;0;0;0m     [38;2;1;1;1m~[38;2;44;44;44;48;2;63;63;63ml[38;2;181;181;181;48;2;167;167;167m4[38;2;107;107;107;48;2;182;182;182m_[38;2;81;81;81;48;2;51;51;51m^[38;2;0;0;0;48;2;4;4;4m:[48;2;0;0;0m                                                    [38;2;1;1;1m.[38;2;0;0;0;48;2;7;7;7m:[38;2;107;107;107;48;2;97;97;97m4[38;2;206;206;206;48;2;223;223;223mL[38;2;252;252;252;48;2;251;251;251m, [48;2;252;252;252m                  [0m
[7m[38;2;252;252;252m [0m[38;2;0;0;0;48;2;252;252;252m                            [38;2;251;251;251;48;2;248;248;248m`[38;2;201;201;201;48;2;225;225;225m4[38;2;240;240;240;48;2;129;129;129m_[38;2;202;202;202;48;2;66;66;66m_[38;2;0;0;0;48;2;24;24;24m`[48;2;1;1;1m:[48;2;0;0;0m  [38;2;21;21;21;48;2;4;4;4m_[38;2;76;76;76;48;2;17;17;17m_[38;2;25;25;25;48;2;59;59;59m*[38;2;137;137;137;48;2;68;68;68m~[38;2;67;67;67;48;2;23;23;23m~[38;2;0;0;0;48;2;2;2;2m:[48;2;0;0;0m                                                      [48;2;2;2;2m:[38;2;29;29;29;48;2;54;54;54m.[38;2;194;194;194;48;2;215;215;215mL[38;2;251;251;251;48;2;252;252;252m,                   [0m
[7m[38;2;252;252;252m [0m[38;2;0;0;0;48;2;252;252;252m                            [38;2;252;252;252;48;2;251;251;251m::[48;2;250;250;250m.[38;2;204;204;204;48;2;213;213;213m4[38;2;83;83;83;48;2;65;65;65mL[38;2;0;0;0;48;2;4;4;4m:[38;2;1;1;1;48;2;0;0;0m_[38;2;0;0;0;48;2;3;3;3m`[38;2;109;109;109;48;2;76;76;76m4[38;2;156;156;156;48;2;204;204;204m~[38;2;116;116;116;48;2;177;177;177m_[38;2;88;88;88;48;2;57;57;57mM[38;2;0;0;0;48;2;7;7;7m`[48;2;0;0;0m                                                      [48;2;1;1;1m:[38;2;59;59;59;48;2;20;20;20m_[38;2;57;57;57;48;2;45;45;45m_[38;2;175;175;175;48;2;198;198;198mL[38;2;240;240;240;48;2;247;247;247m,[48;2;252;252;252m [38;2;252;252;252;48;2;251;251;251m:[48;2;252;252;252m                 [0m
[7m[38;2;252;252;252m [0m[38;2;0;0;0;48;2;252;252;252m                             [38;2;252;252;252;48;2;251;251;251m:[38;2;248;248;248;48;2;250;250;250m4[38;2;200;200;200;48;2;211;211;211m4[38;2;81;81;81;48;2;64;64;64mL[38;2;0;0;0;48;2;5;5;5m:[38;2;2;2;2;48;2;1;1;1m;[38;2;30;30;30;48;2;20;20;20m4[38;2;87;87;87;48;2;77;77;77m`[38;2;144;144;144;48;2;83;83;83m~[38;2;82;82;82;48;2;18;18;18m`[38;2;6;6;6;48;2;2;2;2m`[48;2;0;0;0m                                                       [38;2;0;0;0;48;2;2;2;2m:[38;2;70;70;70;48;2;35;35;35m~[38;2;28;28;28;48;2;56;56;56my[38;2;92;92;92;48;2;160;160;160m_[38;2;203;203;203;48;2;232;232;232m_[38;2;245;245;245;48;2;249;249;249m,[38;2;250;250;250;48;2;251;251;251m+[38;2;252;252;252m.[48;2;252;252;252m                [0m
[7m[38;2;252;252;252m [0m[38;2;0;0;0;48;2;252;252;252m                             [38;2;252;252;252;48;2;251;251;251m:[48;2;250;250;250m:[38;2;207;207;207;48;2;217;217;217m4[38;2;94;94;94;48;2;75;75;75mL[38;2;0;0;0;48;2;6;6;6m:[38;2;1;1;1;48;2;0;0;0m`[38;2;11;11;11;48;2;17;17;17m:[38;2;17;17;17;48;2;44;44;44m_[38;2;23;23;23;48;2;7;7;7m~[48;2;0;0;0m                                                            [38;2;60;60;60;48;2;16;16;16m`[38;2;155;155;155;48;2;45;45;45m~[38;2;44;44;44;48;2;143;143;143my[38;2;93;93;93;48;2;198;198;198m_[38;2;192;192;192;48;2;240;240;240m_[38;2;244;244;244;48;2;251;251;251m,[38;2;252;252;252m::[48;2;252;252;252m             [0m
[7m[38;2;252;252;252m [0m[38;2;0;0;0;48;2;252;252;252m                             [38;2;252;252;252;48;2;251;251;251m: [38;2;211;211;211;48;2;221;221;221m4[38;2;102;102;102;48;2;84;84;84mL[38;2;13;13;13;48;2;7;7;7mL[48;2;0;0;0m [38;2;3;3;3m`[38;2;9;9;9m`                                                                [38;2;69;69;69;48;2;9;9;9m`[38;2;122;122;122;48;2;48;48;48m~[38;2;88;88;88;48;2;160;160;160my[38;2;161;161;161;48;2;225;225;225m_[38;2;231;231;231;48;2;248;248;248m,[48;2;251;251;251m [38;2;252;252;252m.[48;2;252;252;252m           [0m
[7m[38;2;252;252;252m [0m[38;2;0;0;0;48;2;252;252;252m                            [38;2;252;252;252;48;2;251;251;251m:[48;2;250;250;250m.[38;2;207;207;207;48;2;239;239;239m_[38;2;74;74;74;48;2;171;171;171m_[38;2;72;72;72;48;2;39;39;39m^[38;2;0;0;0;48;2;3;3;3m`[48;2;0;0;0m                                                                     [48;2;2;2;2m`[38;2;114;114;114;48;2;43;43;43m~[38;2;111;111;111;48;2;183;183;183m_[38;2;212;212;212;48;2;241;241;241m,[48;2;251;251;251m  [48;2;252;252;252m          [0m
[7m[38;2;252;252;252m [0m[38;2;0;0;0;48;2;252;252;252m                          [38;2;252;252;252;48;2;251;251;251m:`[38;2;251;251;251;48;2;247;247;247m`[38;2;158;158;158;48;2;213;213;213m_[38;2;167;167;167;48;2;85;85;85m~[38;2;44;44;44;48;2;12;12;12m~[48;2;0;0;0m                                                                        [38;2;0;0;0;48;2;1;1;1m:[38;2;78;78;78;48;2;35;35;35m"[38;2;156;156;156;48;2;189;189;189mL[38;2;226;226;226;48;2;244;244;244m,[38;2;252;252;252;48;2;251;251;251m: [48;2;252;252;252m         [0m
[7m[38;2;252;252;252m [0m[38;2;0;0;0;48;2;252;252;252m                         [38;2;252;252;252;48;2;251;251;251m: [38;2;251;251;251;48;2;248;248;248m`[38;2;179;179;179;48;2;211;211;211m_[38;2;132;132;132;48;2;72;72;72m~[38;2;0;0;0;48;2;6;6;6m:[48;2;0;0;0m                                                                          [48;2;4;4;4m:[38;2;122;122;122;48;2;89;89;89m~[38;2;196;196;196;48;2;218;218;218mL[38;2;252;252;252;48;2;251;251;251mL [48;2;252;252;252m         [0m
[7m[38;2;252;252;252m [0m[38;2;0;0;0;48;2;252;252;252m                         [38;2;252;252;252;48;2;251;251;251m`[38;2;215;215;215;48;2;240;240;240m_[38;2;107;107;107;48;2;191;191;191m_[38;2;160;160;160;48;2;79;79;79m~[38;2;2;2;2;48;2;12;12;12m:[48;2;0;0;0m                                                                            [38;2;45;45;45;48;2;25;25;25m`[38;2;166;166;166;48;2;194;194;194mL[38;2;240;240;240;48;2;248;248;248m_[48;2;252;252;252m [38;2;252;252;252;48;2;251;251;251m.[48;2;252;252;252m        [0m
[7m[38;2;252;252;252m [0m[38;2;0;0;0;48;2;252;252;252m                        [38;2;252;252;252;48;2;249;249;249m`[38;2;194;194;194;48;2;225;225;225m_[38;2;196;196;196;48;2;124;124;124m~[38;2;61;61;61;48;2;29;29;29m^[38;2;0;0;0;48;2;1;1;1m:[48;2;0;0;0m                                                                            [38;2;1;1;1m.[38;2;0;0;0;48;2;6;6;6m:[38;2;109;109;109;48;2;139;139;139mL[38;2;206;206;206;48;2;227;227;227m,[38;2;252;252;252;48;2;251;251;251mF [48;2;252;252;252m        [0m
[7m[38;2;252;252;252m [0m[38;2;0;0;0;48;2;252;252;252m                      [38;2;250;250;250;48;2;251;251;251m.[38;2;206;206;206;48;2;238;238;238m_[38;2;92;92;92;48;2;182;182;182m_[38;2;163;163;163;48;2;71;71;71m~[38;2;56;56;56;48;2;15;15;15m~[48;2;0;0;0m                                                                              [38;2;1;1;1m`[38;2;0;0;0;48;2;1;1;1m:[38;2;77;77;77;48;2;52;52;52m~[38;2;182;182;182;48;2;206;206;206mL[38;2;247;247;247;48;2;251;251;251m_ [48;2;252;252;252m        [0m
[7m[38;2;252;252;252m [0m[38;2;0;0;0;48;2;252;252;252m                     [38;2;252;252;252;48;2;247;247;247m`[38;2;190;190;190;48;2;216;216;216my[38;2;184;184;184;48;2;112;112;112m~[38;2;49;49;49;48;2;22;22;22m`[48;2;0;0;0m                                                                                 [38;2;1;1;1m.[38;2;0;0;0;48;2;7;7;7m:[38;2;106;106;106;48;2;143;143;143mL[38;2;202;202;202;48;2;228;228;228m,[48;2;251;251;251m  [48;2;252;252;252m       [0m
[7m[38;2;252;252;252m [0m[38;2;0;0;0;48;2;252;252;252m                  [38;2;252;252;252;48;2;251;251;251m:[48;2;249;249;249m`[38;2;187;187;187;48;2;232;232;232m_[38;2;83;83;83;48;2;179;179;179m_[38;2;29;29;29;48;2;100;100;100my[38;2;54;54;54;48;2;14;14;14m~[38;2;0;0;0;48;2;1;1;1m:[48;2;0;0;0m                                                                                   [38;2;62;62;62;48;2;31;31;31m~[38;2;159;159;159;48;2;190;190;190mL[38;2;231;231;231;48;2;246;246;246m_[38;2;252;252;252;48;2;251;251;251m: [48;2;252;252;252m      [0m
[7m[38;2;252;252;252m [0m[38;2;0;0;0;48;2;252;252;252m                 [38;2;253;253;253m.[38;2;251;251;251;48;2;242;242;242m`[38;2;140;140;140;48;2;199;199;199m_[38;2;164;164;164;48;2;90;90;90m~[38;2;49;49;49;48;2;15;15;15m~[48;2;0;0;0m                                                                                      [38;2;0;0;0;48;2;2;2;2m:[38;2;115;115;115;48;2;68;68;68m~[38;2;184;184;184;48;2;209;209;209mL[38;2;246;246;246;48;2;250;250;250m_[38;2;252;252;252;48;2;251;251;251m,::   [48;2;252;252;252m [0m
[7m[38;2;252;252;252m [0m[38;2;0;0;0;48;2;252;252;252m               [38;2;252;252;252;48;2;251;251;251m:[38;2;245;245;245m_[38;2;206;206;206;48;2;238;238;238m_[38;2;110;110;110;48;2;179;179;179m_[38;2;118;118;118;48;2;57;57;57m~[38;2;14;14;14;48;2;6;6;6m`[48;2;0;0;0m                                                                                        [38;2;0;0;0;48;2;6;6;6m:[38;2;156;156;156;48;2;111;111;111m~[38;2;146;146;146;48;2;216;216;216m_[38;2;172;172;172;48;2;244;244;244m_[38;2;166;166;166;48;2;243;243;243m_[38;2;156;156;156;48;2;239;239;239m_[38;2;150;150;150;48;2;236;236;236m_[38;2;148;148;148;48;2;235;235;235m_[38;2;150;150;150;48;2;236;236;236m_[38;2;160;160;160;48;2;241;241;241m_[0m
[7m[38;2;252;252;252m [0m[38;2;0;0;0;48;2;252;252;252m               [38;2;237;237;237;48;2;247;247;247m_[38;2;171;171;171;48;2;215;215;215m_[38;2;83;83;83;48;2;136;136;136my[38;2;72;72;72;48;2;26;26;26m~[38;2;0;0;0;48;2;1;1;1m:[48;2;0;0;0m                                                                                          [38;2;25;25;25;48;2;4;4;4m`[38;2;72;72;72;48;2;22;22;22m~[38;2;83;83;83;48;2;23;23;23m~[38;2;64;64;64;48;2;16;16;16m~[38;2;73;73;73;48;2;12;12;12m`[38;2;67;67;67;48;2;9;9;9m`[38;2;65;65;65;48;2;8;8;8m`[38;2;67;67;67;48;2;9;9;9m`[38;2;78;78;78;48;2;15;15;15m`[0m
[7m[38;2;252;252;252m [0m[38;2;0;0;0;48;2;252;252;252m            [38;2;252;252;252;48;2;251;251;251m:[48;2;252;252;252m [38;2;251;251;251;48;2;243;243;243m`[38;2;168;168;168;48;2;199;199;199my[38;2;149;149;149;48;2;82;82;82m~[38;2;42;42;42;48;2;11;11;11m~[48;2;0;0;0m                                                                                                     [0m
[7m[38;2;252;252;252m [0m[38;2;0;0;0;48;2;252;252;252m            [38;2;250;250;250;48;2;251;251;251m_[38;2;222;222;222;48;2;245;245;245m_[38;2;132;132;132;48;2;201;201;201m_[38;2;52;52;52;48;2;102;102;102my[38;2;27;27;27;48;2;12;12;12m`[48;2;0;0;0m                                                                                                      [0m
[7m[38;2;252;252;252m [0m[38;2;0;0;0;48;2;252;252;252m            [38;2;239;239;239;48;2;242;242;242md[38;2;174;174;174;48;2;188;188;188m4[38;2;107;107;107;48;2;77;77;77m~[38;2;1;1;1;48;2;5;5;5m:[48;2;0;0;0m                                                                                                      [38;2;20;20;20;48;2;2;2;2m_[0m
[7m[38;2;252;252;252m [0m[38;2;0;0;0;48;2;252;252;252m        [38;2;252;252;252;48;2;251;251;251m:[48;2;252;252;252m [38;2;247;247;247;48;2;251;251;251m_[38;2;202;202;202;48;2;235;235;235m_[38;2;88;88;88;48;2;176;176;176m_[38;2;152;152;152;48;2;60;60;60m~[38;2;36;36;36;48;2;9;9;9m~[48;2;0;0;0m                                                                                                       [38;2;123;123;123;48;2;75;75;75my[0m
[7m[38;2;252;252;252m [0m[38;2;0;0;0;48;2;252;252;252m         [38;2;250;250;250m_[38;2;218;218;218;48;2;238;238;238m_[38;2;127;127;127;48;2;175;175;175m_[38;2;86;86;86;48;2;50;50;50m~[38;2;0;0;0;48;2;2;2;2m:[48;2;0;0;0m                                                                                                        [38;2;159;159;159;48;2;128;128;128m4[0m
[7m[38;2;252;252;252m [0m[38;2;0;0;0;48;2;252;252;252m       [38;2;252;252;252;48;2;251;251;251m:[48;2;252;252;252m [38;2;239;239;239;48;2;247;247;247m_[38;2;172;172;172;48;2;203;203;203m_[38;2;29;29;29;48;2;98;98;98m_[38;2;2;2;2;48;2;9;9;9m.[48;2;0;0;0m        [38;2;0;0;0;48;2;1;1;1m`[38;2;6;6;6;48;2;3;3;3ms[38;2;1;1;1;48;2;0;0;0mw                                                                                              [38;2;59;59;59;48;2;21;21;21m~[0m
[?25h