[?25l[0m[7m[38;2;252;252;252m [0m[38;2;0;0;0;48;2;252;252;252m                                      [38;2;252;252;252;48;2;251;251;251m: [38;2;251;251;251;48;2;249;249;249m'[38;2;198;198;198;48;2;221;221;221m"[38;2;142;142;142;48;2;74;74;74m_[38;2;0;0;0;48;2;9;9;9m:[48;2;0;0;0m                [48;2;3;3;3m.[38;2;96;96;96;48;2;36;36;36m_[38;2;92;92;92;48;2;165;165;165m~[38;2;248;248;248;48;2;242;242;242m:[38;2;250;250;250;48;2;251;251;251m=[38;2;252;252;252m:[48;2;252;252;252m                                                     [0m
[7m[38;2;252;252;252m [0m[38;2;0;0;0;48;2;252;252;252m                                       [38;2;252;252;252;48;2;251;251;251m:[38;2;250;250;250m`[38;2;251;251;251;48;2;249;249;249m:[38;2;186;186;186;48;2;220;220;220m"[38;2;189;189;189;48;2;86;86;86m_[38;2;39;39;39;48;2;14;14;14m,[38;2;1;1;1;48;2;0;0;0m:            [38;2;0;0;0;48;2;4;4;4m:[38;2;101;101;101;48;2;24;24;24m_[38;2;212;212;212;48;2;95;95;95m_[38;2;142;142;142;48;2;212;212;212m~[38;2;234;234;234;48;2;247;247;247m~[38;2;250;250;250;48;2;251;251;251m~[38;2;252;252;252m:[48;2;252;252;252m                                                      [0m
[7m[38;2;252;252;252m [0m[38;2;0;0;0;48;2;252;252;252m                                         [38;2;252;252;252;48;2;251;251;251m.[38;2;251;251;251;48;2;250;250;250m'[38;2;221;221;221;48;2;237;237;237m`[38;2;96;96;96;48;2;176;176;176m~[38;2;162;162;162;48;2;60;60;60m_[38;2;37;37;37;48;2;13;13;13m,[48;2;0;0;0m [38;2;2;2;2m__[38;2;1;1;1m_.[38;2;2;2;2m__[38;2;3;3;3m__[38;2;0;0;0;48;2;5;5;5m`[38;2;102;102;102;48;2;36;36;36m_[38;2;204;204;204;48;2;117;117;117my[38;2;143;143;143;48;2;223;223;223m~[38;2;251;251;251;48;2;248;248;248m:[38;2;252;252;252;48;2;251;251;251m`.[48;2;252;252;252m                                                        [0m
[7m[38;2;252;252;252m [0m[38;2;0;0;0;48;2;252;252;252m                                          [38;2;252;252;252;48;2;251;251;251m:[38;2;250;250;250m`[38;2;248;248;248;48;2;250;250;250m`[38;2;197;197;197;48;2;238;238;238m`[38;2;122;122;122;48;2;199;199;199m~[38;2;188;188;188;48;2;102;102;102my[38;2;208;208;208;48;2;62;62;62m_[38;2;197;197;197;48;2;41;41;41m_[48;2;39;39;39m_[38;2;206;206;206;48;2;48;48;48m_[38;2;208;208;208;48;2;56;56;56m__[38;2;213;213;213;48;2;71;71;71m_[38;2;4;4;4;48;2;136;136;136m~[38;2;35;35;35;48;2;176;176;176m~[38;2;141;141;141;48;2;217;217;217m~[38;2;252;252;252;48;2;247;247;247m:[38;2;250;250;250;48;2;251;251;251m? [48;2;252;252;252m                                                          [0m
[7m[38;2;252;252;252m [0m[38;2;0;0;0;48;2;252;252;252m                                             [38;2;252;252;252;48;2;251;251;251m:[38;2;250;250;250m`[38;2;249;249;249m`[38;2;245;245;245;48;2;250;250;250m`[38;2;236;236;236;48;2;249;249;249m`[38;2;234;234;234m`[38;2;245;245;245;48;2;251;251;251m`[38;2;246;246;246m```[38;2;250;250;250m`[38;2;254;254;254;48;2;252;252;252m`                                                              [0m
[7m[38;2;252;252;252m [0m[38;2;0;0;0;48;2;252;252;252m                                                                                                                       [0m
[7m[38;2;252;252;252m [0m[38;2;0;0;0;48;2;252;252;252m                                                                                                                       [0m
[7m[38;2;252;252;252m [0m[38;2;0;0;0;48;2;252;252;252m                                                                                                                       [0m
[7m[38;2;252;252;252m [0m[38;2;0;0;0;48;2;252;252;252m                                                                                                                       [0m
[7m[38;2;252;252;252m [0m[38;2;0;0;0;48;2;252;252;252m                                                                                                                       [0m
[7m[38;2;252;252;252m [0m[38;2;0;0;0;48;2;252;252;252m                                                                                                                       [0m
[7m[38;2;252;252;252m [0m[38;2;0;0;0;48;2;252;252;252m                                                                                                                       [0m
[7m[38;2;252;252;252m [0m[38;2;0;0;0;48;2;252;252;252m                                                                                                                       [0m
[7m[38;2;252;252;252m [0m[38;2;0;0;0;48;2;252;252;252m                                                                                                                       [0m
[7m[38;2;252;252;252m [0m[38;2;0;0;0;48;2;252;252;252m                                                                                                                       [0m
[7m[38;2;252;252;252m [0m[38;2;0;0;0;48;2;252;252;252m                                                                                                                       [0m
[7m[38;2;252;252;252m [0m[38;2;0;0;0;48;2;252;252;252m                                                                                                                       [0m
[7m[38;2;252;252;252m [0m[38;2;0;0;0;48;2;252;252;252m                                                                                                                       [0m
[7m[38;2;252;252;252m [0m[38;2;0;0;0;48;2;252;252;252m                                                                                                                       [0m
[7m[38;2;252;252;252m [0m[38;2;0;0;0;48;2;252;252;252m                                                                                                                       [0m
[7m[38;2;252;252;252m [0m[38;2;0;0;0;48;2;252;252;252m                                                                                                                       [0m
[7m[38;2;252;252;252m [0m[38;2;0;0;0;48;2;252;252;252m                                                                                                                       [0m
[7m[38;2;252;252;252m [0m[38;2;0;0;0;48;2;252;252;252m                                                                                                                       [0m
[7m[38;2;252;252;252m [0m[38;2;0;0;0;48;2;252;252;252m                                                                                                                       [0m
[7m[38;2;252;252;252m [0m[38;2;0;0;0;48;2;252;252;252m                                                                                                                       [0m
[7m[38;2;252;252;252m [0m[38;2;0;0;0;48;2;252;252;252m                                                                                                                       [0m
[7m[38;2;252;252;252m [0m[38;2;0;0;0;48;2;252;252;252m                                                                                                                       [0m
[7m[38;2;252;252;252m [0m[38;2;0;0;0;48;2;252;252;252m                                                                                                                       [0m
[7m[38;2;252;252;252m [0m[38;2;0;0;0;48;2;252;252;252m                                                                                                                       [0m
[7m[38;2;252;252;252m [0m[38;2;0;0;0;48;2;252;252;252m                                                                                                                       [0m
[7m[38;2;252;252;252m [0m[38;2;0;0;0;48;2;252;252;252m                                                                                                                       [0m
[7m[38;2;252;252;252m [0m[38;2;0;0;0;48;2;252;252;252m                                                                                                                       [0m
[7m[38;2;252;252;252m [0m[38;2;0;0;0;48;2;252;252;252m                                                                                                                       [0m
[7m[38;2;252;252;252m [0m[38;2;0;0;0;48;2;252;252;252m                                                                                                                       [0m
[7m[38;2;252;252;252m [0m[38;2;0;0;0;48;2;252;252;252m                                                                                                                       [0m
[7m[38;2;252;252;252m [0m[38;2;0;0;0;48;2;252;252;252m                                                                                                                       [0m
[?25h