[?25l[0m[7m[38;2;0;0;0m [0m[38;2;0;0;0;48;2;0;0;0m                                        [38;2;2;2;2m`[38;2;33;33;33;48;2;12;12;12m"[38;2;135;135;135;48;2;67;67;67m~[38;2;74;74;74;48;2;186;186;186m_[38;2;213;213;213;48;2;242;242;242m_[38;2;253;253;253;48;2;250;250;250m.[48;2;251;251;251m [48;2;252;252;252m    [38;2;252;252;252;48;2;251;251;251m:[38;2;253;253;253;48;2;250;250;250m'[48;2;230;230;230m:[38;2;142;142;142;48;2;93;93;93mL[38;2;40;40;40;48;2;14;14;14m,[38;2;1;1;1;48;2;0;0;0m_                                                              [0m
[7m[38;2;0;0;0m [0m[38;2;0;0;0;48;2;0;0;0m                                         [38;2;1;1;1m``[38;2;61;61;61;48;2;14;14;14m`[38;2;155;155;155;48;2;68;68;68m~[38;2;76;76;76;48;2;184;184;184m_[38;2;187;187;187;48;2;242;242;242m_[38;2;253;253;253;48;2;250;250;250m.[48;2;251;251;251m [48;2;252;252;252m _[38;2;252;252;252;48;2;251;251;251m:[38;2;250;250;250m~[38;2;254;254;254;48;2;249;249;249m'[38;2;185;185;185;48;2;216;216;216m~[38;2;112;112;112;48;2;63;63;63mL[38;2;23;23;23;48;2;5;5;5m,[38;2;1;1;1;48;2;0;0;0m_                                                             [0m
[7m[38;2;0;0;0m [0m[38;2;0;0;0;48;2;0;0;0m                                            [38;2;2;2;2m"[38;2;31;31;31;48;2;11;11;11m"[38;2;124;124;124;48;2;54;54;54m~[38;2;38;38;38;48;2;161;161;161m_[38;2;154;154;154;48;2;229;229;229m_[38;2;254;254;254;48;2;249;249;249m.[38;2;250;250;250;48;2;252;252;252m, [38;2;252;252;252;48;2;251;251;251m:[48;2;250;250;250m_[38;2;254;254;254;48;2;245;245;245m:[38;2;146;146;146;48;2;187;187;187m~[38;2;81;81;81;48;2;44;44;44mL[38;2;0;0;0;48;2;2;2;2m:[48;2;0;0;0m                                                             [0m
[7m[38;2;0;0;0m [0m[38;2;0;0;0;48;2;0;0;0m                                               [38;2;25;25;25;48;2;6;6;6m`[38;2;105;105;105;48;2;35;35;35m~[38;2;61;61;61;48;2;135;135;135my[38;2;113;113;113;48;2;207;207;207m_[38;2;199;199;199;48;2;243;243;243m_[38;2;253;253;253;48;2;251;251;251m`[48;2;252;252;252m [48;2;251;251;251m [48;2;243;243;243m:[38;2;124;124;124;48;2;173;173;173m~[38;2;92;92;92;48;2;43;43;43m,[38;2;1;1;1;48;2;2;2;2m`[48;2;0;0;0m                                                            [0m
[7m[38;2;0;0;0m [0m[38;2;0;0;0;48;2;0;0;0m                                                [38;2;1;1;1m"[38;2;3;3;3m`[38;2;48;48;48;48;2;15;15;15m"[38;2;145;145;145;48;2;62;62;62m~[38;2;18;18;18;48;2;161;161;161m_[38;2;108;108;108;48;2;222;222;222m_[38;2;233;233;233;48;2;246;246;246m,[38;2;248;248;248;48;2;250;250;250m+[38;2;252;252;252;48;2;244;244;244m:[38;2;122;122;122;48;2;184;184;184m~[38;2;102;102;102;48;2;49;49;49m_[38;2;17;17;17;48;2;3;3;3m,[48;2;0;0;0m                                                           [0m
[7m[38;2;0;0;0m [0m[38;2;0;0;0;48;2;0;0;0m                                                   [38;2;1;1;1m~[38;2;7;7;7;48;2;3;3;3m`[38;2;76;76;76;48;2;18;18;18m"[38;2;164;164;164;48;2;53;53;53m~[38;2;62;62;62;48;2;153;153;153my[38;2;95;95;95;48;2;201;201;201m_[38;2;170;170;170;48;2;235;235;235m_[38;2;155;155;155;48;2;198;198;198m~[38;2;170;170;170;48;2;74;74;74m_[38;2;58;58;58;48;2;11;11;11m,[38;2;1;1;1;48;2;0;0;0m.                                                         [0m
[7m[38;2;0;0;0m [0m[38;2;0;0;0;48;2;0;0;0m                                                       [38;2;2;2;2m`[38;2;47;47;47;48;2;6;6;6m`[38;2;68;68;68;48;2;22;22;22m~[38;2;163;163;163;48;2;62;62;62m~[38;2;47;47;47;48;2;120;120;120my[38;2;63;63;63;48;2;31;31;31m~[38;2;0;0;0;48;2;1;1;1m`[48;2;0;0;0m                                                         [0m
[7m[38;2;0;0;0m [0m[38;2;0;0;0;48;2;0;0;0m                                                                                                                       [0m
[7m[38;2;0;0;0m [0m[38;2;0;0;0;48;2;0;0;0m                                                                                                                       [0m
[7m[38;2;0;0;0m [0m[38;2;0;0;0;48;2;0;0;0m                                                                                                                       [0m
[7m[38;2;0;0;0m [0m[38;2;0;0;0;48;2;0;0;0m                                                                                                                       [0m
[7m[38;2;0;0;0m [0m[38;2;0;0;0;48;2;0;0;0m                                                                                                                       [0m
[7m[38;2;0;0;0m [0m[38;2;0;0;0;48;2;0;0;0m                                                                                                                       [0m
[7m[38;2;0;0;0m [0m[38;2;0;0;0;48;2;0;0;0m                                                                                                                       [0m
[7m[38;2;0;0;0m [0m[38;2;0;0;0;48;2;0;0;0m                                                                                                                       [0m
[7m[38;2;0;0;0m [0m[38;2;0;0;0;48;2;0;0;0m                                                                                                                       [0m
[7m[38;2;0;0;0m [0m[38;2;0;0;0;48;2;0;0;0m                                                                                                                       [0m
[7m[38;2;0;0;0m [0m[38;2;0;0;0;48;2;0;0;0m                                                                                                                       [0m
[7m[38;2;0;0;0m [0m[38;2;0;0;0;48;2;0;0;0m                                                                                                                       [0m
[7m[38;2;0;0;0m [0m[38;2;0;0;0;48;2;0;0;0m                                                                                                                       [0m
[7m[38;2;0;0;0m [0m[38;2;0;0;0;48;2;0;0;0m                                                                                                                       [0m
[7m[38;2;0;0;0m [0m[38;2;0;0;0;48;2;0;0;0m                                                          [38;2;20;20;20m_[38;2;37;37;37;48;2;1;1;1m_[48;2;0;0;0m                                                           [0m
[7m[38;2;0;0;0m [0m[38;2;0;0;0;48;2;0;0;0m                                                        [48;2;1;1;1m:[38;2;71;71;71;48;2;40;40;40mu[38;2;44;44;44;48;2;169;169;169m~[38;2;65;65;65;48;2;184;184;184m~[38;2;111;111;111;48;2;64;64;64mw[38;2;20;20;20;48;2;9;9;9mr[48;2;0;0;0m                                                         [0m
[7m[38;2;0;0;0m [0m[38;2;0;0;0;48;2;0;0;0m                                                         [38;2;56;56;56;48;2;19;19;19m"[38;2;191;191;191;48;2;65;65;65m~[38;2;215;215;215;48;2;78;78;78m~[38;2;92;92;92;48;2;32;32;32m"[38;2;16;16;16;48;2;2;2;2m~[48;2;0;0;0m                                                         [0m
[7m[38;2;0;0;0m [0m[38;2;0;0;0;48;2;0;0;0m                                                           [38;2;1;1;1m^                                                           [0m
[7m[38;2;0;0;0m [0m[38;2;0;0;0;48;2;0;0;0m                                                                                                                       [0m
[7m[38;2;0;0;0m [0m[38;2;0;0;0;48;2;0;0;0m                                                                                                                       [0m
[7m[38;2;0;0;0m [0m[38;2;0;0;0;48;2;0;0;0m                                                                                                                       [0m
[7m[38;2;0;0;0m [0m[38;2;0;0;0;48;2;0;0;0m                                                                                                                       [0m
[7m[38;2;0;0;0m [0m[38;2;0;0;0;48;2;0;0;0m                                                                                                                       [0m
[7m[38;2;0;0;0m [0m[38;2;0;0;0;48;2;0;0;0m                                                                                                                       [0m
[7m[38;2;0;0;0m [0m[38;2;0;0;0;48;2;0;0;0m                                                                                                                       [0m
[7m[38;2;0;0;0m [0m[38;2;0;0;0;48;2;0;0;0m                                                                                                                       [0m
[7m[38;2;0;0;0m [0m[38;2;0;0;0;48;2;0;0;0m                                                                                                                       [0m
[7m[38;2;0;0;0m [0m[38;2;0;0;0;48;2;0;0;0m                                                                                                                       [0m
[7m[38;2;0;0;0m [0m[38;2;0;0;0;48;2;0;0;0m                                                                                                                       [0m
[?25h