[?25l[0m[7m[38;2;0;0;0m [0m[38;2;0;0;0;48;2;0;0;0m                                                                                                                       [0m
[7m[38;2;0;0;0m [0m[38;2;0;0;0;48;2;0;0;0m                                                  [38;2;1;1;1m.[38;2;5;5;5m_[38;2;1;1;1m.                                                                  [0m
[7m[38;2;0;0;0m [0m[38;2;0;0;0;48;2;0;0;0m                                               [48;2;1;1;1m:[38;2;38;38;38;48;2;7;7;7m_[38;2;81;81;81;48;2;16;16;16m_[38;2;102;102;102;48;2;69;69;69my[38;2;68;68;68;48;2;185;185;185m~[38;2;203;203;203;48;2;113;113;113my[38;2;184;184;184;48;2;63;63;63m_[38;2;95;95;95;48;2;16;16;16m_[38;2;18;18;18;48;2;2;2;2m,[38;2;1;1;1;48;2;0;0;0m,                                                              [0m
[7m[38;2;0;0;0m [0m[38;2;0;0;0;48;2;0;0;0m                                              [48;2;1;1;1m`[38;2;12;12;12;48;2;3;3;3m_[38;2;74;74;74;48;2;50;50;50m4[38;2;184;184;184;48;2;161;161;161m4[38;2;152;152;152;48;2;216;216;216m~[38;2;253;253;253;48;2;247;247;247m`[38;2;252;252;252;48;2;250;250;250m.[38;2;212;212;212;48;2;243;243;243m`[38;2;178;178;178;48;2;226;226;226m~[38;2;56;56;56;48;2;164;164;164m~[38;2;164;164;164;48;2;49;49;49m_[38;2;46;46;46;48;2;8;8;8m,[48;2;0;0;0m                                                             [0m
[7m[38;2;0;0;0m [0m[38;2;0;0;0;48;2;0;0;0m                                             [38;2;65;65;65;48;2;34;34;34my[38;2;37;37;37;48;2;144;144;144m~[38;2;73;73;73;48;2;197;197;197m~[38;2;89;89;89;48;2;207;207;207m~[38;2;142;142;142;48;2;212;212;212m~[38;2;254;254;254;48;2;247;247;247m`[38;2;250;250;250;48;2;251;251;251m`[38;2;252;252;252m::[38;2;249;249;249m~[38;2;252;252;252;48;2;249;249;249m'[38;2;201;201;201;48;2;233;233;233m"[38;2;86;86;86;48;2;175;175;175m~[38;2;250;250;250;48;2;102;102;102m_[38;2;213;213;213;48;2;67;67;67m_[38;2;120;120;120;48;2;30;30;30m_[38;2;32;32;32;48;2;7;7;7m,[38;2;1;1;1;48;2;0;0;0m.                                                        [0m
[7m[38;2;0;0;0m [0m[38;2;0;0;0;48;2;0;0;0m                                             [38;2;48;48;48;48;2;19;19;19m"[38;2;63;63;63;48;2;120;120;120mL[38;2;201;201;201;48;2;227;227;227mw[38;2;254;254;254;48;2;249;249;249m.[38;2;253;253;253;48;2;251;251;251m`[38;2;252;252;252m:[48;2;252;252;252m     [48;2;251;251;251m:..[38;2;229;229;229;48;2;247;247;247m`[38;2;178;178;178;48;2;236;236;236m`[38;2;90;90;90;48;2;180;180;180m~[38;2;166;166;166;48;2;58;58;58m_[38;2;57;57;57;48;2;9;9;9m,[48;2;0;0;0m                                                       [0m
[7m[38;2;0;0;0m [0m[38;2;0;0;0;48;2;0;0;0m                                           [38;2;1;1;1m_[38;2;0;0;0;48;2;7;7;7m`[38;2;100;100;100;48;2;55;55;55my[38;2;88;88;88;48;2;189;189;189m~[38;2;218;218;218;48;2;239;239;239m"[38;2;254;254;254;48;2;250;250;250m`[38;2;252;252;252;48;2;251;251;251m.[48;2;252;252;252m         [48;2;251;251;251m: [38;2;253;253;253;48;2;249;249;249m'[38;2;202;202;202;48;2;233;233;233m"[38;2;81;81;81;48;2;152;152;152m~[38;2;73;73;73;48;2;33;33;33m_[38;2;0;0;0;48;2;1;1;1m`[48;2;0;0;0m                                                     [0m
[7m[38;2;0;0;0m [0m[38;2;0;0;0;48;2;0;0;0m                                           [38;2;1;1;1m:[38;2;58;58;58;48;2;40;40;40m4[38;2;140;140;140;48;2;164;164;164mF[38;2;254;254;254;48;2;245;245;245m:[38;2;249;249;249;48;2;250;250;250m.[38;2;252;252;252;48;2;251;251;251m:[48;2;252;252;252m            [48;2;251;251;251m:[48;2;250;250;250m`[38;2;253;253;253;48;2;242;242;242m:[38;2;118;118;118;48;2;170;170;170m~[38;2;88;88;88;48;2;43;43;43m_[38;2;4;4;4;48;2;2;2;2m.[48;2;0;0;0m                                                    [0m
[7m[38;2;0;0;0m [0m[38;2;0;0;0;48;2;0;0;0m                                           [38;2;1;1;1m~[38;2;31;31;31;48;2;59;59;59ml[38;2;167;167;167;48;2;185;185;185mF[38;2;244;244;244;48;2;248;248;248mL[38;2;249;249;249;48;2;250;250;250ml[38;2;252;252;252;48;2;251;251;251m..[48;2;252;252;252m            [48;2;251;251;251m:[48;2;250;250;250m [38;2;254;254;254;48;2;244;244;244m:[38;2;122;122;122;48;2;167;167;167m~[38;2;97;97;97;48;2;40;40;40m,[38;2;1;1;1;48;2;0;0;0m:                                                   [0m
[7m[38;2;0;0;0m [0m[38;2;0;0;0;48;2;0;0;0m                                            [38;2;40;40;40;48;2;19;19;19m"[38;2;154;154;154;48;2;84;84;84m~[38;2;82;82;82;48;2;189;189;189m_[38;2;172;172;172;48;2;237;237;237m_[48;2;239;239;239m_[38;2;164;164;164;48;2;235;235;235m_[38;2;219;219;219;48;2;248;248;248m_[38;2;253;253;253;48;2;251;251;251m.[38;2;251;251;251;48;2;252;252;252m_          [38;2;252;252;252;48;2;251;251;251m.[38;2;253;253;253m`[48;2;238;238;238m:[38;2;159;159;159;48;2;112;112;112mL[38;2;64;64;64;48;2;21;21;21m,[48;2;0;0;0m                                                   [0m
[7m[38;2;0;0;0m [0m[38;2;0;0;0;48;2;0;0;0m                                             [38;2;3;3;3m`[38;2;48;48;48;48;2;6;6;6m`[38;2;117;117;117;48;2;17;17;17m`[38;2;115;115;115;48;2;16;16;16m`[38;2;107;107;107;48;2;53;53;53m`[38;2;92;92;92;48;2;177;177;177m_[38;2;194;194;194;48;2;238;238;238m_[38;2;251;251;251;48;2;249;249;249m.[48;2;252;252;252m=[38;2;253;253;253m._       [38;2;252;252;252;48;2;251;251;251m:[38;2;250;250;250m"[38;2;254;254;254;48;2;250;250;250m'[38;2;184;184;184;48;2;216;216;216m"[38;2;111;111;111;48;2;65;65;65mL[38;2;13;13;13;48;2;3;3;3m,[48;2;0;0;0m                                                  [0m
[7m[38;2;0;0;0m [0m[38;2;0;0;0;48;2;0;0;0m                                                 [38;2;9;9;9;48;2;3;3;3m`[38;2;65;65;65;48;2;16;16;16m"[38;2;141;141;141;48;2;43;43;43m~[38;2;47;47;47;48;2;129;129;129my[38;2;128;128;128;48;2;194;194;194my[38;2;204;204;204;48;2;230;230;230mw[38;2;235;235;235;48;2;242;242;242mm[38;2;250;250;250;48;2;252;252;252mL       [38;2;252;252;252;48;2;251;251;251m:[38;2;250;250;250m=[38;2;254;254;254;48;2;246;246;246m`[38;2;133;133;133;48;2;176;176;176m~[38;2;83;83;83;48;2;45;45;45mL[38;2;13;13;13;48;2;2;2;2m,[48;2;0;0;0m                                                 [0m
[7m[38;2;0;0;0m [0m[38;2;0;0;0;48;2;0;0;0m                                                  [48;2;1;1;1m`[38;2;69;69;69;48;2;27;27;27m_[38;2;179;179;179;48;2;105;105;105my[38;2;146;146;146;48;2;221;221;221m~[38;2;238;238;238;48;2;249;249;249m~[38;2;250;250;250;48;2;252;252;252m`[38;2;252;252;252;48;2;251;251;251m:[48;2;252;252;252m        [48;2;251;251;251m:[38;2;250;250;250m![38;2;253;253;253;48;2;246;246;246m:[38;2;129;129;129;48;2;188;188;188m~[38;2;97;97;97;48;2;51;51;51mL[38;2;16;16;16;48;2;3;3;3m,[48;2;0;0;0m                                                [0m
[7m[38;2;0;0;0m [0m[38;2;0;0;0;48;2;0;0;0m                                                 [48;2;3;3;3m:[38;2;77;77;77;48;2;46;46;46my[38;2;108;108;108;48;2;176;176;176m~[38;2;225;225;225;48;2;243;243;243m~[38;2;253;253;253;48;2;252;252;252m`            [38;2;252;252;252;48;2;251;251;251m:[38;2;250;250;250m![38;2;254;254;254;48;2;248;248;248m`[38;2;159;159;159;48;2;208;208;208m~[38;2;139;139;139;48;2;73;73;73m_[38;2;31;31;31;48;2;6;6;6m_[48;2;0;0;0m                                               [0m
[7m[38;2;0;0;0m [0m[38;2;0;0;0;48;2;0;0;0m                                                [38;2;1;1;1m^[38;2;56;56;56;48;2;38;38;38my[38;2;106;106;106;48;2;168;168;168m~[38;2;227;227;227;48;2;242;242;242m~[38;2;253;253;253;48;2;251;251;251m`[38;2;252;252;252m:[48;2;252;252;252m             [48;2;251;251;251m:[38;2;250;250;250m^[38;2;254;254;254;48;2;249;249;249m`[38;2;176;176;176;48;2;217;217;217m~[38;2;131;131;131;48;2;78;78;78mL[38;2;44;44;44;48;2;9;9;9m,[38;2;1;1;1;48;2;0;0;0m_                                             [0m
[7m[38;2;0;0;0m [0m[38;2;0;0;0;48;2;0;0;0m                                                [48;2;12;12;12m'[38;2;81;81;81;48;2;107;107;107m$[38;2;222;222;222;48;2;238;238;238m~[38;2;254;254;254;48;2;251;251;251m` [48;2;252;252;252m               [38;2;252;252;252;48;2;251;251;251m:[38;2;250;250;250m"[38;2;253;253;253;48;2;249;249;249m`[38;2;169;169;169;48;2;209;209;209m~[38;2;115;115;115;48;2;68;68;68mL[38;2;25;25;25;48;2;5;5;5m,[48;2;0;0;0m                                             [0m
[7m[38;2;0;0;0m [0m[38;2;0;0;0;48;2;0;0;0m                                               [38;2;1;1;1m~[38;2;65;65;65;48;2;44;44;44m4[38;2;139;139;139;48;2;180;180;180m~[38;2;254;254;254;48;2;246;246;246m:[48;2;250;250;250m [38;2;252;252;252;48;2;251;251;251m:[48;2;252;252;252m                [48;2;251;251;251m:[48;2;250;250;250m [38;2;253;253;253;48;2;246;246;246m:[38;2;121;121;121;48;2;164;164;164m`[38;2;72;72;72;48;2;41;41;41mL[38;2;1;1;1;48;2;0;0;0m.                                            [0m
[7m[38;2;0;0;0m [0m[38;2;0;0;0;48;2;0;0;0m                                               [38;2;1;1;1m+[38;2;61;61;61;48;2;38;38;38m4[38;2;114;114;114;48;2;168;168;168m_[38;2;254;254;254;48;2;244;244;244m`[48;2;250;250;250m [38;2;252;252;252;48;2;251;251;251m:[48;2;252;252;252m                [48;2;251;251;251m:[38;2;249;249;249;48;2;250;250;250m`[38;2;253;253;253;48;2;246;246;246m`[38;2;163;163;163;48;2;178;178;178m4[38;2;73;73;73;48;2;46;46;46mF[38;2;1;1;1;48;2;0;0;0m_                                            [0m
[7m[38;2;0;0;0m [0m[38;2;0;0;0;48;2;0;0;0m                                                [38;2;8;8;8;48;2;3;3;3m`[38;2;87;87;87;48;2;50;50;50m"[38;2;111;111;111;48;2;178;178;178m_[38;2;253;253;253;48;2;246;246;246m:[38;2;250;250;250;48;2;251;251;251ma[38;2;252;252;252m:[48;2;252;252;252m               [48;2;251;251;251m:[38;2;251;251;251;48;2;250;250;250m_[38;2;253;253;253;48;2;245;245;245m:[38;2;132;132;132;48;2;158;158;158my[38;2;61;61;61;48;2;34;34;34mF[38;2;1;1;1;48;2;0;0;0m.                                            [0m
[7m[38;2;0;0;0m [0m[38;2;0;0;0;48;2;0;0;0m                                                [38;2;1;1;1m"[38;2;17;17;17;48;2;11;11;11m4[38;2;97;97;97;48;2;79;79;79m"[38;2;130;130;130;48;2;179;179;179my[38;2;149;149;149;48;2;213;213;213m_[38;2;253;253;253;48;2;248;248;248m:[38;2;250;250;250;48;2;251;251;251my[38;2;252;252;252m:[48;2;252;252;252m      [38;2;253;253;253m=       [38;2;251;251;251m`[38;2;254;254;254;48;2;244;244;244m:[38;2;145;145;145;48;2;114;114;114mL[38;2;32;32;32;48;2;19;19;19mL[48;2;0;0;0m                                             [0m
[7m[38;2;0;0;0m [0m[38;2;0;0;0;48;2;0;0;0m                                                 [48;2;8;8;8m:[38;2;50;50;50;48;2;60;60;60m$[38;2;116;116;116;48;2;107;107;107mi[38;2;132;132;132;48;2;123;123;123m4[38;2;235;235;235;48;2;243;243;243mL[48;2;251;251;251m [38;2;252;252;252m:[48;2;252;252;252m              [48;2;251;251;251m`[38;2;254;254;254;48;2;244;244;244m:[38;2;132;132;132;48;2;118;118;118ml[38;2;33;33;33;48;2;19;19;19mL[48;2;0;0;0m                                             [0m
[7m[38;2;0;0;0m [0m[38;2;0;0;0;48;2;0;0;0m                                                 [48;2;2;2;2m:[38;2;69;69;69;48;2;50;50;50m4[38;2;177;177;177;48;2;151;151;151my[38;2;126;126;126;48;2;194;194;194m~[38;2;253;253;253;48;2;246;246;246m`[48;2;251;251;251m [38;2;252;252;252m:[48;2;252;252;252m            [38;2;253;253;253m.[38;2;246;246;246;48;2;251;251;251m_[38;2;252;252;252;48;2;250;250;250m:[38;2;253;253;253;48;2;232;232;232m`[38;2;128;128;128;48;2;89;89;89mF[38;2;22;22;22;48;2;8;8;8m~[48;2;0;0;0m                                             [0m
[7m[38;2;0;0;0m [0m[38;2;0;0;0;48;2;0;0;0m                                                 [38;2;1;1;1m:[38;2;0;0;0;48;2;29;29;29m:[38;2;102;102;102;48;2;137;137;137mi[38;2;237;237;237;48;2;244;244;244mL[38;2;252;252;252;48;2;250;250;250m_[48;2;251;251;251m:[48;2;252;252;252m         [48;2;251;251;251m: [48;2;249;249;249m [38;2;148;148;148;48;2;217;217;217m_[38;2;161;161;161;48;2;218;218;218m_[38;2;220;220;220;48;2;225;225;225m/[38;2;182;182;182;48;2;227;227;227m_[38;2;85;85;85;48;2;162;162;162m_[38;2;79;79;79;48;2;41;41;41m~[38;2;1;1;1;48;2;0;0;0m'                                             [0m
[7m[38;2;0;0;0m [0m[38;2;0;0;0;48;2;0;0;0m                                                 [38;2;1;1;1m.[38;2;0;0;0;48;2;29;29;29m:[38;2;100;100;100;48;2;141;141;141mF[38;2;238;238;238;48;2;244;244;244mL[38;2;252;252;252;48;2;250;250;250m~[48;2;251;251;251m:[48;2;252;252;252m         [48;2;251;251;251m`[38;2;253;253;253;48;2;252;252;252m=[48;2;240;240;240m`[38;2;127;127;127;48;2;105;105;105mF[38;2;55;55;55;48;2;102;102;102my[38;2;21;21;21;48;2;146;146;146m_[38;2;153;153;153;48;2;64;64;64m~[38;2;45;45;45;48;2;14;14;14m^[38;2;2;2;2;48;2;0;0;0m~                                              [0m
[7m[38;2;0;0;0m [0m[38;2;0;0;0;48;2;0;0;0m                                                 [38;2;1;1;1m`[38;2;64;64;64;48;2;43;43;43m4[38;2;171;171;171;48;2;179;179;179ml[38;2;243;243;243;48;2;247;247;247mL[38;2;249;249;249;48;2;250;250;250m:[38;2;252;252;252;48;2;251;251;251m:[48;2;252;252;252m         [48;2;251;251;251m:[48;2;250;250;250m [38;2;254;254;254;48;2;246;246;246m:[38;2;127;127;127;48;2;179;179;179m`[38;2;79;79;79;48;2;44;44;44mL[38;2;13;13;13;48;2;1;1;1m`[38;2;1;1;1;48;2;0;0;0m`                                                [0m
[7m[38;2;0;0;0m [0m[38;2;0;0;0;48;2;0;0;0m                                                  [38;2;65;65;65;48;2;45;45;45m4[38;2;170;170;170;48;2;186;186;186mF[38;2;243;243;243;48;2;247;247;247mL[48;2;250;250;250m [38;2;252;252;252;48;2;251;251;251m:[48;2;252;252;252m          [48;2;251;251;251m [38;2;254;254;254m:[38;2;216;216;216;48;2;221;221;221m4[38;2;91;91;91;48;2;69;69;69ml[38;2;2;2;2;48;2;1;1;1mL[48;2;0;0;0m                                                 [0m
[7m[38;2;0;0;0m [0m[38;2;0;0;0;48;2;0;0;0m                                                 [48;2;2;2;2m:[38;2;83;83;83;48;2;63;63;63m4[38;2;192;192;192;48;2;216;216;216m~[38;2;253;253;253;48;2;250;250;250m:[38;2;252;252;252;48;2;251;251;251m_:[48;2;252;252;252m          [48;2;251;251;251m [38;2;254;254;254m:[38;2;223;223;223;48;2;228;228;228m4[38;2;111;111;111;48;2;71;71;71mL[38;2;0;0;0;48;2;3;3;3m`[48;2;0;0;0m                                                 [0m
[7m[38;2;0;0;0m [0m[38;2;0;0;0;48;2;0;0;0m                                                 [38;2;35;35;35;48;2;23;23;23my[38;2;98;98;98;48;2;136;136;136mF[38;2;237;237;237;48;2;244;244;244mL[38;2;249;249;249;48;2;250;250;250mg[38;2;252;252;252;48;2;251;251;251m:[48;2;252;252;252m           [48;2;251;251;251m [38;2;254;254;254;48;2;252;252;252m`[38;2;246;246;246;48;2;234;234;234m:[38;2;117;117;117;48;2;78;78;78mL[38;2;6;6;6;48;2;4;4;4mL[48;2;0;0;0m                                                 [0m
[7m[38;2;0;0;0m [0m[38;2;0;0;0;48;2;0;0;0m                                                [38;2;1;1;1m`[38;2;74;74;74;48;2;53;53;53m4[38;2;169;169;169;48;2;199;199;199m~[38;2;254;254;254;48;2;248;248;248m:[48;2;250;250;250m [38;2;252;252;252;48;2;251;251;251m:[48;2;252;252;252m            [48;2;251;251;251m [38;2;254;254;254;48;2;242;242;242m:[38;2;131;131;131;48;2;93;93;93mL[38;2;15;15;15;48;2;9;9;9mr[38;2;1;1;1;48;2;0;0;0ma                                                [0m
[7m[38;2;0;0;0m [0m[38;2;0;0;0;48;2;0;0;0m                                                [48;2;7;7;7m:[38;2;71;71;71;48;2;101;101;101m$[38;2;228;228;228;48;2;238;238;238m~[38;2;254;254;254;48;2;252;252;252m`[48;2;251;251;251m [48;2;252;252;252m            [38;2;252;252;252;48;2;251;251;251m:[48;2;250;250;250m [38;2;254;254;254;48;2;242;242;242m:[38;2;144;144;144;48;2;111;111;111mL[38;2;33;33;33;48;2;18;18;18mL[48;2;0;0;0m                                                 [0m
[7m[38;2;0;0;0m [0m[38;2;0;0;0;48;2;0;0;0m                                               [38;2;1;1;1m:[38;2;29;29;29;48;2;21;21;21m4[38;2;106;106;106;48;2;128;128;128m$[38;2;237;237;237;48;2;244;244;244mL[48;2;250;250;250m [38;2;252;252;252;48;2;251;251;251m:[48;2;252;252;252m            [48;2;251;251;251m:[48;2;250;250;250m [38;2;254;254;254;48;2;244;244;244m:[38;2;165;165;165;48;2;137;137;137mL[38;2;52;52;52;48;2;30;30;30mL[48;2;1;1;1m [48;2;0;0;0m                                                [0m
[7m[38;2;0;0;0m [0m[38;2;0;0;0;48;2;0;0;0m                                               [38;2;2;2;2;48;2;1;1;1m+[38;2;52;52;52;48;2;36;36;36m4[38;2;136;136;136;48;2;161;161;161mF[38;2;241;241;241;48;2;245;245;245mL[38;2;249;249;249;48;2;250;250;250mI[38;2;252;252;252;48;2;251;251;251m:[48;2;252;252;252m            [48;2;251;251;251m:[48;2;250;250;250m [38;2;254;254;254;48;2;245;245;245m:[38;2;176;176;176;48;2;153;153;153mL[38;2;62;62;62;48;2;37;37;37mL[38;2;2;2;2;48;2;1;1;1m.[48;2;0;0;0m                                                [0m
[7m[38;2;0;0;0m [0m[38;2;0;0;0;48;2;0;0;0m                                               [38;2;1;1;1m`[38;2;74;74;74;48;2;51;51;51m4[38;2;180;180;180;48;2;197;197;197mF[38;2;254;254;254;48;2;248;248;248m:[48;2;250;250;250m [38;2;252;252;252;48;2;251;251;251m:[48;2;252;252;252m            [48;2;251;251;251m:[48;2;250;250;250m [38;2;254;254;254;48;2;246;246;246m:[38;2;174;174;174;48;2;167;167;167m$[38;2;70;70;70;48;2;42;42;42mL[38;2;2;2;2;48;2;1;1;1m"[48;2;0;0;0m                                                [0m
[7m[38;2;0;0;0m [0m[38;2;0;0;0;48;2;0;0;0m                                               [48;2;2;2;2m:[38;2;58;58;58;48;2;87;87;87m$[38;2;211;211;211;48;2;226;226;226m~[38;2;254;254;254;48;2;251;251;251m: [38;2;252;252;252m:[48;2;252;252;252m            [48;2;251;251;251m:[48;2;250;250;250m [38;2;254;254;254;48;2;247;247;247m:[38;2;176;176;176;48;2;187;187;187m4[38;2;80;80;80;48;2;47;47;47mL[48;2;0;0;0m                                                 [0m
[7m[38;2;0;0;0m [0m[38;2;0;0;0;48;2;0;0;0m                                              [38;2;1;1;1m,[48;2;13;13;13m:[38;2;67;67;67;48;2;110;110;110m[[38;2;237;237;237;48;2;243;243;243mL[38;2;251;251;251;48;2;252;252;252my              [38;2;252;252;252;48;2;251;251;251m:[48;2;250;250;250m [38;2;254;254;254;48;2;247;247;247m:[38;2;194;194;194;48;2;187;187;187m$[38;2;73;73;73;48;2;53;53;53ml[38;2;1;1;1;48;2;0;0;0m.                                                [0m
[7m[38;2;0;0;0m [0m[38;2;0;0;0;48;2;0;0;0m                                              [38;2;1;1;1m:[38;2;29;29;29;48;2;19;19;19m4[38;2;134;134;134;48;2;113;113;113m4[38;2;238;238;238;48;2;244;244;244mL[48;2;250;250;250m [38;2;252;252;252;48;2;251;251;251m:[48;2;252;252;252m             [48;2;251;251;251m:[48;2;250;250;250m [38;2;254;254;254;48;2;249;249;249m:[38;2;193;193;193;48;2;203;203;203m"[38;2;93;93;93;48;2;55;55;55mL[48;2;0;0;0m                                                 [0m
[?25h