[?25l[0m[7m[38;2;0;0;0m [0m[38;2;0;0;0;48;2;0;0;0m                                                                                                                       [0m
[7m[38;2;0;0;0m [0m[38;2;0;0;0;48;2;0;0;0m                                                                                                                       [0m
[7m[38;2;0;0;0m [0m[38;2;0;0;0;48;2;0;0;0m                                                                                                                       [0m
[7m[38;2;0;0;0m [0m[38;2;0;0;0;48;2;0;0;0m                                                                                                                       [0m
[7m[38;2;0;0;0m [0m[38;2;0;0;0;48;2;0;0;0m                                                     [48;2;10;10;10m`[38;2;102;102;102;48;2;27;27;27m_[38;2;111;111;111;48;2;26;26;26m_[38;2;79;79;79;48;2;14;14;14m_[38;2;39;39;39;48;2;2;2;2m_[48;2;0;0;0m [38;2;1;1;1m_                                                           [0m
[7m[38;2;0;0;0m [0m[38;2;0;0;0;48;2;0;0;0m                                                   [48;2;6;6;6m:[38;2;69;69;69;48;2;30;30;30m_[38;2;153;153;153;48;2;65;65;65m_[38;2;180;180;180;48;2;151;151;151m_[38;2;184;184;184;48;2;228;228;228m~[38;2;156;156;156;48;2;220;220;220m~[38;2;101;101;101;48;2;192;192;192m~[38;2;191;191;191;48;2;105;105;105my[38;2;185;185;185;48;2;54;54;54m_[38;2;149;149;149;48;2;26;26;26m_[38;2;115;115;115;48;2;15;15;15m_[38;2;60;60;60;48;2;7;7;7m_[38;2;0;0;0;48;2;2;2;2m`[48;2;0;0;0m                                                       [0m
[7m[38;2;0;0;0m [0m[38;2;0;0;0;48;2;0;0;0m                                                   [48;2;9;9;9m'[38;2;47;47;47;48;2;83;83;83mF[38;2;199;199;199;48;2;187;187;187m4[38;2;205;205;205;48;2;237;237;237m~[38;2;251;251;251;48;2;249;249;249m`[38;2;252;252;252;48;2;251;251;251m.[48;2;252;252;252m [38;2;247;247;247;48;2;250;250;250m`[38;2;225;225;225;48;2;245;245;245m"[38;2;196;196;196;48;2;237;237;237m~[38;2;163;163;163;48;2;228;228;228m~[38;2;113;113;113;48;2;212;212;212m~[38;2;60;60;60;48;2;172;172;172m~[38;2;206;206;206;48;2;80;80;80m_[38;2;80;80;80;48;2;20;20;20m_[38;2;0;0;0;48;2;1;1;1m`[48;2;0;0;0m                                                    [0m
[7m[38;2;0;0;0m [0m[38;2;0;0;0;48;2;0;0;0m                                                   [38;2;49;49;49;48;2;33;33;33m4[38;2;163;163;163;48;2;142;142;142m4[38;2;220;220;220;48;2;240;240;240m~[38;2;252;252;252;48;2;250;250;250m`[48;2;251;251;251m:[48;2;252;252;252m   [48;2;251;251;251m:..:[48;2;250;250;250m.[38;2;225;225;225;48;2;244;244;244m`[38;2;156;156;156;48;2;212;212;212m~[38;2;171;171;171;48;2;98;98;98my[38;2;91;91;91;48;2;26;26;26m_[38;2;15;15;15;48;2;2;2;2m,[48;2;0;0;0m                                                  [0m
[7m[38;2;0;0;0m [0m[38;2;0;0;0;48;2;0;0;0m                                                  [38;2;51;51;51;48;2;25;25;25m_[38;2;150;150;150;48;2;100;100;100my[38;2;152;152;152;48;2;211;211;211m~[48;2;248;248;248m [38;2;252;252;252;48;2;251;251;251m:[48;2;252;252;252m         [48;2;251;251;251m:.[48;2;246;246;246m:[38;2;136;136;136;48;2;199;199;199m~[38;2;120;120;120;48;2;66;66;66mL[38;2;45;45;45;48;2;9;9;9m,[38;2;1;1;1;48;2;0;0;0m_                                                [0m
[7m[38;2;0;0;0m [0m[38;2;0;0;0;48;2;0;0;0m                                                 [48;2;6;6;6m:[38;2;94;94;94;48;2;72;72;72m4[38;2;191;191;191;48;2;207;207;207m"[38;2;254;254;254;48;2;249;249;249m:[38;2;252;252;252;48;2;251;251;251m`[48;2;252;252;252m           [48;2;251;251;251m:[38;2;250;250;250m`[38;2;254;254;254;48;2;249;249;249m`[38;2;187;187;187;48;2;227;227;227m"[38;2;70;70;70;48;2;130;130;130m~[38;2;65;65;65;48;2;24;24;24m_[38;2;3;3;3;48;2;0;0;0m,                                               [0m
[7m[38;2;0;0;0m [0m[38;2;0;0;0;48;2;0;0;0m                                                 [48;2;5;5;5m:[38;2;88;88;88;48;2;63;63;63m4[38;2;127;127;127;48;2;190;190;190m_[38;2;190;190;190;48;2;228;228;228m_[38;2;191;191;191;48;2;230;230;230m_[38;2;219;219;219;48;2;242;242;242m_[38;2;252;252;252;48;2;250;250;250m`[48;2;252;252;252m           [48;2;251;251;251m [38;2;254;254;254;48;2;250;250;250m`[38;2;225;225;225;48;2;240;240;240m`[38;2;101;101;101;48;2;153;153;153m~[38;2;103;103;103;48;2;37;37;37m,[38;2;2;2;2;48;2;0;0;0m.                                              [0m
[7m[38;2;0;0;0m [0m[38;2;0;0;0;48;2;0;0;0m                                                  [38;2;24;24;24;48;2;6;6;6m"[38;2;91;91;91;48;2;32;32;32m~[38;2;31;31;31;48;2;94;94;94my[38;2;68;68;68;48;2;119;119;119my[38;2;160;160;160;48;2;185;185;185mL[38;2;243;243;243;48;2;246;246;246mr[38;2;252;252;252;48;2;251;251;251m`[48;2;252;252;252m           [48;2;251;251;251m [38;2;253;253;253m`[38;2;231;231;231;48;2;244;244;244m`[38;2;124;124;124;48;2;183;183;183m~[38;2;144;144;144;48;2;60;60;60m_[38;2;37;37;37;48;2;6;6;6m_[48;2;0;0;0m                                             [0m
[7m[38;2;0;0;0m [0m[38;2;0;0;0;48;2;0;0;0m                                                    [48;2;1;1;1m:[38;2;35;35;35;48;2;23;23;23m"[38;2;139;139;139;48;2;85;85;85m~[38;2;65;65;65;48;2;181;181;181m_[38;2;162;162;162;48;2;233;233;233m_[38;2;252;252;252;48;2;250;250;250m`[48;2;252;252;252m            [48;2;251;251;251m [38;2;251;251;251;48;2;249;249;249m:[38;2;185;185;185;48;2;225;225;225m~[38;2;67;67;67;48;2;130;130;130m~[38;2;97;97;97;48;2;28;28;28m,[38;2;2;2;2;48;2;0;0;0m.                                           [0m
[7m[38;2;0;0;0m [0m[38;2;0;0;0;48;2;0;0;0m                                                     [38;2;12;12;12;48;2;4;4;4m"[38;2;11;11;11;48;2;21;21;21mp[38;2;88;88;88;48;2;63;63;63m_[38;2;145;145;145;48;2;176;176;176mF[38;2;250;250;250;48;2;242;242;242m`[48;2;251;251;251m [48;2;252;252;252m            [48;2;251;251;251m [38;2;253;253;253m`[38;2;221;221;221;48;2;242;242;242m`[38;2;121;121;121;48;2;174;174;174m~[38;2;124;124;124;48;2;55;55;55m_[38;2;28;28;28;48;2;4;4;4m_[48;2;0;0;0m                                          [0m
[7m[38;2;0;0;0m [0m[38;2;0;0;0;48;2;0;0;0m                                                     [48;2;2;2;2m:[38;2;52;52;52;48;2;38;38;38mu[38;2;111;111;111;48;2;141;141;141mF[38;2;210;210;210;48;2;226;226;226m~[38;2;252;252;252;48;2;249;249;249m`[48;2;251;251;251m.[48;2;252;252;252m              [48;2;251;251;251m.[38;2;253;253;253;48;2;248;248;248m:[38;2;162;162;162;48;2;200;200;200m~[38;2;124;124;124;48;2;75;75;75mL[38;2;33;33;33;48;2;9;9;9m_[48;2;0;0;0m                                         [0m
[7m[38;2;0;0;0m [0m[38;2;0;0;0;48;2;0;0;0m                                                     [48;2;15;15;15m:[38;2;104;104;104;48;2;86;86;86my[38;2;174;174;174;48;2;201;201;201m~[38;2;248;248;248;48;2;244;244;244m:[38;2;250;250;250;48;2;251;251;251m"[38;2;252;252;252m:[48;2;252;252;252m               [48;2;251;251;251m [38;2;253;253;253;48;2;248;248;248m:[38;2;161;161;161;48;2;199;199;199m"[38;2;115;115;115;48;2;75;75;75mL[38;2;30;30;30;48;2;7;7;7m_[48;2;0;0;0m                                        [0m
[7m[38;2;0;0;0m [0m[38;2;0;0;0;48;2;0;0;0m                                                     [38;2;39;39;39;48;2;26;26;26m4[38;2;112;112;112;48;2;134;134;134mF[38;2;222;222;222;48;2;230;230;230m~[38;2;248;248;248;48;2;250;250;250m~[38;2;252;252;252;48;2;251;251;251m:[48;2;252;252;252m                [48;2;251;251;251m [48;2;250;250;250m [38;2;251;251;251;48;2;244;244;244m:[38;2;179;179;179;48;2;166;166;166ml[38;2;81;81;81;48;2;51;51;51mL[38;2;0;0;0;48;2;2;2;2m`[48;2;0;0;0m                                       [0m
[7m[38;2;0;0;0m [0m[38;2;0;0;0;48;2;0;0;0m                                                     [38;2;39;39;39;48;2;25;25;25m4[38;2;144;144;144;48;2;124;124;124m4[38;2;228;228;228;48;2;235;235;235mL[38;2;252;252;252;48;2;251;251;251m: [48;2;252;252;252m                 [48;2;251;251;251m [38;2;253;253;253;48;2;244;244;244m.[38;2;193;193;193;48;2;173;173;173mL[38;2;86;86;86;48;2;61;61;61mL[38;2;7;7;7;48;2;4;4;4m,[48;2;0;0;0m                                       [0m
[7m[38;2;0;0;0m [0m[38;2;0;0;0;48;2;0;0;0m                                                     [48;2;5;5;5m:[38;2;92;92;92;48;2;59;59;59m"[38;2;121;121;121;48;2;186;186;186m_[38;2;253;253;253;48;2;244;244;244m`[38;2;252;252;252;48;2;251;251;251m` :[48;2;252;252;252m    [38;2;253;253;253m~~  [38;2;252;252;252;48;2;251;251;251m:[48;2;252;252;252m      [48;2;251;251;251m [38;2;253;253;253;48;2;249;249;249m`[38;2;206;206;206;48;2;211;211;211m4[38;2;121;121;121;48;2;98;98;98m[[38;2;30;30;30;48;2;16;16;16mL[48;2;0;0;0m                                       [0m
[7m[38;2;0;0;0m [0m[38;2;0;0;0;48;2;0;0;0m                                                      [48;2;8;8;8m:[38;2;98;98;98;48;2;67;67;67m"[38;2;131;131;131;48;2;187;187;187m_[38;2;202;202;202;48;2;238;238;238m_[38;2;244;244;244;48;2;249;249;249m,[38;2;252;252;252;48;2;251;251;251m`[48;2;252;252;252m       [38;2;253;253;253;48;2;251;251;251m.[38;2;244;244;244;48;2;247;247;247ma[38;2;234;234;234;48;2;243;243;243my[38;2;237;237;237;48;2;247;247;247m_[38;2;252;252;252;48;2;251;251;251m:[38;2;253;253;253;48;2;252;252;252m,  [38;2;252;252;252;48;2;251;251;251m.[38;2;250;250;250;48;2;240;240;240m`[38;2;166;166;166;48;2;187;187;187my[38;2;103;103;103;48;2;75;75;75mF[38;2;21;21;21;48;2;11;11;11m^[48;2;0;0;0m                                       [0m
[7m[38;2;0;0;0m [0m[38;2;0;0;0;48;2;0;0;0m                                                       [38;2;4;4;4;48;2;26;26;26m:[38;2;107;107;107;48;2;90;90;90m~[38;2;163;163;163;48;2;137;137;137m~[38;2;180;180;180;48;2;203;203;203my[38;2;239;239;239;48;2;246;246;246m,[48;2;252;252;252m       [38;2;253;253;253m`[48;2;251;251;251m:[38;2;244;244;244;48;2;239;239;239my[38;2;238;238;238;48;2;232;232;232m_[38;2;242;242;242;48;2;246;246;246mL[38;2;250;250;250;48;2;251;251;251m,[38;2;249;249;249m_[38;2;247;247;247m_[38;2;253;253;253;48;2;249;249;249m`[38;2;187;187;187;48;2;212;212;212m_[38;2;142;142;142;48;2;111;111;111mF[38;2;57;57;57;48;2;32;32;32m~[38;2;4;4;4;48;2;1;1;1m~[48;2;0;0;0m                                       [0m
[7m[38;2;0;0;0m [0m[38;2;0;0;0;48;2;0;0;0m                                                       [48;2;11;11;11m:[38;2;54;54;54;48;2;71;71;71ml[38;2;153;153;153;48;2;135;135;135my[38;2;201;201;201;48;2;174;174;174m_[38;2;224;224;224;48;2;233;233;233mL[38;2;250;250;250;48;2;251;251;251mr[48;2;252;252;252m        [38;2;252;252;252;48;2;251;251;251m:[38;2;244;244;244;48;2;250;250;250m~[38;2;246;246;246m~[38;2;251;251;251m`[38;2;231;231;231;48;2;242;242;242m_[38;2;208;208;208;48;2;225;225;225m_[38;2;183;183;183;48;2;208;208;208my[38;2;178;178;178;48;2;143;143;143m~[38;2;78;78;78;48;2;55;55;55mF[38;2;8;8;8;48;2;5;5;5mF[48;2;0;0;0m                                        [0m
[7m[38;2;0;0;0m [0m[38;2;0;0;0;48;2;0;0;0m                                                       [48;2;1;1;1m:[38;2;3;3;3;48;2;35;35;35m:[38;2;100;100;100;48;2;138;138;138m_[38;2;219;219;219;48;2;225;225;225m~[38;2;239;239;239;48;2;247;247;247m~[38;2;252;252;252;48;2;251;251;251m`[48;2;252;252;252m         [48;2;251;251;251m:[38;2;253;253;253;48;2;252;252;252m:[38;2;251;251;251;48;2;241;241;241m'[38;2;183;183;183;48;2;202;202;202my[38;2;129;129;129;48;2;163;163;163my[38;2;84;84;84;48;2;120;120;120my[38;2;93;93;93;48;2;51;51;51m~[38;2;27;27;27;48;2;11;11;11m^[38;2;2;2;2;48;2;0;0;0m`                                        [0m
[7m[38;2;0;0;0m [0m[38;2;0;0;0;48;2;0;0;0m                                                       [38;2;1;1;1m_[38;2;20;20;20;48;2;13;13;13m4[38;2;102;102;102;48;2;87;87;87m4[38;2;191;191;191;48;2;202;202;202mF[38;2;244;244;244;48;2;248;248;248mL[48;2;251;251;251m [48;2;252;252;252m          [38;2;251;251;251m:[38;2;253;253;253;48;2;249;249;249m:[38;2;198;198;198;48;2;226;226;226m~[38;2;170;170;170;48;2;134;134;134mL[38;2;87;87;87;48;2;55;55;55m,[38;2;16;16;16;48;2;9;9;9m^[38;2;1;1;1;48;2;0;0;0m'                                         [0m
[7m[38;2;0;0;0m [0m[38;2;0;0;0;48;2;0;0;0m                                                       [38;2;1;1;1m~[38;2;14;14;14;48;2;9;9;9m4[38;2;93;93;93;48;2;76;76;76m4[38;2;181;181;181;48;2;196;196;196mL[38;2;243;243;243;48;2;247;247;247mL[38;2;252;252;252;48;2;251;251;251m.[48;2;252;252;252m           [48;2;251;251;251m [38;2;253;253;253;48;2;249;249;249m:[38;2;189;189;189;48;2;206;206;206m"[38;2;128;128;128;48;2;94;94;94mL[38;2;33;33;33;48;2;17;17;17mL[48;2;0;0;0m                                          [0m
[7m[38;2;0;0;0m [0m[38;2;0;0;0;48;2;0;0;0m                                                       [38;2;1;1;1m"[38;2;0;0;0;48;2;4;4;4m:[38;2;68;68;68;48;2;54;54;54m4[38;2;151;151;151;48;2;171;171;171mL[38;2;237;237;237;48;2;241;241;241mr[38;2;253;253;253;48;2;252;252;252m.           [48;2;251;251;251m [38;2;254;254;254m`[38;2;236;236;236;48;2;228;228;228m:[38;2;162;162;162;48;2;137;137;137mL[38;2;65;65;65;48;2;42;42;42mL[38;2;6;6;6;48;2;2;2;2m,[48;2;0;0;0m                                         [0m
[7m[38;2;0;0;0m [0m[38;2;0;0;0;48;2;0;0;0m                                                        [48;2;4;4;4m:[38;2;60;60;60;48;2;48;48;48m4[38;2;159;159;159;48;2;148;148;148m4[38;2;224;224;224;48;2;232;232;232mL[38;2;250;250;250;48;2;252;252;252mL[38;2;252;252;252;48;2;251;251;251m`[48;2;252;252;252m           [38;2;253;253;253;48;2;251;251;251m`[38;2;250;250;250;48;2;244;244;244m:[38;2;170;170;170;48;2;183;183;183m4[38;2;107;107;107;48;2;77;77;77mL[38;2;34;34;34;48;2;14;14;14m,[48;2;0;0;0m                                         [0m
[7m[38;2;0;0;0m [0m[38;2;0;0;0;48;2;0;0;0m                                                        [48;2;5;5;5m:[38;2;64;64;64;48;2;52;52;52m4[38;2;159;159;159;48;2;147;147;147m4[38;2;224;224;224;48;2;231;231;231mL[38;2;253;253;253;48;2;251;251;251m: [48;2;252;252;252m           [48;2;251;251;251m [38;2;254;254;254;48;2;250;250;250m:[38;2;203;203;203;48;2;212;212;212m4[38;2;139;139;139;48;2;113;113;113mL[38;2;47;47;47;48;2;28;28;28mL[38;2;1;1;1;48;2;0;0;0m.                                        [0m
[7m[38;2;0;0;0m [0m[38;2;0;0;0;48;2;0;0;0m                                                        [48;2;5;5;5m:[38;2;64;64;64;48;2;52;52;52m4[38;2;159;159;159;48;2;147;147;147m4[38;2;224;224;224;48;2;231;231;231mL[38;2;253;253;253;48;2;251;251;251m: [48;2;252;252;252m           [48;2;251;251;251m [38;2;254;254;254m`[38;2;239;239;239;48;2;227;227;227m.[38;2;168;168;168;48;2;144;144;144mL[38;2;75;75;75;48;2;51;51;51mL[38;2;12;12;12;48;2;4;4;4m,[48;2;0;0;0m                                        [0m
[7m[38;2;0;0;0m [0m[38;2;0;0;0;48;2;0;0;0m                                                        [48;2;4;4;4m:[38;2;61;61;61;48;2;48;48;48m4[38;2;157;157;157;48;2;144;144;144m4[38;2;223;223;223;48;2;231;231;231mL[38;2;253;253;253;48;2;251;251;251m: [48;2;252;252;252m           [48;2;251;251;251m `[38;2;247;247;247;48;2;239;239;239m.[38;2;190;190;190;48;2;172;172;172mL[38;2;102;102;102;48;2;81;81;81mL[38;2;27;27;27;48;2;15;15;15mL[48;2;0;0;0m                                        [0m
[7m[38;2;0;0;0m [0m[38;2;0;0;0;48;2;0;0;0m                                                        [48;2;2;2;2m:[38;2;50;50;50;48;2;38;38;38m4[38;2;146;146;146;48;2;132;132;132m4[38;2;213;213;213;48;2;225;225;225mL[38;2;253;253;253;48;2;250;250;250m`[48;2;251;251;251m [48;2;252;252;252m             [38;2;252;252;252;48;2;248;248;248m:[38;2;196;196;196;48;2;204;204;204m4[38;2;129;129;129;48;2;106;106;106mL[38;2;44;44;44;48;2;27;27;27mL[38;2;0;0;0;48;2;1;1;1m`[48;2;0;0;0m                                       [0m
[7m[38;2;0;0;0m [0m[38;2;0;0;0;48;2;0;0;0m                                                        [48;2;2;2;2m:[38;2;45;45;45;48;2;34;34;34m4[38;2;134;134;134;48;2;122;122;122m4[38;2;197;197;197;48;2;208;208;208mL[38;2;244;244;244;48;2;248;248;248mL[38;2;251;251;251;48;2;252;252;252m`            [48;2;251;251;251m [38;2;254;254;254;48;2;250;250;250m:[38;2;213;213;213;48;2;220;220;220m4[38;2;154;154;154;48;2;132;132;132mL[38;2;65;65;65;48;2;46;46;46mL[38;2;6;6;6;48;2;4;4;4mr[48;2;0;0;0m                                       [0m
[7m[38;2;0;0;0m [0m[38;2;0;0;0;48;2;0;0;0m                                                        [48;2;1;1;1m:[38;2;34;34;34;48;2;26;26;26m4[38;2;112;112;112;48;2;103;103;103m4[38;2;182;182;182;48;2;195;195;195mL[38;2;241;241;241;48;2;245;245;245mL[48;2;252;252;252m             [48;2;251;251;251m [38;2;254;254;254;48;2;252;252;252m:[38;2;236;236;236;48;2;230;230;230m:[38;2;167;167;167;48;2;154;154;154m[[38;2;86;86;86;48;2;65;65;65mL[38;2;22;22;22;48;2;10;10;10m,[48;2;0;0;0m                                       [0m
[7m[38;2;0;0;0m [0m[38;2;0;0;0;48;2;0;0;0m                                                         [38;2;32;32;32;48;2;22;22;22m4[38;2;108;108;108;48;2;94;94;94m4[38;2;173;173;173;48;2;189;189;189mL[38;2;233;233;233;48;2;241;241;241m,[38;2;252;252;252;48;2;251;251;251m`[38;2;251;251;251;48;2;252;252;252m_           [38;2;252;252;252;48;2;251;251;251m.[38;2;254;254;254;48;2;252;252;252m`[38;2;242;242;242;48;2;236;236;236m:[38;2;179;179;179;48;2;172;172;172m$[38;2;103;103;103;48;2;90;90;90m[[38;2;35;35;35;48;2;21;21;21mL[38;2;1;1;1;48;2;0;0;0m,                                      [0m
[7m[38;2;0;0;0m [0m[38;2;0;0;0;48;2;0;0;0m                                                         [38;2;1;1;1;48;2;14;14;14m:[38;2;68;68;68;48;2;82;82;82m$[38;2;152;152;152;48;2;168;168;168mL[38;2;224;224;224;48;2;231;231;231mL[38;2;251;251;251;48;2;249;249;249m.[38;2;250;250;250;48;2;251;251;251m.[38;2;252;252;252m:[48;2;252;252;252m           [38;2;253;253;253;48;2;251;251;251m`[48;2;245;245;245m.[38;2;191;191;191;48;2;200;200;200m4[38;2;137;137;137;48;2;115;115;115mL[38;2;57;57;57;48;2;38;38;38mL[38;2;6;6;6;48;2;3;3;3m,[48;2;0;0;0m                                      [0m
[7m[38;2;0;0;0m [0m[38;2;0;0;0;48;2;0;0;0m                                                         [48;2;6;6;6m:[38;2;66;66;66;48;2;53;53;53m4[38;2;126;126;126;48;2;146;146;146mL[38;2;199;199;199;48;2;216;216;216m_[38;2;243;243;243;48;2;246;246;246m,[38;2;250;250;250;48;2;251;251;251m`[38;2;252;252;252m:[48;2;252;252;252m           [48;2;251;251;251m:[38;2;253;253;253;48;2;250;250;250m:[38;2;214;214;214;48;2;221;221;221m4[38;2;165;165;165;48;2;145;145;145mL[38;2;83;83;83;48;2;63;63;63mL[38;2;16;16;16;48;2;10;10;10mr[48;2;0;0;0m                                      [0m
[?25h