[?25l[0m[7m[38;2;252;252;252m [0m[38;2;0;0;0;48;2;252;252;252m                                                                  [48;2;251;251;251m [38;2;252;252;252m_[38;2;254;254;254;48;2;244;244;244m:[38;2;119;119;119;48;2;166;166;166my[38;2;71;71;71;48;2;37;37;37m~[48;2;0;0;0m      [38;2;0;0;0;48;2;9;9;9m:[38;2;115;115;115;48;2;60;60;60my[38;2;122;122;122;48;2;200;200;200m~[38;2;230;230;230;48;2;246;246;246m~[38;2;253;253;253;48;2;252;252;252mF`                                    [0m
[7m[38;2;252;252;252m [0m[38;2;0;0;0;48;2;252;252;252m                              [38;2;252;252;252;48;2;251;251;251m:[48;2;252;252;252m                                  [38;2;251;251;251m_[38;2;252;252;252;48;2;251;251;251m.[38;2;253;253;253;48;2;241;241;241m`[38;2;115;115;115;48;2;168;168;168my[38;2;91;91;91;48;2;42;42;42m'[38;2;4;4;4;48;2;1;1;1m'[48;2;0;0;0m     [38;2;0;0;0;48;2;3;3;3m:[38;2;9;9;9;48;2;58;58;58m`[38;2;178;178;178;48;2;197;197;197mF[38;2;239;239;239;48;2;246;246;246m~[48;2;251;251;251m [38;2;252;252;252m:[48;2;252;252;252m                                     [0m
[7m[38;2;252;252;252m [0m[38;2;0;0;0;48;2;252;252;252m                                                                [38;2;252;252;252;48;2;251;251;251m`[38;2;253;253;253;48;2;248;248;248m:[38;2;152;152;152;48;2;225;225;225m_[38;2;79;79;79;48;2;146;146;146my[38;2;82;82;82;48;2;33;33;33m'[38;2;0;0;0;48;2;1;1;1m:[48;2;0;0;0m      [48;2;27;27;27m`[38;2;173;173;173;48;2;131;131;131my[38;2;217;217;217;48;2;235;235;235m~[38;2;250;250;250;48;2;251;251;251m~[38;2;252;252;252m:[48;2;252;252;252m                                      [0m
[7m[38;2;252;252;252m [0m[38;2;0;0;0;48;2;252;252;252m                                                             [38;2;251;251;251m_[38;2;252;252;252;48;2;251;251;251m:[38;2;224;224;224;48;2;247;247;247m_[38;2;141;141;141;48;2;218;218;218m_[38;2;70;70;70;48;2;148;148;148my[38;2;118;118;118;48;2;37;37;37m~[38;2;31;31;31;48;2;4;4;4m~[38;2;2;2;2;48;2;0;0;0m`      [38;2;0;0;0;48;2;13;13;13m`[38;2;73;73;73;48;2;100;100;100mF[38;2;206;206;206;48;2;214;214;214mL[38;2;245;245;245;48;2;247;247;247m~[48;2;251;251;251m [38;2;252;252;252m:[48;2;252;252;252m                                      [0m
[7m[38;2;252;252;252m [0m[38;2;0;0;0;48;2;252;252;252m                                                            [38;2;252;252;252;48;2;251;251;251m:_[38;2;254;254;254;48;2;246;246;246m:[38;2;157;157;157;48;2;190;190;190m_[38;2;92;92;92;48;2;66;66;66mF[38;2;21;21;21;48;2;7;7;7m~[38;2;2;2;2;48;2;0;0;0m~        [38;2;6;6;6;48;2;25;25;25m`[38;2;125;125;125;48;2;112;112;112m4[38;2;209;209;209;48;2;220;220;220mF[38;2;246;246;246;48;2;248;248;248m~[48;2;251;251;251m [48;2;252;252;252m                                       [0m
[7m[38;2;252;252;252m [0m[38;2;0;0;0;48;2;252;252;252m                                                            [48;2;251;251;251m [38;2;253;253;253;48;2;250;250;250m:[38;2;210;210;210;48;2;223;223;223m4[38;2;180;180;180;48;2;118;118;118m_[38;2;129;129;129;48;2;37;37;37m_[38;2;86;86;86;48;2;12;12;12m_[38;2;52;52;52;48;2;6;6;6m_[38;2;18;18;18;48;2;1;1;1m_[38;2;3;3;3;48;2;0;0;0m,      [38;2;9;9;9;48;2;24;24;24m:[38;2;124;124;124;48;2;112;112;112m4[38;2;210;210;210;48;2;222;222;222mL[38;2;247;247;247;48;2;248;248;248mL[48;2;251;251;251m [48;2;252;252;252m                                       [0m
[7m[38;2;252;252;252m [0m[38;2;0;0;0;48;2;252;252;252m                                                             [38;2;252;252;252;48;2;251;251;251m:[38;2;245;245;245;48;2;250;250;250m`[38;2;218;218;218;48;2;242;242;242m"[38;2;177;177;177;48;2;232;232;232m~[38;2;136;136;136;48;2;222;222;222m~[38;2;106;106;106;48;2;213;213;213m~[38;2;73;73;73;48;2;174;174;174m~[38;2;108;108;108;48;2;77;77;77ms[38;2;55;55;55;48;2;31;31;31my[38;2;121;121;121;48;2;37;37;37m_[38;2;162;162;162;48;2;47;47;47m_[38;2;137;137;137;48;2;37;37;37m_[38;2;85;85;85;48;2;17;17;17m_[38;2;50;50;50;48;2;5;5;5m_[38;2;61;61;61;48;2;24;24;24m_[38;2;130;130;130;48;2;109;109;109m_[38;2;205;205;205;48;2;216;216;216mF[38;2;245;245;245;48;2;248;248;248mF[48;2;251;251;251m [48;2;252;252;252m                                       [0m
[7m[38;2;252;252;252m [0m[38;2;0;0;0;48;2;252;252;252m                                                               [38;2;252;252;252;48;2;251;251;251m: [38;2;253;253;253m:[48;2;238;238;238m`[38;2;189;189;189;48;2;151;151;151m~[38;2;99;99;99;48;2;89;89;89m~[38;2;69;69;69;48;2;101;101;101m`[38;2;146;146;146;48;2;180;180;180m~[38;2;206;206;206;48;2;237;237;237m~[38;2;186;186;186;48;2;241;241;241m`[38;2;179;179;179;48;2;232;232;232m~[38;2;139;139;139;48;2;214;214;214m~[38;2;146;146;146;48;2;218;218;218m~[38;2;185;185;185;48;2;234;234;234m~[38;2;233;233;233;48;2;248;248;248m~[38;2;249;249;249;48;2;251;251;251m~[48;2;252;252;252m                                        [0m
[7m[38;2;252;252;252m [0m[38;2;0;0;0;48;2;252;252;252m                                                                [38;2;252;252;252;48;2;251;251;251m.[38;2;254;254;254;48;2;247;247;247m`[38;2;179;179;179;48;2;209;209;209m=[38;2;199;199;199;48;2;127;127;127m_[38;2;185;185;185;48;2;109;109;109m_[38;2;213;213;213;48;2;143;143;143m_[38;2;199;199;199;48;2;216;216;216mF[38;2;244;244;244;48;2;248;248;248mL[38;2;252;252;252;48;2;251;251;251m:   :[48;2;252;252;252m                                          [0m
[7m[38;2;252;252;252m [0m[38;2;0;0;0;48;2;252;252;252m                                                      [38;2;252;252;252;48;2;251;251;251m:[48;2;252;252;252m          [48;2;251;251;251m:[38;2;242;242;242;48;2;250;250;250m"[38;2;217;217;217;48;2;246;246;246m`[38;2;208;208;208;48;2;245;245;245m`[38;2;233;233;233;48;2;248;248;248m"[38;2;247;247;247;48;2;251;251;251m~ [48;2;252;252;252m                                               [0m
[7m[38;2;252;252;252m [0m[38;2;0;0;0;48;2;252;252;252m                                                                                                                       [0m
[7m[38;2;252;252;252m [0m[38;2;0;0;0;48;2;252;252;252m                                                                                                                       [0m
[7m[38;2;252;252;252m [0m[38;2;0;0;0;48;2;252;252;252m                                                                                                                       [0m
[7m[38;2;252;252;252m [0m[38;2;0;0;0;48;2;252;252;252m                                                                                                                       [0m
[7m[38;2;252;252;252m [0m[38;2;0;0;0;48;2;252;252;252m                                                                                                                       [0m
[7m[38;2;252;252;252m [0m[38;2;0;0;0;48;2;252;252;252m                                                                                                                       [0m
[7m[38;2;252;252;252m [0m[38;2;0;0;0;48;2;252;252;252m                                                                                                                       [0m
[7m[38;2;252;252;252m [0m[38;2;0;0;0;48;2;252;252;252m                                                                                                                       [0m
[7m[38;2;252;252;252m [0m[38;2;0;0;0;48;2;252;252;252m                                                                                                                       [0m
[7m[38;2;252;252;252m [0m[38;2;0;0;0;48;2;252;252;252m                                                                                                                       [0m
[7m[38;2;252;252;252m [0m[38;2;0;0;0;48;2;252;252;252m                                                                                                                       [0m
[7m[38;2;252;252;252m [0m[38;2;0;0;0;48;2;252;252;252m                                                                                                                       [0m
[7m[38;2;252;252;252m [0m[38;2;0;0;0;48;2;252;252;252m                                                                                                                       [0m
[7m[38;2;252;252;252m [0m[38;2;0;0;0;48;2;252;252;252m                                                                                                                       [0m
[7m[38;2;252;252;252m [0m[38;2;0;0;0;48;2;252;252;252m                                                                                                                       [0m
[7m[38;2;252;252;252m [0m[38;2;0;0;0;48;2;252;252;252m                                                                                                                       [0m
[7m[38;2;252;252;252m [0m[38;2;0;0;0;48;2;252;252;252m                                                                                                                       [0m
[7m[38;2;252;252;252m [0m[38;2;0;0;0;48;2;252;252;252m                                                                                                                       [0m
[7m[38;2;252;252;252m [0m[38;2;0;0;0;48;2;252;252;252m                                                                                                                       [0m
[7m[38;2;252;252;252m [0m[38;2;0;0;0;48;2;252;252;252m                                                                                                                       [0m
[7m[38;2;252;252;252m [0m[38;2;0;0;0;48;2;252;252;252m                                                                                                                       [0m
[7m[38;2;252;252;252m [0m[38;2;0;0;0;48;2;252;252;252m                                                                                                                       [0m
[7m[38;2;252;252;252m [0m[38;2;0;0;0;48;2;252;252;252m                                                                                                                       [0m
[7m[38;2;252;252;252m [0m[38;2;0;0;0;48;2;252;252;252m                                                                                                                       [0m
[7m[38;2;252;252;252m [0m[38;2;0;0;0;48;2;252;252;252m                                                                                                                       [0m
[7m[38;2;252;252;252m [0m[38;2;0;0;0;48;2;252;252;252m                                                                                                                       [0m
[?25h