[?25l[0m[7m[38;2;0;0;0m [0m[38;2;0;0;0;48;2;0;0;0m                                                         [38;2;66;66;66;48;2;46;46;46m4[38;2;178;178;178;48;2;194;194;194mF[38;2;243;243;243;48;2;247;247;247mL[48;2;251;251;251m [38;2;252;252;252m:[48;2;252;252;252m                                                         [0m
[7m[38;2;0;0;0m [0m[38;2;0;0;0;48;2;0;0;0m                                                        [48;2;1;1;1m:[38;2;77;77;77;48;2;54;54;54m4[38;2;197;197;197;48;2;208;208;208mL[38;2;246;246;246;48;2;249;249;249mL[48;2;251;251;251m [38;2;252;252;252m:[48;2;252;252;252m                                                         [0m
[7m[38;2;0;0;0m [0m[38;2;0;0;0;48;2;0;0;0m                                                        [48;2;1;1;1m:[38;2;76;76;76;48;2;54;54;54m4[38;2;196;196;196;48;2;208;208;208mL[38;2;246;246;246;48;2;249;249;249mL[48;2;251;251;251m [38;2;252;252;252m:[48;2;252;252;252m                                                         [0m
[7m[38;2;0;0;0m [0m[38;2;0;0;0;48;2;0;0;0m                                                        [48;2;1;1;1m:[38;2;76;76;76;48;2;53;53;53m4[38;2;195;195;195;48;2;208;208;208mL[38;2;246;246;246;48;2;249;249;249mL[48;2;251;251;251m [48;2;252;252;252m                                                          [0m
[7m[38;2;0;0;0m [0m[38;2;0;0;0;48;2;0;0;0m                                                        [48;2;2;2;2m:[38;2;79;79;79;48;2;61;61;61m4[38;2;200;200;200;48;2;215;215;215mF[38;2;253;253;253;48;2;249;249;249m`[48;2;251;251;251m [48;2;252;252;252m                           [38;2;252;252;252;48;2;251;251;251m:                              [0m
[7m[38;2;0;0;0m [0m[38;2;0;0;0;48;2;0;0;0m                                                        [48;2;7;7;7m:[38;2;103;103;103;48;2;80;80;80m4[38;2;227;227;227;48;2;235;235;235mL[38;2;253;253;253;48;2;252;252;252m`[38;2;252;252;252;48;2;251;251;251m`[48;2;252;252;252m                           [48;2;251;251;251m|                              [0m
[7m[38;2;0;0;0m [0m[38;2;0;0;0;48;2;0;0;0m                                                        [48;2;7;7;7m:[38;2;103;103;103;48;2;81;81;81m4[38;2;227;227;227;48;2;236;236;236mL[48;2;252;252;252m [48;2;251;251;251m [48;2;252;252;252m                        [48;2;251;251;251m [38;2;252;252;252m~~                               [0m
[7m[38;2;0;0;0m [0m[38;2;0;0;0;48;2;0;0;0m                                                        [48;2;7;7;7m:[38;2;103;103;103;48;2;81;81;81m4[38;2;227;227;227;48;2;236;236;236mL[48;2;252;252;252m [48;2;251;251;251m [48;2;252;252;252m                        [48;2;251;251;251m [38;2;252;252;252m_                                [0m
[7m[38;2;0;0;0m [0m[38;2;0;0;0;48;2;0;0;0m                                                        [48;2;7;7;7m:[38;2;103;103;103;48;2;81;81;81m4[38;2;227;227;227;48;2;236;236;236mL[48;2;252;252;252m [48;2;251;251;251m [48;2;252;252;252m                          [38;2;252;252;252;48;2;251;251;251m|                               [0m
[7m[38;2;0;0;0m [0m[38;2;0;0;0;48;2;0;0;0m                                                        [48;2;8;8;8m:[38;2;105;105;105;48;2;84;84;84m4[38;2;227;227;227;48;2;237;237;237mL[38;2;253;253;253;48;2;252;252;252m.[38;2;252;252;252;48;2;251;251;251m:[48;2;252;252;252m                          [48;2;251;251;251m.                               [0m
[7m[38;2;0;0;0m [0m[38;2;0;0;0;48;2;0;0;0m                                                        [48;2;10;10;10m:[38;2;108;108;108;48;2;88;88;88m4[38;2;228;228;228;48;2;237;237;237mL[38;2;253;253;253;48;2;252;252;252m:                                                           [0m
[7m[38;2;0;0;0m [0m[38;2;0;0;0;48;2;0;0;0m                                                        [48;2;10;10;10m:[38;2;108;108;108;48;2;88;88;88m4[38;2;227;227;227;48;2;237;237;237mL[38;2;253;253;253;48;2;252;252;252m:                                                           [0m
[7m[38;2;0;0;0m [0m[38;2;0;0;0;48;2;0;0;0m                                                        [48;2;10;10;10m:[38;2;107;107;107;48;2;86;86;86m4[38;2;225;225;225;48;2;236;236;236mL[38;2;251;251;251;48;2;252;252;252m,                                                           [0m
[7m[38;2;0;0;0m [0m[38;2;0;0;0;48;2;0;0;0m                                                        [48;2;8;8;8m:[38;2;102;102;102;48;2;81;81;81m4[38;2;221;221;221;48;2;231;231;231mL[38;2;251;251;251;48;2;250;250;250m:[48;2;252;252;252m                                                           [0m
[7m[38;2;0;0;0m [0m[38;2;0;0;0;48;2;0;0;0m                                                        [48;2;8;8;8m:[38;2;102;102;102;48;2;81;81;81m4[38;2;221;221;221;48;2;231;231;231mL[38;2;251;251;251;48;2;250;250;250m:[48;2;252;252;252m                                                           [0m
[7m[38;2;0;0;0m [0m[38;2;0;0;0;48;2;0;0;0m                                                        [48;2;8;8;8m:[38;2;102;102;102;48;2;81;81;81m4[38;2;221;221;221;48;2;230;230;230mL[38;2;249;249;249;48;2;250;250;250mL[48;2;252;252;252m                                                           [0m
[7m[38;2;0;0;0m [0m[38;2;0;0;0;48;2;0;0;0m                                                        [48;2;8;8;8m:[38;2;102;102;102;48;2;81;81;81m4[38;2;221;221;221;48;2;231;231;231mL[38;2;249;249;249;48;2;250;250;250mL[48;2;252;252;252m                                                           [0m
[7m[38;2;0;0;0m [0m[38;2;0;0;0;48;2;0;0;0m                                                        [48;2;7;7;7m:[38;2;102;102;102;48;2;80;80;80m4[38;2;221;221;221;48;2;231;231;231mL[48;2;250;250;250m [48;2;252;252;252m                                                           [0m
[7m[38;2;0;0;0m [0m[38;2;0;0;0;48;2;0;0;0m                                                        [48;2;3;3;3m:[38;2;92;92;92;48;2;67;67;67m4[38;2;215;215;215;48;2;227;227;227mL[38;2;253;253;253;48;2;251;251;251m:[38;2;252;252;252m`[48;2;252;252;252m                                                          [0m
[7m[38;2;0;0;0m [0m[38;2;0;0;0;48;2;0;0;0m                                                         [38;2;77;77;77;48;2;53;53;53m4[38;2;198;198;198;48;2;214;214;214mL[38;2;248;248;248;48;2;250;250;250mr[48;2;251;251;251m [38;2;252;252;252m:[48;2;252;252;252m                                                         [0m
[7m[38;2;0;0;0m [0m[38;2;0;0;0;48;2;0;0;0m                                                         [38;2;70;70;70;48;2;47;47;47m4[38;2;190;190;190;48;2;202;202;202mL[38;2;245;245;245;48;2;248;248;248mL[48;2;251;251;251m [38;2;252;252;252m:[48;2;252;252;252m                                                         [0m
[7m[38;2;0;0;0m [0m[38;2;0;0;0;48;2;0;0;0m                                                         [38;2;70;70;70;48;2;47;47;47m4[38;2;190;190;190;48;2;202;202;202mL[38;2;245;245;245;48;2;248;248;248mL[48;2;251;251;251m [38;2;252;252;252m:[48;2;252;252;252m                                                         [0m
[7m[38;2;0;0;0m [0m[38;2;0;0;0;48;2;0;0;0m                                                         [38;2;70;70;70;48;2;47;47;47m4[38;2;190;190;190;48;2;202;202;202mL[38;2;245;245;245;48;2;248;248;248mL[48;2;251;251;251m [38;2;252;252;252m:[48;2;252;252;252m                                                         [0m
[7m[38;2;0;0;0m [0m[38;2;0;0;0;48;2;0;0;0m                                                         [38;2;70;70;70;48;2;47;47;47m4[38;2;190;190;190;48;2;202;202;202mL[38;2;245;245;245;48;2;248;248;248mL[48;2;251;251;251m [38;2;252;252;252m:[48;2;252;252;252m                                                         [0m
[7m[38;2;0;0;0m [0m[38;2;0;0;0;48;2;0;0;0m                                                         [38;2;61;61;61;48;2;41;41;41m4[38;2;165;165;165;48;2;184;184;184mL[38;2;241;241;241;48;2;246;246;246mL[38;2;251;251;251;48;2;250;250;250m'[38;2;252;252;252;48;2;251;251;251m:[48;2;252;252;252m                                                         [0m
[7m[38;2;0;0;0m [0m[38;2;0;0;0;48;2;0;0;0m                                                         [38;2;54;54;54;48;2;36;36;36m4[38;2;175;175;175;48;2;163;163;163m4[38;2;239;239;239;48;2;244;244;244mL[48;2;250;250;250m [38;2;252;252;252;48;2;251;251;251m:[48;2;252;252;252m                                                         [0m
[7m[38;2;0;0;0m [0m[38;2;0;0;0;48;2;0;0;0m                                                         [38;2;52;52;52;48;2;35;35;35m4[38;2;157;157;157;48;2;165;165;165m$[38;2;238;238;238;48;2;244;244;244mL[48;2;250;250;250m [38;2;252;252;252;48;2;251;251;251m:[48;2;252;252;252m                                                         [0m
[7m[38;2;0;0;0m [0m[38;2;0;0;0;48;2;0;0;0m                                                         [38;2;54;54;54;48;2;36;36;36m4[38;2;162;162;162;48;2;169;169;169m$[38;2;239;239;239;48;2;244;244;244mL[48;2;250;250;250m [38;2;252;252;252;48;2;251;251;251m:[48;2;252;252;252m                                                         [0m
[7m[38;2;0;0;0m [0m[38;2;0;0;0;48;2;0;0;0m                                                        [48;2;1;1;1m [38;2;54;54;54;48;2;37;37;37m4[38;2;163;163;163;48;2;171;171;171m$[38;2;239;239;239;48;2;245;245;245mL[48;2;250;250;250m [38;2;252;252;252;48;2;251;251;251m:[48;2;252;252;252m                                                         [0m
[7m[38;2;0;0;0m [0m[38;2;0;0;0;48;2;0;0;0m                                                        [48;2;1;1;1m [38;2;55;55;55;48;2;37;37;37m4[38;2;163;163;163;48;2;171;171;171m$[38;2;239;239;239;48;2;245;245;245mL[48;2;250;250;250m [38;2;252;252;252;48;2;251;251;251m:[48;2;252;252;252m                                                         [0m
[7m[38;2;0;0;0m [0m[38;2;0;0;0;48;2;0;0;0m                                                        [38;2;1;1;1m:[38;2;52;52;52;48;2;35;35;35m4[38;2;173;173;173;48;2;159;159;159m4[38;2;238;238;238;48;2;244;244;244mL[48;2;250;250;250m [38;2;252;252;252;48;2;251;251;251m:[48;2;252;252;252m                                                         [0m
[7m[38;2;0;0;0m [0m[38;2;0;0;0;48;2;0;0;0m                                                        [38;2;1;1;1m:[38;2;43;43;43;48;2;28;28;28m4[38;2;133;133;133;48;2;148;148;148m$[38;2;235;235;235;48;2;242;242;242mL[48;2;250;250;250m [38;2;252;252;252;48;2;251;251;251m:[48;2;252;252;252m                                                         [0m
[7m[38;2;0;0;0m [0m[38;2;0;0;0;48;2;0;0;0m                                                        [48;2;1;1;1m [38;2;31;31;31;48;2;21;21;21m4[38;2;134;134;134;48;2;119;119;119m4[38;2;233;233;233;48;2;241;241;241mL[48;2;251;251;251m [38;2;252;252;252m:[48;2;252;252;252m                                                         [0m
[7m[38;2;0;0;0m [0m[38;2;0;0;0;48;2;0;0;0m                                                        [48;2;1;1;1m [38;2;30;30;30;48;2;20;20;20m4[38;2;133;133;133;48;2;117;117;117m4[38;2;232;232;232;48;2;241;241;241mL[48;2;251;251;251m [38;2;252;252;252m:[48;2;252;252;252m                                                         [0m
[7m[38;2;0;0;0m [0m[38;2;0;0;0;48;2;0;0;0m                                                        [48;2;1;1;1m [38;2;30;30;30;48;2;20;20;20m4[38;2;133;133;133;48;2;117;117;117m4[38;2;232;232;232;48;2;241;241;241mL[48;2;251;251;251m [38;2;252;252;252m:[48;2;252;252;252m                                                         [0m
[7m[38;2;0;0;0m [0m[38;2;0;0;0;48;2;0;0;0m                                                        [38;2;1;1;1m.[38;2;26;26;26;48;2;17;17;17m4[38;2;125;125;125;48;2;109;109;109m4[38;2;232;232;232;48;2;241;241;241mL[48;2;251;251;251m [38;2;252;252;252m:[48;2;252;252;252m                                                         [0m
[?25h