[?25l[0m[7m[38;2;252;252;252m [0m[38;2;0;0;0;48;2;252;252;252m                                                                                                                       [0m
[7m[38;2;252;252;252m [0m[38;2;0;0;0;48;2;252;252;252m                                                                                                                       [0m
[7m[38;2;252;252;252m [0m[38;2;0;0;0;48;2;252;252;252m                                                                                                                       [0m
[7m[38;2;252;252;252m [0m[38;2;0;0;0;48;2;252;252;252m                                                                                                                       [0m
[7m[38;2;252;252;252m [0m[38;2;0;0;0;48;2;252;252;252m                                                                                                                       [0m
[7m[38;2;252;252;252m [0m[38;2;0;0;0;48;2;252;252;252m                                                                                                                       [0m
[7m[38;2;252;252;252m [0m[38;2;0;0;0;48;2;252;252;252m                                                                                                                       [0m
[7m[38;2;252;252;252m [0m[38;2;0;0;0;48;2;252;252;252m                                                                                                                       [0m
[7m[38;2;252;252;252m [0m[38;2;0;0;0;48;2;252;252;252m                                                                                                                       [0m
[7m[38;2;252;252;252m [0m[38;2;0;0;0;48;2;252;252;252m                                                                                                                       [0m
[7m[38;2;252;252;252m [0m[38;2;0;0;0;48;2;252;252;252m                                                                                                                       [0m
[7m[38;2;252;252;252m [0m[38;2;0;0;0;48;2;252;252;252m                                                                                                                       [0m
[7m[38;2;252;252;252m [0m[38;2;0;0;0;48;2;252;252;252m                                                                                                                       [0m
[7m[38;2;252;252;252m [0m[38;2;0;0;0;48;2;252;252;252m                                                                                                                       [0m
[7m[38;2;252;252;252m [0m[38;2;0;0;0;48;2;252;252;252m                                                                                                                       [0m
[7m[38;2;252;252;252m [0m[38;2;0;0;0;48;2;252;252;252m                                                                                                                       [0m
[7m[38;2;252;252;252m [0m[38;2;0;0;0;48;2;252;252;252m                                                                                                                       [0m
[7m[38;2;252;252;252m [0m[38;2;0;0;0;48;2;252;252;252m                                                                                                                       [0m
[7m[38;2;252;252;252m [0m[38;2;0;0;0;48;2;252;252;252m                                                           [48;2;251;251;251m   [48;2;252;252;252m [38;2;253;253;253m_[38;2;254;254;254m_[38;2;253;253;253;48;2;251;251;251m_[38;2;250;250;250m==[38;2;253;253;253m_[38;2;254;254;254;48;2;252;252;252m_[38;2;253;253;253m_[38;2;250;250;250;48;2;251;251;251m__[38;2;252;252;252m.[48;2;252;252;252m                                             [0m
[7m[38;2;252;252;252m [0m[38;2;0;0;0;48;2;252;252;252m                                                      [38;2;252;252;252;48;2;251;251;251m.[38;2;250;250;250m,[38;2;253;253;253m.[38;2;234;234;234m_[38;2;215;215;215;48;2;249;249;249m_[38;2;178;178;178;48;2;237;237;237m_[38;2;131;131;131;48;2;222;222;222m_[38;2;91;91;91;48;2;210;210;210m_[38;2;50;50;50;48;2;196;196;196m_[38;2;32;32;32;48;2;189;189;189m_[38;2;12;12;12;48;2;178;178;178m_[38;2;2;2;2;48;2;171;171;171m_[38;2;0;0;0;48;2;158;158;158m_[48;2;157;157;157m_[48;2;162;162;162m_[38;2;6;6;6;48;2;172;172;172m_[38;2;29;29;29;48;2;190;190;190m_[38;2;77;77;77;48;2;205;205;205m_[38;2;120;120;120;48;2;219;219;219m_[38;2;182;182;182;48;2;238;238;238m_[38;2;220;220;220;48;2;249;249;249m_[38;2;247;247;247;48;2;251;251;251m, [38;2;252;252;252m.:[48;2;252;252;252m                                        [0m
[7m[38;2;252;252;252m [0m[38;2;0;0;0;48;2;252;252;252m                                                  [38;2;253;253;253m_=`[38;2;252;252;252;48;2;249;249;249m:[38;2;160;160;160;48;2;237;237;237m_[38;2;96;96;96;48;2;208;208;208m_[38;2;67;67;67;48;2;167;167;167my[38;2;28;28;28;48;2;117;117;117my[38;2;136;136;136;48;2;42;42;42m~[38;2;97;97;97;48;2;19;19;19m~[38;2;98;98;98;48;2;15;15;15m`[38;2;68;68;68;48;2;9;9;9m`[38;2;33;33;33;48;2;4;4;4m`[38;2;18;18;18;48;2;2;2;2m`[38;2;6;6;6;48;2;0;0;0m`[38;2;1;1;1m`   [38;2;2;2;2m`[38;2;14;14;14;48;2;2;2;2m`[38;2;56;56;56;48;2;8;8;8m`[38;2;89;89;89;48;2;14;14;14m`[38;2;140;140;140;48;2;27;27;27m`[38;2;152;152;152;48;2;61;61;61m~[38;2;64;64;64;48;2;155;155;155my[38;2;115;115;115;48;2;218;218;218m_[38;2;216;216;216;48;2;244;244;244m_[38;2;247;247;247;48;2;250;250;250m,[48;2;251;251;251m [38;2;252;252;252m:[48;2;252;252;252m                                      [0m
[7m[38;2;252;252;252m [0m[38;2;0;0;0;48;2;252;252;252m                                                 [38;2;252;252;252;48;2;251;251;251m:[38;2;249;249;249m.[38;2;253;253;253;48;2;245;245;245m:[38;2;109;109;109;48;2;208;208;208m_[38;2;213;213;213;48;2;95;95;95m~[38;2;111;111;111;48;2;31;31;31m~[38;2;22;22;22;48;2;4;4;4m~[48;2;0;0;0m                  [38;2;1;1;1m~[38;2;0;0;0;48;2;1;1;1m`[48;2;16;16;16m:[38;2;173;173;173;48;2;82;82;82m~[38;2;144;144;144;48;2;212;212;212m_[38;2;233;233;233;48;2;247;247;247m,[48;2;251;251;251m [38;2;252;252;252m:[48;2;252;252;252m                                     [0m
[7m[38;2;252;252;252m [0m[38;2;0;0;0;48;2;252;252;252m                                               [38;2;252;252;252;48;2;251;251;251m: [48;2;250;250;250m.[38;2;210;210;210;48;2;237;237;237m_[38;2;81;81;81;48;2;153;153;153my[38;2;76;76;76;48;2;30;30;30m"[38;2;0;0;0;48;2;2;2;2m:[38;2;1;1;1;48;2;0;0;0m`                      [38;2;0;0;0;48;2;8;8;8m:[38;2;120;120;120;48;2;79;79;79m`[38;2;206;206;206;48;2;225;225;225mL[38;2;249;249;249;48;2;251;251;251m,[48;2;252;252;252m                                      [0m
[7m[38;2;252;252;252m [0m[38;2;0;0;0;48;2;252;252;252m                                               [38;2;252;252;252;48;2;251;251;251m.[38;2;249;249;249;48;2;250;250;250m.[38;2;254;254;254;48;2;240;240;240m:[38;2;130;130;130;48;2;162;162;162my[38;2;45;45;45;48;2;28;28;28m~[48;2;0;0;0m                         [38;2;0;0;0;48;2;1;1;1m:[38;2;7;7;7;48;2;42;42;42m:[38;2;179;179;179;48;2;200;200;200mL[38;2;241;241;241;48;2;246;246;246m,[48;2;251;251;251m [38;2;252;252;252m:[48;2;252;252;252m                                    [0m
[7m[38;2;252;252;252m [0m[38;2;0;0;0;48;2;252;252;252m                                               [38;2;252;252;252;48;2;251;251;251m.[48;2;250;250;250m [38;2;254;254;254;48;2;238;238;238m:[38;2;184;184;184;48;2;126;126;126m_[38;2;5;5;5;48;2;25;25;25m:[38;2;2;2;2;48;2;1;1;1m+[48;2;0;0;0m                        [38;2;1;1;1m,[38;2;0;0;0;48;2;27;27;27m:[38;2;143;143;143;48;2;166;166;166mL[38;2;232;232;232;48;2;240;240;240mL[38;2;252;252;252;48;2;251;251;251m' :[48;2;252;252;252m                                   [0m
[7m[38;2;252;252;252m [0m[38;2;0;0;0;48;2;252;252;252m                                               [38;2;252;252;252;48;2;251;251;251m: [38;2;254;254;254;48;2;247;247;247m:[38;2;146;146;146;48;2;201;201;201m_[38;2;75;75;75;48;2;45;45;45mF[38;2;0;0;0;48;2;1;1;1m:[48;2;0;0;0m                        [38;2;1;1;1m"[38;2;0;0;0;48;2;10;10;10m:[38;2;127;127;127;48;2;71;71;71m~[38;2;47;47;47;48;2;168;168;168m_[38;2;52;52;52;48;2;202;202;202m_[38;2;142;142;142;48;2;226;226;226m_[38;2;231;231;231;48;2;247;247;247m,[38;2;252;252;252;48;2;251;251;251m`:[48;2;252;252;252m                                 [0m
[7m[38;2;252;252;252m [0m[38;2;0;0;0;48;2;252;252;252m                                               [48;2;251;251;251m [38;2;251;251;251;48;2;252;252;252m~[38;2;249;249;249;48;2;232;232;232m:[38;2;115;115;115;48;2;83;83;83mF[38;2;25;25;25;48;2;8;8;8m~[48;2;0;0;0m                          [38;2;0;0;0;48;2;11;11;11m:[38;2;158;158;158;48;2;74;74;74m_[38;2;211;211;211;48;2;128;128;128m_[38;2;79;79;79;48;2;135;135;135m~[38;2;121;121;121;48;2;172;172;172m~[38;2;228;228;228;48;2;239;239;239m~[48;2;252;252;252m                                   [0m
[7m[38;2;252;252;252m [0m[38;2;0;0;0;48;2;252;252;252m                                               [48;2;251;251;251m [38;2;250;250;250m_[38;2;251;251;251;48;2;231;231;231m:[38;2;116;116;116;48;2;78;78;78mL[38;2;20;20;20;48;2;8;8;8m,[38;2;1;1;1;48;2;0;0;0m_                       _[38;2;0;0;0;48;2;5;5;5m:[38;2;88;88;88;48;2;58;58;58my[38;2;189;189;189;48;2;215;215;215m"[38;2;233;233;233;48;2;247;247;247m~[38;2;207;207;207;48;2;239;239;239m~[38;2;210;210;210;48;2;240;240;240m~[38;2;244;244;244;48;2;250;250;250m~[48;2;252;252;252m                                   [0m
[7m[38;2;252;252;252m [0m[38;2;0;0;0;48;2;252;252;252m                                               [38;2;252;252;252;48;2;251;251;251m:[38;2;249;249;249m'[38;2;254;254;254;48;2;247;247;247m'[38;2;163;163;163;48;2;209;209;209m~[38;2;185;185;185;48;2;74;74;74m_[38;2;48;48;48;48;2;12;12;12m,[38;2;2;2;2;48;2;0;0;0m.[38;2;1;1;1m_                     `[38;2;0;0;0;48;2;30;30;30m`[38;2;196;196;196;48;2;155;155;155my[38;2;230;230;230;48;2;241;241;241m~[38;2;251;251;251;48;2;250;250;250mL[48;2;251;251;251m [38;2;253;253;253;48;2;252;252;252m`                                    [0m
[7m[38;2;252;252;252m [0m[38;2;0;0;0;48;2;252;252;252m                                                [38;2;252;252;252;48;2;251;251;251m: [38;2;253;253;253;48;2;250;250;250m'[38;2;220;220;220;48;2;239;239;239m`[38;2;30;30;30;48;2;186;186;186m`[38;2;223;223;223;48;2;89;89;89m_[38;2;118;118;118;48;2;28;28;28m_[38;2;48;48;48;48;2;4;4;4m_[48;2;0;0;0m [38;2;1;1;1m_                  [38;2;0;0;0;48;2;18;18;18m:[38;2;185;185;185;48;2;107;107;107m_[38;2;220;220;220;48;2;233;233;233m~[48;2;251;251;251m [38;2;252;252;252m:[48;2;252;252;252m                                      [0m
[7m[38;2;252;252;252m [0m[38;2;0;0;0;48;2;252;252;252m                                                  [38;2;252;252;252;48;2;251;251;251m: .[38;2;237;237;237;48;2;249;249;249m`[38;2;176;176;176;48;2;237;237;237m`[38;2;113;113;113;48;2;198;198;198m~[38;2;26;26;26;48;2;149;149;149m~[38;2;208;208;208;48;2;68;68;68m_[38;2;177;177;177;48;2;33;33;33m_[38;2;109;109;109;48;2;15;15;15m_[38;2;51;51;51;48;2;6;6;6m_[38;2;3;3;3;48;2;1;1;1m.[48;2;0;0;0m [38;2;1;1;1m-        .[38;2;0;0;0;48;2;2;2;2m:[38;2;85;85;85;48;2;15;15;15m_[38;2;192;192;192;48;2;60;60;60m_[38;2;80;80;80;48;2;179;179;179m~[38;2;208;208;208;48;2;240;240;240m~[38;2;246;246;246;48;2;250;250;250m~[48;2;251;251;251m [48;2;252;252;252m                                       [0m
[7m[38;2;252;252;252m [0m[38;2;0;0;0;48;2;252;252;252m                                                      [38;2;252;252;252;48;2;251;251;251m:[38;2;250;250;250m~`[38;2;243;243;243;48;2;250;250;250m`[38;2;216;216;216;48;2;242;242;242m`[38;2;161;161;161;48;2;228;228;228m~[38;2;110;110;110;48;2;215;215;215m~[38;2;69;69;69;48;2;191;191;191m~[38;2;45;45;45;48;2;166;166;166m~[38;2;201;201;201;48;2;108;108;108my[38;2;250;250;250;48;2;95;95;95m_[38;2;238;238;238;48;2;79;79;79m_[38;2;210;210;210;48;2;66;66;66m_[38;2;191;191;191;48;2;57;57;57m__[38;2;198;198;198;48;2;59;59;59m_[38;2;212;212;212;48;2;66;66;66m_[38;2;240;240;240;48;2;84;84;84m_[38;2;203;203;203;48;2;109;109;109my[38;2;61;61;61;48;2;184;184;184m~[38;2;129;129;129;48;2;221;221;221m~[38;2;228;228;228;48;2;247;247;247m~[48;2;252;252;252m [48;2;251;251;251m [38;2;252;252;252m:[48;2;252;252;252m                                        [0m
[7m[38;2;252;252;252m [0m[38;2;0;0;0;48;2;252;252;252m                                                          [38;2;252;252;252;48;2;251;251;251m.[38;2;250;250;250m`[38;2;252;252;252m: [38;2;250;250;250mr[38;2;252;252;252m.:[38;2;244;244;244;48;2;250;250;250m`[38;2;226;226;226;48;2;248;248;248m`[38;2;214;214;214;48;2;246;246;246m`[38;2;215;215;215m`[38;2;219;219;219;48;2;247;247;247m`[38;2;226;226;226;48;2;248;248;248m`[38;2;246;246;246;48;2;251;251;251m`[38;2;252;252;252m` .:[48;2;252;252;252m                                           [0m
[7m[38;2;252;252;252m [0m[38;2;0;0;0;48;2;252;252;252m                                                                                                                       [0m
[7m[38;2;252;252;252m [0m[38;2;0;0;0;48;2;252;252;252m                                                                                                                       [0m
[7m[38;2;252;252;252m [0m[38;2;0;0;0;48;2;252;252;252m                                                                                                                       [0m
[?25h