[?25l[0m[7m[38;2;252;252;252m [0m[38;2;0;0;0;48;2;252;252;252m                                                                                                                       [0m
[7m[38;2;252;252;252m [0m[38;2;0;0;0;48;2;252;252;252m                                                                                                                       [0m
[7m[38;2;252;252;252m [0m[38;2;0;0;0;48;2;252;252;252m                                                                                                                       [0m
[7m[38;2;252;252;252m [0m[38;2;0;0;0;48;2;252;252;252m                                                                                                                       [0m
[7m[38;2;252;252;252m [0m[38;2;0;0;0;48;2;252;252;252m                                                                                                                       [0m
[7m[38;2;252;252;252m [0m[38;2;0;0;0;48;2;252;252;252m                                                                                                                       [0m
[7m[38;2;252;252;252m [0m[38;2;0;0;0;48;2;252;252;252m                                                                                                                       [0m
[7m[38;2;252;252;252m [0m[38;2;0;0;0;48;2;252;252;252m                                                                                                                       [0m
[7m[38;2;252;252;252m [0m[38;2;0;0;0;48;2;252;252;252m                                                                                                                       [0m
[7m[38;2;252;252;252m [0m[38;2;0;0;0;48;2;252;252;252m                                                                                                                       [0m
[7m[38;2;252;252;252m [0m[38;2;0;0;0;48;2;252;252;252m                                                                                                                       [0m
[7m[38;2;252;252;252m [0m[38;2;0;0;0;48;2;252;252;252m                                                                                                                       [0m
[7m[38;2;252;252;252m [0m[38;2;0;0;0;48;2;252;252;252m                                                                                                                       [0m
[7m[38;2;252;252;252m [0m[38;2;0;0;0;48;2;252;252;252m                                                                                                                       [0m
[7m[38;2;252;252;252m [0m[38;2;0;0;0;48;2;252;252;252m                                                                                                                       [0m
[7m[38;2;252;252;252m [0m[38;2;0;0;0;48;2;252;252;252m                                                                                                                       [0m
[7m[38;2;252;252;252m [0m[38;2;0;0;0;48;2;252;252;252m                                                                                                                       [0m
[7m[38;2;252;252;252m [0m[38;2;0;0;0;48;2;252;252;252m                                                     [38;2;251;251;251m_[48;2;251;251;251m [38;2;249;249;249m.[38;2;253;253;253m.[38;2;226;226;226;48;2;250;250;250m_[38;2;215;215;215m__[38;2;219;219;219m_[38;2;232;232;232;48;2;251;251;251m_[38;2;254;254;254m.  [48;2;252;252;252m                                                      [0m
[7m[38;2;252;252;252m [0m[38;2;0;0;0;48;2;252;252;252m                                                  [38;2;252;252;252;48;2;251;251;251m:[38;2;250;250;250m_[38;2;252;252;252;48;2;250;250;250m`[38;2;210;210;210;48;2;244;244;244m_[38;2;117;117;117;48;2;224;224;224m_[38;2;53;53;53;48;2;178;178;178m_[38;2;45;45;45;48;2;147;147;147my[38;2;180;180;180;48;2;70;70;70m~[38;2;131;131;131;48;2;43;43;43m~[38;2;127;127;127;48;2;42;42;42m~[38;2;147;147;147;48;2;55;55;55m~[38;2;25;25;25;48;2;112;112;112my[38;2;49;49;49;48;2;149;149;149my[48;2;174;174;174m_[38;2;117;117;117;48;2;222;222;222m_[38;2;210;210;210;48;2;244;244;244m_[38;2;252;252;252;48;2;250;250;250m`[48;2;251;251;251m:.[48;2;252;252;252m                                                  [0m
[7m[38;2;252;252;252m [0m[38;2;0;0;0;48;2;252;252;252m                                                [38;2;252;252;252;48;2;251;251;251m:[38;2;250;250;250m.[38;2;252;252;252;48;2;245;245;245m:[38;2;133;133;133;48;2;217;217;217m_[38;2;63;63;63;48;2;161;161;161my[38;2;173;173;173;48;2;55;55;55m~[38;2;55;55;55;48;2;11;11;11m~[38;2;0;0;0;48;2;1;1;1m.[48;2;0;0;0m [38;2;1;1;1m`~~`  [38;2;0;0;0;48;2;1;1;1m.[38;2;55;55;55;48;2;15;15;15m"[38;2;163;163;163;48;2;53;53;53m~[38;2;58;58;58;48;2;150;150;150my[38;2;103;103;103;48;2;208;208;208m_[38;2;227;227;227;48;2;245;245;245m,[38;2;252;252;252;48;2;251;251;251m:[48;2;252;252;252m                                                 [0m
[7m[38;2;252;252;252m [0m[38;2;0;0;0;48;2;252;252;252m                                              [38;2;252;252;252;48;2;251;251;251m: [48;2;250;250;250m.[38;2;253;253;253;48;2;234;234;234m'[38;2;81;81;81;48;2;146;146;146my[38;2;86;86;86;48;2;27;27;27m~[38;2;1;1;1;48;2;3;3;3m:[48;2;0;0;0m             [38;2;0;0;0;48;2;2;2;2m`[38;2;67;67;67;48;2;32;32;32m"[38;2;83;83;83;48;2;155;155;155m_[38;2;228;228;228;48;2;239;239;239m,[38;2;250;250;250;48;2;251;251;251m=[38;2;252;252;252m:[48;2;252;252;252m                                               [0m
[7m[38;2;252;252;252m [0m[38;2;0;0;0;48;2;252;252;252m                                              [38;2;252;252;252;48;2;251;251;251m.[38;2;249;249;249;48;2;250;250;250mI[38;2;254;254;254;48;2;243;243;243m'[38;2;158;158;158;48;2;179;179;179ma[38;2;55;55;55;48;2;32;32;32mL[38;2;1;1;1;48;2;0;0;0mi               [38;2;0;0;0;48;2;2;2;2m:[38;2;66;66;66;48;2;54;54;54m4[38;2;202;202;202;48;2;219;219;219mr[38;2;248;248;248;48;2;250;250;250mr[38;2;252;252;252;48;2;251;251;251m:[48;2;252;252;252m                                               [0m
[7m[38;2;252;252;252m [0m[38;2;0;0;0;48;2;252;252;252m                                              [38;2;252;252;252;48;2;251;251;251m:[38;2;250;250;250m"[38;2;251;251;251;48;2;249;249;249m.[38;2;183;183;183;48;2;216;216;216m"[38;2;120;120;120;48;2;66;66;66mL[38;2;25;25;25;48;2;7;7;7m,[38;2;2;2;2;48;2;0;0;0m_             [48;2;1;1;1ma[38;2;0;0;0;48;2;23;23;23m`[38;2;92;92;92;48;2;139;139;139mF[38;2;227;227;227;48;2;238;238;238m~[38;2;250;250;250;48;2;251;251;251ma[38;2;252;252;252m:[48;2;252;252;252m                              [38;2;253;253;253m^                [0m
[7m[38;2;252;252;252m [0m[38;2;0;0;0;48;2;252;252;252m                                               [38;2;252;252;252;48;2;251;251;251m:[38;2;249;249;249m`[38;2;254;254;254;48;2;249;249;249m'[38;2;173;173;173;48;2;226;226;226m"[38;2;204;204;204;48;2;118;118;118my[38;2;147;147;147;48;2;42;42;42m_[38;2;56;56;56;48;2;6;6;6m_[38;2;0;0;0;48;2;1;1;1m`[48;2;0;0;0m        [38;2;1;1;1m_[38;2;0;0;0;48;2;1;1;1m:[38;2;79;79;79;48;2;11;11;11m_[38;2;171;171;171;48;2;62;62;62m_[38;2;79;79;79;48;2;174;174;174m~[38;2;214;214;214;48;2;240;240;240m~[38;2;249;249;249;48;2;251;251;251m~[38;2;251;251;251;48;2;252;252;252m`                                                [0m
[7m[38;2;252;252;252m [0m[38;2;0;0;0;48;2;252;252;252m                                                 [38;2;252;252;252;48;2;251;251;251m:` [38;2;194;194;194;48;2;239;239;239m`[38;2;105;105;105;48;2;197;197;197m~[38;2;18;18;18;48;2;134;134;134m~[38;2;193;193;193;48;2;51;51;51m_[38;2;120;120;120;48;2;23;23;23m_[38;2;55;55;55;48;2;9;9;9m_[38;2;15;15;15;48;2;3;3;3m,[38;2;1;1;1;48;2;0;0;0m.[38;2;0;0;0;48;2;1;1;1m:[38;2;55;55;55;48;2;9;9;9m_[38;2;132;132;132;48;2;26;26;26m_[38;2;198;198;198;48;2;52;52;52m_[38;2;17;17;17;48;2;137;137;137m~[38;2;124;124;124;48;2;208;208;208m~[38;2;216;216;216;48;2;243;243;243m~[38;2;248;248;248;48;2;250;250;250m'[38;2;252;252;252;48;2;251;251;251m:[48;2;252;252;252m                                                  [0m
[7m[38;2;252;252;252m [0m[38;2;0;0;0;48;2;252;252;252m                                                    [48;2;251;251;251m [38;2;250;250;250m`[38;2;253;253;253;48;2;250;250;250m'[38;2;228;228;228;48;2;245;245;245m`[38;2;174;174;174;48;2;233;233;233m~[38;2;127;127;127;48;2;222;222;222m~[38;2;98;98;98;48;2;205;205;205m~[38;2;68;68;68;48;2;182;182;182m~[38;2;75;75;75;48;2;191;191;191m~[38;2;121;121;121;48;2;221;221;221m~[38;2;176;176;176;48;2;236;236;236m~[38;2;232;232;232;48;2;248;248;248m~[38;2;249;249;249;48;2;251;251;251m=[38;2;250;250;250m" [48;2;252;252;252m                                                    [0m
[7m[38;2;252;252;252m [0m[38;2;0;0;0;48;2;252;252;252m                                                       [38;2;252;252;252;48;2;251;251;251m:.[48;2;252;252;252m [38;2;253;253;253;48;2;251;251;251m`[38;2;250;250;250m? [38;2;252;252;252m:.:[48;2;252;252;252m                                                       [0m
[7m[38;2;252;252;252m [0m[38;2;0;0;0;48;2;252;252;252m                                                                                                                       [0m
[7m[38;2;252;252;252m [0m[38;2;0;0;0;48;2;252;252;252m                                                                                                                       [0m
[7m[38;2;252;252;252m [0m[38;2;0;0;0;48;2;252;252;252m                                                                                                                       [0m
[7m[38;2;252;252;252m [0m[38;2;0;0;0;48;2;252;252;252m                                                                                                                       [0m
[7m[38;2;252;252;252m [0m[38;2;0;0;0;48;2;252;252;252m                                                                                                                       [0m
[7m[38;2;252;252;252m [0m[38;2;0;0;0;48;2;252;252;252m                                                                                                                       [0m
[7m[38;2;252;252;252m [0m[38;2;0;0;0;48;2;252;252;252m                                                                                                                       [0m
[7m[38;2;252;252;252m [0m[38;2;0;0;0;48;2;252;252;252m                                                                                                                       [0m
[7m[38;2;252;252;252m [0m[38;2;0;0;0;48;2;252;252;252m                       [38;2;252;252;252;48;2;251;251;251m:[48;2;252;252;252m                                                                                               [0m
[?25h