[?25l[0m[7m[38;2;0;0;0m [0m[38;2;0;0;0;48;2;0;0;0m                             [38;2;60;60;60;48;2;19;19;19m`[38;2;68;68;68;48;2;122;122;122mL[38;2;178;178;178;48;2;226;226;226m_[38;2;254;254;254;48;2;251;251;251m: [48;2;252;252;252m            [38;2;252;252;252;48;2;251;251;251m:[38;2;253;253;253m'[38;2;252;252;252;48;2;229;229;229m:[38;2;113;113;113;48;2;72;72;72mL[38;2;0;0;0;48;2;7;7;7m:[38;2;1;1;1;48;2;0;0;0m_                                                                   [0m
[7m[38;2;0;0;0m [0m[38;2;0;0;0;48;2;0;0;0m                              [38;2;61;61;61;48;2;19;19;19m`[38;2;62;62;62;48;2;117;117;117mL[38;2;169;169;169;48;2;221;221;221m_[38;2;253;253;253;48;2;250;250;250m:[48;2;251;251;251m [48;2;252;252;252m           [38;2;252;252;252;48;2;251;251;251m.[48;2;250;250;250m [38;2;253;253;253;48;2;238;238;238m:[38;2;167;167;167;48;2;134;134;134mL[38;2;39;39;39;48;2;23;23;23mr[48;2;0;0;0m                                                                    [0m
[7m[38;2;0;0;0m [0m[38;2;0;0;0;48;2;0;0;0m                               [38;2;49;49;49;48;2;15;15;15m`[38;2;134;134;134;48;2;88;88;88m~[38;2;141;141;141;48;2;206;206;206m_[38;2;253;253;253;48;2;249;249;249m:[48;2;251;251;251m [48;2;252;252;252m          [38;2;252;252;252;48;2;251;251;251m:[38;2;250;250;250m`[38;2;254;254;254;48;2;249;249;249m'[38;2;190;190;190;48;2;213;213;213m"[38;2;90;90;90;48;2;50;50;50mL[38;2;0;0;0;48;2;2;2;2m:[48;2;0;0;0m                                                                   [0m
[7m[38;2;0;0;0m [0m[38;2;0;0;0;48;2;0;0;0m                                [38;2;32;32;32;48;2;7;7;7m`[38;2;110;110;110;48;2;67;67;67m~[38;2;121;121;121;48;2;187;187;187m_[38;2;234;234;234;48;2;246;246;246m,[38;2;253;253;253;48;2;251;251;251m.[38;2;251;251;251;48;2;252;252;252m_         [38;2;252;252;252;48;2;251;251;251m.[38;2;249;249;249;48;2;250;250;250m:[38;2;254;254;254;48;2;237;237;237m:[38;2;155;155;155;48;2;118;118;118mL[38;2;34;34;34;48;2;19;19;19mr[38;2;1;1;1;48;2;0;0;0m:                                                                  [0m
[7m[38;2;0;0;0m [0m[38;2;0;0;0;48;2;0;0;0m                                 [38;2;9;9;9;48;2;2;2;2m`[38;2;103;103;103;48;2;46;46;46m`[38;2;78;78;78;48;2;159;159;159m_[38;2;205;205;205;48;2;239;239;239m_[38;2;254;254;254;48;2;251;251;251m. [48;2;252;252;252m        [38;2;252;252;252;48;2;251;251;251m:[38;2;250;250;250m^[38;2;254;254;254;48;2;248;248;248m'[38;2;185;185;185;48;2;209;209;209m~[38;2;89;89;89;48;2;48;48;48mL[38;2;0;0;0;48;2;2;2;2m:[48;2;0;0;0m                                                                  [0m
[7m[38;2;0;0;0m [0m[38;2;0;0;0;48;2;0;0;0m                                  [38;2;2;2;2m`[38;2;75;75;75;48;2;26;26;26m`[38;2;71;71;71;48;2;126;126;126mL[38;2;163;163;163;48;2;223;223;223m_[38;2;252;252;252;48;2;250;250;250m.[48;2;251;251;251m:[48;2;252;252;252m        [48;2;251;251;251m.[38;2;251;251;251;48;2;250;250;250m~[38;2;254;254;254;48;2;238;238;238m:[38;2;165;165;165;48;2;126;126;126mL[38;2;38;38;38;48;2;22;22;22mr[38;2;1;1;1;48;2;0;0;0m.                                                                 [0m
[7m[38;2;0;0;0m [0m[38;2;0;0;0;48;2;0;0;0m                                    [38;2;38;38;38;48;2;10;10;10m`[38;2;119;119;119;48;2;68;68;68m~[38;2;97;97;97;48;2;187;187;187m_[38;2;226;226;226;48;2;243;243;243m,[38;2;253;253;253;48;2;251;251;251m. [48;2;252;252;252m      [38;2;252;252;252;48;2;251;251;251m: [38;2;254;254;254;48;2;249;249;249m'[38;2;197;197;197;48;2;220;220;220m"[38;2;112;112;112;48;2;66;66;66mL[38;2;18;18;18;48;2;6;6;6m,[38;2;1;1;1;48;2;0;0;0m_                                                                [0m
[7m[38;2;0;0;0m [0m[38;2;0;0;0;48;2;0;0;0m                                     [38;2;5;5;5;48;2;1;1;1m`[38;2;66;66;66;48;2;31;31;31m~[38;2;52;52;52;48;2;134;134;134m_[38;2;159;159;159;48;2;224;224;224m_[38;2;251;251;251;48;2;248;248;248m'[38;2;252;252;252;48;2;251;251;251m:[48;2;252;252;252m      [48;2;251;251;251m:[48;2;250;250;250m [38;2;254;254;254;48;2;244;244;244m:[38;2;140;140;140;48;2;178;178;178m~[38;2;68;68;68;48;2;35;35;35mL[38;2;1;1;1;48;2;0;0;0m`                                                                [0m
[7m[38;2;0;0;0m [0m[38;2;0;0;0;48;2;0;0;0m                                      [38;2;1;1;1m`[38;2;34;34;34;48;2;8;8;8m`[38;2;107;107;107;48;2;57;57;57m~[38;2;70;70;70;48;2;170;170;170m_[38;2;186;186;186;48;2;234;234;234m_[38;2;252;252;252;48;2;250;250;250m:[48;2;251;251;251m [48;2;252;252;252m     [48;2;251;251;251m.[48;2;250;250;250m~[38;2;253;253;253;48;2;236;236;236m:[38;2;155;155;155;48;2;109;109;109mL[38;2;44;44;44;48;2;19;19;19m,[38;2;1;1;1;48;2;0;0;0me                                                               [0m
[7m[38;2;0;0;0m [0m[38;2;0;0;0;48;2;0;0;0m                                        [38;2;2;2;2m`[38;2;47;47;47;48;2;17;17;17m"[38;2;146;146;146;48;2;79;79;79m~[38;2;104;104;104;48;2;190;190;190m_[38;2;202;202;202;48;2;241;241;241m_[38;2;253;253;253;48;2;251;251;251m.[38;2;252;252;252m:[48;2;252;252;252m   [48;2;251;251;251m:[38;2;250;250;250m`[38;2;254;254;254;48;2;249;249;249m'[38;2;192;192;192;48;2;220;220;220m"[38;2;116;116;116;48;2;71;71;71mL[38;2;25;25;25;48;2;7;7;7m,[38;2;1;1;1;48;2;0;0;0m,                                                              [0m
[7m[38;2;0;0;0m [0m[38;2;0;0;0;48;2;0;0;0m                                          [38;2;8;8;8;48;2;1;1;1m`[38;2;76;76;76;48;2;24;24;24m`[38;2;158;158;158;48;2;88;88;88m~[38;2;98;98;98;48;2;194;194;194m_[38;2;207;207;207;48;2;242;242;242m_[38;2;253;253;253;48;2;251;251;251m: [48;2;252;252;252m  [38;2;252;252;252;48;2;251;251;251m:[38;2;250;250;250mT[38;2;254;254;254;48;2;245;245;245m'[38;2;150;150;150;48;2;191;191;191m~[38;2;82;82;82;48;2;43;43;43mL[38;2;0;0;0;48;2;1;1;1m:[48;2;0;0;0m                                                              [0m
[7m[38;2;0;0;0m [0m[38;2;0;0;0;48;2;0;0;0m                                            [38;2;7;7;7;48;2;2;2;2m`[38;2;65;65;65;48;2;22;22;22m~[38;2;163;163;163;48;2;82;82;82m~[38;2;90;90;90;48;2;182;182;182m_[38;2;188;188;188;48;2;237;237;237m_[38;2;242;242;242;48;2;249;249;249m,[38;2;252;252;252;48;2;251;251;251m:[48;2;252;252;252m [48;2;251;251;251m:[38;2;250;250;250m=[38;2;254;254;254;48;2;242;242;242m:[38;2;118;118;118;48;2;161;161;161m~[38;2;75;75;75;48;2;35;35;35m,[38;2;1;1;1;48;2;0;0;0m`                                                             [0m
[7m[38;2;0;0;0m [0m[38;2;0;0;0;48;2;0;0;0m                                              [38;2;4;4;4;48;2;1;1;1m`[38;2;61;61;61;48;2;17;17;17m`[38;2;133;133;133;48;2;63;63;63m~[38;2;52;52;52;48;2;159;159;159m_[38;2;140;140;140;48;2;220;220;220m_[38;2;230;230;230;48;2;245;245;245m,[38;2;253;253;253;48;2;251;251;251m. '[48;2;238;238;238m:[38;2;89;89;89;48;2;138;138;138m~[38;2;68;68;68;48;2;25;25;25m,[38;2;1;1;1;48;2;0;0;0m=                                                            [0m
[7m[38;2;0;0;0m [0m[38;2;0;0;0;48;2;0;0;0m                                                 [38;2;28;28;28;48;2;8;8;8m"[38;2;100;100;100;48;2;39;39;39m~[38;2;60;60;60;48;2;131;131;131my[38;2;98;98;98;48;2;192;192;192m_[38;2;178;178;178;48;2;233;233;233m_[38;2;229;229;229;48;2;248;248;248m_[38;2;247;247;247;48;2;249;249;249m,[38;2;218;218;218;48;2;236;236;236m`[38;2;90;90;90;48;2;146;146;146m~[38;2;81;81;81;48;2;31;31;31m,[38;2;0;0;0;48;2;1;1;1m`[48;2;0;0;0m                                                           [0m
[7m[38;2;0;0;0m [0m[38;2;0;0;0;48;2;0;0;0m                                                   [38;2;9;9;9;48;2;2;2;2m`[38;2;68;68;68;48;2;16;16;16m`[38;2;116;116;116;48;2;47;47;47m~[38;2;61;61;61;48;2;132;132;132my[38;2;72;72;72;48;2;187;187;187m_[38;2;134;134;134;48;2;221;221;221m_[38;2;191;191;191;48;2;232;232;232m_[38;2;107;107;107;48;2;178;178;178m~[38;2;97;97;97;48;2;48;48;48m_[38;2;16;16;16;48;2;4;4;4m,[38;2;1;1;1;48;2;0;0;0m_                                                         [0m
[7m[38;2;0;0;0m [0m[38;2;0;0;0;48;2;0;0;0m                                                      [38;2;1;1;1m`[38;2;35;35;35;48;2;9;9;9m"[38;2;91;91;91;48;2;26;26;26m~[38;2;60;60;60;48;2;107;107;107ms[38;2;219;219;219;48;2;202;202;202m][38;2;99;99;99;48;2;138;138;138m`[38;2;52;52;52;48;2;27;27;27mL[38;2;1;1;1;48;2;0;0;0m:                                                         [0m
[7m[38;2;0;0;0m [0m[38;2;0;0;0;48;2;0;0;0m                                                         [38;2;53;53;53;48;2;26;26;26m"[38;2;32;32;32;48;2;112;112;112my[38;2;123;123;123;48;2;47;47;47m~[38;2;30;30;30;48;2;8;8;8m~[38;2;1;1;1;48;2;0;0;0m`                                                         [0m
[7m[38;2;0;0;0m [0m[38;2;0;0;0;48;2;0;0;0m                                                                                                                       [0m
[7m[38;2;0;0;0m [0m[38;2;0;0;0;48;2;0;0;0m                                                                                                                       [0m
[7m[38;2;0;0;0m [0m[38;2;0;0;0;48;2;0;0;0m                                                                                                                       [0m
[7m[38;2;0;0;0m [0m[38;2;0;0;0;48;2;0;0;0m                                                                                                                       [0m
[7m[38;2;0;0;0m [0m[38;2;0;0;0;48;2;0;0;0m                                                                                                                       [0m
[7m[38;2;0;0;0m [0m[38;2;0;0;0;48;2;0;0;0m                                                                                                                       [0m
[7m[38;2;0;0;0m [0m[38;2;0;0;0;48;2;0;0;0m                                                                                                                       [0m
[7m[38;2;0;0;0m [0m[38;2;0;0;0;48;2;0;0;0m                                                                                                                       [0m
[7m[38;2;0;0;0m [0m[38;2;0;0;0;48;2;0;0;0m                                                                                                                       [0m
[7m[38;2;0;0;0m [0m[38;2;0;0;0;48;2;0;0;0m                                                                                                                       [0m
[7m[38;2;0;0;0m [0m[38;2;0;0;0;48;2;0;0;0m                                                                                                                       [0m
[7m[38;2;0;0;0m [0m[38;2;0;0;0;48;2;0;0;0m                                                                                                                       [0m
[7m[38;2;0;0;0m [0m[38;2;0;0;0;48;2;0;0;0m                                                                                                                       [0m
[7m[38;2;0;0;0m [0m[38;2;0;0;0;48;2;0;0;0m                                                                                                                       [0m
[7m[38;2;0;0;0m [0m[38;2;0;0;0;48;2;0;0;0m                                                                                                                       [0m
[7m[38;2;0;0;0m [0m[38;2;0;0;0;48;2;0;0;0m                                                                                                                       [0m
[7m[38;2;0;0;0m [0m[38;2;0;0;0;48;2;0;0;0m                                                                                                                       [0m
[7m[38;2;0;0;0m [0m[38;2;0;0;0;48;2;0;0;0m                                                                                                                       [0m
[7m[38;2;0;0;0m [0m[38;2;0;0;0;48;2;0;0;0m                                                                                                                       [0m
[?25h