[?25l[0m[7m[38;2;252;252;252m [0m[38;2;0;0;0;48;2;252;252;252m                    [38;2;252;252;252;48;2;251;251;251m: [38;2;251;251;251;48;2;242;242;242m`[38;2;146;146;146;48;2;204;204;204my[38;2;196;196;196;48;2;88;88;88m~[38;2;47;47;47;48;2;18;18;18m`[48;2;0;0;0m                                              [38;2;1;1;1m_[38;2;0;0;0;48;2;11;11;11m:[38;2;99;99;99;48;2;88;88;88m4[38;2;220;220;220;48;2;233;233;233mL[38;2;251;251;251;48;2;252;252;252my[38;2;252;252;252;48;2;251;251;251m:[48;2;252;252;252m                                         [0m
[7m[38;2;252;252;252m [0m[38;2;0;0;0;48;2;252;252;252m                   [38;2;252;252;252;48;2;251;251;251m::[38;2;253;253;253;48;2;252;252;252m,[38;2;234;234;234;48;2;242;242;242m`[38;2;216;216;216;48;2;183;183;183m*[38;2;113;113;113;48;2;92;92;92mK[38;2;2;2;2;48;2;10;10;10m:[48;2;0;0;0m                                              [38;2;1;1;1m:[38;2;0;0;0;48;2;21;21;21m:[38;2;137;137;137;48;2;123;123;123m4[38;2;226;226;226;48;2;236;236;236mL[48;2;250;250;250m [48;2;251;251;251m [48;2;252;252;252m                                         [0m
[7m[38;2;252;252;252m [0m[38;2;0;0;0;48;2;252;252;252m                  [38;2;252;252;252;48;2;251;251;251m: [38;2;251;251;251;48;2;247;247;247m'[38;2;192;192;192;48;2;218;218;218my[38;2;214;214;214;48;2;114;114;114m~[38;2;94;94;94;48;2;36;36;36m~[38;2;14;14;14;48;2;4;4;4m`[48;2;0;0;0m                                               [38;2;1;1;1m:[38;2;0;0;0;48;2;22;22;22m:[38;2;139;139;139;48;2;126;126;126m4[38;2;226;226;226;48;2;237;237;237mL[48;2;250;250;250m [48;2;251;251;251m [48;2;252;252;252m                                         [0m
[7m[38;2;252;252;252m [0m[38;2;0;0;0;48;2;252;252;252m                  [38;2;252;252;252;48;2;251;251;251m::[38;2;247;247;247m`[38;2;219;219;219;48;2;246;246;246m`[38;2;168;168;168;48;2;212;212;212m`[38;2;130;130;130;48;2;101;101;101mF[38;2;0;0;0;48;2;13;13;13m.[48;2;0;0;0m                                               [38;2;1;1;1m:[38;2;0;0;0;48;2;12;12;12m:[38;2;104;104;104;48;2;90;90;90m4[38;2;219;219;219;48;2;233;233;233mL[38;2;252;252;252;48;2;251;251;251mL:[48;2;252;252;252m                                         [0m
[7m[38;2;252;252;252m [0m[38;2;0;0;0;48;2;252;252;252m                   [38;2;252;252;252;48;2;251;251;251m:[38;2;251;251;251;48;2;252;252;252mK[38;2;249;249;249;48;2;244;244;244m`[38;2;171;171;171;48;2;209;209;209m=[38;2;251;251;251;48;2;122;122;122m_[38;2;229;229;229;48;2;82;82;82m_[38;2;159;159;159;48;2;59;59;59m_[38;2;59;59;59;48;2;31;31;31m_[38;2;0;0;0;48;2;5;5;5m`[48;2;0;0;0m                                             [48;2;1;1;1m:[38;2;11;11;11;48;2;50;50;50m:[38;2;184;184;184;48;2;207;207;207mL[38;2;241;241;241;48;2;248;248;248m,[38;2;251;251;251;48;2;252;252;252my[38;2;252;252;252;48;2;251;251;251m:[48;2;252;252;252m                                        [0m
[7m[38;2;252;252;252m [0m[38;2;0;0;0;48;2;252;252;252m                    [38;2;252;252;252;48;2;251;251;251m: [38;2;253;253;253;48;2;242;242;242m`[38;2;163;163;163;48;2;211;211;211my[38;2;53;53;53;48;2;141;141;141my[38;2;119;119;119;48;2;32;32;32m~[38;2;41;41;41;48;2;7;7;7m~[38;2;3;3;3;48;2;1;1;1m'[48;2;0;0;0m                                              [38;2;0;0;0;48;2;23;23;23m:[38;2;112;112;112;48;2;144;144;144mL[38;2;229;229;229;48;2;237;237;237mr[38;2;251;251;251;48;2;250;250;250m,[48;2;251;251;251m [48;2;252;252;252m                                        [0m
[7m[38;2;252;252;252m [0m[38;2;0;0;0;48;2;252;252;252m                     [38;2;252;252;252;48;2;247;247;247m`[38;2;159;159;159;48;2;228;228;228m_[38;2;50;50;50;48;2;169;169;169m_[38;2;92;92;92;48;2;56;56;56mm[38;2;0;0;0;48;2;5;5;5m:[48;2;0;0;0m                                               [38;2;1;1;1m"[38;2;0;0;0;48;2;5;5;5m:[38;2;82;82;82;48;2;66;66;66m4[38;2;204;204;204;48;2;223;223;223mL[38;2;247;247;247;48;2;251;251;251m,[38;2;253;253;253;48;2;252;252;252m;                                        [0m
[7m[38;2;252;252;252m [0m[38;2;0;0;0;48;2;252;252;252m                    [38;2;252;252;252;48;2;251;251;251m"[38;2;251;251;251;48;2;238;238;238m.[38;2;133;133;133;48;2;188;188;188m^[38;2;171;171;171;48;2;90;90;90my[38;2;148;148;148;48;2;34;34;34m_[38;2;0;0;0;48;2;4;4;4m`[48;2;0;0;0m                                                 [48;2;31;31;31m:[38;2;148;148;148;48;2;174;174;174mL[38;2;234;234;234;48;2;242;242;242mL[38;2;252;252;252;48;2;251;251;251m`.[48;2;252;252;252m                                       [0m
[7m[38;2;252;252;252m [0m[38;2;0;0;0;48;2;252;252;252m                     [38;2;252;252;252;48;2;251;251;251m:[38;2;249;249;249m`[38;2;236;236;236;48;2;244;244;244m`[38;2;181;181;181;48;2;190;190;190m4[38;2;40;40;40;48;2;27;27;27mL[38;2;3;3;3;48;2;1;1;1m,[48;2;0;0;0m                                               [38;2;1;1;1m=[38;2;0;0;0;48;2;18;18;18m:[38;2;92;92;92;48;2;123;123;123mL[38;2;223;223;223;48;2;235;235;235mL[38;2;251;251;251;48;2;250;250;250mL[38;2;252;252;252;48;2;251;251;251m.[48;2;252;252;252m                                       [0m
[7m[38;2;252;252;252m [0m[38;2;0;0;0;48;2;252;252;252m                       [38;2;247;247;247;48;2;250;250;250m`[38;2;207;207;207;48;2;238;238;238m`[38;2;149;149;149;48;2;215;215;215m~[38;2;89;89;89;48;2;180;180;180m~[38;2;199;199;199;48;2;115;115;115my[38;2;86;86;86;48;2;48;48;48mw[38;2;0;0;0;48;2;4;4;4m:[38;2;1;1;1;48;2;0;0;0m.                                            [38;2;0;0;0;48;2;1;1;1m:[38;2;5;5;5;48;2;41;41;41m:[38;2;105;105;105;48;2;178;178;178m_[38;2;225;225;225;48;2;242;242;242m,[38;2;252;252;252;48;2;251;251;251m~:[48;2;252;252;252m                                      [0m
[7m[38;2;252;252;252m [0m[38;2;0;0;0;48;2;252;252;252m                        [48;2;251;251;251m [38;2;251;251;251;48;2;250;250;250m4[38;2;250;250;250;48;2;240;240;240m'[38;2;128;128;128;48;2;180;180;180m_[38;2;7;7;7;48;2;31;31;31m:[48;2;0;0;0m                                               [38;2;0;0;0;48;2;2;2;2m:[38;2;9;9;9;48;2;45;45;45m:[38;2;101;101;101;48;2;188;188;188m_[38;2;227;227;227;48;2;243;243;243m,[48;2;251;251;251m [38;2;252;252;252m:[48;2;252;252;252m                                     [0m
[7m[38;2;252;252;252m [0m[38;2;0;0;0;48;2;252;252;252m                        [38;2;252;252;252;48;2;251;251;251mm[38;2;251;251;251;48;2;250;250;250m"[38;2;241;241;241;48;2;232;232;232m:[38;2;105;105;105;48;2;167;167;167m^[38;2;213;213;213;48;2;109;109;109my[38;2;182;182;182;48;2;88;88;88my[38;2;120;120;120;48;2;39;39;39m_[38;2;0;0;0;48;2;4;4;4m:[48;2;0;0;0m                                             [48;2;2;2;2m:[38;2;72;72;72;48;2;28;28;28m"[38;2;71;71;71;48;2;144;144;144my[38;2;181;181;181;48;2;228;228;228m_[38;2;242;242;242;48;2;249;249;249m,[38;2;252;252;252;48;2;251;251;251m`:[48;2;252;252;252m                                   [0m
[7m[38;2;252;252;252m [0m[38;2;0;0;0;48;2;252;252;252m                      [38;2;250;250;250;48;2;249;249;249m.[38;2;225;225;225;48;2;241;241;241m=[38;2;231;231;231;48;2;243;243;243m=[38;2;253;253;253;48;2;252;252;252m:[38;2;250;250;250;48;2;251;251;251m`[38;2;246;246;246m`[38;2;248;248;248;48;2;249;249;249m`[38;2;215;215;215;48;2;223;223;223mu[38;2;61;61;61;48;2;113;113;113my[38;2;0;0;0;48;2;10;10;10m:[48;2;0;0;0m                                              [38;2;1;1;1m`[38;2;0;0;0;48;2;9;9;9m:[38;2;123;123;123;48;2;65;65;65m~[38;2;134;134;134;48;2;202;202;202m_[38;2;231;231;231;48;2;245;245;245m,[38;2;250;250;250;48;2;251;251;251m_[38;2;252;252;252m:[48;2;252;252;252m                                  [0m
[7m[38;2;252;252;252m [0m[38;2;0;0;0;48;2;252;252;252m                       [38;2;251;251;251m`  [48;2;251;251;251m [38;2;248;248;248;48;2;250;250;250m_[48;2;230;230;230m'[38;2;98;98;98;48;2;146;146;146my[38;2;0;0;0;48;2;17;17;17m:[48;2;0;0;0m                                                [38;2;1;1;1m^[38;2;0;0;0;48;2;5;5;5m`[38;2;99;99;99;48;2;54;54;54m~[38;2;130;130;130;48;2;198;198;198m_[38;2;228;228;228;48;2;245;245;245m,[48;2;251;251;251m [38;2;252;252;252m:[48;2;252;252;252m                                 [0m
[7m[38;2;252;252;252m [0m[38;2;0;0;0;48;2;252;252;252m                          [38;2;252;252;252;48;2;251;251;251m:[38;2;250;250;250;48;2;247;247;247m:[38;2;186;186;186;48;2;204;204;204m4[38;2;72;72;72;48;2;56;56;56mL[38;2;0;0;0;48;2;3;3;3m:[48;2;0;0;0m                                                 [38;2;1;1;1m~[38;2;0;0;0;48;2;4;4;4m:[38;2;88;88;88;48;2;51;51;51m"[38;2;123;123;123;48;2;194;194;194m_[38;2;227;227;227;48;2;244;244;244m,[48;2;251;251;251m [38;2;252;252;252m.[48;2;252;252;252m                                [0m
[7m[38;2;252;252;252m [0m[38;2;0;0;0;48;2;252;252;252m                         [38;2;252;252;252;48;2;251;251;251m. [38;2;251;251;251;48;2;246;246;246m`[38;2;183;183;183;48;2;200;200;200m4[38;2;47;47;47;48;2;33;33;33mL[48;2;0;0;0m                                                   [38;2;1;1;1m`[38;2;0;0;0;48;2;3;3;3m:[38;2;88;88;88;48;2;46;46;46m~[38;2;142;142;142;48;2;196;196;196m_[38;2;231;231;231;48;2;245;245;245m,[48;2;251;251;251m [38;2;252;252;252m:[48;2;252;252;252m                               [0m
[7m[38;2;252;252;252m [0m[38;2;0;0;0;48;2;252;252;252m                         [38;2;252;252;252;48;2;251;251;251m: [38;2;250;250;250m`[38;2;209;209;209;48;2;219;219;219m4[38;2;92;92;92;48;2;62;62;62mL[38;2;0;0;0;48;2;4;4;4m:[38;2;1;1;1;48;2;0;0;0m,                                                   [38;2;0;0;0;48;2;4;4;4m:[38;2;94;94;94;48;2;59;59;59m~[38;2;188;188;188;48;2;213;213;213mL[38;2;241;241;241;48;2;248;248;248m,[48;2;251;251;251m [38;2;252;252;252m:[48;2;252;252;252m                              [0m
[7m[38;2;252;252;252m [0m[38;2;0;0;0;48;2;252;252;252m                          [38;2;252;252;252;48;2;251;251;251ml[38;2;251;251;251;48;2;250;250;250my[38;2;244;244;244;48;2;233;233;233m:[38;2;185;185;185;48;2;140;140;140m_[38;2;0;0;0;48;2;18;18;18m`[38;2;1;1;1;48;2;0;0;0m`                                                    [38;2;0;0;0;48;2;23;23;23m:[38;2;162;162;162;48;2;179;179;179mL[38;2;236;236;236;48;2;242;242;242mL[48;2;251;251;251m  [48;2;252;252;252m                              [0m
[7m[38;2;252;252;252m [0m[38;2;0;0;0;48;2;252;252;252m                          [38;2;252;252;252;48;2;251;251;251m::[38;2;247;247;247;48;2;250;250;250m`[38;2;205;205;205;48;2;219;219;219m"[38;2;173;173;173;48;2;82;82;82m_[38;2;63;63;63;48;2;16;16;16m_[38;2;0;0;0;48;2;1;1;1m`[48;2;0;0;0m                                                   [48;2;22;22;22m:[38;2;159;159;159;48;2;175;175;175mL[38;2;234;234;234;48;2;241;241;241mL[48;2;251;251;251m  [48;2;252;252;252m                              [0m
[7m[38;2;252;252;252m [0m[38;2;0;0;0;48;2;252;252;252m                             [38;2;245;245;245;48;2;250;250;250m`[38;2;198;198;198;48;2;240;240;240m`[38;2;146;146;146;48;2;207;207;207m~[38;2;98;98;98;48;2;66;66;66mw[38;2;0;0;0;48;2;6;6;6m:[48;2;0;0;0m                                                  [48;2;28;28;28m`[38;2;167;167;167;48;2;188;188;188mF[38;2;238;238;238;48;2;244;244;244mF[38;2;252;252;252;48;2;251;251;251mL.[48;2;252;252;252m                              [0m
[7m[38;2;252;252;252m [0m[38;2;0;0;0;48;2;252;252;252m                            [38;2;252;252;252;48;2;251;251;251m: [48;2;250;250;250m [38;2;204;204;204;48;2;222;222;222m_[38;2;101;101;101;48;2;80;80;80mF[38;2;0;0;0;48;2;8;8;8m:[38;2;1;1;1;48;2;0;0;0m`                                                [38;2;0;0;0;48;2;9;9;9m:[38;2;118;118;118;48;2;83;83;83my[38;2;213;213;213;48;2;227;227;227mF[48;2;251;251;251m [38;2;252;252;252m.[48;2;252;252;252m                               [0m
[7m[38;2;252;252;252m [0m[38;2;0;0;0;48;2;252;252;252m                           [38;2;252;252;252;48;2;251;251;251m::[38;2;251;251;251;48;2;248;248;248m`[38;2;179;179;179;48;2;221;221;221m_[38;2;55;55;55;48;2;122;122;122mg[38;2;0;0;0;48;2;14;14;14m:[38;2;1;1;1;48;2;0;0;0m:                                                [38;2;0;0;0;48;2;2;2;2m:[38;2;80;80;80;48;2;42;42;42m_[38;2;154;154;154;48;2;199;199;199m~[38;2;235;235;235;48;2;247;247;247m~[38;2;250;250;250;48;2;251;251;251m" [48;2;252;252;252m                               [0m
[7m[38;2;252;252;252m [0m[38;2;0;0;0;48;2;252;252;252m                          [38;2;252;252;252;48;2;251;251;251m:~[38;2;251;251;251;48;2;245;245;245m`[38;2;130;130;130;48;2;206;206;206m_[38;2;147;147;147;48;2;69;69;69m~[38;2;0;0;0;48;2;8;8;8m:[48;2;0;0;0m                                                 [38;2;1;1;1m`[38;2;0;0;0;48;2;21;21;21m`[38;2;103;103;103;48;2;156;156;156m~[38;2;225;225;225;48;2;237;237;237m~[38;2;252;252;252;48;2;251;251;251m, [48;2;252;252;252m                                [0m
[7m[38;2;252;252;252m [0m[38;2;0;0;0;48;2;252;252;252m                         [38;2;252;252;252;48;2;251;251;251m:[38;2;249;249;249m_[38;2;251;251;251;48;2;236;236;236m`[38;2;83;83;83;48;2;169;169;169m_[38;2;71;71;71;48;2;35;35;35m^[38;2;0;0;0;48;2;2;2;2m`[38;2;1;1;1;48;2;0;0;0m`                                                 [38;2;0;0;0;48;2;1;1;1m:[38;2;9;9;9;48;2;44;44;44m`[38;2;194;194;194;48;2;209;209;209mF[38;2;246;246;246;48;2;249;249;249m~[38;2;252;252;252;48;2;251;251;251mL:[48;2;252;252;252m                                [0m
[7m[38;2;252;252;252m [0m[38;2;0;0;0;48;2;252;252;252m                        [38;2;252;252;252;48;2;251;251;251m: [38;2;235;235;235;48;2;243;243;243m4[38;2;164;164;164;48;2;193;193;193m4[38;2;207;207;207;48;2;74;74;74m_[38;2;153;153;153;48;2;39;39;39m_[38;2;128;128;128;48;2;29;29;29m_[38;2;124;124;124;48;2;27;27;27m_[38;2;0;0;0;48;2;4;4;4m:[48;2;0;0;0m                                                [48;2;1;1;1m:[38;2;15;15;15;48;2;41;41;41m:[38;2;169;169;169;48;2;201;201;201m_[38;2;237;237;237;48;2;247;247;247m,[48;2;251;251;251m  [48;2;252;252;252m                                [0m
[7m[38;2;252;252;252m [0m[38;2;0;0;0;48;2;252;252;252m                          [38;2;252;252;252;48;2;251;251;251m: [38;2;241;241;241;48;2;248;248;248m`[38;2;198;198;198;48;2;239;239;239m~[38;2;173;173;173;48;2;230;230;230m~[38;2;158;158;158;48;2;192;192;192m~[38;2;66;66;66;48;2;34;34;34mL[38;2;0;0;0;48;2;1;1;1m:[38;2;1;1;1;48;2;0;0;0m_                                               [38;2;0;0;0;48;2;8;8;8m:[38;2;49;49;49;48;2;98;98;98mg[38;2;176;176;176;48;2;215;215;215m_[38;2;239;239;239;48;2;248;248;248m,[48;2;251;251;251m [38;2;252;252;252m:[48;2;252;252;252m                               [0m
[7m[38;2;252;252;252m [0m[38;2;0;0;0;48;2;252;252;252m                            [38;2;252;252;252;48;2;251;251;251m: [48;2;250;250;250m [38;2;243;243;243;48;2;229;229;229m:[38;2;146;146;146;48;2;114;114;114mL[38;2;0;0;0;48;2;14;14;14m:[38;2;1;1;1;48;2;0;0;0m:                                                [38;2;0;0;0;48;2;9;9;9m:[38;2;57;57;57;48;2;101;101;101mg[38;2;191;191;191;48;2;221;221;221m_[38;2;243;243;243;48;2;250;250;250m,[38;2;252;252;252;48;2;251;251;251m::[48;2;252;252;252m                              [0m
[7m[38;2;252;252;252m [0m[38;2;0;0;0;48;2;252;252;252m                             [38;2;252;252;252;48;2;251;251;251m:[38;2;250;250;250m'[38;2;251;251;251;48;2;246;246;246m:[38;2;174;174;174;48;2;209;209;209m~[38;2;222;222;222;48;2;91;91;91m_[38;2;183;183;183;48;2;57;57;57m_[38;2;72;72;72;48;2;15;15;15m_[38;2;0;0;0;48;2;1;1;1m:[48;2;0;0;0m                                              [38;2;1;1;1m,[38;2;0;0;0;48;2;15;15;15m:[38;2;160;160;160;48;2;122;122;122m~[38;2;219;219;219;48;2;233;233;233mL[48;2;251;251;251m  [48;2;252;252;252m                              [0m
[7m[38;2;252;252;252m [0m[38;2;0;0;0;48;2;252;252;252m                                [38;2;249;249;249;48;2;251;251;251m`[38;2;234;234;234;48;2;248;248;248m`[38;2;208;208;208;48;2;232;232;232m`[38;2;161;161;161;48;2;143;143;143m$[38;2;39;39;39;48;2;17;17;17mL[48;2;0;0;0m                                              [38;2;1;1;1m`[38;2;0;0;0;48;2;4;4;4m:[38;2;52;52;52;48;2;70;70;70m:[38;2;207;207;207;48;2;224;224;224mL[48;2;252;252;252m                                [0m
[7m[38;2;252;252;252m [0m[38;2;0;0;0;48;2;252;252;252m                                [38;2;252;252;252;48;2;251;251;251m:y[38;2;223;223;223;48;2;231;231;231m4[38;2;129;129;129;48;2;115;115;115m^[38;2;149;149;149;48;2;53;53;53m_[38;2;159;159;159;48;2;52;52;52m_[38;2;0;0;0;48;2;10;10;10m:[48;2;0;0;0m                                            [38;2;1;1;1m,[38;2;0;0;0;48;2;5;5;5m:[38;2;96;96;96;48;2;72;72;72m_[38;2;210;210;210;48;2;225;225;225mF[38;2;251;251;251;48;2;252;252;252m_                               [0m
[7m[38;2;252;252;252m [0m[38;2;0;0;0;48;2;252;252;252m                                  [38;2;238;238;238;48;2;246;246;246m`[38;2;191;191;191;48;2;237;237;237m~[38;2;235;235;235;48;2;216;216;216m$[38;2;102;102;102;48;2;133;133;133my[38;2;0;0;0;48;2;19;19;19m:[38;2;1;1;1;48;2;0;0;0mw [38;2;3;3;3m_                                         [38;2;1;1;1m`[38;2;0;0;0;48;2;18;18;18m`[38;2;161;161;161;48;2;136;136;136my[38;2;226;226;226;48;2;235;235;235m~[48;2;251;251;251m  [48;2;252;252;252m                              [0m
[7m[38;2;252;252;252m [0m[38;2;0;0;0;48;2;252;252;252m                                  [38;2;252;252;252;48;2;251;251;251m:[38;2;251;251;251;48;2;252;252;252mF[38;2;221;221;221;48;2;230;230;230m4[38;2;133;133;133;48;2;100;100;100m_[38;2;185;185;185;48;2;72;72;72m_[38;2;206;206;206;48;2;114;114;114my[38;2;50;50;50;48;2;166;166;166m~[38;2;146;146;146;48;2;74;74;74m_[38;2;0;0;0;48;2;11;11;11m:[38;2;1;1;1;48;2;0;0;0m+                                      ,[38;2;0;0;0;48;2;4;4;4m:[38;2;82;82;82;48;2;51;51;51my[38;2;184;184;184;48;2;212;212;212m~[38;2;243;243;243;48;2;249;249;249m~[48;2;251;251;251m [38;2;252;252;252m:[48;2;252;252;252m                              [0m
[7m[38;2;252;252;252m [0m[38;2;0;0;0;48;2;252;252;252m                                   [38;2;253;253;253m`[38;2;242;242;242;48;2;249;249;249m`[38;2;182;182;182;48;2;242;242;242m`[38;2;211;211;211;48;2;245;245;245m`[38;2;249;249;249;48;2;250;250;250m:[48;2;240;240;240m:[38;2;180;180;180;48;2;160;160;160mF[38;2;49;49;49;48;2;24;24;24mL[48;2;0;0;0m                                       [38;2;1;1;1m`[38;2;0;0;0;48;2;26;26;26m`[38;2;192;192;192;48;2;150;150;150my[38;2;226;226;226;48;2;239;239;239m~[48;2;251;251;251m  [48;2;252;252;252m                               [0m
[7m[38;2;252;252;252m [0m[38;2;0;0;0;48;2;252;252;252m                                      [48;2;251;251;251m [48;2;250;250;250m [38;2;235;235;235;48;2;240;240;240m4[38;2;161;161;161;48;2;155;155;155m$[38;2;45;45;45;48;2;23;23;23mL[48;2;0;0;0m                                       [38;2;0;0;0;48;2;17;17;17m`[38;2;164;164;164;48;2;110;110;110my[38;2;214;214;214;48;2;232;232;232m~[48;2;251;251;251m [38;2;252;252;252m:[48;2;252;252;252m                                [0m
[7m[38;2;252;252;252m [0m[38;2;0;0;0;48;2;252;252;252m                                      [38;2;252;252;252;48;2;251;251;251m: [38;2;251;251;251;48;2;244;244;244m:[38;2;182;182;182;48;2;191;191;191m4[38;2;61;61;61;48;2;31;31;31mL[48;2;0;0;0m                                      [38;2;0;0;0;48;2;12;12;12m`[38;2;167;167;167;48;2;93;93;93m_[38;2;213;213;213;48;2;226;226;226m^[38;2;248;248;248;48;2;251;251;251m~[38;2;252;252;252m::[48;2;252;252;252m                                [0m
[7m[38;2;252;252;252m [0m[38;2;0;0;0;48;2;252;252;252m                                      [38;2;252;252;252;48;2;251;251;251m: [38;2;245;245;245;48;2;247;247;247m4[38;2;189;189;189;48;2;201;201;201m4[38;2;65;65;65;48;2;35;35;35mL[48;2;0;0;0m                                     [38;2;0;0;0;48;2;10;10;10m:[38;2;162;162;162;48;2;82;82;82m_[38;2;198;198;198;48;2;219;219;219m^[38;2;244;244;244;48;2;250;250;250m~[48;2;251;251;251m [38;2;252;252;252m:[48;2;252;252;252m                                 [0m
[?25h