[?25l[0m[7m[38;2;0;0;0m [0m[38;2;0;0;0;48;2;0;0;0m                                                                                                                       [0m
[7m[38;2;0;0;0m [0m[38;2;0;0;0;48;2;0;0;0m                          [38;2;2;2;2m_                                                                                            [0m
[7m[38;2;0;0;0m [0m[38;2;0;0;0;48;2;0;0;0m                         [48;2;1;1;1m.[38;2;8;8;8;48;2;3;3;3m=[38;2;0;0;0;48;2;1;1;1m`[48;2;0;0;0m                [38;2;1;1;1m=                                                                          [0m
[7m[38;2;0;0;0m [0m[38;2;0;0;0;48;2;0;0;0m                                                                                  [38;2;11;11;11;48;2;6;6;6ma[38;2;5;5;5;48;2;3;3;3mr[48;2;0;0;0m                                   [0m
[7m[38;2;0;0;0m [0m[38;2;0;0;0;48;2;0;0;0m      [38;2;1;1;1m`                                                                           `                                    [0m
[7m[38;2;0;0;0m [0m[38;2;0;0;0;48;2;0;0;0m                                                                                                                       [0m
[7m[38;2;0;0;0m [0m[38;2;0;0;0;48;2;0;0;0m                                      [38;2;6;6;6;48;2;1;1;1m=[38;2;7;7;7;48;2;2;2;2m==[38;2;5;5;5m*[48;2;0;0;0m                               [38;2;1;1;1m.[38;2;0;0;0;48;2;1;1;1m`[38;2;11;11;11;48;2;5;5;5ma[38;2;5;5;5;48;2;2;2;2mr[48;2;0;0;0m                                        [38;2;1;1;1m=[38;2;2;2;2;48;2;1;1;1m=[0m
[7m[38;2;0;0;0m [0m[38;2;0;0;0;48;2;0;0;0m     [48;2;1;1;1m.[38;2;6;6;6;48;2;2;2;2m^[48;2;0;0;0m                            [38;2;4;4;4;48;2;2;2;2mF[48;2;0;0;0m    [38;2;1;1;1m`      [38;2;0;0;0;48;2;1;1;1m`[38;2;4;4;4;48;2;2;2;2mw[48;2;0;0;0m                [38;2;2;2;2m_     [38;2;0;0;0;48;2;6;6;6m`[38;2;142;142;142;48;2;22;22;22m_[38;2;191;191;191;48;2;47;47;47m_[38;2;195;195;195;48;2;49;49;49m_[38;2;148;148;148;48;2;28;28;28m_[38;2;45;45;45;48;2;6;6;6m_[48;2;0;0;0m                             [38;2;18;18;18;48;2;10;10;10mu[38;2;15;15;15;48;2;7;7;7mw[38;2;3;3;3;48;2;1;1;1m.[48;2;0;0;0m        [48;2;1;1;1muw[0m
[7m[38;2;0;0;0m [0m[38;2;0;0;0;48;2;0;0;0m                                               [38;2;1;1;1m`[38;2;3;3;3m~        [38;2;0;0;0;48;2;1;1;1m`[38;2;8;8;8;48;2;4;4;4ms[48;2;0;0;0m      [38;2;3;3;3m~   [38;2;0;0;0;48;2;1;1;1m`[48;2;31;31;31m`[38;2;52;52;52;48;2;153;153;153m~[38;2;187;187;187;48;2;226;226;226m"[38;2;237;237;237;48;2;246;246;246m~[48;2;248;248;248m`[38;2;193;193;193;48;2;228;228;228m"[38;2;133;133;133;48;2;91;91;91mL[38;2;21;21;21;48;2;9;9;9mr[48;2;0;0;0m                            [38;2;6;6;6;48;2;1;1;1m`[38;2;5;5;5m`[48;2;0;0;0m         [48;2;1;1;1m_[38;2;6;6;6m_[0m
[7m[38;2;0;0;0m [0m[38;2;0;0;0;48;2;0;0;0m                                                          [38;2;5;5;5m`       [38;2;0;0;0;48;2;7;7;7m`[38;2;97;97;97;48;2;23;23;23m_[38;2;165;165;165;48;2;33;33;33m_[38;2;206;206;206;48;2;84;84;84m_[38;2;101;101;101;48;2;189;189;189m~[38;2;228;228;228;48;2;244;244;244m~[38;2;252;252;252;48;2;251;251;251m_ [38;2;250;250;250ms[38;2;253;253;253;48;2;247;247;247m:[38;2;132;132;132;48;2;166;166;166m~[38;2;151;151;151;48;2;52;52;52m_[38;2;97;97;97;48;2;13;13;13m_[38;2;54;54;54;48;2;6;6;6m_[38;2;21;21;21;48;2;1;1;1m_[38;2;3;3;3;48;2;0;0;0m,       _[38;2;1;1;1m,                          [38;2;7;7;7;48;2;4;4;4m^[38;2;9;9;9m^[0m
[7m[38;2;0;0;0m [0m[38;2;0;0;0;48;2;0;0;0m                                                                [48;2;15;15;15m:[38;2;133;133;133;48;2;64;64;64my[38;2;44;44;44;48;2;162;162;162m~[38;2;130;130;130;48;2;213;213;213m~[38;2;211;211;211;48;2;237;237;237m~[38;2;235;235;235;48;2;248;248;248m`[38;2;253;253;253;48;2;252;252;252m.    F[38;2;242;242;242;48;2;250;250;250m`[38;2;198;198;198;48;2;236;236;236m~[38;2;144;144;144;48;2;222;222;222m~[38;2;100;100;100;48;2;212;212;212m~[38;2;71;71;71;48;2;200;200;200m~[38;2;47;47;47;48;2;163;163;163m~[38;2;85;85;85;48;2;48;48;48mm[38;2;3;3;3;48;2;1;1;1mr[48;2;0;0;0m    [38;2;2;2;2;48;2;1;1;1m4[38;2;0;0;0;48;2;6;6;6m_[38;2;3;3;3;48;2;1;1;1mF[48;2;0;0;0m                            [0m
[7m[38;2;0;0;0m [0m[38;2;0;0;0;48;2;0;0;0m    [48;2;1;1;1m`[38;2;5;5;5;48;2;2;2;2mw[38;2;3;3;3;48;2;1;1;1mw[48;2;0;0;0m  [38;2;0;0;0;48;2;1;1;1m`[38;2;4;4;4mw[38;2;1;1;1;48;2;0;0;0m.                                             [38;2;2;2;2m_      [38;2;0;0;0;48;2;8;8;8m:[38;2;125;125;125;48;2;35;35;35m~[38;2;186;186;186;48;2;62;62;62m~[38;2;190;190;190;48;2;58;58;58m~[38;2;177;177;177;48;2;49;49;49m~[38;2;196;196;196;48;2;100;100;100m~[38;2;203;203;203;48;2;228;228;228m,[38;2;248;248;248;48;2;251;251;251m,[38;2;252;252;252m:[48;2;252;252;252m    [48;2;251;251;251m_[38;2;250;250;250;48;2;249;249;249m:[38;2;197;197;197;48;2;240;240;240m_[38;2;125;125;125;48;2;180;180;180m_[38;2;159;159;159;48;2;73;73;73m~[38;2;72;72;72;48;2;14;14;14m'[38;2;1;1;1;48;2;0;0;0m~                   [38;2;3;3;3m_[38;2;4;4;4m_[38;2;6;6;6;48;2;4;4;4m4[38;2;13;13;13;48;2;8;8;8m=[38;2;6;6;6;48;2;3;3;3mr[48;2;0;0;0m           [0m
[7m[38;2;0;0;0m [0m[38;2;0;0;0;48;2;0;0;0m     [38;2;2;2;2m`[38;2;1;1;1m`[38;2;0;0;0;48;2;1;1;1m`[38;2;7;7;7;48;2;2;2;2m=[38;2;1;1;1;48;2;0;0;0m:`                                              [38;2;3;3;3;48;2;1;1;1m~[48;2;0;0;0m        [38;2;1;1;1m" [38;2;0;0;0;48;2;2;2;2m:[38;2;8;8;8;48;2;51;51;51m`[38;2;174;174;174;48;2;200;200;200m=[38;2;251;251;251;48;2;246;246;246m`[38;2;252;252;252;48;2;251;251;251m':[48;2;252;252;252m [48;2;251;251;251m [48;2;250;250;250m:[38;2;178;178;178;48;2;238;238;238m_[38;2;84;84;84;48;2;196;196;196m_[38;2;151;151;151;48;2;83;83;83m~[38;2;62;62;62;48;2;18;18;18m~[38;2;28;28;28;48;2;4;4;4m`[38;2;1;1;1;48;2;0;0;0m'                [38;2;3;3;3;48;2;1;1;1ma[38;2;1;1;1;48;2;0;0;0m:  [38;2;7;7;7;48;2;4;4;4m7[38;2;2;2;2;48;2;5;5;5my[38;2;3;3;3;48;2;1;1;1m~[38;2;2;2;2;48;2;0;0;0m`            [0m
[7m[38;2;0;0;0m [0m[38;2;0;0;0;48;2;0;0;0m                                                                   [38;2;1;1;1m:[38;2;0;0;0;48;2;20;20;20m:[38;2;142;142;142;48;2;115;115;115m4[38;2;228;228;228;48;2;237;237;237mL[38;2;251;251;251;48;2;250;250;250m~[38;2;252;252;252;48;2;251;251;251m.[48;2;252;252;252m [48;2;251;251;251m:[38;2;249;249;249;48;2;250;250;250ma[38;2;253;253;253;48;2;246;246;246m`[38;2;166;166;166;48;2;157;157;157ml[38;2;138;138;138;48;2;60;60;60m_[38;2;179;179;179;48;2;52;52;52m_[38;2;173;173;173;48;2;76;76;76my[38;2;213;213;213;48;2;108;108;108my[38;2;128;128;128;48;2;71;71;71mw[38;2;35;35;35;48;2;15;15;15mw[38;2;1;1;1;48;2;0;0;0m,              [38;2;2;2;2m`                   [0m
[7m[38;2;0;0;0m [0m[38;2;0;0;0;48;2;0;0;0m                      [38;2;1;1;1my              [38;2;3;3;3m_[38;2;0;0;0;48;2;2;2;2m`[48;2;9;9;9m~[38;2;8;8;8;48;2;4;4;4mw[48;2;0;0;0m                          [38;2;1;1;1m`[38;2;0;0;0;48;2;4;4;4m:[38;2;78;78;78;48;2;54;54;54m4[38;2;100;100;100;48;2;213;213;213m_[38;2;210;210;210;48;2;245;245;245m_[38;2;247;247;247;48;2;251;251;251m,[38;2;252;252;252m:[48;2;252;252;252m  [38;2;254;254;254;48;2;250;250;250m`[38;2;181;181;181;48;2;230;230;230m~[38;2;184;184;184;48;2;234;234;234m~[38;2;219;219;219;48;2;245;245;245m`[38;2;237;237;237;48;2;246;246;246m`[38;2;117;117;117;48;2;201;201;201m_[38;2;112;112;112;48;2;64;64;64mF[38;2;16;16;16;48;2;9;9;9m~[38;2;19;19;19;48;2;3;3;3m_[38;2;6;6;6;48;2;1;1;1m_[38;2;4;4;4;48;2;0;0;0m_[38;2;9;9;9;48;2;1;1;1m_[38;2;4;4;4;48;2;0;0;0m_                    [38;2;1;1;1m=         [0m
[7m[38;2;0;0;0m [0m[38;2;0;0;0;48;2;0;0;0m                      [38;2;1;1;1m`              [38;2;4;4;4;48;2;2;2;2mF[38;2;1;1;1;48;2;0;0;0m`[38;2;6;6;6;48;2;1;1;1m~`[48;2;0;0;0m                            [38;2;0;0;0;48;2;1;1;1m`[48;2;32;32;32m:[38;2;119;119;119;48;2;151;151;151ms[38;2;228;228;228;48;2;240;240;240mL[38;2;252;252;252;48;2;251;251;251m,:[48;2;252;252;252m [38;2;253;253;253m" [38;2;250;250;250;48;2;251;251;251m`[38;2;253;253;253;48;2;252;252;252m*[38;2;254;254;254;48;2;246;246;246m.[38;2;171;171;171;48;2;224;224;224m~[38;2;142;142;142;48;2;221;221;221m~[38;2;153;153;153;48;2;228;228;228m~[38;2;151;151;151;48;2;226;226;226m~[38;2;138;138;138;48;2;217;217;217m~[38;2;120;120;120;48;2;203;203;203m~[38;2;207;207;207;48;2;129;129;129m_[38;2;156;156;156;48;2;52;52;52m_[38;2;66;66;66;48;2;8;8;8m_[38;2;3;3;3;48;2;0;0;0m,                            [0m
[7m[38;2;0;0;0m [0m[38;2;0;0;0;48;2;0;0;0m     [38;2;1;1;1m.[38;2;7;7;7;48;2;1;1;1m_[38;2;4;4;4;48;2;0;0;0m_                    [38;2;1;1;1m'                                      _[38;2;0;0;0;48;2;1;1;1m`[38;2;2;2;2;48;2;16;16;16m`[38;2;176;176;176;48;2;67;67;67m_[38;2;158;158;158;48;2;208;208;208m~[38;2;239;239;239;48;2;248;248;248m~[38;2;251;251;251;48;2;252;252;252m?[38;2;252;252;252;48;2;251;251;251m:[48;2;252;252;252m     [38;2;253;253;253m`[48;2;251;251;251m [38;2;250;250;250mT   [38;2;252;252;252m`[38;2;232;232;232;48;2;249;249;249m`[38;2;196;196;196;48;2;237;237;237m`[38;2;107;107;107;48;2;188;188;188m~[38;2;6;6;6;48;2;118;118;118m~[38;2;72;72;72;48;2;38;38;38mw[38;2;10;10;10;48;2;4;4;4mr[48;2;0;0;0m                          [0m
[7m[38;2;0;0;0m [0m[38;2;0;0;0;48;2;0;0;0m     [38;2;2;2;2m`[38;2;5;5;5m~[38;2;3;3;3m~    [38;2;4;4;4m_[38;2;3;3;3m_            [38;2;0;0;0;48;2;3;3;3m.[38;2;20;20;20;48;2;8;8;8m=[38;2;0;0;0;48;2;2;2;2m`[48;2;0;0;0m                   [38;2;2;2;2;48;2;1;1;1mr[48;2;0;0;0m                [38;2;0;0;0;48;2;5;5;5m`[38;2;114;114;114;48;2;8;8;8m_[38;2;147;147;147;48;2;31;31;31m_[38;2;198;198;198;48;2;111;111;111my[38;2;147;147;147;48;2;216;216;216m~[38;2;210;210;210;48;2;237;237;237m~[38;2;246;246;246;48;2;250;250;250m~[38;2;253;253;253;48;2;252;252;252m'~             [48;2;251;251;251m [48;2;252;252;252m`[38;2;229;229;229;48;2;235;235;235m=[38;2;185;185;185;48;2;163;163;163m'[38;2;53;53;53;48;2;107;107;107m_[38;2;67;67;67;48;2;36;36;36mF[38;2;6;6;6;48;2;2;2;2m.[48;2;0;0;0m                         [0m
[7m[38;2;0;0;0m [0m[38;2;0;0;0;48;2;0;0;0m           [38;2;1;1;1m`[38;2;7;7;7;48;2;3;3;3m~[38;2;5;5;5;48;2;2;2;2m~[48;2;0;0;0m                        [48;2;1;1;1m*[48;2;0;0;0m                         [38;2;0;0;0;48;2;8;8;8m:[38;2;94;94;94;48;2;66;66;66m4[38;2;154;154;154;48;2;197;197;197m_[38;2;207;207;207;48;2;238;238;238m~[38;2;243;243;243;48;2;249;249;249m`[38;2;218;218;218;48;2;242;242;242m~[38;2;238;238;238;48;2;248;248;248m~[38;2;253;253;253;48;2;252;252;252m` [38;2;252;252;252;48;2;251;251;251m:[38;2;253;253;253;48;2;252;252;252m,[48;2;251;251;251m_[38;2;250;250;250m=[38;2;252;252;252m:[48;2;252;252;252m        [48;2;251;251;251m::[38;2;253;253;253;48;2;252;252;252m:[38;2;231;231;231;48;2;240;240;240m-[38;2;185;185;185;48;2;159;159;159mF[38;2;85;85;85;48;2;54;54;54mF[38;2;9;9;9;48;2;2;2;2m`[38;2;1;1;1;48;2;0;0;0m`                         [0m
[7m[38;2;0;0;0m [0m[38;2;0;0;0;48;2;0;0;0m           [38;2;3;3;3m_[38;2;81;81;81;48;2;36;36;36my[38;2;159;159;159;48;2;84;84;84my[38;2;149;149;149;48;2;78;78;78my[38;2;0;0;0;48;2;7;7;7m`[48;2;0;0;0m                         [38;2;2;2;2m_              [38;2;6;6;6;48;2;3;3;3mz[38;2;1;1;1;48;2;0;0;0m:       [38;2;19;19;19;48;2;10;10;10m"[38;2;108;108;108;48;2;60;60;60m~[38;2;46;46;46;48;2;142;142;142my[38;2;66;66;66;48;2;163;163;163my[38;2;104;104;104;48;2;198;198;198m_[38;2;138;138;138;48;2;219;219;219m_[38;2;207;207;207;48;2;243;243;243m_[38;2;246;246;246;48;2;250;250;250m,[38;2;254;254;254;48;2;249;249;249m:[38;2;170;170;170;48;2;215;215;215my[38;2;66;66;66;48;2;148;148;148my[38;2;67;67;67;48;2;164;164;164my[38;2;160;160;160;48;2;222;222;222m_[38;2;237;237;237;48;2;247;247;247m,[38;2;250;250;250;48;2;251;251;251mu[38;2;247;247;247m_[38;2;246;246;246;48;2;252;252;252m_[38;2;250;250;250;48;2;251;251;251m_[38;2;252;252;252m.[38;2;253;253;253;48;2;252;252;252mw[38;2;249;249;249;48;2;251;251;251m_[38;2;238;238;238;48;2;247;247;247my[38;2;212;212;212;48;2;243;243;243m_[38;2;213;213;213;48;2;239;239;239m_[38;2;164;164;164;48;2;206;206;206my[38;2;92;92;92;48;2;161;161;161m_[38;2;142;142;142;48;2;105;105;105m=[38;2;67;67;67;48;2;47;47;47mK[38;2;12;12;12;48;2;6;6;6mL[48;2;0;0;0m                         [0m
[7m[38;2;0;0;0m [0m[38;2;0;0;0;48;2;0;0;0m         [38;2;3;3;3;48;2;1;1;1m_[38;2;35;35;35;48;2;8;8;8m_[38;2;93;93;93;48;2;22;22;22m_[38;2;78;78;78;48;2;113;113;113mF[38;2;213;213;213;48;2;171;171;171m_[38;2;132;132;132;48;2;156;156;156m4[38;2;40;40;40;48;2;22;22;22m,[38;2;9;9;9;48;2;5;5;5m,[38;2;1;1;1;48;2;0;0;0m.                       [38;2;7;7;7;48;2;3;3;3m^*[48;2;0;0;0m             [38;2;3;3;3m`         [38;2;1;1;1m` [38;2;0;0;0;48;2;2;2;2m:[38;2;56;56;56;48;2;13;13;13m~[38;2;102;102;102;48;2;34;34;34m`[48;2;135;135;135mL[38;2;219;219;219;48;2;232;232;232m,[38;2;183;183;183;48;2;228;228;228m_[38;2;131;131;131;48;2;87;87;87mF[38;2;35;35;35;48;2;11;11;11m'[38;2;0;0;0m:[38;2;77;77;77;48;2;100;100;100m%[38;2;218;218;218;48;2;233;233;233mL[38;2;254;254;254;48;2;252;252;252m:[38;2;240;240;240;48;2;226;226;226m`[38;2;111;111;111;48;2;179;179;179my[38;2;71;71;71;48;2;187;187;187m_[38;2;135;135;135;48;2;225;225;225m_[38;2;186;186;186;48;2;222;222;222m_[38;2;107;107;107;48;2;183;183;183my[38;2;74;74;74;48;2;180;180;180m_[38;2;107;107;107;48;2;156;156;156my[38;2;89;89;89;48;2;133;133;133my[38;2;120;120;120;48;2;64;64;64m~[38;2;11;11;11;48;2;51;51;51my[38;2;63;63;63;48;2;20;20;20m~[38;2;34;34;34;48;2;5;5;5m`[38;2;3;3;3;48;2;0;0;0m`                         [0m
[7m[38;2;0;0;0m [0m[38;2;0;0;0;48;2;0;0;0m      [38;2;2;2;2m.[38;2;1;1;1m: [38;2;5;5;5;48;2;12;12;12m`[38;2;149;149;149;48;2;104;104;104m4[38;2;155;155;155;48;2;217;217;217m~[38;2;202;202;202;48;2;240;240;240m"[38;2;235;235;235;48;2;248;248;248m~[38;2;196;196;196;48;2;237;237;237m`[38;2;125;125;125;48;2;205;205;205m~[38;2;77;77;77;48;2;133;133;133m~[38;2;2;2;2;48;2;12;12;12m`[48;2;0;0;0m            [38;2;0;0;0;48;2;2;2;2m`[38;2;13;13;13;48;2;4;4;4m=[48;2;0;0;0m          [38;2;2;2;2m`                            [38;2;0;0;0;48;2;15;15;15m:[38;2;179;179;179;48;2;49;49;49m~[38;2;150;150;150;48;2;39;39;39m~[38;2;59;59;59;48;2;13;13;13m'[38;2;2;2;2;48;2;0;0;0m` [38;2;0;0;0;48;2;24;24;24m:[38;2;56;56;56;48;2;142;142;142my[38;2;6;6;6;48;2;181;181;181m_[38;2;1;1;1;48;2;132;132;132m_[38;2;88;88;88;48;2;31;31;31m~[38;2;0;0;0;48;2;3;3;3m:[38;2;75;75;75;48;2;35;35;35m~[38;2;154;154;154;48;2;69;69;69m~[38;2;78;78;78;48;2;28;28;28m~[38;2;12;12;12;48;2;3;3;3m`[38;2;44;44;44;48;2;10;10;10m~[38;2;21;21;21;48;2;5;5;5m'[38;2;4;4;4;48;2;1;1;1m"[38;2;1;1;1;48;2;0;0;0m~                            [0m
[7m[38;2;0;0;0m [0m[38;2;0;0;0;48;2;0;0;0m   [38;2;2;2;2m_[38;2;1;1;1m._[38;2;3;3;3;48;2;1;1;1m_[38;2;4;4;4;48;2;2;2;2my[38;2;9;9;9;48;2;4;4;4my[38;2;43;43;43;48;2;14;14;14m_[38;2;93;93;93;48;2;126;126;126mF[38;2;213;213;213;48;2;224;224;224mF[38;2;253;253;253;48;2;252;252;252m:[38;2;251;251;251;48;2;250;250;250m_[38;2;250;250;250;48;2;251;251;251mF[38;2;217;217;217;48;2;228;228;228m4[38;2;137;137;137;48;2;124;124;124mF[38;2;2;2;2;48;2;13;13;13m'[38;2;6;6;6;48;2;4;4;4my[38;2;2;2;2;48;2;1;1;1my[48;2;0;0;0m_                            [48;2;1;1;1mT[48;2;0;0;0mF   [38;2;1;1;1m__                       [38;2;3;3;3m`[38;2;1;1;1m`  [38;2;2;2;2m``                                  [0m
[7m[38;2;0;0;0m [0m[38;2;0;0;0;48;2;0;0;0m   [38;2;2;2;2m`[48;2;1;1;1m`[38;2;52;52;52;48;2;12;12;12m_[38;2;138;138;138;48;2;68;68;68my[38;2;215;215;215;48;2;128;128;128my[38;2;76;76;76;48;2;181;181;181m~[38;2;105;105;105;48;2;204;204;204m~[38;2;172;172;172;48;2;236;236;236m~[38;2;240;240;240;48;2;250;250;250m~[38;2;253;253;253;48;2;252;252;252m`[48;2;251;251;251m [38;2;252;252;252m.[38;2;230;230;230;48;2;245;245;245m`[38;2;162;162;162;48;2;221;221;221m~[38;2;82;82;82;48;2;181;181;181m~[38;2;210;210;210;48;2;115;115;115my[38;2;176;176;176;48;2;85;85;85my[38;2;111;111;111;48;2;36;36;36m_[38;2;0;0;0;48;2;3;3;3m`[48;2;0;0;0m    [48;2;1;1;1m`[38;2;38;38;38;48;2;3;3;3m_[38;2;61;61;61;48;2;4;4;4m_[38;2;0;0;0;48;2;2;2;2m`[48;2;0;0;0m                      [38;2;5;5;5;48;2;1;1;1m_[38;2;38;38;38;48;2;9;9;9m_[38;2;126;126;126;48;2;26;26;26m_[38;2;105;105;105;48;2;21;21;21m_[38;2;24;24;24;48;2;5;5;5m,[38;2;1;1;1;48;2;0;0;0m_                                                :[38;2;10;10;10;48;2;3;3;3m=[38;2;5;5;5;48;2;2;2;2mr[48;2;0;0;0m          [0m
[7m[38;2;0;0;0m [0m[38;2;0;0;0;48;2;0;0;0m    [38;2;33;33;33;48;2;14;14;14my[38;2;70;70;70;48;2;132;132;132m~[38;2;192;192;192;48;2;227;227;227m^[38;2;253;253;253;48;2;251;251;251m.[38;2;248;248;248;48;2;250;250;250m^[48;2;251;251;251m [48;2;252;252;252m       [38;2;250;250;250;48;2;251;251;251m?[38;2;252;252;252m`[38;2;232;232;232;48;2;244;244;244m`[38;2;155;155;155;48;2;194;194;194m~[38;2;100;100;100;48;2;47;47;47m_[38;2;0;0;0;48;2;3;3;3m:[38;2;2;2;2;48;2;0;0;0m_[38;2;1;1;1m.[38;2;25;25;25;48;2;5;5;5m_[38;2;125;125;125;48;2;55;55;55m_[38;2;64;64;64;48;2;161;161;161m~[38;2;103;103;103;48;2;184;184;184m~[38;2;158;158;158;48;2;65;65;65m_[38;2;1;1;1;48;2;9;9;9m`[48;2;0;0;0m:                   [48;2;5;5;5m:[38;2;101;101;101;48;2;40;40;40m_[38;2;60;60;60;48;2;155;155;155m~[38;2;188;188;188;48;2;231;231;231m~[38;2;164;164;164;48;2;216;216;216m~[38;2;197;197;197;48;2;101;101;101m_[38;2;71;71;71;48;2;23;23;23m,[38;2;0;0;0;48;2;1;1;1m`[48;2;0;0;0m                                                            [0m
[7m[38;2;0;0;0m [0m[38;2;0;0;0;48;2;0;0;0m   [38;2;1;1;1m`[38;2;36;36;36;48;2;16;16;16m"[38;2;110;110;110;48;2;141;141;141mL[38;2;223;223;223;48;2;235;235;235mr[38;2;253;253;253;48;2;252;252;252mF[38;2;252;252;252;48;2;251;251;251m`[48;2;252;252;252m          [48;2;251;251;251m:[38;2;205;205;205;48;2;216;216;216m4[38;2;112;112;112;48;2;73;73;73m~[38;2;0;0;0;48;2;6;6;6m'[38;2;4;4;4;48;2;3;3;3mr[38;2;49;49;49;48;2;18;18;18my[38;2;150;150;150;48;2;96;96;96my[38;2;156;156;156;48;2;213;213;213m"[38;2;254;254;254;48;2;250;250;250m`[38;2;244;244;244;48;2;247;247;247m`[38;2;190;190;190;48;2;223;223;223m"[38;2;170;170;170;48;2;108;108;108my[38;2;0;0;0;48;2;21;21;21m`[48;2;0;0;0m                   [38;2;65;65;65;48;2;46;46;46mj[38;2;130;130;130;48;2;187;187;187m~[38;2;253;253;253;48;2;246;246;246m:[38;2;252;252;252;48;2;251;251;251m`[38;2;253;253;253;48;2;250;250;250m'[48;2;235;235;235m:[38;2;57;57;57;48;2;139;139;139m`[38;2;51;51;51;48;2;24;24;24mL[48;2;0;0;0m                                                            [0m
[7m[38;2;0;0;0m [0m[38;2;0;0;0;48;2;0;0;0m   [38;2;1;1;1m,[38;2;16;16;16;48;2;12;12;12m_[38;2;112;112;112;48;2;140;140;140mL[38;2;231;231;231;48;2;236;236;236mF[38;2;253;253;253;48;2;252;252;252m%[48;2;251;251;251m [48;2;252;252;252m          [38;2;246;246;246;48;2;248;248;248m4[38;2;188;188;188;48;2;201;201;201m4[38;2;38;38;38;48;2;47;47;47m:[38;2;8;8;8;48;2;5;5;5mW[38;2;11;11;11;48;2;8;8;8m_[38;2;60;60;60;48;2;103;103;103mF[38;2;193;193;193;48;2;214;214;214m`[38;2;253;253;253;48;2;251;251;251m:[38;2;250;250;250m`[38;2;252;252;252m:[38;2;250;250;250m`[38;2;217;217;217;48;2;224;224;224m4[38;2;107;107;107;48;2;85;85;85mL[38;2;12;12;12;48;2;8;8;8mr[38;2;5;5;5;48;2;1;1;1m_[38;2;3;3;3;48;2;0;0;0m____[38;2;2;2;2m_[38;2;1;1;1m,__        [38;2;0;0;0;48;2;2;2;2m:[38;2;87;87;87;48;2;61;61;61m4[38;2;200;200;200;48;2;212;212;212mL[38;2;253;253;253;48;2;249;249;249m`[38;2;251;251;251;48;2;250;250;250mW[38;2;249;249;249m:[38;2;254;254;254;48;2;243;243;243m:[38;2;174;174;174;48;2;162;162;162m[[38;2;61;61;61;48;2;34;34;34mL[48;2;0;0;0m                                                            [0m
[38;2;15;15;15;48;2;2;2;2m_[38;2;16;16;16m_[38;2;15;15;15m_[38;2;18;18;18;48;2;3;3;3m_[38;2;20;20;20;48;2;2;2;2m_[38;2;47;47;47;48;2;24;24;24m_[38;2;125;125;125;48;2;154;154;154mF[38;2;238;238;238;48;2;242;242;242m^[38;2;253;253;253;48;2;252;252;252mF[48;2;251;251;251m [48;2;252;252;252m          [38;2;244;244;244;48;2;247;247;247m4[38;2;182;182;182;48;2;195;195;195m4[38;2;33;33;33;48;2;46;46;46m`[38;2;45;45;45;48;2;9;9;9m_[38;2;49;49;49;48;2;14;14;14m_[38;2;68;68;68;48;2;117;117;117mL[38;2;212;212;212;48;2;226;226;226m,[38;2;254;254;254;48;2;252;252;252m:[48;2;251;251;251m [38;2;252;252;252m: [38;2;242;242;242;48;2;230;230;230m:[38;2;195;195;195;48;2;122;122;122m_[38;2;162;162;162;48;2;54;54;54m_[38;2;157;157;157;48;2;48;48;48m_[38;2;152;152;152;48;2;45;45;45m_[38;2;145;145;145;48;2;41;41;41m_[38;2;137;137;137;48;2;37;37;37m_[38;2;131;131;131;48;2;33;33;33m_[38;2;123;123;123;48;2;28;28;28m_[38;2;118;118;118;48;2;25;25;25m_[38;2;112;112;112;48;2;22;22;22m_[38;2;106;106;106;48;2;18;18;18m_[38;2;101;101;101;48;2;16;16;16m_[38;2;96;96;96;48;2;13;13;13m_[38;2;91;91;91;48;2;12;12;12m_[38;2;83;83;83;48;2;11;11;11m_[38;2;77;77;77;48;2;9;9;9m_[38;2;71;71;71;48;2;8;8;8m_[38;2;43;43;43;48;2;7;7;7m_[38;2;16;16;16;48;2;5;5;5m_[38;2;7;7;7;48;2;3;3;3m_[38;2;69;69;69;48;2;49;49;49m4[38;2;178;178;178;48;2;188;188;188m[[38;2;244;244;244;48;2;247;247;247mL[48;2;250;250;250m [38;2;249;249;249m:[38;2;254;254;254;48;2;242;242;242m:[38;2;169;169;169;48;2;153;153;153mF[38;2;56;56;56;48;2;32;32;32mL[48;2;0;0;0m                                                            [0m
[38;2;36;36;36;48;2;171;171;171m~[38;2;39;39;39;48;2;173;173;173m~[38;2;42;42;42;48;2;177;177;177m~[38;2;46;46;46;48;2;180;180;180m~[38;2;53;53;53;48;2;183;183;183m~[38;2;73;73;73;48;2;191;191;191m~[38;2;163;163;163;48;2;223;223;223m~[38;2;252;252;252;48;2;250;250;250m.[38;2;253;253;253;48;2;252;252;252m^           [38;2;247;247;247;48;2;250;250;250m"[38;2;204;204;204;48;2;232;232;232m"[38;2;105;105;105;48;2;200;200;200m~[38;2;89;89;89;48;2;195;195;195m~[38;2;93;93;93;48;2;197;197;197m~[38;2;129;129;129;48;2;212;212;212m~[38;2;218;218;218;48;2;241;241;241m~[38;2;254;254;254;48;2;252;252;252m'[48;2;251;251;251m [48;2;252;252;252m  [38;2;247;247;247;48;2;251;251;251m`[38;2;219;219;219;48;2;247;247;247m`[38;2;202;202;202;48;2;244;244;244m`[38;2;200;200;200m`[38;2;198;198;198m`[38;2;194;194;194;48;2;243;243;243m`[38;2;191;191;191m`[38;2;188;188;188m`[38;2;182;182;182;48;2;241;241;241m`[38;2;177;177;177;48;2;239;239;239m`[38;2;196;196;196m~[38;2;189;189;189;48;2;236;236;236m~[38;2;183;183;183;48;2;233;233;233m~[38;2;177;177;177;48;2;231;231;231m~[38;2;169;169;169;48;2;227;227;227m~[38;2;156;156;156;48;2;222;222;222m~[38;2;145;145;145;48;2;217;217;217m~[38;2;135;135;135;48;2;211;211;211m~[38;2;84;84;84;48;2;184;184;184m~[38;2;207;207;207;48;2;87;87;87m_[38;2;97;97;97;48;2;31;31;31m_[38;2;73;73;73;48;2;57;57;57m4[38;2;174;174;174;48;2;189;189;189mL[38;2;243;243;243;48;2;247;247;247mL[48;2;250;250;250m [38;2;249;249;249m:[38;2;254;254;254;48;2;242;242;242m:[38;2;167;167;167;48;2;150;150;150mF[38;2;55;55;55;48;2;31;31;31mL[48;2;0;0;0m                                     [38;2;1;1;1m..                     [0m
[38;2;253;253;253;48;2;252;252;252m~~~~~                 [48;2;251;251;251m    [38;2;252;252;252m:[48;2;252;252;252m              [48;2;251;251;251m     [38;2;250;250;250m~"[38;2;249;249;249m~[38;2;253;253;253m`[38;2;242;242;242;48;2;248;248;248m`[38;2;151;151;151;48;2;220;220;220m~[38;2;84;84;84;48;2;172;172;172m~[38;2;189;189;189;48;2;211;211;211mF[38;2;253;253;253;48;2;248;248;248m:[38;2;251;251;251;48;2;250;250;250m, [38;2;254;254;254;48;2;241;241;241m:[38;2;160;160;160;48;2;141;141;141mL[38;2;49;49;49;48;2;28;28;28mL[48;2;0;0;0m     [38;2;1;1;1m_                                                      [0m
[7m[38;2;252;252;252m [0m[38;2;0;0;0;48;2;252;252;252m                                                 [38;2;252;252;252;48;2;251;251;251m:[38;2;253;253;253;48;2;252;252;252m`'[38;2;244;244;244;48;2;251;251;251m`[38;2;253;253;253;48;2;252;252;252m`[38;2;252;252;252;48;2;251;251;251m:[48;2;250;250;250m [38;2;254;254;254;48;2;240;240;240m:[38;2;159;159;159;48;2;140;140;140mL[38;2;49;49;49;48;2;27;27;27mL[48;2;0;0;0m     [38;2;1;1;1m`                                                      [0m
[7m[38;2;252;252;252m [0m[38;2;0;0;0;48;2;252;252;252m                                                      [38;2;252;252;252;48;2;251;251;251m:[38;2;250;250;250m:[38;2;254;254;254;48;2;240;240;240m:[38;2;153;153;153;48;2;136;136;136mF[38;2;47;47;47;48;2;26;26;26mL[48;2;0;0;0m                                                            [0m
[7m[38;2;252;252;252m [0m[38;2;0;0;0;48;2;252;252;252m                                                      [38;2;252;252;252;48;2;251;251;251m:[38;2;250;250;250m:[38;2;254;254;254;48;2;240;240;240m:[38;2;150;150;150;48;2;131;131;131mF[38;2;44;44;44;48;2;25;25;25mL[48;2;0;0;0m                                                            [0m
[7m[38;2;252;252;252m [0m[38;2;0;0;0;48;2;252;252;252m                                                      [38;2;252;252;252;48;2;251;251;251m:[38;2;250;250;250m:[38;2;254;254;254;48;2;239;239;239m:[38;2;148;148;148;48;2;127;127;127mL[38;2;41;41;41;48;2;23;23;23mL[48;2;0;0;0m                                                            [0m
[7m[38;2;252;252;252m [0m[38;2;0;0;0;48;2;252;252;252m                                                      [38;2;252;252;252;48;2;251;251;251m:[38;2;250;250;250m:[38;2;254;254;254;48;2;239;239;239m:[38;2;148;148;148;48;2;127;127;127mL[38;2;41;41;41;48;2;23;23;23mL[48;2;0;0;0m                                                            [0m
[7m[38;2;252;252;252m [0m[38;2;0;0;0;48;2;252;252;252m                                                      [38;2;252;252;252;48;2;251;251;251m:[38;2;250;250;250m:[38;2;254;254;254;48;2;239;239;239m:[38;2;146;146;146;48;2;124;124;124mL[38;2;40;40;40;48;2;22;22;22mL[48;2;0;0;0m                                                            [0m
[?25h