[?25l[0m[7m[38;2;252;252;252m [0m[38;2;0;0;0;48;2;252;252;252m                                                                                                                       [0m
[7m[38;2;252;252;252m [0m[38;2;0;0;0;48;2;252;252;252m                                                                                                                       [0m
[7m[38;2;252;252;252m [0m[38;2;0;0;0;48;2;252;252;252m                                                                                                                       [0m
[7m[38;2;252;252;252m [0m[38;2;0;0;0;48;2;252;252;252m                                                                                                                       [0m
[7m[38;2;252;252;252m [0m[38;2;0;0;0;48;2;252;252;252m                                                                                                                       [0m
[7m[38;2;252;252;252m [0m[38;2;0;0;0;48;2;252;252;252m                                                                                                                       [0m
[7m[38;2;252;252;252m [0m[38;2;0;0;0;48;2;252;252;252m                                                                                                                       [0m
[7m[38;2;252;252;252m [0m[38;2;0;0;0;48;2;252;252;252m                                                         [38;2;252;252;252;48;2;251;251;251m......:[48;2;252;252;252m                                                       [0m
[7m[38;2;252;252;252m [0m[38;2;0;0;0;48;2;252;252;252m                                                     [38;2;252;252;252;48;2;251;251;251m:[38;2;250;250;250m_[38;2;253;253;253m_[48;2;250;250;250m.[38;2;199;199;199;48;2;242;242;242m_[38;2;133;133;133;48;2;232;232;232m_[38;2;88;88;88;48;2;227;227;227m_[38;2;76;76;76;48;2;225;225;225m_[38;2;101;101;101;48;2;228;228;228m_[38;2;169;169;169;48;2;237;237;237m_[38;2;234;234;234;48;2;248;248;248m,[38;2;250;250;250;48;2;251;251;251m=[38;2;253;253;253;48;2;252;252;252m,[38;2;248;248;248;48;2;251;251;251m_[38;2;249;249;249m___[38;2;250;250;250m_[38;2;252;252;252m:[48;2;252;252;252m                                               [0m
[7m[38;2;252;252;252m [0m[38;2;0;0;0;48;2;252;252;252m                                                  [38;2;252;252;252;48;2;251;251;251m: [48;2;250;250;250m`[38;2;199;199;199;48;2;244;244;244m_[38;2;126;126;126;48;2;215;215;215m_[38;2;71;71;71;48;2;172;172;172my[38;2;194;194;194;48;2;73;73;73m~[38;2;148;148;148;48;2;34;34;34m~[38;2;98;98;98;48;2;19;19;19m~[38;2;63;63;63;48;2;12;12;12m~[38;2;53;53;53;48;2;10;10;10m~[38;2;70;70;70;48;2;15;15;15m~[38;2;119;119;119;48;2;27;27;27m~[38;2;170;170;170;48;2;49;49;49m~[38;2;40;40;40;48;2;127;127;127my[38;2;45;45;45;48;2;178;178;178m_[38;2;97;97;97;48;2;204;204;204m_[38;2;90;90;90;48;2;202;202;202m_[38;2;74;74;74;48;2;197;197;197m_[38;2;103;103;103;48;2;208;208;208m_[38;2;140;140;140;48;2;224;224;224m_[38;2;183;183;183;48;2;243;243;243m_[38;2;218;218;218;48;2;248;248;248m_[38;2;247;247;247;48;2;250;250;250m,[38;2;252;252;252;48;2;251;251;251m:[48;2;252;252;252m                                            [0m
[7m[38;2;252;252;252m [0m[38;2;0;0;0;48;2;252;252;252m                                                [38;2;252;252;252;48;2;251;251;251m:[38;2;250;250;250m_[38;2;252;252;252;48;2;248;248;248m:[38;2;147;147;147;48;2;229;229;229m_[38;2;30;30;30;48;2;164;164;164m_[38;2;143;143;143;48;2;55;55;55m~[38;2;50;50;50;48;2;12;12;12m~[38;2;0;0;0;48;2;2;2;2m:[38;2;1;1;1;48;2;0;0;0m~       `[38;2;18;18;18;48;2;2;2;2m`[38;2;63;63;63;48;2;6;6;6m`[38;2;56;56;56;48;2;5;5;5m`[38;2;42;42;42;48;2;4;4;4m`[38;2;64;64;64;48;2;6;6;6m`[38;2;89;89;89;48;2;10;10;10m`[38;2;124;124;124;48;2;29;29;29m`[38;2;170;170;170;48;2;67;67;67m~[38;2;22;22;22;48;2;159;159;159m_[38;2;131;131;131;48;2;225;225;225m_[38;2;234;234;234;48;2;247;247;247m,[38;2;250;250;250;48;2;251;251;251m_[38;2;252;252;252m:[48;2;252;252;252m                                         [0m
[7m[38;2;252;252;252m [0m[38;2;0;0;0;48;2;252;252;252m                                              [38;2;252;252;252;48;2;251;251;251m: [38;2;254;254;254;48;2;249;249;249m.[38;2;176;176;176;48;2;229;229;229m_[38;2;66;66;66;48;2;155;155;155my[38;2;117;117;117;48;2;36;36;36m~[38;2;24;24;24;48;2;3;3;3m~[48;2;0;0;0m                  [38;2;1;1;1m` [38;2;0;0;0;48;2;4;4;4m`[38;2;92;92;92;48;2;34;34;34m~[38;2;88;88;88;48;2;156;156;156my[38;2;203;203;203;48;2;236;236;236m_[38;2;247;247;247;48;2;250;250;250m,[38;2;252;252;252;48;2;251;251;251m::[48;2;252;252;252m                                       [0m
[7m[38;2;252;252;252m [0m[38;2;0;0;0;48;2;252;252;252m                                             [38;2;252;252;252;48;2;251;251;251m:[38;2;253;253;253m_[38;2;251;251;251;48;2;242;242;242m:[38;2;75;75;75;48;2;181;181;181m_[38;2;125;125;125;48;2;53;53;53m~[38;2;26;26;26;48;2;5;5;5m~[38;2;1;1;1;48;2;0;0;0m~                       [38;2;0;0;0;48;2;14;14;14m:[38;2;67;67;67;48;2;114;114;114mg[38;2;191;191;191;48;2;226;226;226m_[38;2;243;243;243;48;2;249;249;249m,[48;2;251;251;251m [38;2;252;252;252m:[48;2;252;252;252m                                      [0m
[7m[38;2;252;252;252m [0m[38;2;0;0;0;48;2;252;252;252m                                           [38;2;252;252;252;48;2;251;251;251m:`[38;2;254;254;254;48;2;250;250;250m.[38;2;202;202;202;48;2;233;233;233m_[38;2;63;63;63;48;2;140;140;140my[38;2;58;58;58;48;2;19;19;19m~[48;2;0;0;0m                           [38;2;0;0;0;48;2;18;18;18m:[38;2;99;99;99;48;2;132;132;132mg[38;2;222;222;222;48;2;235;235;235mL[38;2;250;250;250;48;2;251;251;251m4 [48;2;252;252;252m                                      [0m
[7m[38;2;252;252;252m [0m[38;2;0;0;0;48;2;252;252;252m                                          [38;2;252;252;252;48;2;251;251;251m: [48;2;250;250;250m.[38;2;202;202;202;48;2;230;230;230m_[38;2;66;66;66;48;2;124;124;124my[38;2;38;38;38;48;2;14;14;14m~[48;2;0;0;0m                           [38;2;1;1;1m`[38;2;0;0;0;48;2;2;2;2m:[38;2;14;14;14;48;2;51;51;51m:[38;2;191;191;191;48;2;213;213;213mL[38;2;244;244;244;48;2;249;249;249m,[38;2;251;251;251;48;2;252;252;252my[38;2;252;252;252;48;2;251;251;251m:[48;2;252;252;252m                                     [0m
[7m[38;2;252;252;252m [0m[38;2;0;0;0;48;2;252;252;252m                                          [38;2;252;252;252;48;2;251;251;251m.[48;2;250;250;250m [48;2;237;237;237m'[38;2;110;110;110;48;2;149;149;149my[38;2;40;40;40;48;2;22;22;22m~[48;2;0;0;0m                              [38;2;0;0;0;48;2;37;37;37m`[38;2;183;183;183;48;2;199;199;199mF[38;2;243;243;243;48;2;247;247;247mF[48;2;251;251;251m [38;2;252;252;252m:[48;2;252;252;252m                                     [0m
[7m[38;2;252;252;252m [0m[38;2;0;0;0;48;2;252;252;252m                                          [38;2;252;252;252;48;2;251;251;251m:[38;2;253;253;253m.[38;2;221;221;221;48;2;230;230;230m4[38;2;91;91;91;48;2;69;69;69mF[38;2;0;0;0;48;2;6;6;6m:[38;2;1;1;1;48;2;0;0;0m`                           _[38;2;0;0;0;48;2;5;5;5m:[38;2;19;19;19;48;2;71;71;71m`[38;2;213;213;213;48;2;226;226;226mF[38;2;250;250;250;48;2;251;251;251m~[38;2;252;252;252m:[48;2;252;252;252m                                      [0m
[7m[38;2;252;252;252m [0m[38;2;0;0;0;48;2;252;252;252m                                          [38;2;252;252;252;48;2;251;251;251m:[38;2;250;250;250mg[48;2;233;233;233m:[38;2;161;161;161;48;2;103;103;103m_[38;2;0;0;0;48;2;16;16;16m:[38;2;1;1;1;48;2;0;0;0m+                           `[38;2;0;0;0;48;2;26;26;26m:[38;2;106;106;106;48;2;157;157;157m~[38;2;229;229;229;48;2;239;239;239m~[38;2;251;251;251;48;2;250;250;250mL[48;2;251;251;251m [48;2;252;252;252m                                      [0m
[7m[38;2;252;252;252m [0m[38;2;0;0;0;48;2;252;252;252m                                          [38;2;252;252;252;48;2;251;251;251m:_[48;2;249;249;249m'[38;2;195;195;195;48;2;225;225;225m"[38;2;172;172;172;48;2;98;98;98my[38;2;70;70;70;48;2;25;25;25m,[38;2;0;0;0;48;2;2;2;2m`[38;2;1;1;1;48;2;0;0;0m_                         [38;2;0;0;0;48;2;12;12;12m:[38;2;58;58;58;48;2;104;104;104mF[38;2;209;209;209;48;2;228;228;228m~[38;2;250;250;250;48;2;251;251;251m'[38;2;252;252;252m.:[48;2;252;252;252m                                      [0m
[7m[38;2;252;252;252m [0m[38;2;0;0;0;48;2;252;252;252m                                            [38;2;252;252;252;48;2;251;251;251m:[48;2;252;252;252m [48;2;247;247;247m'[38;2;152;152;152;48;2;219;219;219m~[38;2;212;212;212;48;2;122;122;122my[38;2;187;187;187;48;2;65;65;65m_[38;2;135;135;135;48;2;18;18;18m_[38;2;83;83;83;48;2;4;4;4m_[38;2;39;39;39;48;2;1;1;1m_[48;2;0;0;0m [38;2;1;1;1m,                   [38;2;0;0;0;48;2;20;20;20m:[38;2;160;160;160;48;2;94;94;94my[38;2;183;183;183;48;2;221;221;221m"[38;2;242;242;242;48;2;249;249;249m~[48;2;251;251;251m [38;2;252;252;252m:[48;2;252;252;252m                                       [0m
[7m[38;2;252;252;252m [0m[38;2;0;0;0;48;2;252;252;252m                                              [38;2;252;252;252;48;2;251;251;251m: '[38;2;219;219;219;48;2;246;246;246m`[38;2;183;183;183;48;2;235;235;235m`[38;2;135;135;135;48;2;215;215;215m~[38;2;71;71;71;48;2;193;193;193m~[38;2;11;11;11;48;2;149;149;149m~[38;2;230;230;230;48;2;87;87;87m_[38;2;201;201;201;48;2;54;54;54m_[38;2;115;115;115;48;2;25;25;25m_[38;2;38;38;38;48;2;8;8;8m,[38;2;0;0;0;48;2;1;1;1m`[38;2;9;9;9m_[38;2;2;2;2;48;2;0;0;0m,          [38;2;0;0;0;48;2;1;1;1m`[38;2;2;2;2;48;2;14;14;14m`[38;2;180;180;180;48;2;61;61;61m_[38;2;78;78;78;48;2;187;187;187m~[38;2;217;217;217;48;2;242;242;242m~[38;2;249;249;249;48;2;251;251;251m`[38;2;252;252;252m:[48;2;252;252;252m                                         [0m
[7m[38;2;252;252;252m [0m[38;2;0;0;0;48;2;252;252;252m                                                  [48;2;251;251;251m [38;2;249;249;249m~ [38;2;254;254;254m`[38;2;227;227;227;48;2;243;243;243m_[38;2;169;169;169;48;2;199;199;199my[38;2;133;133;133;48;2;114;114;114mF[38;2;17;17;17;48;2;55;55;55m.[38;2;149;149;149;48;2;86;86;86my[38;2;93;93;93;48;2;187;187;187m~[38;2;214;214;214;48;2;135;135;135my[38;2;175;175;175;48;2;91;91;91my[38;2;189;189;189;48;2;66;66;66m_[38;2;149;149;149;48;2;38;38;38m_[38;2;117;117;117;48;2;17;17;17m_[38;2;101;101;101;48;2;8;8;8m_[38;2;99;99;99;48;2;7;7;7m_[38;2;114;114;114;48;2;8;8;8m_[38;2;133;133;133;48;2;16;16;16m_[38;2;162;162;162;48;2;41;41;41m_[38;2;201;201;201;48;2;74;74;74m_[38;2;212;212;212;48;2;121;121;121my[38;2;119;119;119;48;2;211;211;211m~[38;2;209;209;209;48;2;242;242;242m~[38;2;247;247;247;48;2;250;250;250m~[48;2;251;251;251m [38;2;252;252;252m:[48;2;252;252;252m                                          [0m
[7m[38;2;252;252;252m [0m[38;2;0;0;0;48;2;252;252;252m                                                   [38;2;252;252;252;48;2;251;251;251m`[38;2;253;253;253;48;2;249;249;249m:[38;2;213;213;213;48;2;231;231;231my[38;2;212;212;212;48;2;172;172;172m~[38;2;100;100;100;48;2;132;132;132m_[38;2;57;57;57;48;2;75;75;75ms[38;2;72;72;72;48;2;125;125;125mF[38;2;208;208;208;48;2;232;232;232m`[38;2;253;253;253;48;2;250;250;250m`[38;2;248;248;248m`[38;2;235;235;235;48;2;249;249;249m`[38;2;220;220;220;48;2;247;247;247m`[38;2;190;190;190;48;2;239;239;239m`[38;2;181;181;181;48;2;231;231;231m~[38;2;160;160;160;48;2;224;224;224m~[38;2;157;157;157m~[38;2;179;179;179;48;2;232;232;232m~[38;2;204;204;204;48;2;241;241;241m~[38;2;207;207;207;48;2;245;245;245m`[38;2;226;226;226;48;2;248;248;248m`[38;2;250;250;250;48;2;251;251;251m'[38;2;252;252;252m::[48;2;252;252;252m                                             [0m
[7m[38;2;252;252;252m [0m[38;2;0;0;0;48;2;252;252;252m                                                   [38;2;251;251;251m`[38;2;253;253;253;48;2;251;251;251m'[38;2;219;219;219;48;2;243;243;243m"[38;2;185;185;185;48;2;234;234;234m~[38;2;129;129;129;48;2;208;208;208m~[38;2;114;114;114;48;2;207;207;207m~[38;2;207;207;207;48;2;241;241;241m~[38;2;253;253;253;48;2;251;251;251m`[38;2;250;250;250m`[38;2;252;252;252m:[48;2;252;252;252m  [48;2;251;251;251m:.....[48;2;252;252;252m                                                  [0m
[7m[38;2;252;252;252m [0m[38;2;0;0;0;48;2;252;252;252m                                                      [38;2;252;252;252;48;2;251;251;251m:  :[48;2;252;252;252m                                                             [0m
[7m[38;2;252;252;252m [0m[38;2;0;0;0;48;2;252;252;252m                                                                                                                       [0m
[7m[38;2;252;252;252m [0m[38;2;0;0;0;48;2;252;252;252m                                                                                                                       [0m
[7m[38;2;252;252;252m [0m[38;2;0;0;0;48;2;252;252;252m                                                                                                                       [0m
[7m[38;2;252;252;252m [0m[38;2;0;0;0;48;2;252;252;252m                                                                                                                       [0m
[7m[38;2;252;252;252m [0m[38;2;0;0;0;48;2;252;252;252m                                                                                                                       [0m
[7m[38;2;252;252;252m [0m[38;2;0;0;0;48;2;252;252;252m                                                                                                                       [0m
[7m[38;2;252;252;252m [0m[38;2;0;0;0;48;2;252;252;252m                                                                                                                       [0m
[7m[38;2;252;252;252m [0m[38;2;0;0;0;48;2;252;252;252m                                                                                                                       [0m
[7m[38;2;252;252;252m [0m[38;2;0;0;0;48;2;252;252;252m                                                                                                                       [0m
[7m[38;2;252;252;252m [0m[38;2;0;0;0;48;2;252;252;252m                                                                                                                       [0m
[7m[38;2;252;252;252m [0m[38;2;0;0;0;48;2;252;252;252m                                                                                                                       [0m
[?25h