[?25l[0m[7m[38;2;0;0;0m [0m[38;2;0;0;0;48;2;0;0;0m                                                                                                                       [0m
[7m[38;2;0;0;0m [0m[38;2;0;0;0;48;2;0;0;0m                                                                                                                       [0m
[7m[38;2;0;0;0m [0m[38;2;0;0;0;48;2;0;0;0m                                                                                                                       [0m
[7m[38;2;0;0;0m [0m[38;2;0;0;0;48;2;0;0;0m                                                                                                                       [0m
[7m[38;2;0;0;0m [0m[38;2;0;0;0;48;2;0;0;0m                                                                                                                       [0m
[7m[38;2;0;0;0m [0m[38;2;0;0;0;48;2;0;0;0m                                                                                                                       [0m
[7m[38;2;0;0;0m [0m[38;2;0;0;0;48;2;0;0;0m                                                                                                                       [0m
[7m[38;2;0;0;0m [0m[38;2;0;0;0;48;2;0;0;0m                                                                                                                       [0m
[7m[38;2;0;0;0m [0m[38;2;0;0;0;48;2;0;0;0m                                                                                                                       [0m
[7m[38;2;0;0;0m [0m[38;2;0;0;0;48;2;0;0;0m                                                                                                                       [0m
[7m[38;2;0;0;0m [0m[38;2;0;0;0;48;2;0;0;0m                                                                                                                       [0m
[7m[38;2;0;0;0m [0m[38;2;0;0;0;48;2;0;0;0m                                                                                                                       [0m
[7m[38;2;0;0;0m [0m[38;2;0;0;0;48;2;0;0;0m                                                                                                                       [0m
[7m[38;2;0;0;0m [0m[38;2;0;0;0;48;2;0;0;0m                                                                                                                       [0m
[7m[38;2;0;0;0m [0m[38;2;0;0;0;48;2;0;0;0m                                                                                                                       [0m
[7m[38;2;0;0;0m [0m[38;2;0;0;0;48;2;0;0;0m                                                                                                                       [0m
[7m[38;2;0;0;0m [0m[38;2;0;0;0;48;2;0;0;0m                                                                                                                       [0m
[7m[38;2;0;0;0m [0m[38;2;0;0;0;48;2;0;0;0m                                                                                                                       [0m
[7m[38;2;0;0;0m [0m[38;2;0;0;0;48;2;0;0;0m                                                                                                                       [0m
[7m[38;2;0;0;0m [0m[38;2;0;0;0;48;2;0;0;0m                                                    [48;2;4;4;4m`[38;2;52;52;52;48;2;5;5;5m_[48;2;13;13;13m_[38;2;131;131;131;48;2;34;34;34m_[38;2;112;112;112;48;2;28;28;28m_[38;2;179;179;179;48;2;71;71;71m_[38;2;138;138;138;48;2;31;31;31m_[38;2;155;155;155;48;2;44;44;44m_[38;2;154;154;154;48;2;55;55;55m_[38;2;116;116;116;48;2;27;27;27m_[38;2;147;147;147;48;2;50;50;50m_[38;2;65;65;65;48;2;16;16;16m_[38;2;58;58;58;48;2;11;11;11m_[38;2;15;15;15;48;2;3;3;3m,[48;2;0;0;0m                                                     [0m
[7m[38;2;0;0;0m [0m[38;2;0;0;0;48;2;0;0;0m                                                  [38;2;1;1;1m_[48;2;9;9;9m:[38;2;87;87;87;48;2;53;53;53my[38;2;198;198;198;48;2;131;131;131my[38;2;74;74;74;48;2;197;197;197m~[38;2;175;175;175;48;2;228;228;228m~[38;2;162;162;162;48;2;226;226;226m~[38;2;217;217;217;48;2;242;242;242m~[38;2;202;202;202;48;2;238;238;238m~[38;2;198;198;198;48;2;240;240;240m`[38;2;204;204;204;48;2;238;238;238m~[38;2;170;170;170;48;2;227;227;227m~[38;2;178;178;178m~[38;2;98;98;98;48;2;200;200;200m~[38;2;225;225;225;48;2;125;125;125m_[38;2;111;111;111;48;2;57;57;57m,[38;2;17;17;17;48;2;8;8;8mr[48;2;0;0;0m                                                    [0m
[7m[38;2;0;0;0m [0m[38;2;0;0;0;48;2;0;0;0m                                                  [38;2;1;1;1m"[38;2;18;18;18;48;2;8;8;8m"[38;2;65;65;65;48;2;97;97;97m$[38;2;177;177;177;48;2;225;225;225m_[38;2;253;253;253;48;2;249;249;249m`[38;2;242;242;242my[38;2;234;234;234;48;2;246;246;246my[38;2;236;236;236;48;2;245;245;245my[38;2;228;228;228;48;2;243;243;243my[38;2;226;226;226my[38;2;222;222;222;48;2;242;242;242my[38;2;205;205;205;48;2;239;239;239m_[38;2;244;244;244;48;2;250;250;250m,[38;2;254;254;254;48;2;247;247;247m:[38;2;141;141;141;48;2;197;197;197my[38;2;89;89;89;48;2;50;50;50mF[38;2;13;13;13;48;2;2;2;2m~[48;2;0;0;0m                                                    [0m
[7m[38;2;0;0;0m [0m[38;2;0;0;0;48;2;0;0;0m                                                    [38;2;57;57;57;48;2;38;38;38m4[38;2;150;150;150;48;2;172;172;172mF[38;2;252;252;252;48;2;244;244;244m`[38;2;243;243;243;48;2;248;248;248m~[38;2;235;235;235;48;2;247;247;247m~[38;2;242;242;242;48;2;249;249;249m~[38;2;239;239;239m~[38;2;235;235;235;48;2;247;247;247m~[38;2;220;220;220;48;2;241;241;241m~[38;2;203;203;203;48;2;236;236;236m~[38;2;248;248;248;48;2;249;249;249m'[38;2;249;249;249;48;2;234;234;234m'[38;2;119;119;119;48;2;87;87;87mL[38;2;15;15;15;48;2;8;8;8m~[48;2;0;0;0m                                                     [0m
[7m[38;2;0;0;0m [0m[38;2;0;0;0;48;2;0;0;0m                                                    [38;2;29;29;29;48;2;9;9;9m"[38;2;126;126;126;48;2;47;47;47m~[38;2;53;53;53;48;2;141;141;141my[38;2;7;7;7;48;2;183;183;183m_[38;2;47;47;47;48;2;205;205;205m_[38;2;76;76;76;48;2;212;212;212m_[38;2;83;83;83;48;2;213;213;213m__[38;2;71;71;71;48;2;210;210;210m_[38;2;29;29;29;48;2;194;194;194m_[38;2;2;2;2;48;2;159;159;159m_[38;2;198;198;198;48;2;73;73;73m~[38;2;55;55;55;48;2;19;19;19m^[38;2;1;1;1;48;2;0;0;0m'                                                     [0m
[7m[38;2;0;0;0m [0m[38;2;0;0;0;48;2;0;0;0m                                                      [38;2;1;1;1m^[38;2;2;2;2m`[38;2;34;34;34;48;2;4;4;4m`[38;2;59;59;59;48;2;9;9;9m`[38;2;47;47;47;48;2;8;8;8m~~[38;2;39;39;39;48;2;6;6;6m~[38;2;16;16;16;48;2;3;3;3m`[38;2;1;1;1;48;2;0;0;0m'                                                        [0m
[7m[38;2;0;0;0m [0m[38;2;0;0;0;48;2;0;0;0m                                                                                                                       [0m
[7m[38;2;0;0;0m [0m[38;2;0;0;0;48;2;0;0;0m                                                                                                                       [0m
[7m[38;2;0;0;0m [0m[38;2;0;0;0;48;2;0;0;0m                                                                                                                       [0m
[7m[38;2;0;0;0m [0m[38;2;0;0;0;48;2;0;0;0m                                                                                                                       [0m
[7m[38;2;0;0;0m [0m[38;2;0;0;0;48;2;0;0;0m                                                                                                                       [0m
[7m[38;2;0;0;0m [0m[38;2;0;0;0;48;2;0;0;0m                                                                                                                       [0m
[7m[38;2;0;0;0m [0m[38;2;0;0;0;48;2;0;0;0m                                                                                                                       [0m
[7m[38;2;0;0;0m [0m[38;2;0;0;0;48;2;0;0;0m                                                                                                                       [0m
[7m[38;2;0;0;0m [0m[38;2;0;0;0;48;2;0;0;0m                                                                                                                       [0m
[7m[38;2;0;0;0m [0m[38;2;0;0;0;48;2;0;0;0m                                                                                                                       [0m
[7m[38;2;0;0;0m [0m[38;2;0;0;0;48;2;0;0;0m                                                                                                                       [0m
[?25h