[?25l[0m[7m[38;2;252;252;252m [0m[38;2;0;0;0;48;2;252;252;252m                                                                                                                       [0m
[7m[38;2;252;252;252m [0m[38;2;0;0;0;48;2;252;252;252m                                                                                                                       [0m
[7m[38;2;252;252;252m [0m[38;2;0;0;0;48;2;252;252;252m                                                                                                                       [0m
[7m[38;2;252;252;252m [0m[38;2;0;0;0;48;2;252;252;252m                                                                                                                       [0m
[7m[38;2;252;252;252m [0m[38;2;0;0;0;48;2;252;252;252m                                                                                                                       [0m
[7m[38;2;252;252;252m [0m[38;2;0;0;0;48;2;252;252;252m                                                                                                                       [0m
[7m[38;2;252;252;252m [0m[38;2;0;0;0;48;2;252;252;252m                                                                                                                       [0m
[7m[38;2;252;252;252m [0m[38;2;0;0;0;48;2;252;252;252m                                                                                                                       [0m
[7m[38;2;252;252;252m [0m[38;2;0;0;0;48;2;252;252;252m                                                                                                                       [0m
[7m[38;2;252;252;252m [0m[38;2;0;0;0;48;2;252;252;252m                                                                                                                       [0m
[7m[38;2;252;252;252m [0m[38;2;0;0;0;48;2;252;252;252m                                                                                                                       [0m
[7m[38;2;252;252;252m [0m[38;2;0;0;0;48;2;252;252;252m                                                                                                                       [0m
[7m[38;2;252;252;252m [0m[38;2;0;0;0;48;2;252;252;252m                                                                                                                       [0m
[7m[38;2;252;252;252m [0m[38;2;0;0;0;48;2;252;252;252m                                                                                                                       [0m
[7m[38;2;252;252;252m [0m[38;2;0;0;0;48;2;252;252;252m                                                     [38;2;252;252;252;48;2;251;251;251m.:[38;2;253;253;253;48;2;252;252;252m__[38;2;246;246;246;48;2;251;251;251m_[38;2;237;237;237;48;2;250;250;250m_[38;2;214;214;214;48;2;246;246;246m_[38;2;195;195;195;48;2;243;243;243m_[38;2;180;180;180;48;2;241;241;241m_[38;2;173;173;173;48;2;240;240;240m__[38;2;181;181;181;48;2;241;241;241m_[38;2;194;194;194;48;2;243;243;243m_[38;2;210;210;210;48;2;245;245;245m_[38;2;215;215;215;48;2;246;246;246m_[38;2;241;241;241;48;2;250;250;250m_[38;2;253;253;253;48;2;252;252;252m.[38;2;254;254;254m_[38;2;253;253;253m_[48;2;251;251;251m [38;2;252;252;252m.[48;2;252;252;252m                                             [0m
[7m[38;2;252;252;252m [0m[38;2;0;0;0;48;2;252;252;252m                                                   [38;2;252;252;252;48;2;251;251;251m`[38;2;254;254;254m.[38;2;215;215;215;48;2;247;247;247m_[38;2;151;151;151;48;2;226;226;226m_[38;2;92;92;92;48;2;196;196;196m_[38;2;89;89;89;48;2;173;173;173my[38;2;46;46;46;48;2;136;136;136my[38;2;199;199;199;48;2;85;85;85m~[38;2;173;173;173;48;2;62;62;62m~[38;2;152;152;152;48;2;47;47;47m~[38;2;137;137;137;48;2;40;40;40m~[38;2;129;129;129;48;2;36;36;36m~[38;2;128;128;128;48;2;33;33;33m~[38;2;135;135;135;48;2;35;35;35m~[38;2;147;147;147;48;2;40;40;40m~[38;2;163;163;163;48;2;46;46;46m~[38;2;169;169;169;48;2;52;52;52m~[38;2;194;194;194;48;2;70;70;70m~[38;2;211;211;211;48;2;90;90;90m~[38;2;58;58;58;48;2;155;155;155my[38;2;45;45;45;48;2;182;182;182m_[38;2;112;112;112;48;2;213;213;213m_[38;2;184;184;184;48;2;240;240;240m_[38;2;228;228;228;48;2;250;250;250m_[38;2;248;248;248;48;2;251;251;251m,[38;2;252;252;252m:[48;2;252;252;252m                                          [0m
[7m[38;2;252;252;252m [0m[38;2;0;0;0;48;2;252;252;252m                                                [38;2;252;252;252;48;2;251;251;251m: [48;2;249;249;249m`[38;2;181;181;181;48;2;236;236;236m_[38;2;66;66;66;48;2;178;178;178m_[38;2;172;172;172;48;2;73;73;73m~[38;2;83;83;83;48;2;24;24;24m~[38;2;64;64;64;48;2;8;8;8m`[38;2;25;25;25;48;2;2;2;2m`[38;2;2;2;2;48;2;0;0;0m`[38;2;1;1;1m`           [38;2;2;2;2m`[38;2;22;22;22;48;2;3;3;3m`[38;2;78;78;78;48;2;9;9;9m`[38;2;138;138;138;48;2;33;33;33m`[38;2;41;41;41;48;2;119;119;119my[38;2;84;84;84;48;2;194;194;194m_[38;2;217;217;217;48;2;241;241;241m,[38;2;250;250;250;48;2;251;251;251m,[38;2;252;252;252m:[48;2;252;252;252m                                        [0m
[7m[38;2;252;252;252m [0m[38;2;0;0;0;48;2;252;252;252m                                               [38;2;252;252;252;48;2;251;251;251m:[38;2;249;249;249m,[38;2;253;253;253;48;2;248;248;248m:[38;2;153;153;153;48;2;213;213;213m_[38;2;150;150;150;48;2;72;72;72m~[38;2;34;34;34;48;2;7;7;7m~[48;2;0;0;0m                    [38;2;2;2;2m`[38;2;0;0;0;48;2;1;1;1m`[48;2;25;25;25m:[38;2;98;98;98;48;2;149;149;149my[38;2;219;219;219;48;2;236;236;236m,[38;2;250;250;250;48;2;251;251;251mj [48;2;252;252;252m                                       [0m
[7m[38;2;252;252;252m [0m[38;2;0;0;0;48;2;252;252;252m                                               [38;2;252;252;252;48;2;251;251;251m:[38;2;253;253;253m.[38;2;248;248;248;48;2;231;231;231m`[38;2;112;112;112;48;2;83;83;83mF[38;2;24;24;24;48;2;9;9;9m~[38;2;1;1;1;48;2;0;0;0m~                       [48;2;26;26;26m:[38;2;42;42;42;48;2;142;142;142m_[38;2;173;173;173;48;2;229;229;229m_[38;2;240;240;240;48;2;249;249;249m,[38;2;250;250;250;48;2;251;251;251m_[38;2;252;252;252m:[48;2;252;252;252m                                     [0m
[7m[38;2;252;252;252m [0m[38;2;0;0;0;48;2;252;252;252m                                               [48;2;251;251;251m [38;2;254;254;254;48;2;249;249;249m:[38;2;206;206;206;48;2;215;215;215m4[38;2;81;81;81;48;2;49;49;49mL[38;2;0;0;0;48;2;1;1;1m:[48;2;0;0;0m                         [48;2;8;8;8m:[38;2;129;129;129;48;2;67;67;67m~[38;2;177;177;177;48;2;214;214;214m_[38;2;240;240;240;48;2;248;248;248m,[48;2;251;251;251m [38;2;252;252;252m:[48;2;252;252;252m                                    [0m
[7m[38;2;252;252;252m [0m[38;2;0;0;0;48;2;252;252;252m                                               [38;2;253;253;253;48;2;251;251;251m_[38;2;254;254;254;48;2;250;250;250m:[38;2;207;207;207;48;2;219;219;219m4[38;2;87;87;87;48;2;52;52;52mL[38;2;0;0;0;48;2;2;2;2m:[48;2;0;0;0m                          [48;2;23;23;23m:[38;2;133;133;133;48;2;150;150;150mF[38;2;227;227;227;48;2;238;238;238mL[38;2;251;251;251;48;2;250;250;250mL[48;2;251;251;251m [48;2;252;252;252m                                    [0m
[7m[38;2;252;252;252m [0m[38;2;0;0;0;48;2;252;252;252m                                             [38;2;253;253;253m,[38;2;252;252;252;48;2;246;246;246m`[38;2;209;209;209;48;2;233;233;233my[38;2;201;201;201;48;2;229;229;229my[38;2;226;226;226;48;2;201;201;201mF[38;2;106;106;106;48;2;78;78;78mL[38;2;20;20;20;48;2;9;9;9m,[48;2;0;0;0m                         [38;2;0;0;0;48;2;1;1;1m:[48;2;42;42;42m`[38;2;163;163;163;48;2;197;197;197m~[38;2;238;238;238;48;2;246;246;246m~[38;2;252;252;252;48;2;251;251;251m_.[48;2;252;252;252m                                    [0m
[7m[38;2;252;252;252m [0m[38;2;0;0;0;48;2;252;252;252m                                             [38;2;253;253;253m`[38;2;251;251;251;48;2;245;245;245m:[38;2;199;199;199;48;2;211;211;211m`[38;2;123;123;123;48;2;184;184;184m_[38;2;101;101;101;48;2;173;173;173m_[38;2;83;83;83;48;2;141;141;141m_[38;2;66;66;66;48;2;37;37;37mL[38;2;35;35;35;48;2;6;6;6m_[48;2;0;0;0m                      [38;2;1;1;1m.[38;2;0;0;0;48;2;3;3;3m:[38;2;95;95;95;48;2;39;39;39m_[38;2;98;98;98;48;2;176;176;176m~[38;2;225;225;225;48;2;242;242;242m~[38;2;252;252;252;48;2;251;251;251mw:[48;2;252;252;252m                                     [0m
[7m[38;2;252;252;252m [0m[38;2;0;0;0;48;2;252;252;252m                                            [38;2;252;252;252;48;2;251;251;251m: [38;2;253;253;253;48;2;249;249;249m:[38;2;199;199;199;48;2;221;221;221m"[38;2;213;213;213;48;2;132;132;132my[38;2;215;215;215;48;2;126;126;126my[38;2;87;87;87;48;2;194;194;194m~[38;2;123;123;123;48;2;215;215;215m~[38;2;81;81;81;48;2;152;152;152m~[38;2;49;49;49;48;2;29;29;29mr[48;2;0;0;0m                    [38;2;0;0;0;48;2;1;1;1m`[48;2;21;21;21m:[38;2;165;165;165;48;2;81;81;81my[38;2;136;136;136;48;2;210;210;210m~[38;2;233;233;233;48;2;247;247;247m~[38;2;250;250;250;48;2;251;251;251m"[38;2;252;252;252m.[48;2;252;252;252m                                      [0m
[7m[38;2;252;252;252m [0m[38;2;0;0;0;48;2;252;252;252m                                              [38;2;253;253;253m``` [48;2;251;251;251m`'[38;2;254;254;254;48;2;237;237;237m:[38;2;80;80;80;48;2;140;140;140m~[38;2;74;74;74;48;2;27;27;27m,[38;2;0;0;0;48;2;2;2;2m`[38;2;1;1;1;48;2;0;0;0m_              +[38;2;0;0;0;48;2;7;7;7m`[38;2;136;136;136;48;2;34;34;34m_[38;2;11;11;11;48;2;128;128;128m~[38;2;111;111;111;48;2;202;202;202m~[38;2;221;221;221;48;2;243;243;243m~[38;2;249;249;249;48;2;251;251;251m'[38;2;252;252;252m.[48;2;252;252;252m                                        [0m
[7m[38;2;252;252;252m [0m[38;2;0;0;0;48;2;252;252;252m                                                   [38;2;252;252;252;48;2;251;251;251m:[38;2;253;253;253m~[38;2;252;252;252;48;2;245;245;245m:[38;2;62;62;62;48;2;197;197;197m`[38;2;184;184;184;48;2;92;92;92my[38;2;154;154;154;48;2;43;43;43m_[38;2;102;102;102;48;2;11;11;11m_[38;2;56;56;56;48;2;2;2;2m_[38;2;11;11;11;48;2;1;1;1m,[48;2;0;0;0m [38;2;1;1;1m__.[38;2;2;2;2m_[38;2;1;1;1m._ [38;2;43;43;43;48;2;2;2;2m_[38;2;106;106;106;48;2;13;13;13m_[38;2;172;172;172;48;2;53;53;53m_[38;2;199;199;199;48;2;100;100;100my[38;2;89;89;89;48;2;198;198;198m~[38;2;178;178;178;48;2;230;230;230m"[38;2;240;240;240;48;2;249;249;249m~[38;2;251;251;251;48;2;252;252;252m"                                           [0m
[7m[38;2;252;252;252m [0m[38;2;0;0;0;48;2;252;252;252m                                                     [38;2;252;252;252;48;2;251;251;251m.[38;2;250;250;250m"[38;2;243;243;243;48;2;250;250;250m`[38;2;197;197;197;48;2;242;242;242m`[38;2;179;179;179;48;2;229;229;229m~[38;2;109;109;109;48;2;202;202;202m~[38;2;47;47;47;48;2;179;179;179m~[38;2;5;5;5;48;2;144;144;144m~[38;2;222;222;222;48;2;84;84;84m_[38;2;215;215;215;48;2;61;61;61m_[38;2;205;205;205;48;2;46;46;46m_[38;2;204;204;204;48;2;45;45;45m_[38;2;215;215;215;48;2;62;62;62m_[38;2;177;177;177;48;2;86;86;86my[38;2;14;14;14;48;2;162;162;162m~[38;2;79;79;79;48;2;196;196;196m~[38;2;176;176;176;48;2;232;232;232m~[38;2;206;206;206;48;2;244;244;244m`[38;2;248;248;248;48;2;251;251;251m'[38;2;252;252;252m` :[48;2;252;252;252m                                            [0m
[7m[38;2;252;252;252m [0m[38;2;0;0;0;48;2;252;252;252m                                                        [38;2;252;252;252;48;2;251;251;251m: [38;2;250;250;250m~[38;2;252;252;252m:[38;2;250;250;250;48;2;252;252;252m=[48;2;251;251;251m=[38;2;252;252;252m'[38;2;244;244;244;48;2;250;250;250m~~[38;2;252;252;252;48;2;251;251;251m.[38;2;250;250;250m=[38;2;253;253;253;48;2;252;252;252m'[38;2;248;248;248;48;2;251;251;251m` [48;2;252;252;252m                                                 [0m
[7m[38;2;252;252;252m [0m[38;2;0;0;0;48;2;252;252;252m                                                                                                                       [0m
[7m[38;2;252;252;252m [0m[38;2;0;0;0;48;2;252;252;252m                                                                                                                       [0m
[7m[38;2;252;252;252m [0m[38;2;0;0;0;48;2;252;252;252m                                                                                                                       [0m
[7m[38;2;252;252;252m [0m[38;2;0;0;0;48;2;252;252;252m                                                                                                                       [0m
[7m[38;2;252;252;252m [0m[38;2;0;0;0;48;2;252;252;252m                                                                                                                       [0m
[7m[38;2;252;252;252m [0m[38;2;0;0;0;48;2;252;252;252m                                                                                                                       [0m
[7m[38;2;252;252;252m [0m[38;2;0;0;0;48;2;252;252;252m                                                                                                                       [0m
[7m[38;2;252;252;252m [0m[38;2;0;0;0;48;2;252;252;252m                                                                                                                       [0m
[?25h