[?25l[0m[7m[38;2;0;0;0m [0m[38;2;0;0;0;48;2;0;0;0m                                                                                                                       [0m
[7m[38;2;0;0;0m [0m[38;2;0;0;0;48;2;0;0;0m                                                                                                                       [0m
[7m[38;2;0;0;0m [0m[38;2;0;0;0;48;2;0;0;0m                                               [48;2;1;1;1m:[38;2;49;49;49;48;2;3;3;3m_[38;2;65;65;65;48;2;26;26;26m_[38;2;155;155;155;48;2;87;87;87my[38;2;203;203;203;48;2;115;115;115my[38;2;207;207;207;48;2;74;74;74m_[38;2;115;115;115;48;2;24;24;24m_[38;2;43;43;43;48;2;3;3;3m_[48;2;0;0;0m                                                                [0m
[7m[38;2;0;0;0m [0m[38;2;0;0;0;48;2;0;0;0m                                              [38;2;3;3;3;48;2;1;1;1mw[38;2;47;47;47;48;2;28;28;28m4[38;2;139;139;139;48;2;118;118;118mq[38;2;95;95;95;48;2;192;192;192m~[38;2;186;186;186;48;2;225;225;225m~[38;2;254;254;254;48;2;249;249;249m:[38;2;226;226;226;48;2;247;247;247m`[38;2;177;177;177;48;2;237;237;237m`[38;2;102;102;102;48;2;191;191;191m~[38;2;209;209;209;48;2;88;88;88m_[38;2;101;101;101;48;2;24;24;24m_[38;2;20;20;20;48;2;3;3;3m,[38;2;2;2;2;48;2;0;0;0m_                                                            [0m
[7m[38;2;0;0;0m [0m[38;2;0;0;0;48;2;0;0;0m                                           [38;2;32;32;32;48;2;10;10;10m_[38;2;136;136;136;48;2;45;45;45m_[38;2;242;242;242;48;2;95;95;95m_[38;2;208;208;208;48;2;119;119;119my[38;2;202;202;202;48;2;114;114;114my[38;2;109;109;109;48;2;167;167;167mF[38;2;254;254;254;48;2;237;237;237m`[48;2;252;252;252m.[38;2;251;251;251m: '![38;2;243;243;243;48;2;248;248;248m`[38;2;154;154;154;48;2;218;218;218m~[38;2;168;168;168;48;2;93;93;93my[38;2;134;134;134;48;2;38;38;38m_[38;2;91;91;91;48;2;13;13;13m_[38;2;42;42;42;48;2;2;2;2m_[48;2;0;0;0m                                                          [0m
[7m[38;2;0;0;0m [0m[38;2;0;0;0;48;2;0;0;0m                                          [38;2;1;1;1m^[38;2;26;26;26;48;2;13;13;13m"[38;2;116;116;116;48;2;86;86;86m4[38;2;148;148;148;48;2;217;217;217m_[48;2;247;247;247m [38;2;251;251;251;48;2;250;250;250m_[38;2;245;245;245;48;2;251;251;251m`[38;2;248;248;248;48;2;252;252;252m`[38;2;253;253;253m"    [38;2;252;252;252;48;2;251;251;251m.'[38;2;229;229;229;48;2;248;248;248m`[38;2;185;185;185;48;2;241;241;241m`[48;2;234;234;234m"[38;2;110;110;110;48;2;194;194;194m~[38;2;211;211;211;48;2;93;93;93m_[38;2;89;89;89;48;2;24;24;24m_[38;2;15;15;15;48;2;2;2;2m,[38;2;1;1;1;48;2;0;0;0m_                                                      [0m
[7m[38;2;0;0;0m [0m[38;2;0;0;0;48;2;0;0;0m                                            [38;2;71;71;71;48;2;25;25;25m_[38;2;82;82;82;48;2;145;145;145mF[38;2;232;232;232;48;2;238;238;238mL[38;2;250;250;250;48;2;252;252;252my[48;2;251;251;251m [48;2;252;252;252m          [38;2;252;252;252;48;2;251;251;251m.[38;2;250;250;250m![38;2;252;252;252;48;2;247;247;247m:[38;2;141;141;141;48;2;210;210;210m~[38;2;187;187;187;48;2;88;88;88m_[38;2;73;73;73;48;2;17;17;17m,[48;2;0;0;0m                                                      [0m
[7m[38;2;0;0;0m [0m[38;2;0;0;0;48;2;0;0;0m                                           [38;2;55;55;55;48;2;37;37;37my[38;2;104;104;104;48;2;158;158;158m~[38;2;223;223;223;48;2;243;243;243m~[38;2;252;252;252;48;2;250;250;250m`[38;2;250;250;250;48;2;251;251;251m`[48;2;252;252;252m            [38;2;252;252;252;48;2;251;251;251m:[38;2;250;250;250m`[38;2;252;252;252;48;2;250;250;250m`[38;2;212;212;212;48;2;239;239;239m`[38;2;98;98;98;48;2;158;158;158m~[38;2;82;82;82;48;2;36;36;36m_[38;2;0;0;0;48;2;2;2;2m`[48;2;0;0;0m                                                    [0m
[7m[38;2;0;0;0m [0m[38;2;0;0;0;48;2;0;0;0m                                           [38;2;88;88;88;48;2;63;63;63m4[38;2;195;195;195;48;2;209;209;209mF[48;2;250;250;250m [48;2;251;251;251m [38;2;252;252;252m:[48;2;252;252;252m              [48;2;251;251;251m:[38;2;249;249;249;48;2;250;250;250m=[38;2;254;254;254;48;2;244;244;244m:[38;2;118;118;118;48;2;166;166;166m~[38;2;101;101;101;48;2;41;41;41m,[38;2;0;0;0;48;2;1;1;1m`[48;2;0;0;0m                                                   [0m
[7m[38;2;0;0;0m [0m[38;2;0;0;0;48;2;0;0;0m                                          [38;2;3;3;3;48;2;2;2;2mu[38;2;103;103;103;48;2;71;71;71m4[38;2;181;181;181;48;2;219;219;219m_[38;2;254;254;254;48;2;249;249;249m`[48;2;251;251;251m [38;2;253;253;253m_ [38;2;252;252;252m_[48;2;252;252;252m             [48;2;251;251;251m:[48;2;250;250;250m [38;2;254;254;254;48;2;240;240;240m:[38;2;106;106;106;48;2;139;139;139m7[38;2;75;75;75;48;2;27;27;27m,[38;2;1;1;1;48;2;0;0;0m;                                                  [0m
[7m[38;2;0;0;0m [0m[38;2;0;0;0;48;2;0;0;0m                                          [48;2;1;1;1m:[38;2;48;48;48;48;2;13;13;13m`[38;2;121;121;121;48;2;52;52;52m~[38;2;12;12;12;48;2;153;153;153m_[38;2;46;46;46;48;2;208;208;208m_[38;2;45;45;45;48;2;210;210;210m_[38;2;43;43;43;48;2;199;199;199m_[38;2;131;131;131;48;2;229;229;229m_[38;2;253;253;253;48;2;250;250;250m:[38;2;250;250;250;48;2;251;251;251m_[38;2;252;252;252m:[48;2;252;252;252m          [48;2;251;251;251m: [38;2;254;254;254m`[38;2;203;203;203;48;2;228;228;228m"[38;2;127;127;127;48;2;77;77;77mL[38;2;28;28;28;48;2;7;7;7m,[38;2;1;1;1;48;2;0;0;0m_                                                 [0m
[7m[38;2;0;0;0m [0m[38;2;0;0;0;48;2;0;0;0m                                             [38;2;2;2;2m`[38;2;12;12;12;48;2;2;2;2m~[38;2;11;11;11m~[38;2;46;46;46;48;2;27;27;27m4[38;2;151;151;151;48;2;120;120;120m4[38;2;145;145;145;48;2;220;220;220m_[38;2;212;212;212;48;2;245;245;245m_[38;2;247;247;247;48;2;250;250;250m,[48;2;251;251;251m [38;2;253;253;253;48;2;252;252;252m_         [38;2;252;252;252;48;2;251;251;251m:[48;2;250;250;250m [38;2;254;254;254;48;2;245;245;245m:[38;2;116;116;116;48;2;167;167;167m`[38;2;70;70;70;48;2;38;38;38mL[38;2;1;1;1;48;2;0;0;0m`                                                 [0m
[7m[38;2;0;0;0m [0m[38;2;0;0;0;48;2;0;0;0m                                                [38;2;2;2;2m`[38;2;42;42;42;48;2;4;4;4m`[38;2;99;99;99;48;2;21;21;21m`[38;2;154;154;154;48;2;57;57;57m~[38;2;229;229;229;48;2;111;111;111m~[38;2;155;155;155;48;2;201;201;201mw[38;2;222;222;222;48;2;239;239;239m+[38;2;252;252;252;48;2;251;251;251m:[38;2;251;251;251;48;2;252;252;252m-        [48;2;251;251;251m [38;2;254;254;254m`[38;2;219;219;219;48;2;235;235;235m"[38;2;147;147;147;48;2;94;94;94mL[38;2;55;55;55;48;2;14;14;14m,[38;2;1;1;1;48;2;0;0;0m_                                                [0m
[7m[38;2;0;0;0m [0m[38;2;0;0;0;48;2;0;0;0m                                                 [38;2;1;1;1m.[38;2;40;40;40;48;2;12;12;12m_[38;2;129;129;129;48;2;71;71;71my[38;2;112;112;112;48;2;197;197;197m~[38;2;198;198;198;48;2;237;237;237m"[38;2;251;251;251;48;2;250;250;250m:[38;2;252;252;252;48;2;251;251;251m:[48;2;252;252;252m         [48;2;251;251;251m:[38;2;250;250;250m`[38;2;254;254;254;48;2;249;249;249m`[38;2;190;190;190;48;2;223;223;223m~[38;2;141;141;141;48;2;89;89;89mL[38;2;59;59;59;48;2;14;14;14m,[38;2;1;1;1;48;2;0;0;0m.                                               [0m
[7m[38;2;0;0;0m [0m[38;2;0;0;0;48;2;0;0;0m                                                [38;2;1;1;1m+[38;2;37;37;37;48;2;17;17;17m_[38;2;69;69;69;48;2;116;116;116mF[38;2;192;192;192;48;2;221;221;221m"[38;2;253;253;253;48;2;250;250;250m:[48;2;252;252;252m             [38;2;252;252;252;48;2;251;251;251m:[38;2;250;250;250m"[38;2;254;254;254;48;2;250;250;250m`[38;2;188;188;188;48;2;225;225;225m"[38;2;142;142;142;48;2;88;88;88mL[38;2;54;54;54;48;2;12;12;12m,[38;2;1;1;1;48;2;0;0;0m_                                              [0m
[7m[38;2;0;0;0m [0m[38;2;0;0;0;48;2;0;0;0m                                               [38;2;2;2;2m,[38;2;0;0;0;48;2;13;13;13m`[38;2;56;56;56;48;2;103;103;103mF[38;2;181;181;181;48;2;223;223;223m~[38;2;251;251;251;48;2;249;249;249m:[38;2;254;254;254;48;2;252;252;252m`              [38;2;252;252;252;48;2;251;251;251m:[38;2;250;250;250m"[38;2;254;254;254;48;2;249;249;249m`[38;2;186;186;186;48;2;221;221;221m~[38;2;133;133;133;48;2;83;83;83mL[38;2;34;34;34;48;2;10;10;10m_[38;2;1;1;1;48;2;0;0;0m.                                             [0m
[7m[38;2;0;0;0m [0m[38;2;0;0;0;48;2;0;0;0m                                               [48;2;1;1;1m.[38;2;65;65;65;48;2;51;51;51md[38;2;151;151;151;48;2;191;191;191m~[38;2;254;254;254;48;2;247;247;247m:[38;2;250;250;250;48;2;251;251;251mf[38;2;252;252;252m:[48;2;252;252;252m               [48;2;251;251;251m:[38;2;250;250;250mT[38;2;253;253;253;48;2;249;249;249m:[38;2;177;177;177;48;2;207;207;207m~[38;2;109;109;109;48;2;65;65;65mL[38;2;11;11;11;48;2;3;3;3m,[48;2;0;0;0m                                             [0m
[7m[38;2;0;0;0m [0m[38;2;0;0;0;48;2;0;0;0m                                               [38;2;41;41;41;48;2;23;23;23m_[38;2;91;91;91;48;2;134;134;134mF[38;2;228;228;228;48;2;241;241;241m~[38;2;249;249;249;48;2;250;250;250m.[38;2;252;252;252;48;2;251;251;251m:[48;2;252;252;252m                 [48;2;251;251;251m:[48;2;250;250;250m~[38;2;253;253;253;48;2;244;244;244m:[38;2;125;125;125;48;2;149;149;149m4[38;2;78;78;78;48;2;34;34;34m,[38;2;1;1;1;48;2;0;0;0m:                                            [0m
[7m[38;2;0;0;0m [0m[38;2;0;0;0;48;2;0;0;0m                                               [38;2;15;15;15;48;2;52;52;52ml[38;2;184;184;184;48;2;165;165;165m4[38;2;243;243;243;48;2;247;247;247mL[38;2;249;249;249;48;2;250;250;250m:[38;2;252;252;252;48;2;251;251;251m:[48;2;252;252;252m                 [48;2;251;251;251m: [38;2;254;254;254m`[38;2;197;197;197;48;2;222;222;222m"[38;2;118;118;118;48;2;75;75;75mL[38;2;8;8;8;48;2;3;3;3m,[48;2;0;0;0m                                            [0m
[7m[38;2;0;0;0m [0m[38;2;0;0;0;48;2;0;0;0m                                              [38;2;1;1;1m~[38;2;28;28;28;48;2;11;11;11m"[38;2;47;47;47;48;2;101;101;101mL[38;2;161;161;161;48;2;223;223;223m_[38;2;253;253;253;48;2;249;249;249m:[38;2;249;249;249;48;2;251;251;251m,[38;2;252;252;252m:[48;2;252;252;252m         [38;2;253;253;253m_       [48;2;251;251;251m [48;2;247;247;247m`[38;2;120;120;120;48;2;186;186;186my[38;2;101;101;101;48;2;50;50;50m~[38;2;7;7;7;48;2;3;3;3m~[48;2;0;0;0m                                            [0m
[7m[38;2;0;0;0m [0m[38;2;0;0;0;48;2;0;0;0m                                                [38;2;23;23;23;48;2;8;8;8m`[38;2;37;37;37;48;2;92;92;92ml[38;2;179;179;179;48;2;223;223;223m_[38;2;226;226;226;48;2;247;247;247m_[38;2;252;252;252;48;2;251;251;251m`[48;2;252;252;252m         [38;2;253;253;253m`     [38;2;252;252;252;48;2;251;251;251m:[38;2;250;250;250mg[38;2;253;253;253;48;2;248;248;248m:[38;2;149;149;149;48;2;196;196;196my[38;2;99;99;99;48;2;55;55;55m~[38;2;4;4;4;48;2;2;2;2m'[48;2;0;0;0m                                             [0m
[7m[38;2;0;0;0m [0m[38;2;0;0;0;48;2;0;0;0m                                                 [38;2;55;55;55;48;2;38;38;38m4[38;2;153;153;153;48;2;135;135;135m~[38;2;115;115;115;48;2;160;160;160mg[38;2;220;220;220;48;2;237;237;237m,[38;2;254;254;254;48;2;252;252;252m.[38;2;252;252;252;48;2;251;251;251m`[48;2;252;252;252m             [48;2;251;251;251m:[48;2;250;250;250m [38;2;253;253;253;48;2;247;247;247m:[38;2;150;150;150;48;2;180;180;180m~[38;2;83;83;83;48;2;46;46;46mL[38;2;1;1;1;48;2;0;0;0m"                                             [0m
[7m[38;2;0;0;0m [0m[38;2;0;0;0;48;2;0;0;0m                                                [38;2;1;1;1m_[38;2;53;53;53;48;2;36;36;36m4[38;2;139;139;139;48;2;124;124;124mI[38;2;88;88;88;48;2;117;117;117m$[38;2;199;199;199;48;2;212;212;212mL[38;2;247;247;247;48;2;250;250;250mL[48;2;251;251;251m [38;2;252;252;252m:[48;2;252;252;252m            [48;2;251;251;251m:[38;2;249;249;249;48;2;250;250;250m_[38;2;254;254;254;48;2;249;249;249m`[38;2;155;155;155;48;2;204;204;204m_[38;2;96;96;96;48;2;56;56;56mF[38;2;1;1;1;48;2;0;0;0m.                                             [0m
[7m[38;2;0;0;0m [0m[38;2;0;0;0;48;2;0;0;0m                                                 [38;2;44;44;44;48;2;29;29;29mJ[38;2;68;68;68;48;2;132;132;132m,[38;2;151;151;151;48;2;217;217;217m~[38;2;218;218;218;48;2;240;240;240m"[38;2;253;253;253;48;2;251;251;251m`[38;2;251;251;251;48;2;252;252;252m`            [38;2;252;252;252;48;2;251;251;251m:[38;2;250;250;250m_[38;2;254;254;254;48;2;249;249;249m:[38;2;151;151;151;48;2;215;215;215m_[38;2;122;122;122;48;2;74;74;74mF[38;2;26;26;26;48;2;8;8;8m^[38;2;2;2;2;48;2;0;0;0m`                                             [0m
[7m[38;2;0;0;0m [0m[38;2;0;0;0;48;2;0;0;0m                                                 [48;2;3;3;3m:[38;2;51;51;51;48;2;88;88;88m$[38;2;199;199;199;48;2;223;223;223m_[38;2;254;254;254;48;2;251;251;251m: [38;2;252;252;252m:[48;2;252;252;252m           [48;2;251;251;251m:[38;2;250;250;250my[38;2;253;253;253;48;2;249;249;249m:[38;2;165;165;165;48;2;219;219;219m_[38;2;120;120;120;48;2;75;75;75mF[38;2;30;30;30;48;2;6;6;6m~[48;2;0;0;0m                                               [0m
[7m[38;2;0;0;0m [0m[38;2;0;0;0;48;2;0;0;0m                                                [38;2;1;1;1m_[38;2;0;0;0;48;2;7;7;7m:[38;2;43;43;43;48;2;92;92;92mF[38;2;192;192;192;48;2;225;225;225m~[38;2;253;253;253;48;2;250;250;250m`[38;2;249;249;249;48;2;251;251;251m`[38;2;252;252;252m:[48;2;252;252;252m          [48;2;251;251;251m:[38;2;250;250;250m_[38;2;253;253;253;48;2;250;250;250m:[38;2;198;198;198;48;2;232;232;232m_[38;2;137;137;137;48;2;90;90;90mF[38;2;32;32;32;48;2;13;13;13m^[38;2;1;1;1;48;2;0;0;0m"                                               [0m
[7m[38;2;0;0;0m [0m[38;2;0;0;0;48;2;0;0;0m                                                [38;2;1;1;1m:[38;2;29;29;29;48;2;19;19;19m4[38;2;133;133;133;48;2;112;112;112m4[38;2;237;237;237;48;2;243;243;243mL[48;2;250;250;250m [38;2;252;252;252;48;2;251;251;251m:[48;2;252;252;252m           [48;2;251;251;251m:[48;2;250;250;250m [38;2;254;254;254;48;2;245;245;245m:[38;2;140;140;140;48;2;164;164;164m4[38;2;57;57;57;48;2;37;37;37mF[38;2;2;2;2;48;2;1;1;1ma[48;2;0;0;0m                                                [0m
[7m[38;2;0;0;0m [0m[38;2;0;0;0;48;2;0;0;0m                                                [38;2;1;1;1m:[38;2;0;0;0;48;2;27;27;27m:[38;2;95;95;95;48;2;137;137;137mF[38;2;238;238;238;48;2;244;244;244mL[48;2;250;250;250m [38;2;252;252;252;48;2;251;251;251m:[48;2;252;252;252m           [48;2;251;251;251m:[48;2;250;250;250m [38;2;254;254;254;48;2;246;246;246m:[38;2;186;186;186;48;2;177;177;177m$[38;2;78;78;78;48;2;46;46;46mL[38;2;1;1;1;48;2;0;0;0m~                                                [0m
[7m[38;2;0;0;0m [0m[38;2;0;0;0;48;2;0;0;0m                                                [38;2;1;1;1m_[38;2;62;62;62;48;2;41;41;41m4[38;2;151;151;151;48;2;175;175;175mL[38;2;254;254;254;48;2;245;245;245m:[48;2;250;250;250m [38;2;252;252;252;48;2;251;251;251m:[48;2;252;252;252m           [48;2;251;251;251m:[48;2;250;250;250m [38;2;254;254;254;48;2;247;247;247m:[38;2;180;180;180;48;2;191;191;191m4[38;2;72;72;72;48;2;52;52;52ml[48;2;0;0;0m                                                 [0m
[7m[38;2;0;0;0m [0m[38;2;0;0;0;48;2;0;0;0m                                                [48;2;2;2;2m:[38;2;85;85;85;48;2;61;61;61mj[38;2;170;170;170;48;2;210;210;210m~[38;2;254;254;254;48;2;249;249;249m:[38;2;250;250;250;48;2;251;251;251mT[38;2;252;252;252m:[48;2;252;252;252m           [48;2;251;251;251m:[48;2;250;250;250m [38;2;254;254;254;48;2;248;248;248m:[38;2;188;188;188;48;2;198;198;198m4[38;2;76;76;76;48;2;55;55;55ml[48;2;0;0;0m                                                 [0m
[7m[38;2;0;0;0m [0m[38;2;0;0;0;48;2;0;0;0m                                                [38;2;33;33;33;48;2;22;22;22my[38;2;94;94;94;48;2;132;132;132mF[38;2;238;238;238;48;2;243;243;243mL[38;2;252;252;252;48;2;250;250;250m~[48;2;251;251;251m:[48;2;252;252;252m            [48;2;251;251;251m:[38;2;250;250;250m`[38;2;254;254;254;48;2;249;249;249m.[38;2;193;193;193;48;2;203;203;203m4[38;2;90;90;90;48;2;54;54;54mL[48;2;0;0;0m                                                 [0m
[7m[38;2;0;0;0m [0m[38;2;0;0;0;48;2;0;0;0m                                               [38;2;1;1;1m~[38;2;64;64;64;48;2;45;45;45m4[38;2;160;160;160;48;2;181;181;181mF[38;2;254;254;254;48;2;246;246;246m:[48;2;250;250;250m [38;2;252;252;252;48;2;251;251;251m:[48;2;252;252;252m             [48;2;251;251;251m [38;2;254;254;254m:[38;2;217;217;217;48;2;224;224;224m4[38;2;111;111;111;48;2;70;70;70mL[38;2;0;0;0;48;2;2;2;2m`[48;2;0;0;0m                                                [0m
[7m[38;2;0;0;0m [0m[38;2;0;0;0;48;2;0;0;0m                                                [38;2;49;49;49;48;2;79;79;79m$[38;2;204;204;204;48;2;215;215;215m^[38;2;254;254;254;48;2;250;250;250m:[48;2;251;251;251m [38;2;252;252;252m:[48;2;252;252;252m             [48;2;251;251;251m [38;2;253;253;253;48;2;252;252;252m`[38;2;251;251;251;48;2;239;239;239m:[38;2;127;127;127;48;2;89;89;89mL[38;2;14;14;14;48;2;8;8;8m,[48;2;0;0;0m                                                [0m
[7m[38;2;0;0;0m [0m[38;2;0;0;0;48;2;0;0;0m                                               [48;2;8;8;8m'[38;2;54;54;54;48;2;100;100;100m[[38;2;250;250;250;48;2;237;237;237m:[38;2;254;254;254;48;2;252;252;252m`[38;2;251;251;251m`              [38;2;252;252;252;48;2;251;251;251m:[38;2;249;249;249m_[38;2;254;254;254;48;2;242;242;242m:[38;2;138;138;138;48;2;103;103;103mL[38;2;26;26;26;48;2;14;14;14mL[38;2;1;1;1;48;2;0;0;0m_                                               [0m
[7m[38;2;0;0;0m [0m[38;2;0;0;0;48;2;0;0;0m                                              [38;2;1;1;1m:[38;2;28;28;28;48;2;22;22;22mu[38;2;94;94;94;48;2;128;128;128mF[38;2;238;238;238;48;2;244;244;244mL[48;2;250;250;250m [38;2;252;252;252;48;2;251;251;251m:[48;2;252;252;252m              [48;2;251;251;251m:[38;2;248;248;248;48;2;249;249;249m][38;2;253;253;253;48;2;243;243;243m`[38;2;149;149;149;48;2;118;118;118mL[38;2;38;38;38;48;2;22;22;22mL[38;2;1;1;1;48;2;0;0;0m:                                               [0m
[7m[38;2;0;0;0m [0m[38;2;0;0;0;48;2;0;0;0m                                              [38;2;1;1;1m.[38;2;56;56;56;48;2;38;38;38m4[38;2;141;141;141;48;2;165;165;165mF[38;2;242;242;242;48;2;246;246;246mL[48;2;250;250;250m [38;2;252;252;252;48;2;251;251;251m:[48;2;252;252;252m              [48;2;251;251;251m:[38;2;249;249;249;48;2;250;250;250m][38;2;253;253;253;48;2;244;244;244m:[38;2;167;167;167;48;2;140;140;140mL[38;2;54;54;54;48;2;31;31;31mL[38;2;1;1;1;48;2;0;0;0m:                                               [0m
[?25h