[?25l[0m[7m[38;2;252;252;252m [0m[38;2;0;0;0;48;2;252;252;252m                                                                                                                       [0m
[7m[38;2;252;252;252m [0m[38;2;0;0;0;48;2;252;252;252m                                                                                                                       [0m
[7m[38;2;252;252;252m [0m[38;2;0;0;0;48;2;252;252;252m                                                                                                                       [0m
[7m[38;2;252;252;252m [0m[38;2;0;0;0;48;2;252;252;252m                                                                                                                       [0m
[7m[38;2;252;252;252m [0m[38;2;0;0;0;48;2;252;252;252m                                                                                                                       [0m
[7m[38;2;252;252;252m [0m[38;2;0;0;0;48;2;252;252;252m                                                                                                                       [0m
[7m[38;2;252;252;252m [0m[38;2;0;0;0;48;2;252;252;252m                                                                                                                       [0m
[7m[38;2;252;252;252m [0m[38;2;0;0;0;48;2;252;252;252m                                                                                                                       [0m
[7m[38;2;252;252;252m [0m[38;2;0;0;0;48;2;252;252;252m                                                                                                                       [0m
[7m[38;2;252;252;252m [0m[38;2;0;0;0;48;2;252;252;252m                                                                                                                       [0m
[7m[38;2;252;252;252m [0m[38;2;0;0;0;48;2;252;252;252m                                                                                                                       [0m
[7m[38;2;252;252;252m [0m[38;2;0;0;0;48;2;252;252;252m                                                                                                                       [0m
[7m[38;2;252;252;252m [0m[38;2;0;0;0;48;2;252;252;252m                                                                                                                       [0m
[7m[38;2;252;252;252m [0m[38;2;0;0;0;48;2;252;252;252m                                                                                                                       [0m
[7m[38;2;252;252;252m [0m[38;2;0;0;0;48;2;252;252;252m                                                                                                                       [0m
[7m[38;2;252;252;252m [0m[38;2;0;0;0;48;2;252;252;252m                                                                                                                       [0m
[7m[38;2;252;252;252m [0m[38;2;0;0;0;48;2;252;252;252m                                                                                                                       [0m
[7m[38;2;252;252;252m [0m[38;2;0;0;0;48;2;252;252;252m                                                                                                                       [0m
[7m[38;2;252;252;252m [0m[38;2;0;0;0;48;2;252;252;252m                                                                                                                       [0m
[7m[38;2;252;252;252m [0m[38;2;0;0;0;48;2;252;252;252m                                                                                                                       [0m
[7m[38;2;252;252;252m [0m[38;2;0;0;0;48;2;252;252;252m                                                                                                                       [0m
[7m[38;2;252;252;252m [0m[38;2;0;0;0;48;2;252;252;252m                                                                                                                       [0m
[7m[38;2;252;252;252m [0m[38;2;0;0;0;48;2;252;252;252m                                                                                                                       [0m
[7m[38;2;252;252;252m [0m[38;2;0;0;0;48;2;252;252;252m                                                                                                                       [0m
[7m[38;2;252;252;252m [0m[38;2;0;0;0;48;2;252;252;252m                                                                                                                       [0m
[7m[38;2;252;252;252m [0m[38;2;0;0;0;48;2;252;252;252m                                                              [38;2;252;252;252;48;2;251;251;251m:[48;2;252;252;252m                                                        [0m
[7m[38;2;252;252;252m [0m[38;2;0;0;0;48;2;252;252;252m                               [38;2;252;252;252;48;2;251;251;251m:[38;2;250;250;250m*aaaaaaaaaaaaaaaaaaaaaa   [38;2;253;253;253m_[38;2;252;252;252m:[48;2;249;249;249m`[38;2;193;193;193;48;2;245;245;245m_[38;2;186;186;186;48;2;244;244;244m_[38;2;227;227;227;48;2;249;249;249m_[38;2;249;249;249;48;2;251;251;251m,[48;2;252;252;252m [38;2;253;253;253;48;2;251;251;251m_  _[48;2;252;252;252m                                                 [0m
[7m[38;2;252;252;252m [0m[38;2;0;0;0;48;2;252;252;252m                            [38;2;252;252;252;48;2;251;251;251m:[38;2;250;250;250m,[38;2;252;252;252;48;2;248;248;248m`[38;2;177;177;177;48;2;227;227;227m_[38;2;12;12;12;48;2;178;178;178m_[38;2;0;0;0;48;2;165;165;165m__[48;2;162;162;162m_[48;2;160;160;160m_[48;2;159;159;159m_[38;2;69;69;69;48;2;160;160;160my[38;2;67;67;67;48;2;158;158;158my[38;2;63;63;63;48;2;155;155;155my[38;2;62;62;62;48;2;154;154;154my[38;2;59;59;59;48;2;151;151;151my[38;2;58;58;58myyyy[38;2;57;57;57;48;2;150;150;150my[38;2;54;54;54;48;2;148;148;148my[38;2;53;53;53;48;2;147;147;147myy[38;2;236;236;236;48;2;108;108;108m~[48;2;105;105;105m~~~[38;2;235;235;235;48;2;102;102;102m~[48;2;100;100;100m~[48;2;96;96;96m~[48;2;94;94;94m~[38;2;233;233;233;48;2;90;90;90m~[38;2;216;216;216;48;2;74;74;74m~[38;2;145;145;145;48;2;44;44;44m~[38;2;125;125;125;48;2;41;41;41m~[38;2;191;191;191;48;2;64;64;64m~[38;2;229;229;229;48;2;85;85;85m~[38;2;234;234;234;48;2;90;90;90m~[38;2;235;235;235;48;2;93;93;93m~[48;2;96;96;96m~[38;2;61;61;61;48;2;149;149;149my[38;2;179;179;179;48;2;212;212;212my[38;2;251;251;251;48;2;246;246;246m`[38;2;250;250;250;48;2;251;251;251m_[38;2;252;252;252m:[48;2;252;252;252m                                              [0m
[7m[38;2;252;252;252m [0m[38;2;0;0;0;48;2;252;252;252m                            [48;2;251;251;251m [38;2;250;250;250m:[38;2;228;228;228;48;2;235;235;235m4[38;2;169;169;169;48;2;140;140;140m~[38;2;0;0;0;48;2;17;17;17m:[48;2;0;0;0m                             [38;2;2;2;2m`    [38;2;0;0;0;48;2;1;1;1m.[48;2;38;38;38m`[38;2;163;163;163;48;2;187;187;187mF[38;2;240;240;240;48;2;245;245;245m~[38;2;251;251;251;48;2;250;250;250m,[38;2;252;252;252;48;2;251;251;251m.[48;2;252;252;252m                                              [0m
[7m[38;2;252;252;252m [0m[38;2;0;0;0;48;2;252;252;252m                            [38;2;252;252;252;48;2;251;251;251m: [38;2;249;249;249;48;2;239;239;239m.[38;2;138;138;138;48;2;168;168;168m"[38;2;51;51;51;48;2;26;26;26mL[48;2;0;0;0m                                 [38;2;1;1;1m_[38;2;0;0;0;48;2;14;14;14m:[38;2;67;67;67;48;2;111;111;111mF[38;2;218;218;218;48;2;233;233;233m~[38;2;250;250;250;48;2;251;251;251m_[38;2;252;252;252m:[48;2;252;252;252m                                               [0m
[7m[38;2;252;252;252m [0m[38;2;0;0;0;48;2;252;252;252m                              [38;2;249;249;249;48;2;251;251;251m`[38;2;238;238;238;48;2;222;222;222m:[38;2;163;163;163;48;2;107;107;107m_[38;2;57;57;57;48;2;21;21;21m_[38;2;0;0;0;48;2;1;1;1m:[48;2;0;0;0m                               [48;2;11;11;11m:[38;2;160;160;160;48;2;78;78;78m_[38;2;180;180;180;48;2;220;220;220m~[38;2;250;250;250;48;2;248;248;248m:[48;2;251;251;251m`[38;2;252;252;252m:[48;2;252;252;252m                                               [0m
[7m[38;2;252;252;252m [0m[38;2;0;0;0;48;2;252;252;252m                              [38;2;252;252;252;48;2;251;251;251m:[38;2;243;243;243;48;2;248;248;248m`[38;2;188;188;188;48;2;215;215;215m~[38;2;183;183;183;48;2;119;119;119m_[38;2;99;99;99;48;2;44;44;44m_[38;2;39;39;39;48;2;8;8;8m_[48;2;0;0;0m                           [38;2;1;1;1m.[38;2;0;0;0;48;2;5;5;5m:[38;2;105;105;105;48;2;35;35;35m_[38;2;46;46;46;48;2;142;142;142m~[38;2;192;192;192;48;2;228;228;228m"[38;2;251;251;251;48;2;249;249;249m:[38;2;250;250;250;48;2;251;251;251m`[38;2;252;252;252m:[48;2;252;252;252m                                                [0m
[7m[38;2;252;252;252m [0m[38;2;0;0;0;48;2;252;252;252m                                [38;2;246;246;246;48;2;250;250;250m`[38;2;213;213;213;48;2;239;239;239m"[38;2;150;150;150;48;2;206;206;206m~[38;2;183;183;183;48;2;125;125;125my[38;2;159;159;159;48;2;68;68;68m_[38;2;95;95;95;48;2;30;30;30m_[38;2;42;42;42;48;2;8;8;8m_[38;2;0;0;0;48;2;2;2;2m`[48;2;0;0;0m                     [48;2;3;3;3m:[38;2;94;94;94;48;2;18;18;18m_[38;2;181;181;181;48;2;64;64;64m_[38;2;58;58;58;48;2;159;159;159m~[38;2;163;163;163;48;2;222;222;222m~[38;2;234;234;234;48;2;247;247;247m~[38;2;252;252;252;48;2;251;251;251m`[48;2;252;252;252m                                                   [0m
[7m[38;2;252;252;252m [0m[38;2;0;0;0;48;2;252;252;252m                                 [38;2;252;252;252;48;2;251;251;251m.:[38;2;235;235;235;48;2;247;247;247m`[38;2;197;197;197;48;2;234;234;234m~[38;2;134;134;134;48;2;202;202;202m~[38;2;188;188;188;48;2;125;125;125my[38;2;135;135;135;48;2;63;63;63m_[38;2;31;31;31;48;2;12;12;12m,[48;2;0;0;0m                  [38;2;0;0;0;48;2;1;1;1m:[48;2;32;32;32m`[38;2;184;184;184;48;2;107;107;107my[38;2;131;131;131;48;2;213;213;213m~[38;2;216;216;216;48;2;242;242;242m~[38;2;246;246;246;48;2;250;250;250m~[38;2;250;250;250;48;2;251;251;251m`[38;2;252;252;252m_[48;2;252;252;252m                                                    [0m
[7m[38;2;252;252;252m [0m[38;2;0;0;0;48;2;252;252;252m                                    [38;2;252;252;252;48;2;251;251;251m:.[38;2;233;233;233;48;2;245;245;245m`[38;2;170;170;170;48;2;205;205;205m~[38;2;143;143;143;48;2;90;90;90m_[38;2;0;0;0;48;2;14;14;14m`[48;2;0;0;0m                [38;2;1;1;1m`[38;2;51;51;51;48;2;35;35;35mu[38;2;99;99;99;48;2;163;163;163m~[38;2;227;227;227;48;2;242;242;242m~[48;2;250;250;250m [38;2;252;252;252;48;2;251;251;251m:[48;2;252;252;252m                                                       [0m
[7m[38;2;252;252;252m [0m[38;2;0;0;0;48;2;252;252;252m                                      [38;2;252;252;252;48;2;251;251;251m`[38;2;251;251;251;48;2;245;245;245m:[38;2;168;168;168;48;2;197;197;197m~[38;2;94;94;94;48;2;66;66;66mL[38;2;0;0;0;48;2;7;7;7m:[48;2;0;0;0m              [38;2;1;1;1m=[38;2;0;0;0;48;2;12;12;12m:[38;2;118;118;118;48;2;87;87;87m4[38;2;225;225;225;48;2;234;234;234mL[38;2;250;250;250;48;2;251;251;251m-[38;2;252;252;252m:[48;2;252;252;252m                                                        [0m
[?25h