[?25l[0m[7m[38;2;0;0;0m [0m[38;2;0;0;0;48;2;0;0;0m                                                                                                                       [0m
[7m[38;2;0;0;0m [0m[38;2;0;0;0;48;2;0;0;0m                                                                                                                       [0m
[7m[38;2;0;0;0m [0m[38;2;0;0;0;48;2;0;0;0m                                                                                                                       [0m
[7m[38;2;0;0;0m [0m[38;2;0;0;0;48;2;0;0;0m                                                                                                                       [0m
[7m[38;2;0;0;0m [0m[38;2;0;0;0;48;2;0;0;0m                                                                                                                       [0m
[7m[38;2;0;0;0m [0m[38;2;0;0;0;48;2;0;0;0m                                                                                                                       [0m
[7m[38;2;0;0;0m [0m[38;2;0;0;0;48;2;0;0;0m                                                                                                                       [0m
[7m[38;2;0;0;0m [0m[38;2;0;0;0;48;2;0;0;0m                                                                                                                       [0m
[7m[38;2;0;0;0m [0m[38;2;0;0;0;48;2;0;0;0m                                                                                                                       [0m
[7m[38;2;0;0;0m [0m[38;2;0;0;0;48;2;0;0;0m                                                                                                                       [0m
[7m[38;2;0;0;0m [0m[38;2;0;0;0;48;2;0;0;0m                                                                                                                       [0m
[7m[38;2;0;0;0m [0m[38;2;0;0;0;48;2;0;0;0m                                                  [38;2;1;1;1m.    . [38;2;4;4;4m_[38;2;5;5;5m_[38;2;6;6;6m_[38;2;5;5;5m_ [38;2;0;0;0;48;2;1;1;1m`[38;2;31;31;31;48;2;2;2;2m_[38;2;51;51;51;48;2;5;5;5m_[38;2;53;53;53m_[38;2;49;49;49;48;2;4;4;4m_[38;2;19;19;19;48;2;1;1;1m_[48;2;0;0;0m                                                   [0m
[7m[38;2;0;0;0m [0m[38;2;0;0;0;48;2;0;0;0m                                               [38;2;1;1;1m_[38;2;38;38;38;48;2;12;12;12m_[38;2;158;158;158;48;2;63;63;63m_[38;2;25;25;25;48;2;150;150;150m~[38;2;32;32;32;48;2;169;169;169m~[38;2;35;35;35;48;2;177;177;177m~[38;2;37;37;37;48;2;179;179;179m~[38;2;33;33;33;48;2;170;170;170m~[38;2;23;23;23;48;2;148;148;148m~[38;2;24;24;24;48;2;152;152;152m~[38;2;42;42;42;48;2;183;183;183m~[38;2;44;44;44;48;2;188;188;188m~[38;2;48;48;48;48;2;193;193;193m~[38;2;44;44;44;48;2;184;184;184m~[38;2;33;33;33;48;2;170;170;170m~[38;2;45;45;45;48;2;188;188;188m~[38;2;70;70;70;48;2;205;205;205m~[38;2;88;88;88;48;2;210;210;210m~[38;2;91;91;91m~[38;2;88;88;88;48;2;209;209;209m~[38;2;62;62;62;48;2;191;191;191m~[38;2;103;103;103;48;2;59;59;59mw[38;2;14;14;14;48;2;5;5;5m,[48;2;0;0;0m                                                 [0m
[7m[38;2;0;0;0m [0m[38;2;0;0;0;48;2;0;0;0m                                               [38;2;1;1;1m~[38;2;34;34;34;48;2;18;18;18m"[38;2;72;72;72;48;2;119;119;119mL[38;2;206;206;206;48;2;235;235;235m_[38;2;253;253;253;48;2;250;250;250m`[38;2;252;252;252;48;2;251;251;251m~[38;2;253;253;253m` [38;2;250;250;250m= [38;2;253;253;253;48;2;252;252;252m`~~`[48;2;251;251;251m`[48;2;252;252;252m  [38;2;250;250;250;48;2;251;251;251m`[38;2;251;251;251;48;2;250;250;250mM[38;2;254;254;254;48;2;248;248;248m.[38;2;164;164;164;48;2;203;203;203my[38;2;92;92;92;48;2;54;54;54mF[38;2;8;8;8;48;2;2;2;2m~[48;2;0;0;0m                                                 [0m
[7m[38;2;0;0;0m [0m[38;2;0;0;0;48;2;0;0;0m                                                [38;2;1;1;1m`[38;2;45;45;45;48;2;23;23;23m"[38;2;49;49;49;48;2;126;126;126m_[38;2;178;178;178;48;2;233;233;233m_[38;2;235;235;235;48;2;247;247;247m,[38;2;246;246;246;48;2;251;251;251m_[38;2;253;253;253;48;2;252;252;252m.        [48;2;251;251;251m.[38;2;249;249;249;48;2;248;248;248m:[38;2;163;163;163;48;2;236;236;236m_[38;2;90;90;90;48;2;203;203;203m_[38;2;107;107;107;48;2;63;63;63mF[38;2;25;25;25;48;2;5;5;5m~[38;2;1;1;1;48;2;0;0;0m`                                                 [0m
[7m[38;2;0;0;0m [0m[38;2;0;0;0;48;2;0;0;0m                                                  [38;2;33;33;33;48;2;9;9;9m"[38;2;130;130;130;48;2;36;36;36m~[38;2;74;74;74;48;2;130;130;130ms[38;2;214;214;214;48;2;232;232;232m,[38;2;253;253;253;48;2;252;252;252m:[38;2;252;252;252;48;2;251;251;251m`[48;2;252;252;252m      [48;2;251;251;251m: [38;2;254;254;254;48;2;241;241;241m:[38;2;148;148;148;48;2;122;122;122mF[38;2;56;56;56;48;2;29;29;29m~[38;2;5;5;5;48;2;2;2;2m'[48;2;0;0;0m                                                   [0m
[7m[38;2;0;0;0m [0m[38;2;0;0;0;48;2;0;0;0m                                                    [38;2;74;74;74;48;2;53;53;53m4[38;2;190;190;190;48;2;206;206;206mF[38;2;246;246;246;48;2;249;249;249mL[38;2;250;250;250;48;2;251;251;251m:[38;2;252;252;252m:[48;2;252;252;252m    [48;2;251;251;251m:`[38;2;254;254;254;48;2;250;250;250m:[38;2;209;209;209;48;2;224;224;224my[38;2;105;105;105;48;2;69;69;69mF[38;2;13;13;13;48;2;3;3;3m~[38;2;1;1;1;48;2;0;0;0m`                                                   [0m
[7m[38;2;0;0;0m [0m[38;2;0;0;0;48;2;0;0;0m                                                   [48;2;3;3;3m:[38;2;92;92;92;48;2;69;69;69m4[38;2;215;215;215;48;2;227;227;227mF[38;2;253;253;253;48;2;251;251;251m`[38;2;252;252;252m.[48;2;252;252;252m     [48;2;251;251;251m:[48;2;250;250;250m [38;2;254;254;254;48;2;249;249;249m:[38;2;201;201;201;48;2;209;209;209m4[38;2;92;92;92;48;2;55;55;55mL[38;2;1;1;1;48;2;0;0;0m'                                                    [0m
[7m[38;2;0;0;0m [0m[38;2;0;0;0;48;2;0;0;0m                                                  [48;2;1;1;1m:[38;2;75;75;75;48;2;32;32;32m_[38;2;78;78;78;48;2;153;153;153m~[38;2;252;252;252;48;2;243;243;243m:[48;2;251;251;251m":[48;2;252;252;252m     [48;2;251;251;251m: [38;2;254;254;254m'[38;2;214;214;214;48;2;232;232;232m"[38;2;152;152;152;48;2;99;99;99mL[38;2;62;62;62;48;2;17;17;17m,[48;2;0;0;0m                                                    [0m
[7m[38;2;0;0;0m [0m[38;2;0;0;0;48;2;0;0;0m                                                  [48;2;9;9;9m:[38;2;105;105;105;48;2;84;84;84mj[38;2;211;211;211;48;2;229;229;229mM[38;2;254;254;254;48;2;251;251;251m` [38;2;252;252;252m:[48;2;252;252;252m      [48;2;251;251;251m:[38;2;250;250;250mf[38;2;254;254;254;48;2;249;249;249m:[38;2;185;185;185;48;2;211;211;211m~[38;2;109;109;109;48;2;63;63;63mL[38;2;18;18;18;48;2;4;4;4m,[48;2;0;0;0m                                                   [0m
[7m[38;2;0;0;0m [0m[38;2;0;0;0;48;2;0;0;0m                                                 [38;2;1;1;1m:[38;2;0;0;0;48;2;40;40;40m.[38;2;136;136;136;48;2;163;163;163mF[38;2;253;253;253;48;2;244;244;244m`[48;2;250;250;250m [38;2;252;252;252;48;2;251;251;251m:[48;2;252;252;252m        [48;2;251;251;251m:`[38;2;254;254;254;48;2;242;242;242m:[38;2;155;155;155;48;2;125;125;125mL[38;2;44;44;44;48;2;24;24;24mL[38;2;1;1;1;48;2;0;0;0m:                                                  [0m
[7m[38;2;0;0;0m [0m[38;2;0;0;0;48;2;0;0;0m                                                [38;2;1;1;1m_[38;2;0;0;0;48;2;9;9;9m:[38;2;126;126;126;48;2;81;81;81m_[38;2;190;190;190;48;2;225;225;225m~[38;2;253;253;253;48;2;250;250;250m`[38;2;250;250;250;48;2;251;251;251m~[38;2;252;252;252m:[48;2;252;252;252m        [48;2;251;251;251m:_[38;2;254;254;254;48;2;247;247;247m:[38;2;159;159;159;48;2;189;189;189m~[38;2;86;86;86;48;2;49;49;49mL[38;2;2;2;2;48;2;1;1;1m.[48;2;0;0;0m                                                  [0m
[7m[38;2;0;0;0m [0m[38;2;0;0;0;48;2;0;0;0m                                                [48;2;3;3;3m:[38;2;83;83;83;48;2;57;57;57my[38;2;146;146;146;48;2;202;202;202m~[38;2;253;253;253;48;2;248;248;248m:[38;2;250;250;250;48;2;251;251;251mT[38;2;252;252;252m:[48;2;252;252;252m          [48;2;251;251;251m:"[38;2;254;254;254;48;2;242;242;242m:[38;2;169;169;169;48;2;126;126;126mL[38;2;73;73;73;48;2;27;27;27m,[38;2;1;1;1;48;2;0;0;0m*                                                 [0m
[7m[38;2;0;0;0m [0m[38;2;0;0;0;48;2;0;0;0m                                               [38;2;1;1;1m=[38;2;55;55;55;48;2;36;36;36my[38;2;105;105;105;48;2;164;164;164m~[38;2;254;254;254;48;2;245;245;245m:[38;2;250;250;250;48;2;251;251;251m*[38;2;252;252;252m:[48;2;252;252;252m           [48;2;251;251;251m:[38;2;249;249;249m`[38;2;254;254;254;48;2;250;250;250m`[38;2;201;201;201;48;2;229;229;229m"[38;2;136;136;136;48;2;87;87;87mL[38;2;45;45;45;48;2;11;11;11m,[38;2;1;1;1;48;2;0;0;0m_                                                [0m
[7m[38;2;0;0;0m [0m[38;2;0;0;0;48;2;0;0;0m                                              [38;2;1;1;1m_[38;2;41;41;41;48;2;18;18;18m_[38;2;76;76;76;48;2;124;124;124mF[38;2;218;218;218;48;2;237;237;237m~[38;2;254;254;254;48;2;250;250;250m`[48;2;251;251;251m [48;2;252;252;252m             [38;2;252;252;252;48;2;251;251;251m:[38;2;250;250;250m~[38;2;254;254;254;48;2;249;249;249m`[38;2;172;172;172;48;2;208;208;208m~[38;2;112;112;112;48;2;64;64;64mL[38;2;22;22;22;48;2;4;4;4m,[48;2;0;0;0m                                                [0m
[7m[38;2;0;0;0m [0m[38;2;0;0;0;48;2;0;0;0m                                             [38;2;1;1;1m_[38;2;29;29;29;48;2;9;9;9m_[38;2;49;49;49;48;2;102;102;102mF[38;2;184;184;184;48;2;225;225;225m~[38;2;254;254;254;48;2;249;249;249m'[38;2;249;249;249;48;2;251;251;251m~[38;2;252;252;252m:[48;2;252;252;252m              [48;2;251;251;251m:[38;2;249;249;249;48;2;250;250;250m=[38;2;254;254;254;48;2;247;247;247m`[38;2;142;142;142;48;2;188;188;188m~[38;2;93;93;93;48;2;51;51;51mL[38;2;8;8;8;48;2;2;2;2m,[48;2;0;0;0m                                               [0m
[7m[38;2;0;0;0m [0m[38;2;0;0;0;48;2;0;0;0m                                             [38;2;1;1;1m`[38;2;18;18;18;48;2;50;50;50ml[38;2;176;176;176;48;2;162;162;162m4[38;2;242;242;242;48;2;246;246;246mL[48;2;250;250;250m [38;2;252;252;252;48;2;251;251;251m:[48;2;252;252;252m                [48;2;251;251;251m:[38;2;246;246;246m_[38;2;249;249;249;48;2;232;232;232m'[38;2;131;131;131;48;2;97;97;97mL[38;2;34;34;34;48;2;13;13;13m,[48;2;0;0;0m                                               [0m
[7m[38;2;0;0;0m [0m[38;2;0;0;0;48;2;0;0;0m                                            [38;2;1;1;1mg[38;2;26;26;26;48;2;14;14;14my[38;2;73;73;73;48;2;113;113;113mF[38;2;192;192;192;48;2;228;228;228m"[38;2;239;239;239;48;2;244;244;244m=[38;2;248;248;248;48;2;250;250;250mr[48;2;252;252;252m                 [38;2;253;253;253;48;2;250;250;250m:[38;2;204;204;204;48;2;235;235;235m=[38;2;252;252;252;48;2;242;242;242m`[38;2;130;130;130;48;2;179;179;179m`[38;2;82;82;82;48;2;46;46;46mL[38;2;1;1;1;48;2;0;0;0m"                                              [0m
[7m[38;2;0;0;0m [0m[38;2;0;0;0;48;2;0;0;0m                                            [38;2;1;1;1m`[38;2;16;16;16;48;2;7;7;7m`[38;2;110;110;110;48;2;57;57;57m"[38;2;89;89;89;48;2;174;174;174my[38;2;106;106;106;48;2;198;198;198m_[38;2;215;215;215;48;2;230;230;230mL[38;2;254;254;254;48;2;250;250;250m:[48;2;251;251;251m [38;2;252;252;252m:[48;2;252;252;252m            [48;2;251;251;251m:[38;2;250;250;250m_[38;2;253;253;253;48;2;249;249;249m:[38;2;195;195;195;48;2;226;226;226my[38;2;103;103;103;48;2;187;187;187my[38;2;160;160;160;48;2;71;71;71m~[38;2;55;55;55;48;2;16;16;16m'[48;2;0;0;0m                                               [0m
[7m[38;2;0;0;0m [0m[38;2;0;0;0;48;2;0;0;0m                                              [38;2;1;1;1m`[38;2;46;46;46;48;2;23;23;23m_[38;2;86;86;86;48;2;134;134;134mF[38;2;220;220;220;48;2;239;239;239m~[38;2;254;254;254;48;2;250;250;250m`[38;2;252;252;252;48;2;251;251;251m:[48;2;252;252;252m             [48;2;251;251;251m:[38;2;250;250;250m"[38;2;254;254;254;48;2;249;249;249m`[38;2;198;198;198;48;2;228;228;228m"[38;2;140;140;140;48;2;90;90;90mL[38;2;50;50;50;48;2;13;13;13m,[38;2;1;1;1;48;2;0;0;0m_                                               [0m
[7m[38;2;0;0;0m [0m[38;2;0;0;0;48;2;0;0;0m                                             [38;2;1;1;1m_[38;2;36;36;36;48;2;13;13;13m_[38;2;62;62;62;48;2;112;112;112mF[38;2;200;200;200;48;2;228;228;228m"[38;2;254;254;254;48;2;250;250;250m`[38;2;250;250;250;48;2;251;251;251m`[38;2;252;252;252m:[48;2;252;252;252m              [48;2;251;251;251m:[38;2;248;248;248;48;2;250;250;250m~[38;2;253;253;253;48;2;249;249;249m:[38;2;177;177;177;48;2;215;215;215m~[38;2;118;118;118;48;2;69;69;69mL[38;2;26;26;26;48;2;5;5;5m,[38;2;1;1;1;48;2;0;0;0m,                                              [0m
[7m[38;2;0;0;0m [0m[38;2;0;0;0;48;2;0;0;0m                                             [38;2;1;1;1;48;2;5;5;5m`[38;2;97;97;97;48;2;71;71;71my[38;2;168;168;168;48;2;216;216;216m~[38;2;254;254;254;48;2;249;249;249m`[38;2;250;250;250;48;2;251;251;251m"[38;2;252;252;252m:[48;2;252;252;252m                [48;2;251;251;251m:[48;2;250;250;250m [38;2;253;253;253;48;2;247;247;247m:[38;2;144;144;144;48;2;185;185;185m~[38;2;88;88;88;48;2;49;49;49mL[38;2;2;2;2;48;2;1;1;1m.[48;2;0;0;0m                                              [0m
[7m[38;2;0;0;0m [0m[38;2;0;0;0;48;2;0;0;0m                                            [38;2;1;1;1m`[38;2;60;60;60;48;2;42;42;42my[38;2;122;122;122;48;2;170;170;170m~[38;2;254;254;254;48;2;246;246;246m:[38;2;249;249;249;48;2;250;250;250m$[38;2;252;252;252;48;2;251;251;251m:[48;2;252;252;252m                  [48;2;251;251;251m:[38;2;250;250;250my[38;2;253;253;253;48;2;242;242;242m:[38;2;103;103;103;48;2;132;132;132m4[38;2;62;62;62;48;2;24;24;24m,[48;2;0;0;0m                                              [0m
[7m[38;2;0;0;0m [0m[38;2;0;0;0;48;2;0;0;0m                                           [38;2;1;1;1m_[38;2;34;34;34;48;2;13;13;13m_[38;2;66;66;66;48;2;115;115;115mF[38;2;217;217;217;48;2;233;233;233m"[38;2;254;254;254;48;2;251;251;251m`[38;2;250;250;250m`[38;2;252;252;252m:[48;2;252;252;252m                  [48;2;251;251;251m:[38;2;250;250;250m~[38;2;253;253;253;48;2;249;249;249m:[38;2;177;177;177;48;2;209;209;209m~[38;2;110;110;110;48;2;65;65;65mL[38;2;13;13;13;48;2;3;3;3m,[48;2;0;0;0m                                             [0m
[7m[38;2;0;0;0m [0m[38;2;0;0;0;48;2;0;0;0m                                           [38;2;1;1;1;48;2;5;5;5m`[38;2;97;97;97;48;2;70;70;70my[38;2;164;164;164;48;2;212;212;212m~[38;2;254;254;254;48;2;249;249;249m'[38;2;252;252;252;48;2;251;251;251m_:[48;2;252;252;252m                    [48;2;251;251;251m:[48;2;250;250;250m [38;2;253;253;253;48;2;246;246;246m:[38;2;133;133;133;48;2;165;165;165m~[38;2;72;72;72;48;2;40;40;40mL[38;2;1;1;1;48;2;0;0;0m;                                            [0m
[7m[38;2;0;0;0m [0m[38;2;0;0;0;48;2;0;0;0m                                          [38;2;1;1;1m:[38;2;49;49;49;48;2;36;36;36my[38;2;125;125;125;48;2;156;156;156mF[38;2;254;254;254;48;2;245;245;245m:[48;2;250;250;250m [38;2;252;252;252;48;2;251;251;251m:[48;2;252;252;252m                      [48;2;251;251;251m [38;2;253;253;253;48;2;252;252;252m:[38;2;247;247;247;48;2;232;232;232m:[38;2;119;119;119;48;2;86;86;86m[[38;2;8;8;8;48;2;4;4;4mr[48;2;0;0;0m                                            [0m
[?25h