[?25l[0m[7m[38;2;252;252;252m [0m[38;2;0;0;0;48;2;252;252;252m                                                                                                                       [0m
[7m[38;2;252;252;252m [0m[38;2;0;0;0;48;2;252;252;252m                                                                                                                       [0m
[7m[38;2;252;252;252m [0m[38;2;0;0;0;48;2;252;252;252m                                                                                                                       [0m
[7m[38;2;252;252;252m [0m[38;2;0;0;0;48;2;252;252;252m                                                                                                                       [0m
[7m[38;2;252;252;252m [0m[38;2;0;0;0;48;2;252;252;252m                                                                                                                       [0m
[7m[38;2;252;252;252m [0m[38;2;0;0;0;48;2;252;252;252m                                                                                                                       [0m
[7m[38;2;252;252;252m [0m[38;2;0;0;0;48;2;252;252;252m                                                                                                                       [0m
[7m[38;2;252;252;252m [0m[38;2;0;0;0;48;2;252;252;252m                                                                                                                       [0m
[7m[38;2;252;252;252m [0m[38;2;0;0;0;48;2;252;252;252m                                                                                                                       [0m
[7m[38;2;252;252;252m [0m[38;2;0;0;0;48;2;252;252;252m                                                                                                                       [0m
[7m[38;2;252;252;252m [0m[38;2;0;0;0;48;2;252;252;252m                                                                                                                       [0m
[7m[38;2;252;252;252m [0m[38;2;0;0;0;48;2;252;252;252m                                                                                                                       [0m
[7m[38;2;252;252;252m [0m[38;2;0;0;0;48;2;252;252;252m                                                                                                                       [0m
[7m[38;2;252;252;252m [0m[38;2;0;0;0;48;2;252;252;252m                                                                                                                       [0m
[7m[38;2;252;252;252m [0m[38;2;0;0;0;48;2;252;252;252m                                                                                                                       [0m
[7m[38;2;252;252;252m [0m[38;2;0;0;0;48;2;252;252;252m                                                                                                                       [0m
[7m[38;2;252;252;252m [0m[38;2;0;0;0;48;2;252;252;252m                                                                                                                       [0m
[7m[38;2;252;252;252m [0m[38;2;0;0;0;48;2;252;252;252m                                                                                                                       [0m
[7m[38;2;252;252;252m [0m[38;2;0;0;0;48;2;252;252;252m                                                                                                                       [0m
[7m[38;2;252;252;252m [0m[38;2;0;0;0;48;2;252;252;252m                                                                                                                       [0m
[7m[38;2;252;252;252m [0m[38;2;0;0;0;48;2;252;252;252m                                                           [38;2;253;253;253m,[38;2;250;250;250;48;2;251;251;251m* [38;2;252;252;252m:[48;2;252;252;252m                                                        [0m
[7m[38;2;252;252;252m [0m[38;2;0;0;0;48;2;252;252;252m                                                       [48;2;251;251;251m [38;2;245;245;245m_[38;2;228;228;228m_[38;2;253;253;253;48;2;241;241;241m:[38;2;74;74;74;48;2;192;192;192m_[38;2;7;7;7;48;2;151;151;151m_[38;2;43;43;43;48;2;176;176;176m_[38;2;184;184;184;48;2;231;231;231m_[38;2;252;252;252;48;2;249;249;249m`[38;2;247;247;247;48;2;251;251;251m_[38;2;245;245;245;48;2;252;252;252m_[38;2;247;247;247m_[38;2;251;251;251m_                                                   [0m
[7m[38;2;252;252;252m [0m[38;2;0;0;0;48;2;252;252;252m                                                    [38;2;252;252;252;48;2;251;251;251m:[38;2;250;250;250m_[38;2;253;253;253;48;2;250;250;250m:[38;2;186;186;186;48;2;234;234;234m_[38;2;74;74;74;48;2;162;162;162my[38;2;167;167;167;48;2;63;63;63m~[38;2;132;132;132;48;2;35;35;35m~[38;2;49;49;49;48;2;9;9;9m~[38;2;5;5;5;48;2;3;3;3m'[38;2;0;0;0;48;2;31;31;31m:[38;2;159;159;159;48;2;134;134;134m~[38;2;176;176;176;48;2;222;222;222m_[38;2;152;152;152;48;2;206;206;206m_[38;2;156;156;156;48;2;194;194;194my[38;2;170;170;170;48;2;205;205;205my[38;2;206;206;206;48;2;232;232;232m_[38;2;243;243;243;48;2;248;248;248m,[38;2;250;250;250;48;2;251;251;251m_[38;2;252;252;252m:[48;2;252;252;252m                               [38;2;253;253;253m^                [0m
[7m[38;2;252;252;252m [0m[38;2;0;0;0;48;2;252;252;252m                                                  [38;2;252;252;252;48;2;251;251;251m:[38;2;250;250;250m.[38;2;254;254;254m.[38;2;223;223;223;48;2;247;247;247m_[38;2;140;140;140;48;2;217;217;217m_[38;2;55;55;55;48;2;109;109;109mg[38;2;40;40;40;48;2;12;12;12m~[38;2;4;4;4;48;2;1;1;1m~[48;2;0;0;0m  [38;2;1;1;1m~[38;2;28;28;28;48;2;16;16;16m4[38;2;61;61;61;48;2;97;97;97m_[38;2;119;119;119;48;2;139;139;139m_[38;2;137;137;137;48;2;132;132;132m"[38;2;134;134;134m~[38;2;145;145;145;48;2;139;139;139m`[38;2;191;191;191;48;2;165;165;165m~[38;2;204;204;204;48;2;221;221;221my[38;2;236;236;236;48;2;244;244;244m,[38;2;250;250;250;48;2;251;251;251m,[48;2;252;252;252m                                                [0m
[7m[38;2;252;252;252m [0m[38;2;0;0;0;48;2;252;252;252m                                                [38;2;252;252;252;48;2;251;251;251m:[38;2;250;250;250m_[38;2;253;253;253;48;2;250;250;250m:[38;2;189;189;189;48;2;237;237;237m_[38;2;87;87;87;48;2;172;172;172my[38;2;162;162;162;48;2;60;60;60m~[38;2;90;90;90;48;2;18;18;18m~[38;2;20;20;20;48;2;2;2;2m~[48;2;0;0;0m     [38;2;1;1;1m`[38;2;35;35;35;48;2;7;7;7m"[38;2;77;77;77;48;2;26;26;26m~[38;2;32;32;32;48;2;78;78;78my[38;2;63;63;63;48;2;114;114;114m_[38;2;120;120;120;48;2;132;132;132m_[38;2;133;133;133;48;2;152;152;152m'[38;2;192;192;192;48;2;214;214;214m~[38;2;239;239;239;48;2;246;246;246m~[38;2;249;249;249;48;2;250;250;250m)[48;2;251;251;251m [48;2;252;252;252m                                               [0m
[7m[38;2;252;252;252m [0m[38;2;0;0;0;48;2;252;252;252m                                                [38;2;252;252;252;48;2;251;251;251m:[38;2;250;250;250mT[38;2;254;254;254;48;2;236;236;236m'[38;2;81;81;81;48;2;122;122;122mg[38;2;35;35;35;48;2;14;14;14m~[38;2;2;2;2;48;2;1;1;1m"[48;2;0;0;0m         [38;2;1;1;1m"[38;2;0;0;0;48;2;1;1;1m`[38;2;27;27;27;48;2;10;10;10m"[38;2;42;42;42;48;2;74;74;74mg[38;2;129;129;129;48;2;151;151;151mL[38;2;197;197;197;48;2;215;215;215mL[38;2;240;240;240;48;2;247;247;247m,[48;2;250;250;250m [48;2;251;251;251m [48;2;252;252;252m                                               [0m
[7m[38;2;252;252;252m [0m[38;2;0;0;0;48;2;252;252;252m                                                [38;2;252;252;252;48;2;251;251;251m:"[38;2;254;254;254;48;2;238;238;238m:[38;2;201;201;201;48;2;117;117;117m_[38;2;54;54;54;48;2;22;22;22m,[38;2;0;0;0;48;2;1;1;1m`[48;2;0;0;0m           [48;2;2;2;2m:[38;2;9;9;9;48;2;37;37;37m`[38;2;148;148;148;48;2;126;126;126m_[38;2;184;184;184;48;2;199;199;199mF[38;2;237;237;237;48;2;242;242;242mF[48;2;249;249;249m [38;2;252;252;252;48;2;251;251;251m.[48;2;252;252;252m                                               [0m
[7m[38;2;252;252;252m [0m[38;2;0;0;0;48;2;252;252;252m                                                 [38;2;252;252;252;48;2;251;251;251m:[38;2;250;250;250m=[38;2;251;251;251;48;2;239;239;239m:[38;2;29;29;29;48;2;178;178;178m`[38;2;200;200;200;48;2;78;78;78m_[38;2;103;103;103;48;2;20;20;20m_[38;2;21;21;21;48;2;3;3;3m,[38;2;2;2;2;48;2;0;0;0m,      [38;2;0;0;0;48;2;4;4;4m`[38;2;76;76;76;48;2;12;12;12m_[38;2;150;150;150;48;2;57;57;57m_[38;2;179;179;179;48;2;125;125;125my[38;2;159;159;159;48;2;203;203;203m~[38;2;225;225;225;48;2;239;239;239m"[38;2;246;246;246;48;2;249;249;249m~[38;2;251;251;251;48;2;250;250;250my[38;2;252;252;252;48;2;251;251;251m.[48;2;252;252;252m                                               [0m
[7m[38;2;252;252;252m [0m[38;2;0;0;0;48;2;252;252;252m                                                  [38;2;252;252;252;48;2;251;251;251m: [48;2;250;250;250m.[38;2;222;222;222;48;2;245;245;245m`[38;2;179;179;179;48;2;227;227;227m~[38;2;64;64;64;48;2;176;176;176m~[38;2;172;172;172;48;2;84;84;84my[38;2;205;205;205;48;2;52;52;52m_[38;2;174;174;174;48;2;30;30;30m_[38;2;183;183;183;48;2;32;32;32m_[38;2;203;203;203;48;2;48;48;48m_[38;2;217;217;217;48;2;77;77;77m_[38;2;5;5;5;48;2;138;138;138m~[38;2;56;56;56;48;2;178;178;178m~[38;2;134;134;134;48;2;213;213;213m~[38;2;195;195;195;48;2;235;235;235m~[38;2;227;227;227;48;2;244;244;244m"[38;2;246;246;246;48;2;251;251;251m~[38;2;251;251;251;48;2;252;252;252m`                                                  [0m
[7m[38;2;252;252;252m [0m[38;2;0;0;0;48;2;252;252;252m                                                     [38;2;252;252;252;48;2;251;251;251m: ~[38;2;250;250;250m=[38;2;244;244;244;48;2;250;250;250m`[38;2;219;219;219;48;2;244;244;244m~[38;2;225;225;225;48;2;246;246;246m~[38;2;243;243;243;48;2;250;250;250m~[38;2;248;248;248;48;2;251;251;251m`   [48;2;252;252;252m                                                      [0m
[7m[38;2;252;252;252m [0m[38;2;0;0;0;48;2;252;252;252m                                                         [38;2;252;252;252;48;2;251;251;251m:.:[48;2;252;252;252m                                                           [0m
[7m[38;2;252;252;252m [0m[38;2;0;0;0;48;2;252;252;252m                                                                                                                       [0m
[7m[38;2;252;252;252m [0m[38;2;0;0;0;48;2;252;252;252m                                                                                                                       [0m
[7m[38;2;252;252;252m [0m[38;2;0;0;0;48;2;252;252;252m                                                                                                                       [0m
[7m[38;2;252;252;252m [0m[38;2;0;0;0;48;2;252;252;252m                                                                                                                       [0m
[7m[38;2;252;252;252m [0m[38;2;0;0;0;48;2;252;252;252m                       [38;2;252;252;252;48;2;251;251;251m:[48;2;252;252;252m                                                                                               [0m
[?25h