[?25l[0m[7m[38;2;252;252;252m [0m[38;2;0;0;0;48;2;252;252;252m                                                                                                                       [0m
[7m[38;2;252;252;252m [0m[38;2;0;0;0;48;2;252;252;252m                                                                                                                       [0m
[7m[38;2;252;252;252m [0m[38;2;0;0;0;48;2;252;252;252m                                                                                                                       [0m
[7m[38;2;252;252;252m [0m[38;2;0;0;0;48;2;252;252;252m                                                                                                                       [0m
[7m[38;2;252;252;252m [0m[38;2;0;0;0;48;2;252;252;252m                                                                                                                       [0m
[7m[38;2;252;252;252m [0m[38;2;0;0;0;48;2;252;252;252m                                                                                                                       [0m
[7m[38;2;252;252;252m [0m[38;2;0;0;0;48;2;252;252;252m                                                                                                                       [0m
[7m[38;2;252;252;252m [0m[38;2;0;0;0;48;2;252;252;252m                                                                                                                       [0m
[7m[38;2;252;252;252m [0m[38;2;0;0;0;48;2;252;252;252m                                                                                                                       [0m
[7m[38;2;252;252;252m [0m[38;2;0;0;0;48;2;252;252;252m                                                                                                                       [0m
[7m[38;2;252;252;252m [0m[38;2;0;0;0;48;2;252;252;252m                                                                                                                       [0m
[7m[38;2;252;252;252m [0m[38;2;0;0;0;48;2;252;252;252m                                                                                                                       [0m
[7m[38;2;252;252;252m [0m[38;2;0;0;0;48;2;252;252;252m                                                                                                                       [0m
[7m[38;2;252;252;252m [0m[38;2;0;0;0;48;2;252;252;252m                                                                                                                       [0m
[7m[38;2;252;252;252m [0m[38;2;0;0;0;48;2;252;252;252m                                                                                                                       [0m
[7m[38;2;252;252;252m [0m[38;2;0;0;0;48;2;252;252;252m                                                                                                                       [0m
[7m[38;2;252;252;252m [0m[38;2;0;0;0;48;2;252;252;252m                                                                                                                       [0m
[7m[38;2;252;252;252m [0m[38;2;0;0;0;48;2;252;252;252m                                                                                                                       [0m
[7m[38;2;252;252;252m [0m[38;2;0;0;0;48;2;252;252;252m                                                      [38;2;252;252;252;48;2;251;251;251m: :[38;2;253;253;253m.[38;2;238;238;238;48;2;250;250;250m_[38;2;243;243;243;48;2;251;251;251m_ [38;2;252;252;252m_[38;2;244;244;244;48;2;249;249;249m_[38;2;238;238;238;48;2;247;247;247m_[38;2;236;236;236;48;2;245;245;245m_[38;2;239;239;239;48;2;247;247;247m_[38;2;246;246;246;48;2;250;250;250m_[38;2;250;250;250;48;2;251;251;251m,[48;2;252;252;252m                                                   [0m
[7m[38;2;252;252;252m [0m[38;2;0;0;0;48;2;252;252;252m                                                   [38;2;252;252;252;48;2;251;251;251m:[38;2;250;250;250m_[38;2;242;242;242m_[38;2;213;213;213;48;2;248;248;248m_[38;2;157;157;157;48;2;230;230;230m_[38;2;87;87;87;48;2;205;205;205m_[38;2;67;67;67;48;2;163;163;163my[38;2;201;201;201;48;2;71;71;71m~[38;2;206;206;206;48;2;78;78;78m~[38;2;54;54;54;48;2;155;155;155my[38;2;26;26;26;48;2;178;178;178m_[38;2;85;85;85;48;2;204;204;204m_[38;2;137;137;137;48;2;215;215;215m_[38;2;191;191;191;48;2;226;226;226m_[38;2;226;226;226;48;2;233;233;233m_[38;2;242;242;242;48;2;236;236;236m~[38;2;243;243;243;48;2;246;246;246my[38;2;248;248;248;48;2;250;250;250my[38;2;249;249;249;48;2;251;251;251m_[38;2;252;252;252m:[48;2;252;252;252m                                                [0m
[7m[38;2;252;252;252m [0m[38;2;0;0;0;48;2;252;252;252m                                                [38;2;252;252;252;48;2;251;251;251m:[48;2;252;252;252m [48;2;249;249;249m:[38;2;159;159;159;48;2;236;236;236m_[38;2;83;83;83;48;2;196;196;196m_[38;2;49;49;49;48;2;143;143;143my[38;2;140;140;140;48;2;46;46;46m~[38;2;86;86;86;48;2;16;16;16m~[38;2;63;63;63;48;2;9;9;9m`[38;2;0;0;0;48;2;2;2;2m:[48;2;0;0;0m   [38;2;11;11;11;48;2;2;2;2m`[38;2;62;62;62;48;2;9;9;9m`[38;2;103;103;103;48;2;19;19;19m`[38;2;122;122;122;48;2;46;46;46m~[38;2;53;53;53;48;2;137;137;137my[38;2;85;85;85;48;2;194;194;194m_[38;2;163;163;163;48;2;229;229;229m_[38;2;234;234;234;48;2;243;243;243m,[38;2;245;245;245;48;2;248;248;248m_[38;2;249;249;249;48;2;250;250;250m,[38;2;252;252;252;48;2;251;251;251m:[48;2;252;252;252m                                               [0m
[7m[38;2;252;252;252m [0m[38;2;0;0;0;48;2;252;252;252m                                               [48;2;251;251;251m [38;2;250;250;250m![38;2;253;253;253;48;2;238;238;238m'[38;2;85;85;85;48;2;158;158;158my[38;2;113;113;113;48;2;38;38;38m~[38;2;22;22;22;48;2;4;4;4m~[48;2;0;0;0m [38;2;1;1;1m`         ` [38;2;0;0;0;48;2;7;7;7m'[38;2;107;107;107;48;2;42;42;42m~[38;2;99;99;99;48;2;159;159;159my[38;2;223;223;223;48;2;236;236;236m,[38;2;249;249;249;48;2;247;247;247m`[38;2;250;250;250;48;2;251;251;251mr[48;2;252;252;252m                                               [0m
[7m[38;2;252;252;252m [0m[38;2;0;0;0;48;2;252;252;252m                                              [38;2;252;252;252;48;2;251;251;251m:[38;2;249;249;249;48;2;250;250;250m|[38;2;253;253;253;48;2;243;243;243m:[38;2;208;208;208;48;2;168;168;168m~[38;2;55;55;55;48;2;32;32;32mL[38;2;2;2;2;48;2;0;0;0m.               [38;2;0;0;0;48;2;1;1;1m`[38;2;2;2;2;48;2;42;42;42m:[38;2;157;157;157;48;2;184;184;184mL[38;2;239;239;239;48;2;244;244;244mr[38;2;251;251;251;48;2;250;250;250mM[38;2;252;252;252;48;2;251;251;251m.[48;2;252;252;252m                             [38;2;253;253;253m^                [0m
[7m[38;2;252;252;252m [0m[38;2;0;0;0;48;2;252;252;252m                                              [38;2;252;252;252;48;2;251;251;251m:_[38;2;253;253;253;48;2;246;246;246m'[38;2;162;162;162;48;2;194;194;194m~[38;2;77;77;77;48;2;43;43;43mL[38;2;0;0;0;48;2;3;3;3m:[48;2;0;0;0m              [38;2;1;1;1m_[38;2;0;0;0;48;2;4;4;4m:[38;2;108;108;108;48;2;56;56;56m_[38;2;170;170;170;48;2;209;209;209m~[38;2;241;241;241;48;2;248;248;248m~[38;2;249;249;249;48;2;251;251;251m`[38;2;252;252;252m.[48;2;252;252;252m                                              [0m
[7m[38;2;252;252;252m [0m[38;2;0;0;0;48;2;252;252;252m                                               [38;2;252;252;252;48;2;251;251;251m:[38;2;250;250;250mT[38;2;253;253;253;48;2;245;245;245m:[38;2;140;140;140;48;2;204;204;204m~[38;2;194;194;194;48;2;77;77;77m_[38;2;65;65;65;48;2;18;18;18m,[38;2;0;0;0;48;2;2;2;2m`[48;2;0;0;0m          [38;2;1;1;1m_[38;2;0;0;0;48;2;2;2;2m`[38;2;2;2;2;48;2;22;22;22m`[38;2;196;196;196;48;2;76;76;76m_[38;2;140;140;140;48;2;207;207;207m~[38;2;242;242;242;48;2;247;247;247m'[38;2;250;250;250;48;2;251;251;251m"[38;2;252;252;252m:[48;2;252;252;252m                                               [0m
[7m[38;2;252;252;252m [0m[38;2;0;0;0;48;2;252;252;252m                                                 [38;2;252;252;252;48;2;251;251;251m:[48;2;250;250;250m.[38;2;227;227;227;48;2;243;243;243m`[38;2;131;131;131;48;2;211;211;211m~[38;2;203;203;203;48;2;112;112;112my[38;2;166;166;166;48;2;53;53;53m_[38;2;95;95;95;48;2;11;11;11m_[38;2;49;49;49;48;2;2;2;2m_[38;2;8;8;8;48;2;1;1;1m,[48;2;0;0;0m   [38;2;0;0;0;48;2;1;1;1m:[38;2;59;59;59;48;2;2;2;2m_[38;2;107;107;107;48;2;14;14;14m_[38;2;166;166;166;48;2;54;54;54m_[38;2;207;207;207;48;2;116;116;116my[38;2;127;127;127;48;2;220;220;220m~[38;2;225;225;225;48;2;247;247;247m~[38;2;252;252;252;48;2;251;251;251m.:[48;2;252;252;252m                                                 [0m
[7m[38;2;252;252;252m [0m[38;2;0;0;0;48;2;252;252;252m                                                   [38;2;252;252;252;48;2;251;251;251m.`[38;2;254;254;254m'[38;2;203;203;203;48;2;243;243;243m`[38;2;166;166;166;48;2;223;223;223m~[38;2;97;97;97;48;2;198;198;198m~[38;2;37;37;37;48;2;170;170;170m~[38;2;3;3;3;48;2;129;129;129m~[38;2;219;219;219;48;2;78;78;78m_[38;2;1;1;1;48;2;131;131;131m~[38;2;30;30;30;48;2;174;174;174m~[38;2;104;104;104;48;2;205;205;205m~[38;2;177;177;177;48;2;232;232;232m~[38;2;203;203;203;48;2;243;243;243m`[38;2;251;251;251;48;2;250;250;250m:[48;2;251;251;251m [38;2;252;252;252m.[48;2;252;252;252m                                                   [0m
[7m[38;2;252;252;252m [0m[38;2;0;0;0;48;2;252;252;252m                                                      [38;2;252;252;252;48;2;251;251;251m: [38;2;250;250;250m`[38;2;254;254;254;48;2;252;252;252m`[38;2;253;253;253;48;2;251;251;251m~[38;2;252;252;252mT[38;2;253;253;253m~[38;2;254;254;254;48;2;252;252;252m`[38;2;249;249;249;48;2;251;251;251m` [48;2;252;252;252m                                                       [0m
[7m[38;2;252;252;252m [0m[38;2;0;0;0;48;2;252;252;252m                                                                                                                       [0m
[7m[38;2;252;252;252m [0m[38;2;0;0;0;48;2;252;252;252m                                                                                                                       [0m
[7m[38;2;252;252;252m [0m[38;2;0;0;0;48;2;252;252;252m                                                                                                                       [0m
[7m[38;2;252;252;252m [0m[38;2;0;0;0;48;2;252;252;252m                                                                                                                       [0m
[7m[38;2;252;252;252m [0m[38;2;0;0;0;48;2;252;252;252m                                                                                                                       [0m
[7m[38;2;252;252;252m [0m[38;2;0;0;0;48;2;252;252;252m                                                                                                                       [0m
[7m[38;2;252;252;252m [0m[38;2;0;0;0;48;2;252;252;252m                                                                                                                       [0m
[7m[38;2;252;252;252m [0m[38;2;0;0;0;48;2;252;252;252m                       [38;2;252;252;252;48;2;251;251;251m:[48;2;252;252;252m                                                                                               [0m
[?25h