[?25l[0m[7m[38;2;252;252;252m [0m[38;2;0;0;0;48;2;252;252;252m                       [48;2;251;251;251m [38;2;252;252;252m`[38;2;248;248;248;48;2;239;239;239m'[38;2;140;140;140;48;2;174;174;174m_[38;2;33;33;33;48;2;17;17;17mL[48;2;0;0;0m                                                                                           [0m
[7m[38;2;252;252;252m [0m[38;2;0;0;0;48;2;252;252;252m                       [48;2;251;251;251m [38;2;250;250;250mF[38;2;216;216;216;48;2;226;226;226m4[38;2;131;131;131;48;2;93;93;93m~[38;2;0;0;0;48;2;9;9;9m:[38;2;1;1;1;48;2;0;0;0m.                                                                                          [0m
[7m[38;2;252;252;252m [0m[38;2;0;0;0;48;2;252;252;252m                      [38;2;252;252;252;48;2;251;251;251m: [38;2;253;253;253;48;2;249;249;249m`[38;2;196;196;196;48;2;208;208;208my[38;2;11;11;11;48;2;40;40;40m.[38;2;0;0;0;48;2;1;1;1m:[48;2;0;0;0m                                                                                           [0m
[7m[38;2;252;252;252m [0m[38;2;0;0;0;48;2;252;252;252m                      [48;2;251;251;251m  [38;2;233;233;233;48;2;237;237;237mu[38;2;180;180;180;48;2;155;155;155mF[38;2;0;0;0;48;2;18;18;18m:[48;2;0;0;0m                                                                                            [0m
[38;2;238;238;238;48;2;246;246;246m,[38;2;253;253;253;48;2;252;252;252mL[38;2;252;252;252;48;2;251;251;251m:[48;2;252;252;252m                    [48;2;251;251;251m|[48;2;250;250;250m [38;2;220;220;220;48;2;228;228;228m4[38;2;134;134;134;48;2;113;113;113mF[38;2;0;0;0;48;2;12;12;12m:[48;2;0;0;0m                                                                                            [0m
[38;2;228;228;228;48;2;235;235;235mL[38;2;253;253;253;48;2;252;252;252mL[48;2;251;251;251m [48;2;252;252;252m                    [38;2;252;252;252;48;2;251;251;251m. [38;2;209;209;209;48;2;221;221;221m4[38;2;80;80;80;48;2;67;67;67m^[38;2;0;0;0;48;2;4;4;4m:[38;2;1;1;1;48;2;0;0;0m^                                                                                           [0m
[38;2;197;197;197;48;2;215;215;215m_[38;2;253;253;253;48;2;252;252;252mI[48;2;251;251;251m [48;2;252;252;252m                    [38;2;252;252;252;48;2;251;251;251mu[48;2;249;249;249m`[38;2;195;195;195;48;2;206;206;206m4[38;2;45;45;45;48;2;35;35;35mL[48;2;0;0;0m                                                                                             [0m
[38;2;158;158;158;48;2;185;185;185mL[38;2;250;250;250;48;2;252;252;252m_[38;2;253;253;253m:                   [38;2;252;252;252;48;2;251;251;251m. [38;2;249;249;249;48;2;243;243;243m'[38;2;174;174;174;48;2;186;186;186my[38;2;33;33;33;48;2;21;21;21mL[48;2;0;0;0m                                                                                             [0m
[38;2;124;124;124;48;2;154;154;154mL[38;2;233;233;233;48;2;240;240;240mL[38;2;253;253;253;48;2;252;252;252mr[48;2;251;251;251m [48;2;252;252;252m                  [38;2;252;252;252;48;2;251;251;251m|[48;2;250;250;250m [38;2;232;232;232;48;2;238;238;238m4[38;2;154;154;154;48;2;163;163;163m4[38;2;27;27;27;48;2;15;15;15mL[48;2;0;0;0m                                                                                             [0m
[38;2;84;84;84;48;2;110;110;110mL[38;2;195;195;195;48;2;213;213;213mL[48;2;252;252;252m [48;2;251;251;251m [48;2;252;252;252m                  [38;2;252;252;252;48;2;251;251;251m|[48;2;250;250;250m [38;2;226;226;226;48;2;233;233;233m4[38;2;158;158;158;48;2;135;135;135mF[38;2;0;0;0;48;2;15;15;15m:[48;2;0;0;0m                                                                                             [0m
[38;2;32;32;32;48;2;54;54;54mL[38;2;143;143;143;48;2;175;175;175mL[38;2;233;233;233;48;2;249;249;249m_[38;2;253;253;253;48;2;252;252;252m,[38;2;252;252;252;48;2;251;251;251m:[48;2;252;252;252m                 [38;2;251;251;251;48;2;250;250;250m. [38;2;218;218;218;48;2;227;227;227m4[38;2;126;126;126;48;2;113;113;113mL[38;2;0;0;0;48;2;11;11;11m:[38;2;1;1;1;48;2;0;0;0m:                                                                                            [0m
[38;2;15;15;15;48;2;7;7;7m"[38;2;92;92;92;48;2;122;122;122mL[38;2;194;194;194;48;2;219;219;219m,[48;2;252;252;252m [38;2;252;252;252;48;2;251;251;251m`[48;2;252;252;252m                 [38;2;251;251;251;48;2;250;250;250m" [38;2;218;218;218;48;2;227;227;227m4[38;2;126;126;126;48;2;113;113;113mL[38;2;16;16;16;48;2;10;10;10mL[38;2;1;1;1;48;2;0;0;0m:                                                                                            [0m
[38;2;6;6;6;48;2;3;3;3m_[38;2;82;82;82;48;2;57;57;57m7[38;2;153;153;153;48;2;184;184;184mL[38;2;244;244;244;48;2;251;251;251m_[38;2;253;253;253;48;2;252;252;252m,[38;2;252;252;252;48;2;251;251;251m:[48;2;252;252;252m                [38;2;251;251;251;48;2;250;250;250m" [38;2;218;218;218;48;2;227;227;227m4[38;2;126;126;126;48;2;113;113;113mL[38;2;16;16;16;48;2;10;10;10mL[38;2;1;1;1;48;2;0;0;0m:                                                                                            [0m
[38;2;5;5;5;48;2;1;1;1m~[38;2;23;23;23;48;2;8;8;8m"[38;2;93;93;93;48;2;124;124;124mL[38;2;200;200;200;48;2;221;221;221m_[38;2;253;253;253;48;2;252;252;252mF[48;2;251;251;251m [48;2;252;252;252m                [38;2;252;252;252;48;2;251;251;251m.[38;2;249;249;249;48;2;250;250;250mF[38;2;218;218;218;48;2;227;227;227m4[38;2;127;127;127;48;2;113;113;113mL[38;2;0;0;0;48;2;11;11;11m:[38;2;1;1;1;48;2;0;0;0m:                                                                                            [0m
[7m[38;2;0;0;0m [0m[38;2;0;0;0;48;2;0;0;0m [38;2;77;77;77;48;2;44;44;44m"[38;2;138;138;138;48;2;172;172;172mL[38;2;234;234;234;48;2;248;248;248m_[38;2;253;253;253;48;2;252;252;252mw[38;2;252;252;252;48;2;251;251;251m:[48;2;252;252;252m               [48;2;251;251;251m [38;2;250;250;250m.[38;2;225;225;225;48;2;232;232;232m4[38;2;156;156;156;48;2;135;135;135mL[38;2;22;22;22;48;2;12;12;12mL[48;2;0;0;0m                                                                                             [0m
[7m[38;2;0;0;0m [0m[38;2;0;0;0;48;2;0;0;0m [38;2;9;9;9;48;2;3;3;3m"[38;2;67;67;67;48;2;101;101;101mL[38;2;180;180;180;48;2;205;205;205m_[38;2;253;253;253;48;2;252;252;252m:[48;2;251;251;251m [48;2;252;252;252m               [38;2;252;252;252;48;2;251;251;251ml [38;2;231;231;231;48;2;238;238;238m4[38;2;150;150;150;48;2;163;163;163m4[38;2;27;27;27;48;2;14;14;14mL[48;2;0;0;0m                                                                                             [0m
[7m[38;2;0;0;0m [0m[38;2;0;0;0;48;2;0;0;0m  [38;2;47;47;47;48;2;21;21;21m"[38;2;107;107;107;48;2;145;145;145mL[38;2;211;211;211;48;2;235;235;235m_[38;2;253;253;253;48;2;252;252;252m%[48;2;251;251;251m [48;2;252;252;252m              [38;2;252;252;252;48;2;251;251;251m. [38;2;248;248;248;48;2;243;243;243m:[38;2;173;173;173;48;2;187;187;187m4[38;2;36;36;36;48;2;20;20;20mL[48;2;0;0;0m                                                                                             [0m
[7m[38;2;0;0;0m [0m[38;2;0;0;0;48;2;0;0;0m  [38;2;1;1;1m`[38;2;99;99;99;48;2;56;56;56m"[38;2;148;148;148;48;2;177;177;177m_[38;2;237;237;237;48;2;249;249;249m_[38;2;253;253;253;48;2;252;252;252m,[38;2;252;252;252;48;2;251;251;251m.[48;2;252;252;252m              [48;2;251;251;251m"[38;2;248;248;248;48;2;250;250;250m`[38;2;196;196;196;48;2;209;209;209m4[38;2;51;51;51;48;2;34;34;34mL[48;2;0;0;0m                                                                                             [0m
[7m[38;2;0;0;0m [0m[38;2;0;0;0;48;2;0;0;0m   [38;2;16;16;16;48;2;3;3;3m`[38;2;60;60;60;48;2;99;99;99mL[38;2;168;168;168;48;2;203;203;203m_[38;2;248;248;248;48;2;251;251;251m,[38;2;252;252;252m_:[48;2;252;252;252m             [48;2;251;251;251m [38;2;250;250;250mw[38;2;209;209;209;48;2;221;221;221m4[38;2;88;88;88;48;2;65;65;65mL[38;2;0;0;0;48;2;4;4;4m:[48;2;0;0;0m                                                                                            [0m
[7m[38;2;0;0;0m [0m[38;2;0;0;0;48;2;0;0;0m    [38;2;36;36;36;48;2;12;12;12m"[38;2;87;87;87;48;2;127;127;127mL[38;2;193;193;193;48;2;223;223;223m_[38;2;253;253;253;48;2;252;252;252m:[48;2;251;251;251m [48;2;252;252;252m             [38;2;252;252;252;48;2;251;251;251m|[48;2;250;250;250m [38;2;217;217;217;48;2;228;228;228m4[38;2;137;137;137;48;2;110;110;110m_[38;2;0;0;0;48;2;11;11;11m:[38;2;1;1;1;48;2;0;0;0m:                                                                                           [0m
[7m[38;2;0;0;0m [0m[38;2;0;0;0;48;2;0;0;0m     [38;2;67;67;67;48;2;26;26;26m"[38;2;100;100;100;48;2;143;143;143mL[38;2;202;202;202;48;2;230;230;230m_[38;2;253;253;253;48;2;252;252;252m:[48;2;251;251;251m [48;2;252;252;252m            [48;2;251;251;251m  [38;2;246;246;246;48;2;240;240;240m:[38;2;162;162;162;48;2;175;175;175m4[38;2;0;0;0;48;2;21;21;21m`[48;2;0;0;0m                                                                                            [0m
[7m[38;2;0;0;0m [0m[38;2;0;0;0;48;2;0;0;0m      [38;2;69;69;69;48;2;35;35;35m~[38;2;116;116;116;48;2;159;159;159mL[38;2;215;215;215;48;2;241;241;241m_[38;2;253;253;253;48;2;252;252;252m;[48;2;251;251;251m [48;2;252;252;252m            [38;2;252;252;252;48;2;251;251;251m:[38;2;249;249;249m"[38;2;202;202;202;48;2;214;214;214m4[38;2;65;65;65;48;2;43;43;43mL[38;2;0;0;0;48;2;1;1;1m:[48;2;0;0;0m                                                                                           [0m
[7m[38;2;0;0;0m [0m[38;2;0;0;0;48;2;0;0;0m      [38;2;2;2;2m`[38;2;95;95;95;48;2;47;47;47m"[38;2;123;123;123;48;2;166;166;166mL[38;2;214;214;214;48;2;242;242;242m_[38;2;253;253;253;48;2;252;252;252m*[48;2;251;251;251m [48;2;252;252;252m           [38;2;252;252;252;48;2;251;251;251m|[38;2;251;251;251;48;2;250;250;250m4[38;2;216;216;216;48;2;227;227;227m4[38;2;128;128;128;48;2;102;102;102mL[38;2;0;0;0;48;2;10;10;10m:[38;2;1;1;1;48;2;0;0;0m:                                                                                          [0m
[7m[38;2;0;0;0m [0m[38;2;0;0;0;48;2;0;0;0m       [38;2;3;3;3;48;2;1;1;1mF[38;2;79;79;79;48;2;45;45;45m~[38;2;126;126;126;48;2;168;168;168mL[38;2;222;222;222;48;2;245;245;245m_[38;2;253;253;253;48;2;252;252;252m,[38;2;252;252;252;48;2;251;251;251m:[48;2;252;252;252m          [48;2;251;251;251m _[38;2;248;248;248;48;2;241;241;241m:[38;2;158;158;158;48;2;179;179;179m~[38;2;0;0;0;48;2;24;24;24m`[38;2;1;1;1;48;2;0;0;0m`                                                                                          [0m
[7m[38;2;0;0;0m [0m[38;2;0;0;0;48;2;0;0;0m        [38;2;6;6;6;48;2;2;2;2m`[38;2;102;102;102;48;2;49;49;49m"[38;2;120;120;120;48;2;165;165;165mL[38;2;207;207;207;48;2;240;240;240m_[38;2;251;251;251;48;2;252;252;252m"[38;2;252;252;252;48;2;251;251;251m:[48;2;252;252;252m          [48;2;251;251;251m.[38;2;250;250;250m,[38;2;210;210;210;48;2;221;221;221m4[38;2;93;93;93;48;2;65;65;65mL[38;2;0;0;0;48;2;5;5;5m:[48;2;0;0;0m                                                                                          [0m
[7m[38;2;0;0;0m [0m[38;2;0;0;0;48;2;0;0;0m         [38;2;2;2;2m"[38;2;69;69;69;48;2;34;34;34m~[38;2;105;105;105;48;2;152;152;152mL[38;2;202;202;202;48;2;236;236;236m_[38;2;253;253;253;48;2;252;252;252m:[48;2;251;251;251m [48;2;252;252;252m         [38;2;252;252;252;48;2;251;251;251ml[38;2;251;251;251;48;2;250;250;250my[38;2;243;243;243;48;2;233;233;233m:[38;2;183;183;183;48;2;141;141;141m_[38;2;0;0;0;48;2;17;17;17m:[48;2;0;0;0m                                                                                          [0m
[7m[38;2;0;0;0m [0m[38;2;0;0;0;48;2;0;0;0m          [38;2;1;1;1m`[38;2;76;76;76;48;2;28;28;28m"[38;2;87;87;87;48;2;140;140;140mL[38;2;184;184;184;48;2;228;228;228m_[38;2;253;253;253;48;2;251;251;251m. [48;2;252;252;252m        [38;2;252;252;252;48;2;251;251;251m::[38;2;246;246;246;48;2;249;249;249m`[38;2;203;203;203;48;2;213;213;213m4[38;2;81;81;81;48;2;50;50;50mL[38;2;0;0;0;48;2;3;3;3m:[38;2;1;1;1;48;2;0;0;0m,                                                                                        [0m
[7m[38;2;0;0;0m [0m[38;2;0;0;0;48;2;0;0;0m            [38;2;52;52;52;48;2;18;18;18m"[38;2;137;137;137;48;2;99;99;99m7[38;2;146;146;146;48;2;210;210;210m_[38;2;236;236;236;48;2;249;249;249m_[38;2;253;253;253;48;2;252;252;252m,[38;2;252;252;252;48;2;251;251;251m.[48;2;252;252;252m       [48;2;251;251;251ml[38;2;251;251;251;48;2;250;250;250mu[38;2;244;244;244;48;2;233;233;233m:[38;2;173;173;173;48;2;138;138;138mL[38;2;0;0;0;48;2;17;17;17m:[48;2;0;0;0m                                                                                         [0m
[7m[38;2;0;0;0m [0m[38;2;0;0;0;48;2;0;0;0m            [38;2;1;1;1m`[38;2;37;37;37;48;2;6;6;6m`[38;2;109;109;109;48;2;58;58;58m~[38;2;99;99;99;48;2;170;170;170m_[38;2;202;202;202;48;2;240;240;240m_[38;2;251;251;251;48;2;252;252;252m'[48;2;251;251;251m [48;2;252;252;252m      [38;2;252;252;252;48;2;251;251;251m: [38;2;248;248;248;48;2;250;250;250m`[38;2;211;211;211;48;2;219;219;219m4[38;2;121;121;121;48;2;68;68;68m_[38;2;0;0;0;48;2;6;6;6m:[48;2;0;0;0m                                                                                        [0m
[7m[38;2;0;0;0m [0m[38;2;0;0;0;48;2;0;0;0m              [38;2;1;1;1m`[38;2;71;71;71;48;2;27;27;27m"[38;2;74;74;74;48;2;131;131;131mL[38;2;165;165;165;48;2;221;221;221m_[38;2;252;252;252;48;2;251;251;251m::[48;2;252;252;252m      [48;2;251;251;251m.[38;2;250;250;250mF[38;2;236;236;236;48;2;242;242;242m"[38;2;210;210;210;48;2;171;171;171mL[38;2;0;0;0;48;2;35;35;35m`[48;2;1;1;1m:[48;2;0;0;0m                                                                                       [0m
[7m[38;2;0;0;0m [0m[38;2;0;0;0;48;2;0;0;0m               [38;2;1;1;1m`[38;2;52;52;52;48;2;10;10;10m`[38;2;129;129;129;48;2;80;80;80m~[48;2;193;193;193m_[38;2;218;218;218;48;2;246;246;246m_[38;2;252;252;252;48;2;251;251;251m::[48;2;252;252;252m     [48;2;251;251;251m [38;2;251;251;251;48;2;250;250;250m"[38;2;244;244;244;48;2;232;232;232m:[38;2;192;192;192;48;2;126;126;126m_[38;2;0;0;0;48;2;17;17;17m`[38;2;1;1;1;48;2;0;0;0m`                                                                                      [0m
[7m[38;2;0;0;0m [0m[38;2;0;0;0;48;2;0;0;0m                 [38;2;25;25;25;48;2;5;5;5m`[38;2;89;89;89;48;2;36;36;36m~[38;2;66;66;66;48;2;126;126;126my[38;2;124;124;124;48;2;197;197;197m_[38;2;214;214;214;48;2;242;242;242m_[38;2;245;245;245;48;2;250;250;250m_[38;2;249;249;249;48;2;251;251;251m_[38;2;252;252;252m:[48;2;252;252;252m  [48;2;251;251;251m: [38;2;251;251;251;48;2;250;250;250m'[38;2;239;239;239;48;2;221;221;221m:[38;2;150;150;150;48;2;87;87;87m_[38;2;0;0;0;48;2;9;9;9m:[38;2;1;1;1;48;2;0;0;0m+                                                                                     [0m
[7m[38;2;0;0;0m [0m[38;2;0;0;0;48;2;0;0;0m                   [38;2;29;29;29;48;2;6;6;6m`[38;2;88;88;88;48;2;36;36;36m~[38;2;46;46;46;48;2;122;122;122m_[38;2;133;133;133;48;2;199;199;199m_[38;2;212;212;212;48;2;240;240;240m_[38;2;243;243;243;48;2;246;246;246m_[38;2;246;246;246;48;2;249;249;249m_[38;2;249;249;249;48;2;251;251;251m_[38;2;252;252;252m:: [38;2;242;242;242;48;2;248;248;248m`[38;2;181;181;181;48;2;210;210;210m"[38;2;125;125;125;48;2;59;59;59m_[38;2;0;0;0;48;2;5;5;5m:[38;2;1;1;1;48;2;0;0;0m,                                                                                    [0m
[7m[38;2;0;0;0m [0m[38;2;0;0;0;48;2;0;0;0m                    [38;2;1;1;1m~[38;2;27;27;27;48;2;4;4;4m`[38;2;82;82;82;48;2;36;36;36m~[38;2;28;28;28;48;2;124;124;124m_[38;2;109;109;109;48;2;197;197;197m_[38;2;199;199;199;48;2;236;236;236m_[38;2;248;248;248;48;2;247;247;247m`[38;2;249;249;249;48;2;251;251;251m_[38;2;250;250;250m,[38;2;252;252;252m:w[38;2;239;239;239;48;2;245;245;245m`[38;2;161;161;161;48;2;199;199;199m~[38;2;94;94;94;48;2;46;46;46m_[38;2;0;0;0;48;2;3;3;3m:[38;2;1;1;1;48;2;0;0;0m,                                                                                   [0m
[7m[38;2;0;0;0m [0m[38;2;0;0;0;48;2;0;0;0m                       [38;2;21;21;21;48;2;3;3;3m`[38;2;75;75;75;48;2;24;24;24m~[38;2;157;157;157;48;2;79;79;79m~[38;2;82;82;82;48;2;169;169;169m_[38;2;162;162;162;48;2;223;223;223m_[38;2;223;223;223;48;2;245;245;245m_[38;2;252;252;252;48;2;250;250;250m`[48;2;251;251;251m`[38;2;250;250;250m'[38;2;237;237;237;48;2;244;244;244m`[38;2;147;147;147;48;2;194;194;194m~[38;2;103;103;103;48;2;44;44;44m_[38;2;0;0;0;48;2;3;3;3m:[38;2;1;1;1;48;2;0;0;0m,                                                                                  [0m
[7m[38;2;0;0;0m [0m[38;2;0;0;0;48;2;0;0;0m                         [38;2;6;6;6m`[38;2;60;60;60;48;2;14;14;14m`[38;2;114;114;114;48;2;50;50;50m~[38;2;28;28;28;48;2;135;135;135m_[38;2;100;100;100;48;2;199;199;199m_[38;2;176;176;176;48;2;232;232;232m_[38;2;232;232;232;48;2;246;246;246m_[38;2;249;249;249;48;2;250;250;250mF[38;2;237;237;237;48;2;243;243;243m`[38;2;141;141;141;48;2;193;193;193m~[38;2;128;128;128;48;2;54;54;54m_[38;2;0;0;0;48;2;6;6;6m:[38;2;1;1;1;48;2;0;0;0m_                                                                                 [0m
[?25h