[?25l[0m[7m[38;2;252;252;252m [0m[38;2;0;0;0;48;2;252;252;252m                                                                  [48;2;251;251;251m [38;2;253;253;253m.[38;2;249;249;249;48;2;241;241;241m'[38;2;126;126;126;48;2;211;211;211m_[38;2;209;209;209;48;2;108;108;108m~[38;2;71;71;71;48;2;28;28;28m^[38;2;4;4;4;48;2;0;0;0m~                         [38;2;0;0;0;48;2;1;1;1m`[38;2;77;77;77;48;2;27;27;27m~[38;2;79;79;79;48;2;140;140;140mg[38;2;192;192;192;48;2;225;225;225m,[38;2;249;249;249;48;2;251;251;251m_ [48;2;252;252;252m               [0m
[7m[38;2;252;252;252m [0m[38;2;0;0;0;48;2;252;252;252m                                                                  [48;2;251;251;251m [38;2;254;254;254m`[38;2;243;243;243;48;2;234;234;234m:[38;2;177;177;177;48;2;153;153;153mF[38;2;74;74;74;48;2;46;46;46mF[38;2;7;7;7;48;2;2;2;2m~[48;2;0;0;0m                            [38;2;18;18;18;48;2;8;8;8m`[38;2;162;162;162;48;2;103;103;103m~[38;2;192;192;192;48;2;222;222;222m,[38;2;249;249;249;48;2;250;250;250m,[48;2;251;251;251m [48;2;252;252;252m              [0m
[7m[38;2;252;252;252m [0m[38;2;0;0;0;48;2;252;252;252m                                                                  [38;2;252;252;252;48;2;251;251;251m:[38;2;249;249;249;48;2;250;250;250ms[38;2;252;252;252;48;2;239;239;239m:[38;2;172;172;172;48;2;149;149;149mF[38;2;59;59;59;48;2;39;39;39mF[38;2;3;3;3;48;2;1;1;1m,[48;2;0;0;0m                             [38;2;0;0;0;48;2;13;13;13m:[38;2;148;148;148;48;2;176;176;176mL[38;2;226;226;226;48;2;240;240;240m,[48;2;251;251;251m  [48;2;252;252;252m             [0m
[7m[38;2;252;252;252m [0m[38;2;0;0;0;48;2;252;252;252m                                                                   [48;2;251;251;251m [38;2;251;251;251;48;2;247;247;247m:[38;2;170;170;170;48;2;209;209;209m~[38;2;180;180;180;48;2;103;103;103m_[38;2;60;60;60;48;2;23;23;23m_[38;2;2;2;2;48;2;1;1;1m.[48;2;0;0;0m                            [38;2;0;0;0;48;2;5;5;5m:[38;2;132;132;132;48;2;102;102;102m"[38;2;204;204;204;48;2;222;222;222mL[48;2;251;251;251m  [48;2;252;252;252m             [0m
[7m[38;2;252;252;252m [0m[38;2;0;0;0;48;2;252;252;252m                                                                   [38;2;252;252;252;48;2;251;251;251m:[48;2;252;252;252m [38;2;253;253;253;48;2;249;249;249m`[38;2;209;209;209;48;2;233;233;233m"[38;2;84;84;84;48;2;132;132;132m"[38;2;50;50;50;48;2;25;25;25mL[48;2;0;0;0m                           [38;2;1;1;1m`[38;2;0;0;0;48;2;1;1;1m:[38;2;62;62;62;48;2;47;47;47m"[38;2;188;188;188;48;2;210;210;210mL[38;2;251;251;251;48;2;252;252;252m"              [0m
[7m[38;2;252;252;252m [0m[38;2;0;0;0;48;2;252;252;252m                                                                 [38;2;252;252;252;48;2;251;251;251m: [38;2;253;253;253m.[38;2;215;215;215;48;2;229;229;229mu[38;2;97;97;97;48;2;147;147;147ma[38;2;177;177;177;48;2;58;58;58m~[38;2;108;108;108;48;2;21;21;21m~[38;2;29;29;29;48;2;3;3;3m~[48;2;0;0;0m                            [38;2;0;0;0;48;2;3;3;3m:[38;2;114;114;114;48;2;71;71;71m_[38;2;198;198;198;48;2;217;217;217mF[38;2;252;252;252;48;2;251;251;251mF [48;2;252;252;252m             [0m
[7m[38;2;252;252;252m [0m[38;2;0;0;0;48;2;252;252;252m                                                                  [38;2;252;252;252;48;2;251;251;251m:[38;2;250;250;250m*[38;2;254;254;254;48;2;245;245;245m:[38;2;106;106;106;48;2;161;161;161m`[38;2;68;68;68;48;2;37;37;37mL[48;2;0;0;0m                             [38;2;1;1;1m`[38;2;67;67;67;48;2;25;25;25m_[38;2;129;129;129;48;2;180;180;180m~[38;2;223;223;223;48;2;242;242;242m~[48;2;251;251;251m  [48;2;252;252;252m             [0m
[7m[38;2;252;252;252m [0m[38;2;0;0;0;48;2;252;252;252m                                                                  [38;2;252;252;252;48;2;251;251;251m:[48;2;250;250;250m [38;2;254;254;254;48;2;245;245;245m:[38;2;146;146;146;48;2;166;166;166m4[38;2;68;68;68;48;2;38;38;38mL[38;2;1;1;1;48;2;0;0;0m`                            [38;2;63;63;63;48;2;19;19;19m_[38;2;193;193;193;48;2;146;146;146my[38;2;215;215;215;48;2;237;237;237m~[48;2;251;251;251m  [48;2;252;252;252m              [0m
[7m[38;2;252;252;252m [0m[38;2;0;0;0;48;2;252;252;252m                                                                  [38;2;252;252;252;48;2;251;251;251m:[38;2;250;250;250m~[38;2;254;254;254;48;2;250;250;250m:[38;2;188;188;188;48;2;216;216;216m"[38;2;108;108;108;48;2;66;66;66mL[38;2;0;0;0;48;2;2;2;2m`[38;2;1;1;1;48;2;0;0;0m_                         `[38;2;0;0;0;48;2;14;14;14m`[38;2;180;180;180;48;2;131;131;131my[38;2;210;210;210;48;2;233;233;233m~[38;2;252;252;252;48;2;251;251;251mL [48;2;252;252;252m               [0m
[7m[38;2;252;252;252m [0m[38;2;0;0;0;48;2;252;252;252m                                                                    [38;2;252;252;252;48;2;251;251;251m~[38;2;253;253;253;48;2;244;244;244m:[38;2;106;106;106;48;2;154;154;154m~[38;2;200;200;200;48;2;68;68;68m_[38;2;194;194;194;48;2;57;57;57m_[38;2;120;120;120;48;2;36;36;36m_[38;2;31;31;31;48;2;9;9;9m_[38;2;12;12;12;48;2;0;0;0m_[38;2;3;3;3m,                     [38;2;0;0;0;48;2;2;2;2m:[38;2;44;44;44;48;2;62;62;62m`[38;2;195;195;195;48;2;213;213;213mL[38;2;250;250;250;48;2;251;251;251m`[38;2;252;252;252m:[48;2;252;252;252m                [0m
[7m[38;2;252;252;252m [0m[38;2;0;0;0;48;2;252;252;252m                                                                     [38;2;253;253;253;48;2;251;251;251m`[38;2;242;242;242m`[38;2;234;234;234;48;2;250;250;250m`[38;2;243;243;243;48;2;236;236;236m'[38;2;147;147;147;48;2;185;185;185m4[38;2;67;67;67;48;2;163;163;163m~[38;2;133;133;133;48;2;90;90;90my[38;2;46;46;46;48;2;24;24;24mL[48;2;0;0;0m                      [38;2;1;1;1;48;2;14;14;14m:[38;2;54;54;54;48;2;149;149;149m_[38;2;203;203;203;48;2;232;232;232m,[38;2;250;250;250;48;2;252;252;252m4[48;2;251;251;251m [48;2;252;252;252m               [0m
[7m[38;2;252;252;252m [0m[38;2;0;0;0;48;2;252;252;252m                                                                       [38;2;253;253;253m`[38;2;248;248;248;48;2;251;251;251m`[38;2;252;252;252;48;2;250;250;250m`[38;2;220;220;220;48;2;245;245;245m_[38;2;127;127;127;48;2;167;167;167m_[38;2;73;73;73;48;2;42;42;42mF[48;2;0;0;0m                       [38;2;42;42;42;48;2;12;12;12m`[38;2;172;172;172;48;2;92;92;92m~[38;2;169;169;169;48;2;214;214;214m_[38;2;236;236;236;48;2;248;248;248m,[38;2;252;252;252;48;2;251;251;251m.:[48;2;252;252;252m             [0m
[7m[38;2;252;252;252m [0m[38;2;0;0;0;48;2;252;252;252m                                                                      [38;2;252;252;252;48;2;251;251;251m:[38;2;250;250;250m_[38;2;252;252;252;48;2;250;250;250m`[38;2;199;199;199;48;2;238;238;238m_[38;2;85;85;85;48;2;139;139;139my[38;2;96;96;96;48;2;31;31;31m`[38;2;16;16;16;48;2;3;3;3m`[48;2;0;0;0m                      [38;2;11;11;11;48;2;2;2;2m_[38;2;27;27;27;48;2;4;4;4m_[38;2;1;1;1;48;2;10;10;10m'[38;2;115;115;115;48;2;137;137;137mL[38;2;216;216;216;48;2;229;229;229mL[38;2;251;251;251;48;2;252;252;252my[48;2;251;251;251m [48;2;252;252;252m             [0m
[7m[38;2;252;252;252m [0m[38;2;0;0;0;48;2;252;252;252m                                                                   [38;2;252;252;252;48;2;251;251;251m: `[38;2;217;217;217;48;2;247;247;247m_[38;2;145;145;145;48;2;222;222;222m_[38;2;79;79;79;48;2;167;167;167my[38;2;161;161;161;48;2;56;56;56m~[38;2;66;66;66;48;2;14;14;14m'[38;2;1;1;1;48;2;0;0;0m'             [38;2;21;21;21;48;2;7;7;7my[38;2;27;27;27;48;2;5;5;5m_[38;2;29;29;29;48;2;2;2;2m_[38;2;15;15;15;48;2;1;1;1m_[38;2;2;2;2;48;2;0;0;0m,   [38;2;8;8;8;48;2;2;2;2my[38;2;17;17;17;48;2;4;4;4m_[38;2;2;2;2;48;2;8;8;8m:[38;2;25;25;25;48;2;90;90;90m_[38;2;183;183;183;48;2;127;127;127my[38;2;198;198;198;48;2;125;125;125m_[38;2;181;181;181;48;2;209;209;209mL[38;2;238;238;238;48;2;247;247;247m,[38;2;251;251;251;48;2;252;252;252m~             [0m
[7m[38;2;252;252;252m [0m[38;2;0;0;0;48;2;252;252;252m                                                                 [48;2;251;251;251m  [38;2;251;251;251;48;2;247;247;247m`[38;2;121;121;121;48;2;227;227;227m_[38;2;33;33;33;48;2;163;163;163m_[38;2;173;173;173;48;2;68;68;68m~[38;2;73;73;73;48;2;20;20;20m~[38;2;22;22;22;48;2;2;2;2m`[48;2;0;0;0m                [38;2;30;30;30;48;2;13;13;13m~[38;2;72;72;72;48;2;55;55;55ma[38;2;177;177;177;48;2;94;94;94m_[38;2;191;191;191;48;2;92;92;92m_[38;2;97;97;97;48;2;41;41;41m_[38;2;123;123;123;48;2;28;28;28m_[38;2;143;143;143;48;2;33;33;33m_[38;2;69;69;69;48;2;17;17;17m_[38;2;68;68;68;48;2;44;44;44my[38;2;174;174;174;48;2;96;96;96my[38;2;180;180;180;48;2;83;83;83m_[38;2;143;143;143;48;2;78;78;78my[38;2;211;211;211;48;2;136;136;136m_[38;2;210;210;210;48;2;224;224;224mF[38;2;230;230;230;48;2;248;248;248m`[38;2;246;246;246;48;2;251;251;251m~[38;2;253;253;253;48;2;252;252;252m'             [0m
[7m[38;2;252;252;252m [0m[38;2;0;0;0;48;2;252;252;252m                                                               [48;2;251;251;251m [38;2;252;252;252;48;2;250;250;250m`[38;2;214;214;214;48;2;246;246;246m_[38;2;98;98;98;48;2;202;202;202m_[38;2;199;199;199;48;2;88;88;88m~[38;2;74;74;74;48;2;24;24;24m"[38;2;9;9;9;48;2;2;2;2m~[38;2;2;2;2;48;2;0;0;0m`                  [38;2;0;0;0;48;2;1;1;1m`[48;2;23;23;23m:[38;2;96;96;96;48;2;147;147;147m_[38;2;214;214;214;48;2;225;225;225m~[38;2;165;165;165;48;2;223;223;223m~[38;2;176;176;176;48;2;232;232;232m~[38;2;197;197;197;48;2;239;239;239m~[38;2;132;132;132;48;2;202;202;202m~[38;2;226;226;226;48;2;142;142;142m_[38;2;209;209;209;48;2;224;224;224mF[38;2;211;211;211;48;2;240;240;240m"[38;2;200;200;200;48;2;234;234;234m~[38;2;226;226;226;48;2;244;244;244m~[38;2;243;243;243;48;2;250;250;250m~[38;2;250;250;250;48;2;251;251;251m~[48;2;252;252;252m               [0m
[7m[38;2;252;252;252m [0m[38;2;0;0;0;48;2;252;252;252m                                                             [38;2;252;252;252;48;2;251;251;251m:[48;2;250;250;250m`[38;2;251;251;251;48;2;241;241;241m`[38;2;104;104;104;48;2;198;198;198m_[38;2;164;164;164;48;2;83;83;83m~[38;2;56;56;56;48;2;21;21;21m~[38;2;6;6;6;48;2;2;2;2m`[48;2;0;0;0m                     [38;2;1;1;1m`[38;2;0;0;0;48;2;2;2;2m:[38;2;82;82;82;48;2;52;52;52m`[38;2;188;188;188;48;2;211;211;211mL[38;2;245;245;245;48;2;249;249;249m,[38;2;252;252;252;48;2;251;251;251m.:[48;2;252;252;252m [38;2;241;241;241;48;2;251;251;251m`[38;2;246;246;246m`[48;2;252;252;252m [38;2;252;252;252;48;2;251;251;251m::[48;2;252;252;252m                 [0m
[7m[38;2;252;252;252m [0m[38;2;0;0;0;48;2;252;252;252m                                                             [48;2;251;251;251m [38;2;254;254;254;48;2;250;250;250m'[38;2;215;215;215;48;2;230;230;230m"[38;2;122;122;122;48;2;181;181;181m~[38;2;119;119;119;48;2;91;91;91mm[38;2;38;38;38;48;2;19;19;19mF[38;2;1;1;1;48;2;0;0;0m'                       [48;2;34;34;34m.[38;2;177;177;177;48;2;201;201;201mL[38;2;237;237;237;48;2;247;247;247m,[38;2;251;251;251;48;2;252;252;252m_[38;2;252;252;252;48;2;251;251;251m.[48;2;252;252;252m                       [0m
[7m[38;2;252;252;252m [0m[38;2;0;0;0;48;2;252;252;252m                                                             [48;2;251;251;251m [38;2;252;252;252;48;2;250;250;250m.[38;2;254;254;254;48;2;237;237;237m'[38;2;97;97;97;48;2;159;159;159my[38;2;81;81;81;48;2;34;34;34m'[38;2;3;3;3;48;2;1;1;1m`[48;2;0;0;0m                       [38;2;2;2;2m*[38;2;0;0;0;48;2;11;11;11m:[38;2;144;144;144;48;2;111;111;111m~[38;2;213;213;213;48;2;229;229;229mL[38;2;252;252;252;48;2;251;251;251m, [48;2;252;252;252m                       [0m
[7m[38;2;252;252;252m [0m[38;2;0;0;0;48;2;252;252;252m                                                            [48;2;251;251;251m [38;2;254;254;254;48;2;250;250;250m.[38;2;199;199;199;48;2;233;233;233m_[38;2;72;72;72;48;2;135;135;135my[38;2;57;57;57;48;2;20;20;20m~[48;2;0;0;0m                        [38;2;0;0;0;48;2;4;4;4m`[38;2;112;112;112;48;2;42;42;42m_[38;2;82;82;82;48;2;28;28;28m_[38;2;139;139;139;48;2;70;70;70m_[38;2;205;205;205;48;2;222;222;222mF[38;2;253;253;253;48;2;252;252;252m:                        [0m
[7m[38;2;252;252;252m [0m[38;2;0;0;0;48;2;252;252;252m                                  [38;2;252;252;252;48;2;251;251;251m:  [38;2;250;250;250m*[38;2;252;252;252m:[38;2;235;235;235;48;2;250;250;250m_[38;2;237;237;237m_[38;2;238;238;238m_[38;2;212;212;212;48;2;246;246;246m_[38;2;153;153;153;48;2;240;240;240m_[38;2;188;188;188;48;2;243;243;243m_[38;2;253;253;253;48;2;251;251;251m. [48;2;252;252;252m            [38;2;252;252;252;48;2;251;251;251m:,[38;2;254;254;254;48;2;240;240;240m'[38;2;98;98;98;48;2;141;141;141my[38;2;52;52;52;48;2;24;24;24m~[38;2;1;1;1;48;2;0;0;0m`                      [38;2;0;0;0;48;2;2;2;2m:[38;2;103;103;103;48;2;25;25;25m_[38;2;212;212;212;48;2;91;91;91m_[38;2;139;139;139;48;2;205;205;205m~[38;2;116;116;116;48;2;189;189;189m~[38;2;186;186;186;48;2;221;221;221m"[38;2;239;239;239;48;2;249;249;249m~[48;2;252;252;252m                         [0m
[7m[38;2;252;252;252m [0m[38;2;0;0;0;48;2;252;252;252m                                [38;2;252;252;252;48;2;251;251;251m::[38;2;253;253;253;48;2;250;250;250m.[38;2;199;199;199;48;2;241;241;241m_[38;2;60;60;60;48;2;197;197;197m_[38;2;51;51;51;48;2;148;148;148my[38;2;218;218;218;48;2;73;73;73m~[38;2;199;199;199;48;2;58;58;58m~[38;2;201;201;201;48;2;59;59;59m~[38;2;202;202;202;48;2;58;58;58m~[38;2;174;174;174;48;2;44;44;44m~[38;2;93;93;93;48;2;25;25;25m~[38;2;65;65;65;48;2;108;108;108mm[38;2;201;201;201;48;2;224;224;224m_[38;2;254;254;254;48;2;250;250;250m:[48;2;251;251;251m [48;2;252;252;252m           [48;2;251;251;251m [48;2;252;252;252m:[38;2;245;245;245;48;2;229;229;229m'[38;2;107;107;107;48;2;72;72;72mL[38;2;6;6;6;48;2;3;3;3mL[48;2;0;0;0m                      [38;2;0;0;0;48;2;20;20;20m`[38;2;74;74;74;48;2;159;159;159m~[38;2;155;155;155;48;2;225;225;225m~[38;2;232;232;232;48;2;248;248;248m~[38;2;253;253;253;48;2;252;252;252m~~[38;2;252;252;252;48;2;251;251;251m::[48;2;252;252;252m                         [0m
[7m[38;2;252;252;252m [0m[38;2;0;0;0;48;2;252;252;252m                               [38;2;252;252;252;48;2;251;251;251m:`[38;2;250;250;250;48;2;245;245;245m'[38;2;135;135;135;48;2;204;204;204m_[38;2;149;149;149;48;2;65;65;65m~[38;2;38;38;38;48;2;11;11;11m`[38;2;3;3;3;48;2;1;1;1m'[48;2;0;0;0m     [38;2;1;1;1m`[38;2;56;56;56;48;2;23;23;23m`[38;2;48;48;48;48;2;121;121;121m_[38;2;171;171;171;48;2;226;226;226m_[38;2;253;253;253;48;2;249;249;249m:[38;2;250;250;250;48;2;251;251;251my[38;2;252;252;252m:[48;2;252;252;252m         [48;2;251;251;251m F[38;2;253;253;253;48;2;238;238;238m:[38;2;143;143;143;48;2;101;101;101mL[38;2;44;44;44;48;2;16;16;16m,[48;2;0;0;0m                      [38;2;0;0;0;48;2;23;23;23m:[38;2;142;142;142;48;2;178;178;178m_[38;2;229;229;229;48;2;241;241;241m,[38;2;252;252;252;48;2;251;251;251mF.[48;2;252;252;252m                            [0m
[7m[38;2;252;252;252m [0m[38;2;0;0;0;48;2;252;252;252m                              [38;2;252;252;252;48;2;251;251;251m:[38;2;250;250;250m,[38;2;251;251;251;48;2;248;248;248m:[38;2;184;184;184;48;2;211;211;211m_[38;2;81;81;81;48;2;51;51;51mF[38;2;0;0;0;48;2;4;4;4m:[38;2;1;1;1;48;2;0;0;0m`       [38;2;30;30;30;48;2;2;2;2m_[38;2;84;84;84;48;2;37;37;37m_[38;2;116;116;116;48;2;157;157;157mF[38;2;254;254;254;48;2;245;245;245m:[38;2;250;250;250;48;2;251;251;251m~[38;2;252;252;252m:[48;2;252;252;252m         [48;2;251;251;251m:[38;2;250;250;250mT[38;2;254;254;254;48;2;248;248;248m:[38;2;166;166;166;48;2;200;200;200m~[38;2;92;92;92;48;2;52;52;52mL[38;2;1;1;1;48;2;2;2;2m`[48;2;0;0;0m                   [38;2;0;0;0;48;2;1;1;1m:[38;2;69;69;69;48;2;19;19;19m_[38;2;188;188;188;48;2;65;65;65m_[38;2;70;70;70;48;2;132;132;132m=[38;2;199;199;199;48;2;220;220;220mL[38;2;246;246;246;48;2;249;249;249m,[38;2;252;252;252;48;2;251;251;251m.[48;2;252;252;252m                            [0m
[7m[38;2;252;252;252m [0m[38;2;0;0;0;48;2;252;252;252m                              [38;2;252;252;252;48;2;251;251;251m|[48;2;250;250;250m [38;2;229;229;229;48;2;234;234;234mu[38;2;108;108;108;48;2;142;142;142my[38;2;0;0;0;48;2;17;17;17m:[48;2;0;0;0m        [38;2;55;55;55;48;2;34;34;34my[38;2;172;172;172;48;2;116;116;116my[38;2;119;119;119;48;2;209;209;209m~[38;2;220;220;220;48;2;243;243;243m~[38;2;254;254;254;48;2;251;251;251m` [48;2;252;252;252m           [38;2;252;252;252;48;2;251;251;251m:[48;2;250;250;250m [38;2;254;254;254;48;2;242;242;242m:[38;2;121;121;121;48;2;151;151;151m7[38;2;80;80;80;48;2;32;32;32m,[38;2;1;1;1;48;2;0;0;0m*                 7[38;2;0;0;0;48;2;16;16;16m:[38;2;89;89;89;48;2;136;136;136m~[38;2;210;210;210;48;2;229;229;229m`[38;2;218;218;218;48;2;246;246;246m`[38;2;235;235;235;48;2;249;249;249m`[38;2;250;250;250;48;2;251;251;251m`[48;2;252;252;252m                             [0m
[7m[38;2;252;252;252m [0m[38;2;0;0;0;48;2;252;252;252m                             [38;2;252;252;252;48;2;251;251;251m:.[38;2;253;253;253m.[38;2;235;235;235;48;2;220;220;220m:[38;2;89;89;89;48;2;61;61;61m~[38;2;0;0;0;48;2;4;4;4m:[38;2;1;1;1;48;2;0;0;0m~      [38;2;69;69;69;48;2;42;42;42my[38;2;87;87;87;48;2;172;172;172m~[38;2;205;205;205;48;2;237;237;237m"[38;2;253;253;253;48;2;250;250;250m`[38;2;249;249;249;48;2;251;251;251m`[38;2;252;252;252m:[48;2;252;252;252m            [48;2;251;251;251m: [38;2;254;254;254m'[38;2;214;214;214;48;2;230;230;230m"[38;2;115;115;115;48;2;71;71;71mL[38;2;0;0;0;48;2;4;4;4m`[48;2;0;0;0m                  [48;2;30;30;30m`[38;2;177;177;177;48;2;196;196;196mF[38;2;239;239;239;48;2;246;246;246m~[38;2;252;252;252;48;2;251;251;251ml:[48;2;252;252;252m                              [0m
[7m[38;2;252;252;252m [0m[38;2;0;0;0;48;2;252;252;252m                             [48;2;251;251;251m [38;2;250;250;250m.[48;2;237;237;237m'[38;2;103;103;103;48;2;164;164;164m_[38;2;1;1;1;48;2;22;22;22m:[48;2;0;0;0m.       [38;2;69;69;69;48;2;33;33;33m`[38;2;99;99;99;48;2;152;152;152mw[38;2;254;254;254;48;2;237;237;237m`[48;2;251;251;251m. [48;2;252;252;252m              [38;2;252;252;252;48;2;251;251;251m:[38;2;251;251;251;48;2;250;250;250m`[38;2;253;253;253;48;2;241;241;241m'[38;2;140;140;140;48;2;106;106;106mL[38;2;31;31;31;48;2;16;16;16mL[38;2;1;1;1;48;2;0;0;0ma                 [38;2;3;3;3;48;2;29;29;29m:[38;2;171;171;171;48;2;194;194;194mL[38;2;237;237;237;48;2;245;245;245m,[38;2;252;252;252;48;2;251;251;251mF.[48;2;252;252;252m                              [0m
[7m[38;2;252;252;252m [0m[38;2;0;0;0;48;2;252;252;252m                            [38;2;252;252;252;48;2;251;251;251m.[38;2;250;250;250m_[38;2;251;251;251;48;2;244;244;244m`[38;2;147;147;147;48;2;197;197;197m_[38;2;69;69;69;48;2;42;42;42m^[38;2;0;0;0;48;2;2;2;2m:[48;2;0;0;0m        [38;2;2;2;2;48;2;9;9;9m:[38;2;118;118;118;48;2;83;83;83m4[38;2;177;177;177;48;2;226;226;226m_[38;2;254;254;254;48;2;251;251;251m`[38;2;249;249;249m_[38;2;252;252;252m:[48;2;252;252;252m        [48;2;251;251;251m  [38;2;250;250;250m_[38;2;252;252;252m:[38;2;248;248;248m_[38;2;242;242;242;48;2;250;250;250m_[38;2;238;238;238;48;2;249;249;249m_[38;2;254;254;254;48;2;239;239;239m'[38;2;147;147;147;48;2;123;123;123mF[38;2;41;41;41;48;2;23;23;23mF[38;2;1;1;1;48;2;0;0;0m:                _[38;2;0;0;0;48;2;19;19;19m:[38;2;132;132;132;48;2;154;154;154mL[38;2;227;227;227;48;2;237;237;237mL[38;2;251;251;251;48;2;250;250;250mF[48;2;251;251;251m [48;2;252;252;252m                              [0m
[7m[38;2;252;252;252m [0m[38;2;0;0;0;48;2;252;252;252m                           [38;2;252;252;252;48;2;251;251;251m: [38;2;251;251;251;48;2;249;249;249m:[38;2;191;191;191;48;2;218;218;218m_[38;2;125;125;125;48;2;67;67;67m~[38;2;0;0;0;48;2;6;6;6m:[38;2;1;1;1;48;2;0;0;0m^        ^[38;2;46;46;46;48;2;21;21;21m`[38;2;71;71;71;48;2;118;118;118mL[38;2;138;138;138;48;2;223;223;223m_[38;2;165;165;165;48;2;241;241;241m_[38;2;175;175;175;48;2;244;244;244m_[38;2;185;185;185;48;2;245;245;245m_[38;2;200;200;200;48;2;246;246;246m_[38;2;210;210;210;48;2;247;247;247m_[38;2;213;213;213;48;2;248;248;248m_[38;2;211;211;211;48;2;247;247;247m_[38;2;203;203;203;48;2;246;246;246m_[38;2;186;186;186;48;2;245;245;245m_[38;2;171;171;171;48;2;243;243;243m_[38;2;151;151;151;48;2;235;235;235m_[38;2;122;122;122;48;2;218;218;218m_[38;2;89;89;89;48;2;198;198;198m_[38;2;84;84;84;48;2;181;181;181my[38;2;46;46;46;48;2;149;149;149my[38;2;30;30;30;48;2;118;118;118my[38;2;176;176;176;48;2;60;60;60m~[38;2;155;155;155;48;2;36;36;36m~[38;2;73;73;73;48;2;16;16;16m"[38;2;14;14;14;48;2;1;1;1m~[48;2;0;0;0m                 [38;2;1;1;1m:[38;2;0;0;0;48;2;12;12;12m:[38;2;119;119;119;48;2;104;104;104m4[38;2;216;216;216;48;2;230;230;230mL[38;2;251;251;251;48;2;250;250;250m_[48;2;251;251;251m [48;2;252;252;252m                              [0m
[7m[38;2;252;252;252m [0m[38;2;0;0;0;48;2;252;252;252m                           [48;2;251;251;251m [38;2;251;251;251;48;2;250;250;250m4[38;2;226;226;226;48;2;232;232;232mu[38;2;173;173;173;48;2;121;121;121m~[38;2;0;0;0;48;2;15;15;15m:[48;2;0;0;0m            [38;2;11;11;11;48;2;2;2;2m`[38;2;63;63;63;48;2;9;9;9m`[38;2;64;64;64;48;2;17;17;17m~[38;2;90;90;90;48;2;27;27;27m~[38;2;116;116;116;48;2;37;37;37m~[38;2;147;147;147;48;2;47;47;47m~[38;2;167;167;167;48;2;53;53;53m~[38;2;173;173;173;48;2;55;55;55m~[38;2;169;169;169;48;2;54;54;54m~[38;2;155;155;155;48;2;48;48;48m~[38;2;122;122;122;48;2;37;37;37m~[38;2;85;85;85;48;2;24;24;24m~[38;2;45;45;45;48;2;10;10;10m~[38;2;49;49;49;48;2;5;5;5m`[38;2;33;33;33;48;2;3;3;3m`[38;2;6;6;6;48;2;0;0;0m` [38;2;1;1;1m"~                      [38;2;2;2;2;48;2;27;27;27m:[38;2;53;53;53;48;2;157;157;157m_[38;2;213;213;213;48;2;236;236;236m,[38;2;250;250;250;48;2;251;251;251m= [48;2;252;252;252m                             [0m
[7m[38;2;252;252;252m [0m[38;2;0;0;0;48;2;252;252;252m                          [38;2;252;252;252;48;2;251;251;251m: [38;2;251;251;251;48;2;246;246;246m'[38;2;184;184;184;48;2;203;203;203my[38;2;12;12;12;48;2;41;41;41m:[38;2;0;0;0;48;2;1;1;1m:[38;2;1;1;1;48;2;0;0;0m`               `     ``                             .[48;2;27;27;27m:[38;2;148;148;148;48;2;179;179;179mL[38;2;228;228;228;48;2;241;241;241m,[38;2;252;252;252;48;2;251;251;251m` [48;2;252;252;252m                            [0m
[7m[38;2;252;252;252m [0m[38;2;0;0;0;48;2;252;252;252m                          [38;2;252;252;252;48;2;251;251;251m. [38;2;248;248;248;48;2;243;243;243m:[38;2;173;173;173;48;2;187;187;187m4[38;2;43;43;43;48;2;20;20;20mL[48;2;0;0;0m                                                      [38;2;1;1;1m7[38;2;0;0;0;48;2;10;10;10m:[38;2;14;14;14;48;2;106;106;106m_[38;2;180;180;180;48;2;219;219;219m_[38;2;239;239;239;48;2;248;248;248m,[48;2;251;251;251m [38;2;252;252;252m:[48;2;252;252;252m                           [0m
[7m[38;2;252;252;252m [0m[38;2;0;0;0;48;2;252;252;252m                           [38;2;252;252;252;48;2;251;251;251m:[48;2;250;250;250m:[38;2;201;201;201;48;2;211;211;211m4[38;2;59;59;59;48;2;35;35;35mL[38;2;0;0;0;48;2;1;1;1m:[48;2;0;0;0m   [38;2;9;9;9m_[38;2;12;12;12;48;2;1;1;1m_[48;2;0;0;0m                   [38;2;1;1;1m______                         [38;2;0;0;0;48;2;5;5;5m:[38;2;127;127;127;48;2;53;53;53m~[38;2;94;94;94;48;2;185;185;185m_[38;2;209;209;209;48;2;239;239;239m,[38;2;248;248;248;48;2;251;251;251m_ [38;2;252;252;252m:[48;2;252;252;252m                         [0m
[7m[38;2;252;252;252m [0m[38;2;0;0;0;48;2;252;252;252m                           [38;2;252;252;252;48;2;251;251;251m:[38;2;250;250;250m_[38;2;211;211;211;48;2;221;221;221m4[38;2;90;90;90;48;2;61;61;61mL[38;2;0;0;0;48;2;4;4;4m:[38;2;1;1;1;48;2;0;0;0m_ [38;2;7;7;7;48;2;3;3;3m_[38;2;15;15;15;48;2;11;11;11m7[38;2;18;18;18;48;2;10;10;10mF[48;2;0;0;0m            [38;2;0;0;0;48;2;1;1;1m:[38;2;47;47;47;48;2;3;3;3m_[38;2;74;74;74;48;2;14;14;14m_[38;2;112;112;112;48;2;29;29;29m_[38;2;136;136;136;48;2;38;38;38m_[38;2;164;164;164;48;2;46;46;46m_[38;2;162;162;162m_[38;2;161;161;161m_____[38;2;160;160;160m_[38;2;165;165;165;48;2;47;47;47m_[38;2;142;142;142;48;2;39;39;39m_[38;2;56;56;56;48;2;12;12;12m,[48;2;0;0;0m                        [38;2;53;53;53;48;2;16;16;16m`[38;2;51;51;51;48;2;125;125;125my[38;2;153;153;153;48;2;217;217;217m_[38;2;231;231;231;48;2;247;247;247m,[48;2;251;251;251m [38;2;252;252;252m.[48;2;252;252;252m                        [0m
[7m[38;2;252;252;252m [0m[38;2;0;0;0;48;2;252;252;252m                           [38;2;252;252;252;48;2;251;251;251m.[38;2;250;250;250mF[38;2;249;249;249;48;2;241;241;241m:[38;2;132;132;132;48;2;181;181;181m~[38;2;86;86;86;48;2;33;33;33m_[38;2;28;28;28;48;2;17;17;17my[38;2;81;81;81;48;2;48;48;48my[38;2;119;119;119;48;2;54;54;54m_[38;2;1;1;1;48;2;20;20;20m.[48;2;0;0;0m            [38;2;20;20;20;48;2;11;11;11m4[38;2;115;115;115;48;2;88;88;88m4[38;2;161;161;161;48;2;220;220;220m~[38;2;187;187;187;48;2;240;240;240m~[38;2;175;175;175;48;2;239;239;239m`[38;2;185;185;185;48;2;240;240;240m`[38;2;201;201;201;48;2;243;243;243m`[38;2;198;198;198m`[48;2;242;242;242m`````[38;2;197;197;197;48;2;241;241;241m`[38;2;200;200;200;48;2;237;237;237m`[38;2;143;143;143;48;2;173;173;173m_[38;2;67;67;67;48;2;38;38;38mF[38;2;1;1;1;48;2;0;0;0m_                        [38;2;0;0;0;48;2;4;4;4m`[38;2;106;106;106;48;2;39;39;39m~[38;2;72;72;72;48;2;170;170;170m_[38;2;202;202;202;48;2;237;237;237m_[38;2;246;246;246;48;2;250;250;250m_[48;2;251;251;251m [48;2;252;252;252m                       [0m
[7m[38;2;252;252;252m [0m[38;2;0;0;0;48;2;252;252;252m                       [38;2;252;252;252;48;2;251;251;251m:[48;2;252;252;252m    [48;2;251;251;251m._[38;2;248;248;248;48;2;240;240;240m:[38;2;123;123;123;48;2;181;181;181m~[38;2;163;163;163;48;2;78;78;78m_[38;2;96;96;96;48;2;113;113;113m=[38;2;67;67;67;48;2;117;117;117m_[38;2;28;28;28;48;2;12;12;12mL[48;2;0;0;0m            [38;2;0;0;0;48;2;1;1;1m'[38;2;78;78;78;48;2;55;55;55m4[38;2;169;169;169;48;2;201;201;201m_[38;2;254;254;254;48;2;248;248;248m:[38;2;250;250;250;48;2;251;251;251m_[38;2;252;252;252m:[48;2;252;252;252m      [48;2;251;251;251m.[38;2;249;249;249m"[38;2;254;254;254;48;2;236;236;236m'[38;2;135;135;135;48;2;97;97;97mF[38;2;33;33;33;48;2;14;14;14m~[38;2;1;1;1;48;2;0;0;0m"                          [38;2;41;41;41;48;2;11;11;11m`[38;2;52;52;52;48;2;111;111;111mg[38;2;143;143;143;48;2;213;213;213m_[38;2;228;228;228;48;2;247;247;247m,[38;2;250;250;250;48;2;251;251;251m_[38;2;252;252;252m.[48;2;252;252;252m                     [0m
[?25h