[?25l[0m[7m[38;2;0;0;0m [0m[38;2;0;0;0;48;2;0;0;0m                                                                                                                       [0m
[7m[38;2;0;0;0m [0m[38;2;0;0;0;48;2;0;0;0m                                                                                                                       [0m
[7m[38;2;0;0;0m [0m[38;2;0;0;0;48;2;0;0;0m                                                                                                                       [0m
[7m[38;2;0;0;0m [0m[38;2;0;0;0;48;2;0;0;0m                                                                                                                       [0m
[7m[38;2;0;0;0m [0m[38;2;0;0;0;48;2;0;0;0m                                                                                                                       [0m
[7m[38;2;0;0;0m [0m[38;2;0;0;0;48;2;0;0;0m                                                                                                                       [0m
[7m[38;2;0;0;0m [0m[38;2;0;0;0;48;2;0;0;0m                                 [38;2;23;23;23;48;2;1;1;1m_[38;2;56;56;56;48;2;8;8;8m_[38;2;93;93;93;48;2;21;21;21m_[38;2;140;140;140;48;2;38;38;38m_[38;2;200;200;200;48;2;60;60;60m_[38;2;241;241;241;48;2;83;83;83m_[38;2;252;252;252;48;2;94;94;94m_[38;2;242;242;242;48;2;81;81;81m_[38;2;197;197;197;48;2;58;58;58m_[38;2;95;95;95;48;2;23;23;23m_[38;2;16;16;16;48;2;4;4;4m,[48;2;0;0;0m                                                                           [0m
[7m[38;2;0;0;0m [0m[38;2;0;0;0;48;2;0;0;0m                               [38;2;22;22;22;48;2;10;10;10my[38;2;104;104;104;48;2;64;64;64my[38;2;81;81;81;48;2;163;163;163m~[38;2;129;129;129;48;2;210;210;210m~[38;2;172;172;172;48;2;231;231;231m~[38;2;205;205;205;48;2;245;245;245m~[38;2;220;220;220;48;2;248;248;248m`[38;2;246;246;246;48;2;252;252;252m`[38;2;254;254;254;48;2;253;253;253m:[38;2;247;247;247;48;2;251;251;251m`[38;2;219;219;219;48;2;245;245;245m`[38;2;188;188;188;48;2;233;233;233m~[38;2;85;85;85;48;2;177;177;177m~[38;2;187;187;187;48;2;67;67;67m_[38;2;41;41;41;48;2;13;13;13m,[38;2;1;1;1;48;2;0;0;0m.                                                                        [0m
[7m[38;2;0;0;0m [0m[38;2;0;0;0;48;2;0;0;0m                              [38;2;1;1;1m.[38;2;49;49;49;48;2;36;36;36m4[38;2;152;152;152;48;2;136;136;136mj[38;2;228;228;228;48;2;235;235;235m~[38;2;254;254;254;48;2;252;252;252m`[38;2;252;252;252;48;2;251;251;251m~[38;2;253;253;253;48;2;252;252;252m~[38;2;254;254;254m~[38;2;253;253;253m`~ [38;2;252;252;252;48;2;251;251;251m:[38;2;250;250;250m`[38;2;253;253;253m'[38;2;223;223;223;48;2;238;238;238m`[38;2;91;91;91;48;2;169;169;169m~[38;2;115;115;115;48;2;45;45;45m_[38;2;17;17;17;48;2;5;5;5m,[38;2;1;1;1;48;2;0;0;0m_                                                                      [0m
[7m[38;2;0;0;0m [0m[38;2;0;0;0;48;2;0;0;0m                              [38;2;1;1;1;48;2;4;4;4m'[38;2;77;77;77;48;2;60;60;60mj[38;2;150;150;150;48;2;172;172;172mF[38;2;244;244;244;48;2;241;241;241m:[38;2;247;247;247;48;2;250;250;250m_[38;2;250;250;250;48;2;251;251;251m`[48;2;252;252;252m        [38;2;252;252;252;48;2;251;251;251mr[48;2;247;247;247m'[38;2;174;174;174;48;2;214;214;214m~[38;2;166;166;166;48;2;79;79;79m_[38;2;30;30;30;48;2;11;11;11m,[48;2;0;0;0m                                                                      [0m
[7m[38;2;0;0;0m [0m[38;2;0;0;0;48;2;0;0;0m                              [38;2;23;23;23;48;2;17;17;17my[38;2;72;72;72;48;2;94;94;94m[[38;2;174;174;174;48;2;187;187;187mF[38;2;243;243;243;48;2;240;240;240m:[48;2;246;246;246m [48;2;251;251;251m [48;2;252;252;252m     [38;2;252;252;252;48;2;251;251;251m. [48;2;249;249;249m`[38;2;205;205;205;48;2;243;243;243m_[38;2;92;92;92;48;2;225;225;225m_[38;2;28;28;28;48;2;189;189;189m_[38;2;52;52;52;48;2;126;126;126my[38;2;43;43;43;48;2;17;17;17m~[48;2;0;0;0m                                                                      [0m
[7m[38;2;0;0;0m [0m[38;2;0;0;0;48;2;0;0;0m                             [48;2;1;1;1m`[38;2;21;21;21;48;2;41;41;41mF[38;2;99;99;99;48;2;118;118;118mF[38;2;184;184;184;48;2;198;198;198mF[38;2;251;251;251;48;2;247;247;247m:[38;2;249;249;249;48;2;252;252;252m~[38;2;252;252;252;48;2;251;251;251m:[48;2;252;252;252m [48;2;251;251;251m: [48;2;250;250;250m`[38;2;231;231;231;48;2;249;249;249m_[38;2;174;174;174;48;2;237;237;237m_[38;2;70;70;70;48;2;190;190;190m_[38;2;41;41;41;48;2;133;133;133my[38;2;157;157;157;48;2;41;41;41m~[38;2;62;62;62;48;2;16;16;16m"[38;2;0;0;0;48;2;2;2;2m:[48;2;0;0;0m [38;2;1;1;1m`                                                                      [0m
[7m[38;2;0;0;0m [0m[38;2;0;0;0;48;2;0;0;0m                             [38;2;3;3;3;48;2;9;9;9m'[38;2;45;45;45;48;2;63;63;63mF[38;2;122;122;122;48;2;138;138;138mF[38;2;214;214;214;48;2;204;204;204m4[38;2;253;253;253;48;2;250;250;250m:[48;2;252;252;252m ,[38;2;250;250;250;48;2;251;251;251m,+[48;2;240;240;240m`[38;2;72;72;72;48;2;201;201;201m_[38;2;208;208;208;48;2;89;89;89m~[38;2;85;85;85;48;2;23;23;23m~[38;2;40;40;40;48;2;5;5;5m`[48;2;0;0;0m                                                                            [0m
[7m[38;2;0;0;0m [0m[38;2;0;0;0;48;2;0;0;0m                            [48;2;1;1;1m`[38;2;30;30;30;48;2;22;22;22mj[38;2;68;68;68;48;2;81;81;81mF[38;2;147;147;147;48;2;135;135;135m4[38;2;187;187;187;48;2;202;202;202mL[38;2;251;251;251;48;2;249;249;249m:[38;2;253;253;253;48;2;252;252;252m.[38;2;252;252;252;48;2;250;250;250m`[38;2;196;196;196;48;2;241;241;241m_[38;2;110;110;110;48;2;193;193;193my[38;2;180;180;180;48;2;66;66;66m~[38;2;0;0;0;48;2;13;13;13m:[48;2;0;0;0m                                                                               [0m
[7m[38;2;0;0;0m [0m[38;2;0;0;0;48;2;0;0;0m                            [38;2;2;2;2m"[38;2;28;28;28;48;2;13;13;13m"[38;2;21;21;21;48;2;47;47;47my[38;2;60;60;60;48;2;82;82;82mL[38;2;135;135;135;48;2;163;163;163mL[38;2;251;251;251;48;2;242;242;242m`[38;2;145;145;145;48;2;228;228;228m_[38;2;50;50;50;48;2;172;172;172m_[38;2;144;144;144;48;2;56;56;56m~[38;2;33;33;33;48;2;8;8;8m~[48;2;0;0;0m                                                                                 [0m
[7m[38;2;0;0;0m [0m[38;2;0;0;0;48;2;0;0;0m                              [38;2;3;3;3m`[38;2;46;46;46;48;2;16;16;16m`[38;2;117;117;117;48;2;54;54;54m~[38;2;194;194;194;48;2;76;76;76m~[38;2;108;108;108;48;2;27;27;27m~[38;2;0;0;0;48;2;3;3;3m:[48;2;0;0;0m                                                                                   [0m
[7m[38;2;0;0;0m [0m[38;2;0;0;0;48;2;0;0;0m                                                                                                                       [0m
[7m[38;2;0;0;0m [0m[38;2;0;0;0;48;2;0;0;0m                                                                                                                       [0m
[7m[38;2;0;0;0m [0m[38;2;0;0;0;48;2;0;0;0m                                                                                                                       [0m
[7m[38;2;0;0;0m [0m[38;2;0;0;0;48;2;0;0;0m                                                                                                                       [0m
[7m[38;2;0;0;0m [0m[38;2;0;0;0;48;2;0;0;0m                                                                                                                       [0m
[7m[38;2;0;0;0m [0m[38;2;0;0;0;48;2;0;0;0m                                                                                                                       [0m
[7m[38;2;0;0;0m [0m[38;2;0;0;0;48;2;0;0;0m                                                                                                                       [0m
[7m[38;2;0;0;0m [0m[38;2;0;0;0;48;2;0;0;0m                                                                                                                       [0m
[7m[38;2;0;0;0m [0m[38;2;0;0;0;48;2;0;0;0m                                                                                                                       [0m
[7m[38;2;0;0;0m [0m[38;2;0;0;0;48;2;0;0;0m                                                                                                                       [0m
[7m[38;2;0;0;0m [0m[38;2;0;0;0;48;2;0;0;0m                                                                                                                       [0m
[7m[38;2;0;0;0m [0m[38;2;0;0;0;48;2;0;0;0m                                                                                                                       [0m
[7m[38;2;0;0;0m [0m[38;2;0;0;0;48;2;0;0;0m                                                                                                                       [0m
[7m[38;2;0;0;0m [0m[38;2;0;0;0;48;2;0;0;0m                                                                                                      [38;2;8;8;8;48;2;1;1;1m_[38;2;26;26;26;48;2;2;2;2m_[38;2;11;11;11;48;2;1;1;1m_[48;2;0;0;0m              [0m
[7m[38;2;0;0;0m [0m[38;2;0;0;0;48;2;0;0;0m                                                                                                      [38;2;2;2;2;48;2;11;11;11m.[38;2;85;85;85;48;2;68;68;68ma[38;2;125;125;125;48;2;77;77;77my[38;2;180;180;180;48;2;51;51;51m_[38;2;114;114;114;48;2;17;17;17m_[38;2;18;18;18;48;2;1;1;1m_[48;2;0;0;0m           [0m
[7m[38;2;0;0;0m [0m[38;2;0;0;0;48;2;0;0;0m                                                                                                       [38;2;47;47;47;48;2;14;14;14m`[38;2;48;48;48;48;2;104;104;104my[38;2;131;131;131;48;2;198;198;198m_[38;2;145;145;145;48;2;210;210;210m`[38;2;58;58;58;48;2;147;147;147m~[38;2;136;136;136;48;2;39;39;39m_[38;2;37;37;37;48;2;2;2;2m_[38;2;5;5;5;48;2;0;0;0m_[38;2;2;2;2m_       [0m
[7m[38;2;0;0;0m [0m[38;2;0;0;0;48;2;0;0;0m                                                                                                        [48;2;1;1;1m:[38;2;85;85;85;48;2;20;20;20m~[38;2;40;40;40;48;2;123;123;123my[38;2;117;117;117;48;2;199;199;199m_[38;2;175;175;175;48;2;217;217;217m`[38;2;108;108;108;48;2;184;184;184m~[38;2;180;180;180;48;2;104;104;104my[38;2;186;186;186;48;2;78;78;78m_[38;2;155;155;155;48;2;54;54;54m_[38;2;137;137;137;48;2;35;35;35m_[38;2;96;96;96;48;2;15;15;15m_[38;2;32;32;32;48;2;3;3;3m_[48;2;0;0;0m   [0m
[7m[38;2;0;0;0m [0m[38;2;0;0;0;48;2;0;0;0m                                                                                                         [38;2;1;1;1m`[38;2;0;0;0;48;2;1;1;1m.[38;2;69;69;69;48;2;12;12;12m`[38;2;165;165;165;48;2;66;66;66m~[38;2;9;9;9;48;2;178;178;178m_[38;2;139;139;139;48;2;224;224;224m_[38;2;213;213;213;48;2;235;235;235m`[38;2;195;195;195;48;2;237;237;237m~[38;2;179;179;179;48;2;231;231;231m~[38;2;143;143;143;48;2;219;219;219m~[38;2;77;77;77;48;2;183;183;183m~[38;2;233;233;233;48;2;103;103;103m_[38;2;171;171;171;48;2;55;55;55m_[38;2;91;91;91;48;2;23;23;23m_[0m
[7m[38;2;0;0;0m [0m[38;2;0;0;0;48;2;0;0;0m                                                                                                           [38;2;1;1;1m``[38;2;6;6;6;48;2;2;2;2m`[38;2;92;92;92;48;2;19;19;19m~[38;2;167;167;167;48;2;63;63;63m~[38;2;73;73;73;48;2;163;163;163my[38;2;117;117;117;48;2;212;212;212m_[38;2;174;174;174;48;2;239;239;239m_[38;2;216;216;216;48;2;247;247;247m_[38;2;239;239;239m`[38;2;214;214;214;48;2;243;243;243m"[38;2;173;173;173;48;2;227;227;227m~[0m
[7m[38;2;0;0;0m [0m[38;2;0;0;0;48;2;0;0;0m                                                                                                                [38;2;9;9;9;48;2;1;1;1m`[38;2;72;72;72;48;2;6;6;6m`[38;2;118;118;118;48;2;27;27;27m`[38;2;163;163;163;48;2;58;58;58m~[38;2;44;44;44;48;2;136;136;136my[38;2;0;0;0;48;2;171;171;171m_[38;2;9;9;9;48;2;200;200;200m_[0m
[?25h