[?25l[0m[7m[38;2;0;0;0m [0m[38;2;0;0;0;48;2;0;0;0m       [38;2;46;46;46;48;2;77;77;77mL[38;2;159;159;159;48;2;188;188;188mL[38;2;245;245;245;48;2;250;250;250m,[38;2;253;253;253;48;2;252;252;252m,[38;2;252;252;252;48;2;251;251;251m:[48;2;252;252;252m                  [48;2;251;251;251m  [38;2;243;243;243;48;2;246;246;246m4[38;2;182;182;182;48;2;193;193;193m4[38;2;47;47;47;48;2;22;22;22mL[48;2;0;0;0m                                                                                    [0m
[7m[38;2;0;0;0m [0m[38;2;0;0;0;48;2;0;0;0m       [38;2;49;49;49;48;2;21;21;21m`[38;2;101;101;101;48;2;140;140;140mL[38;2;213;213;213;48;2;232;232;232m,[48;2;252;252;252m [48;2;251;251;251m [48;2;252;252;252m                  [48;2;251;251;251m [38;2;251;251;251;48;2;250;250;250m4[38;2;238;238;238;48;2;241;241;241mu[38;2;194;194;194;48;2;167;167;167mF[38;2;41;41;41;48;2;19;19;19mL[38;2;1;1;1;48;2;0;0;0m,                                                                                   [0m
[7m[38;2;0;0;0m [0m[38;2;0;0;0;48;2;0;0;0m       [38;2;4;4;4;48;2;1;1;1m`[38;2;54;54;54;48;2;89;89;89mL[38;2;173;173;173;48;2;198;198;198mL[38;2;253;253;253;48;2;251;251;251m`[38;2;252;252;252m_[48;2;252;252;252m                  [48;2;251;251;251m|[48;2;250;250;250m [38;2;232;232;232;48;2;238;238;238m4[38;2;160;160;160;48;2;152;152;152m$[38;2;36;36;36;48;2;17;17;17mL[38;2;1;1;1;48;2;0;0;0m:                                                                                   [0m
[7m[38;2;0;0;0m [0m[38;2;0;0;0;48;2;0;0;0m        [38;2;61;61;61;48;2;30;30;30m`[38;2;114;114;114;48;2;152;152;152mL[38;2;226;226;226;48;2;240;240;240m_[38;2;253;253;253;48;2;252;252;252mL[48;2;251;251;251m [48;2;252;252;252m                 [38;2;252;252;252;48;2;251;251;251m|[48;2;250;250;250m [38;2;233;233;233;48;2;238;238;238m4[38;2;162;162;162;48;2;153;153;153m$[38;2;36;36;36;48;2;17;17;17mL[38;2;1;1;1;48;2;0;0;0m:                                                                                   [0m
[7m[38;2;0;0;0m [0m[38;2;0;0;0;48;2;0;0;0m        [38;2;7;7;7;48;2;1;1;1m`[38;2;60;60;60;48;2;95;95;95mL[38;2;179;179;179;48;2;202;202;202mL[38;2;254;254;254;48;2;252;252;252m.[38;2;252;252;252;48;2;251;251;251m:[48;2;252;252;252m                 [48;2;251;251;251m|[48;2;250;250;250m [38;2;232;232;232;48;2;238;238;238m4[38;2;160;160;160;48;2;152;152;152m$[38;2;36;36;36;48;2;17;17;17mL[38;2;1;1;1;48;2;0;0;0m:                                                                                   [0m
[7m[38;2;0;0;0m [0m[38;2;0;0;0;48;2;0;0;0m         [38;2;69;69;69;48;2;32;32;32m`[38;2;109;109;109;48;2;151;151;151mL[38;2;218;218;218;48;2;239;239;239m_[38;2;253;253;253;48;2;252;252;252m:[48;2;251;251;251m [48;2;252;252;252m                [38;2;252;252;252;48;2;251;251;251m|[48;2;250;250;250m [38;2;232;232;232;48;2;238;238;238m4[38;2;145;145;145;48;2;159;159;159m4[38;2;36;36;36;48;2;17;17;17mL[38;2;1;1;1;48;2;0;0;0m:                                                                                   [0m
[7m[38;2;0;0;0m [0m[38;2;0;0;0;48;2;0;0;0m         [38;2;6;6;6;48;2;1;1;1m`[38;2;49;49;49;48;2;86;86;86mL[38;2;166;166;166;48;2;194;194;194mL[38;2;253;253;253;48;2;250;250;250m`[48;2;252;252;252m,[38;2;252;252;252;48;2;251;251;251m:[48;2;252;252;252m               [48;2;251;251;251m  [38;2;239;239;239;48;2;243;243;243m4[38;2;168;168;168;48;2;179;179;179m4[38;2;43;43;43;48;2;20;20;20mL[48;2;0;0;0m                                                                                    [0m
[7m[38;2;0;0;0m [0m[38;2;0;0;0;48;2;0;0;0m          [38;2;47;47;47;48;2;20;20;20m"[38;2;88;88;88;48;2;130;130;130mL[38;2;194;194;194;48;2;223;223;223m,[38;2;253;253;253;48;2;252;252;252m:[48;2;251;251;251m [48;2;252;252;252m               [38;2;252;252;252;48;2;251;251;251m: [38;2;243;243;243;48;2;247;247;247m4[38;2;185;185;185;48;2;197;197;197m4[38;2;52;52;52;48;2;25;25;25mL[48;2;0;0;0m                                                                                    [0m
[7m[38;2;0;0;0m [0m[38;2;0;0;0;48;2;0;0;0m          [38;2;1;1;1m`[38;2;94;94;94;48;2;51;51;51m`[38;2;129;129;129;48;2;167;167;167mL[38;2;228;228;228;48;2;242;242;242m_[38;2;253;253;253;48;2;252;252;252ms[48;2;251;251;251m [48;2;252;252;252m               [38;2;252;252;252;48;2;251;251;251m:[48;2;250;250;250m:[38;2;204;204;204;48;2;215;215;215m4[38;2;67;67;67;48;2;40;40;40mL[38;2;0;0;0;48;2;1;1;1m:[48;2;0;0;0m                                                                                   [0m
[7m[38;2;0;0;0m [0m[38;2;0;0;0;48;2;0;0;0m           [38;2;15;15;15;48;2;5;5;5m"[38;2;50;50;50;48;2;93;93;93mL[38;2;171;171;171;48;2;198;198;198mL[38;2;253;253;253;48;2;251;251;251m`[48;2;252;252;252m_               [38;2;252;252;252;48;2;251;251;251m:[38;2;253;253;253;48;2;252;252;252m'[38;2;216;216;216;48;2;226;226;226m4[38;2;86;86;86;48;2;62;62;62mL[38;2;0;0;0;48;2;4;4;4m:[38;2;1;1;1;48;2;0;0;0m,                                                                                  [0m
[7m[38;2;0;0;0m [0m[38;2;0;0;0;48;2;0;0;0m            [38;2;42;42;42;48;2;17;17;17m"[38;2;77;77;77;48;2;125;125;125mL[38;2;184;184;184;48;2;221;221;221m,[38;2;253;253;253;48;2;252;252;252m:[48;2;251;251;251m [48;2;252;252;252m              [48;2;251;251;251m [38;2;251;251;251;48;2;250;250;250m4[38;2;220;220;220;48;2;229;229;229m4[38;2;118;118;118;48;2;93;93;93mL[38;2;17;17;17;48;2;10;10;10mr[38;2;1;1;1;48;2;0;0;0m:                                                                                  [0m
[7m[38;2;0;0;0m [0m[38;2;0;0;0;48;2;0;0;0m             [38;2;81;81;81;48;2;39;39;39m`[38;2;107;107;107;48;2;152;152;152mL[38;2;209;209;209;48;2;236;236;236m_[38;2;253;253;253;48;2;252;252;252m:[48;2;251;251;251m [48;2;252;252;252m             [38;2;252;252;252;48;2;251;251;251m|[48;2;250;250;250m [38;2;228;228;228;48;2;235;235;235m4[38;2;160;160;160;48;2;134;134;134mL[38;2;32;32;32;48;2;15;15;15mL[48;2;0;0;0m                                                                                   [0m
[7m[38;2;0;0;0m [0m[38;2;0;0;0;48;2;0;0;0m             [38;2;7;7;7;48;2;1;1;1m`[38;2;103;103;103;48;2;54;54;54m`[38;2;127;127;127;48;2;169;169;169mL[38;2;221;221;221;48;2;245;245;245m_[38;2;251;251;251;48;2;252;252;252m"[48;2;251;251;251m [48;2;252;252;252m            [38;2;252;252;252;48;2;251;251;251m. [38;2;250;250;250;48;2;243;243;243m:[38;2;173;173;173;48;2;185;185;185m4[38;2;50;50;50;48;2;23;23;23mL[48;2;0;0;0m                                                                                   [0m
[7m[38;2;0;0;0m [0m[38;2;0;0;0;48;2;0;0;0m              [38;2;13;13;13;48;2;4;4;4m`[38;2;87;87;87;48;2;63;63;63m4[38;2;144;144;144;48;2;181;181;181mL[38;2;230;230;230;48;2;246;246;246m_[38;2;253;253;253;48;2;252;252;252mL[48;2;251;251;251m [48;2;252;252;252m            [38;2;252;252;252;48;2;251;251;251m::[38;2;210;210;210;48;2;220;220;220m4[38;2;81;81;81;48;2;50;50;50mL[38;2;0;0;0;48;2;2;2;2m:[48;2;0;0;0m                                                                                  [0m
[7m[38;2;0;0;0m [0m[38;2;0;0;0;48;2;0;0;0m               [38;2;28;28;28;48;2;6;6;6m`[38;2;97;97;97;48;2;72;72;72m4[38;2;137;137;137;48;2;187;187;187m_[38;2;230;230;230;48;2;246;246;246m_[38;2;251;251;251;48;2;252;252;252m"[38;2;252;252;252;48;2;251;251;251m:[48;2;252;252;252m           [48;2;251;251;251m [38;2;251;251;251;48;2;250;250;250m4[38;2;222;222;222;48;2;231;231;231m4[38;2;127;127;127;48;2;98;98;98mL[38;2;0;0;0;48;2;12;12;12m:[38;2;1;1;1;48;2;0;0;0m:                                                                                 [0m
[7m[38;2;0;0;0m [0m[38;2;0;0;0;48;2;0;0;0m                [38;2;25;25;25;48;2;8;8;8m"[38;2;41;41;41;48;2;93;93;93mL[38;2;147;147;147;48;2;193;193;193m_[38;2;235;235;235;48;2;248;248;248m_[38;2;254;254;254;48;2;252;252;252m,[48;2;251;251;251m [48;2;252;252;252m          [48;2;251;251;251m [38;2;251;251;251;48;2;250;250;250my[38;2;248;248;248;48;2;240;240;240m:[38;2;145;145;145;48;2;170;170;170m"[38;2;44;44;44;48;2;21;21;21mL[38;2;1;1;1;48;2;0;0;0m`                                                                                 [0m
[7m[38;2;0;0;0m [0m[38;2;0;0;0;48;2;0;0;0m                 [38;2;41;41;41;48;2;10;10;10m`[38;2;125;125;125;48;2;80;80;80m"[38;2;140;140;140;48;2;191;191;191m_[38;2;237;237;237;48;2;248;248;248m,[38;2;253;253;253;48;2;252;252;252m,[38;2;252;252;252;48;2;251;251;251m:[48;2;252;252;252m         [48;2;251;251;251m:[38;2;251;251;251;48;2;252;252;252m`[38;2;252;252;252;48;2;250;250;250m:[38;2;209;209;209;48;2;217;217;217m4[38;2;83;83;83;48;2;49;49;49mL[38;2;0;0;0;48;2;2;2;2m:[38;2;1;1;1;48;2;0;0;0m_                                                                                [0m
[7m[38;2;0;0;0m [0m[38;2;0;0;0;48;2;0;0;0m                  [38;2;23;23;23;48;2;7;7;7m"[38;2;108;108;108;48;2;72;72;72m~[38;2;127;127;127;48;2;184;184;184m_[38;2;222;222;222;48;2;244;244;244m_[38;2;254;254;254;48;2;252;252;252m.[48;2;251;251;251m [48;2;252;252;252m         [48;2;251;251;251m [38;2;251;251;251;48;2;250;250;250m`[38;2;225;225;225;48;2;233;233;233m4[38;2;146;146;146;48;2;113;113;113mL[38;2;0;0;0;48;2;16;16;16m:[38;2;1;1;1;48;2;0;0;0m:                                                                                [0m
[7m[38;2;0;0;0m [0m[38;2;0;0;0;48;2;0;0;0m                   [38;2;27;27;27;48;2;5;5;5m`[38;2;106;106;106;48;2;62;62;62m"[38;2;113;113;113;48;2;171;171;171m_[38;2;213;213;213;48;2;240;240;240m_[38;2;254;254;254;48;2;252;252;252m.[48;2;251;251;251m [48;2;252;252;252m        [38;2;252;252;252;48;2;251;251;251m: [38;2;251;251;251;48;2;246;246;246m:[38;2;177;177;177;48;2;196;196;196m~[38;2;62;62;62;48;2;31;31;31mL[48;2;0;0;0m                                                                                 [0m
[7m[38;2;0;0;0m [0m[38;2;0;0;0;48;2;0;0;0m                    [38;2;10;10;10;48;2;2;2;2m`[38;2;79;79;79;48;2;44;44;44m~[38;2;84;84;84;48;2;150;150;150m_[38;2;188;188;188;48;2;230;230;230m_[38;2;254;254;254;48;2;251;251;251m: [48;2;252;252;252m        [38;2;252;252;252;48;2;251;251;251m:[38;2;251;251;251;48;2;250;250;250m"[38;2;223;223;223;48;2;231;231;231m4[38;2;134;134;134;48;2;98;98;98mL[38;2;0;0;0;48;2;13;13;13m:[38;2;1;1;1;48;2;0;0;0m.                                                                               [0m
[7m[38;2;0;0;0m [0m[38;2;0;0;0;48;2;0;0;0m                     [38;2;4;4;4m`[38;2;62;62;62;48;2;25;25;25m"[38;2;70;70;70;48;2;121;121;121mL[38;2;152;152;152;48;2;212;212;212m_[38;2;234;234;234;48;2;249;249;249m_[48;2;251;251;251m [38;2;251;251;251;48;2;252;252;252m,      [38;2;252;252;252;48;2;251;251;251m:[38;2;250;250;250m^[38;2;251;251;251;48;2;245;245;245m:[38;2;168;168;168;48;2;196;196;196m~[38;2;71;71;71;48;2;36;36;36mL[38;2;0;0;0;48;2;1;1;1m:[48;2;0;0;0m                                                                               [0m
[7m[38;2;0;0;0m [0m[38;2;0;0;0;48;2;0;0;0m                       [38;2;42;42;42;48;2;11;11;11m`[38;2;115;115;115;48;2;68;68;68m~[38;2;106;106;106;48;2;175;175;175m_[38;2;203;203;203;48;2;238;238;238m_[38;2;253;253;253;48;2;251;251;251m: [48;2;252;252;252m      [38;2;252;252;252;48;2;251;251;251m:[38;2;250;250;250m$[38;2;246;246;246;48;2;233;233;233m:[38;2;152;152;152;48;2;119;119;119my[38;2;0;0;0;48;2;19;19;19m:[48;2;0;0;0m                                                                               [0m
[7m[38;2;0;0;0m [0m[38;2;0;0;0;48;2;0;0;0m                        [38;2;14;14;14;48;2;2;2;2m`[38;2;77;77;77;48;2;33;33;33m"[38;2;57;57;57;48;2;126;126;126m_[38;2;152;152;152;48;2;211;211;211m_[38;2;231;231;231;48;2;247;247;247m_[38;2;253;253;253;48;2;251;251;251m.[48;2;252;252;252m     [38;2;252;252;252;48;2;251;251;251m: [38;2;251;251;251;48;2;249;249;249m:[38;2;199;199;199;48;2;218;218;218m"[38;2;106;106;106;48;2;63;63;63mL[38;2;0;0;0;48;2;6;6;6m:[38;2;1;1;1;48;2;0;0;0m_                                                                             [0m
[7m[38;2;0;0;0m [0m[38;2;0;0;0;48;2;0;0;0m                          [38;2;28;28;28;48;2;10;10;10m~[38;2;113;113;113;48;2;62;62;62m~[38;2;85;85;85;48;2;164;164;164m_[38;2;185;185;185;48;2;230;230;230m_[38;2;252;252;252;48;2;250;250;250m:[48;2;251;251;251m_[48;2;252;252;252m    [48;2;251;251;251m. [38;2;253;253;253;48;2;243;243;243m.[38;2;145;145;145;48;2;183;183;183m~[38;2;48;48;48;48;2;37;37;37mr[38;2;0;0;0;48;2;1;1;1m:[48;2;0;0;0m                                                                             [0m
[7m[38;2;0;0;0m [0m[38;2;0;0;0;48;2;0;0;0m                           [38;2;7;7;7;48;2;1;1;1m`[38;2;74;74;74;48;2;24;24;24m`[38;2;147;147;147;48;2;85;85;85m~[38;2;106;106;106;48;2;184;184;184m_[38;2;196;196;196;48;2;237;237;237m_[38;2;245;245;245;48;2;250;250;250m,[48;2;252;252;252m    [38;2;252;252;252;48;2;251;251;251m.[38;2;251;251;251;48;2;250;250;250m`[38;2;249;249;249;48;2;235;235;235m:[38;2;173;173;173;48;2;130;130;130my[38;2;0;0;0;48;2;24;24;24m`[38;2;1;1;1;48;2;0;0;0m:                                                                            [0m
[7m[38;2;0;0;0m [0m[38;2;0;0;0;48;2;0;0;0m                             [38;2;9;9;9;48;2;2;2;2m`[38;2;70;70;70;48;2;29;29;29m"[38;2;59;59;59;48;2;113;113;113my[38;2;103;103;103;48;2;187;187;187m_[38;2;190;190;190;48;2;235;235;235m_[38;2;251;251;251;48;2;249;249;249m`[38;2;253;253;253;48;2;252;252;252m.  [38;2;252;252;252;48;2;251;251;251m:[48;2;250;250;250m'[38;2;247;247;247;48;2;227;227;227m:[38;2;140;140;140;48;2;95;95;95my[38;2;0;0;0;48;2;15;15;15m:[48;2;0;0;0m                                                                            [0m
[7m[38;2;0;0;0m [0m[38;2;0;0;0;48;2;0;0;0m                               [38;2;19;19;19;48;2;3;3;3m`[38;2;71;71;71;48;2;26;26;26m"[38;2;149;149;149;48;2;80;80;80m~[38;2;84;84;84;48;2;171;171;171m_[38;2;165;165;165;48;2;227;227;227m_[38;2;228;228;228;48;2;248;248;248m_[38;2;252;252;252;48;2;251;251;251m:: [38;2;248;248;248;48;2;249;249;249m`[38;2;195;195;195;48;2;219;219;219m"[38;2;147;147;147;48;2;76;76;76m_[38;2;0;0;0;48;2;10;10;10m:[48;2;0;0;0m                                                                           [0m
[7m[38;2;0;0;0m [0m[38;2;0;0;0;48;2;0;0;0m                                 [38;2;4;4;4m`[38;2;36;36;36;48;2;14;14;14m~[38;2;119;119;119;48;2;61;61;61m~[38;2;51;51;51;48;2;151;151;151m_[38;2;131;131;131;48;2;209;209;209m_[38;2;204;204;204;48;2;240;240;240m_[38;2;244;244;244;48;2;248;248;248m,[38;2;246;246;246;48;2;250;250;250m_[38;2;251;251;251;48;2;248;248;248m:[38;2;183;183;183;48;2;216;216;216m~[38;2;141;141;141;48;2;70;70;70m_[38;2;0;0;0;48;2;9;9;9m:[48;2;0;0;0m                                                                          [0m
[7m[38;2;0;0;0m [0m[38;2;0;0;0;48;2;0;0;0m                                   [38;2;3;3;3;48;2;1;1;1m`[38;2;42;42;42;48;2;8;8;8m`[38;2;89;89;89;48;2;31;31;31m~[38;2;160;160;160;48;2;79;79;79m~[38;2;57;57;57;48;2;154;154;154m_[38;2;116;116;116;48;2;202;202;202m_[38;2;176;176;176;48;2;234;234;234m_[38;2;215;215;215;48;2;245;245;245m_[38;2;185;185;185;48;2;216;216;216m"[38;2;189;189;189;48;2;94;94;94m_[38;2;41;41;41;48;2;17;17;17m,[38;2;1;1;1;48;2;0;0;0m.                                                                        [0m
[7m[38;2;0;0;0m [0m[38;2;0;0;0;48;2;0;0;0m                                      [38;2;1;1;1m`[38;2;20;20;20;48;2;4;4;4m`[38;2;58;58;58;48;2;19;19;19m~[38;2;122;122;122;48;2;48;48;48m~[38;2;176;176;176;48;2;82;82;82m~[38;2;60;60;60;48;2;135;135;135my[38;2;203;203;203;48;2;96;96;96m~[38;2;62;62;62;48;2;26;26;26m~[38;2;0;0;0;48;2;1;1;1m:[48;2;0;0;0m                                                                        [0m
[7m[38;2;0;0;0m [0m[38;2;0;0;0;48;2;0;0;0m                                           [38;2;7;7;7m`                                                                           [0m
[7m[38;2;0;0;0m [0m[38;2;0;0;0;48;2;0;0;0m                                                                                                                       [0m
[7m[38;2;0;0;0m [0m[38;2;0;0;0;48;2;0;0;0m                                                                                                                       [0m
[7m[38;2;0;0;0m [0m[38;2;0;0;0;48;2;0;0;0m                                                                                                                       [0m
[7m[38;2;0;0;0m [0m[38;2;0;0;0;48;2;0;0;0m                                                                                                                       [0m
[7m[38;2;0;0;0m [0m[38;2;0;0;0;48;2;0;0;0m                                                                                                                       [0m
[?25h