[?25l[0m[7m[38;2;0;0;0m [0m[38;2;0;0;0;48;2;0;0;0m                                                                                                                       [0m
[7m[38;2;0;0;0m [0m[38;2;0;0;0;48;2;0;0;0m                                                                                                                       [0m
[7m[38;2;0;0;0m [0m[38;2;0;0;0;48;2;0;0;0m                                                                                                                       [0m
[7m[38;2;0;0;0m [0m[38;2;0;0;0;48;2;0;0;0m                                                                                                                       [0m
[7m[38;2;0;0;0m [0m[38;2;0;0;0;48;2;0;0;0m                                                                                                                       [0m
[7m[38;2;0;0;0m [0m[38;2;0;0;0;48;2;0;0;0m                                                                                                                       [0m
[7m[38;2;0;0;0m [0m[38;2;0;0;0;48;2;0;0;0m                                                                                                                       [0m
[7m[38;2;0;0;0m [0m[38;2;0;0;0;48;2;0;0;0m                                                                                                                       [0m
[7m[38;2;0;0;0m [0m[38;2;0;0;0;48;2;0;0;0m                                                                                                                       [0m
[7m[38;2;0;0;0m [0m[38;2;0;0;0;48;2;0;0;0m                                                                                                                       [0m
[7m[38;2;0;0;0m [0m[38;2;0;0;0;48;2;0;0;0m                                                                                                                       [0m
[7m[38;2;0;0;0m [0m[38;2;0;0;0;48;2;0;0;0m                                                                                                                       [0m
[7m[38;2;0;0;0m [0m[38;2;0;0;0;48;2;0;0;0m                                                                                                                       [0m
[7m[38;2;0;0;0m [0m[38;2;0;0;0;48;2;0;0;0m                                               [38;2;30;30;30;48;2;20;20;20my[38;2;114;114;114;48;2;80;80;80my[38;2;156;156;156;48;2;104;104;104my[38;2;57;57;57;48;2;30;30;30m,[38;2;66;66;66;48;2;6;6;6m_[38;2;0;0;0;48;2;2;2;2m`[48;2;0;0;0m                                                                  [0m
[7m[38;2;0;0;0m [0m[38;2;0;0;0;48;2;0;0;0m                                              [38;2;1;1;1m`[38;2;37;37;37;48;2;23;23;23m4[38;2;100;100;100;48;2;124;124;124ml[38;2;188;188;188;48;2;218;218;218m~[38;2;108;108;108;48;2;197;197;197m~[38;2;101;101;101;48;2;200;200;200m~[38;2;216;216;216;48;2;91;91;91m_[38;2;72;72;72;48;2;22;22;22m,[38;2;0;0;0;48;2;1;1;1m`[38;2;1;1;1;48;2;0;0;0m_                                                               [0m
[7m[38;2;0;0;0m [0m[38;2;0;0;0;48;2;0;0;0m                                               [48;2;5;5;5m:[38;2;44;44;44;48;2;89;89;89ml[38;2;203;203;203;48;2;224;224;224m_[38;2;243;243;243;48;2;247;247;247m`[38;2;251;251;251;48;2;250;250;250my[38;2;235;235;235;48;2;245;245;245m`[38;2;151;151;151;48;2;210;210;210m~[38;2;163;163;163;48;2;92;92;92my[38;2;91;91;91;48;2;21;21;21m_[38;2;14;14;14;48;2;1;1;1m,[48;2;0;0;0m                                                              [0m
[7m[38;2;0;0;0m [0m[38;2;0;0;0;48;2;0;0;0m                                               [38;2;1;1;1m:[38;2;4;4;4;48;2;38;38;38m:[38;2;120;120;120;48;2;155;155;155mL[38;2;253;253;253;48;2;244;244;244m:[38;2;249;249;249;48;2;250;250;250mf[38;2;252;252;252;48;2;251;251;251m:[38;2;250;250;250m`[38;2;229;229;229;48;2;245;245;245m`[38;2;134;134;134;48;2;208;208;208m~[38;2;221;221;221;48;2;92;92;92m_[38;2;84;84;84;48;2;23;23;23m,[38;2;0;0;0;48;2;1;1;1m`[38;2;1;1;1;48;2;0;0;0m_                                                           [0m
[7m[38;2;0;0;0m [0m[38;2;0;0;0;48;2;0;0;0m                                                [48;2;3;3;3m'[38;2;80;80;80;48;2;56;56;56m4[38;2;132;132;132;48;2;200;200;200m_[38;2;253;253;253;48;2;248;248;248m:[38;2;252;252;252;48;2;251;251;251m_::[38;2;253;253;253;48;2;252;252;252m_[38;2;252;252;252;48;2;245;245;245m:[38;2;148;148;148;48;2;208;208;208m~[38;2;167;167;167;48;2;93;93;93my[38;2;97;97;97;48;2;22;22;22m_[38;2;18;18;18;48;2;2;2;2m,[48;2;0;0;0m                                                          [0m
[7m[38;2;0;0;0m [0m[38;2;0;0;0;48;2;0;0;0m                                                [38;2;1;1;1m`[38;2;12;12;12;48;2;4;4;4m`[38;2;103;103;103;48;2;63;63;63m"[38;2;125;125;125;48;2;203;203;203m_[38;2;253;253;253;48;2;248;248;248m:[38;2;252;252;252;48;2;251;251;251m`[48;2;252;252;252m [38;2;253;253;253m~ [38;2;252;252;252;48;2;250;250;250m.[38;2;230;230;230;48;2;245;245;245m`[38;2;143;143;143;48;2;210;210;210m~[38;2;201;201;201;48;2;92;92;92m_[38;2;76;76;76;48;2;19;19;19m,[38;2;1;1;1;48;2;0;0;0m:                                                        [0m
[7m[38;2;0;0;0m [0m[38;2;0;0;0;48;2;0;0;0m                                                  [48;2;3;3;3m:[38;2;93;93;93;48;2;48;48;48m"[38;2;79;79;79;48;2;173;173;173m_[38;2;226;226;226;48;2;241;241;241m,[38;2;254;254;254;48;2;251;251;251m.[48;2;252;252;252m  [38;2;252;252;252;48;2;251;251;251m: [48;2;250;250;250m`[38;2;223;223;223;48;2;240;240;240m`[38;2;111;111;111;48;2;176;176;176m~[38;2;119;119;119;48;2;50;50;50m_[38;2;26;26;26;48;2;5;5;5m,[48;2;0;0;0m                                                       [0m
[7m[38;2;0;0;0m [0m[38;2;0;0;0;48;2;0;0;0m                                                   [38;2;2;2;2m`[38;2;55;55;55;48;2;23;23;23m"[38;2;63;63;63;48;2;126;126;126my[38;2;127;127;127;48;2;216;216;216m_[38;2;231;231;231;48;2;245;245;245m,[38;2;252;252;252;48;2;250;250;250m`[38;2;248;248;248;48;2;251;251;251m_[38;2;252;252;252m.. [38;2;253;253;253;48;2;247;247;247m:[38;2;161;161;161;48;2;201;201;201m~[38;2;105;105;105;48;2;59;59;59mL[38;2;21;21;21;48;2;4;4;4m,[48;2;0;0;0m                                                      [0m
[7m[38;2;0;0;0m [0m[38;2;0;0;0;48;2;0;0;0m                                                    [38;2;1;1;1m"[38;2;0;0;0;48;2;2;2;2m'[38;2;70;70;70;48;2;24;24;24m"[38;2;192;192;192;48;2;88;88;88m~[38;2;76;76;76;48;2;198;198;198m_[38;2;201;201;201;48;2;241;241;241m_[38;2;240;240;240;48;2;249;249;249m_[38;2;249;249;249;48;2;251;251;251m,[38;2;252;252;252m:[38;2;249;249;249m_[38;2;254;254;254;48;2;243;243;243m:[38;2;104;104;104;48;2;153;153;153m`[38;2;59;59;59;48;2;32;32;32mL[48;2;0;0;0m                                                      [0m
[7m[38;2;0;0;0m [0m[38;2;0;0;0;48;2;0;0;0m                                                       [48;2;1;1;1m:[38;2;49;49;49;48;2;12;12;12m`[38;2;129;129;129;48;2;47;47;47m~[38;2;53;53;53;48;2;140;140;140my[38;2;83;83;83;48;2;194;194;194m_[38;2;154;154;154;48;2;236;236;236m_[38;2;214;214;214;48;2;246;246;246m_[38;2;254;254;254;48;2;242;242;242m'[38;2;174;174;174;48;2;162;162;162m[[38;2;64;64;64;48;2;37;37;37mL[48;2;0;0;0m                                                      [0m
[7m[38;2;0;0;0m [0m[38;2;0;0;0;48;2;0;0;0m                                                         [38;2;1;1;1m" [38;2;0;0;0;48;2;5;5;5m:[38;2;80;80;80;48;2;24;24;24m~[38;2;171;171;171;48;2;54;54;54m~[38;2;209;209;209;48;2;75;75;75m~[38;2;130;130;130;48;2;40;40;40m~[38;2;33;33;33;48;2;7;7;7m~[48;2;0;0;0m                                                      [0m
[7m[38;2;0;0;0m [0m[38;2;0;0;0;48;2;0;0;0m                                                                                                                       [0m
[7m[38;2;0;0;0m [0m[38;2;0;0;0;48;2;0;0;0m                                                                                                                       [0m
[7m[38;2;0;0;0m [0m[38;2;0;0;0;48;2;0;0;0m                                                                                                                       [0m
[7m[38;2;0;0;0m [0m[38;2;0;0;0;48;2;0;0;0m                                                                                                                       [0m
[7m[38;2;0;0;0m [0m[38;2;0;0;0;48;2;0;0;0m                                                                                                                       [0m
[7m[38;2;0;0;0m [0m[38;2;0;0;0;48;2;0;0;0m                                                                                                                       [0m
[7m[38;2;0;0;0m [0m[38;2;0;0;0;48;2;0;0;0m                                                                                                                       [0m
[7m[38;2;0;0;0m [0m[38;2;0;0;0;48;2;0;0;0m                                                                                                                       [0m
[7m[38;2;0;0;0m [0m[38;2;0;0;0;48;2;0;0;0m                                                                                                                       [0m
[7m[38;2;0;0;0m [0m[38;2;0;0;0;48;2;0;0;0m                                                                                                                       [0m
[7m[38;2;0;0;0m [0m[38;2;0;0;0;48;2;0;0;0m                                                                                                                       [0m
[7m[38;2;0;0;0m [0m[38;2;0;0;0;48;2;0;0;0m                                                                                                                       [0m
[?25h