[?25l[0m[7m[38;2;252;252;252m [0m[38;2;0;0;0;48;2;252;252;252m                                                                                                                       [0m
[7m[38;2;252;252;252m [0m[38;2;0;0;0;48;2;252;252;252m                                                                                                                       [0m
[7m[38;2;252;252;252m [0m[38;2;0;0;0;48;2;252;252;252m                                                                                                                       [0m
[7m[38;2;252;252;252m [0m[38;2;0;0;0;48;2;252;252;252m                                                        [38;2;250;250;250m_[38;2;248;248;248m_[48;2;251;251;251m_[38;2;252;252;252m.[48;2;252;252;252m  [38;2;253;253;253m_                                                        [0m
[7m[38;2;252;252;252m [0m[38;2;0;0;0;48;2;252;252;252m                                                  [38;2;251;251;251m.[38;2;254;254;254;48;2;251;251;251m.[38;2;234;234;234;48;2;249;249;249m_[38;2;183;183;183;48;2;238;238;238m_[38;2;125;125;125;48;2;221;221;221m_[38;2;67;67;67;48;2;192;192;192m_[38;2;27;27;27;48;2;170;170;170m_[38;2;15;15;15;48;2;161;161;161m_[38;2;14;14;14;48;2;159;159;159m_[38;2;21;21;21;48;2;165;165;165m_[38;2;35;35;35;48;2;176;176;176m_[38;2;84;84;84;48;2;202;202;202m_[38;2;148;148;148;48;2;227;227;227m_[38;2;191;191;191;48;2;240;240;240m_[38;2;222;222;222;48;2;247;247;247m_[38;2;242;242;242;48;2;251;251;251m_[38;2;250;250;250;48;2;252;252;252m_[38;2;252;252;252;48;2;251;251;251m.[48;2;252;252;252m                                                   [0m
[7m[38;2;252;252;252m [0m[38;2;0;0;0;48;2;252;252;252m                                                [38;2;252;252;252;48;2;251;251;251m:[38;2;232;232;232;48;2;248;248;248m_[38;2;180;180;180;48;2;234;234;234m_[38;2;99;99;99;48;2;193;193;193m_[38;2;196;196;196;48;2;98;98;98m~[38;2;137;137;137;48;2;41;41;41m~[38;2;89;89;89;48;2;17;17;17m~[38;2;46;46;46;48;2;7;7;7m~[38;2;16;16;16;48;2;3;3;3m`[38;2;10;10;10;48;2;1;1;1m`[38;2;6;6;6m"[38;2;10;10;10;48;2;2;2;2m"[38;2;21;21;21;48;2;4;4;4m`[38;2;53;53;53;48;2;10;10;10m~[38;2;102;102;102;48;2;24;24;24m~[38;2;136;136;136;48;2;42;42;42m~[38;2;168;168;168;48;2;65;65;65m~[38;2;49;49;49;48;2;130;130;130my[38;2;61;61;61;48;2;170;170;170m_[38;2;140;140;140;48;2;220;220;220m_[38;2;219;219;219;48;2;246;246;246m_[38;2;248;248;248;48;2;251;251;251m,[38;2;252;252;252m:[48;2;252;252;252m                                                [0m
[7m[38;2;252;252;252m [0m[38;2;0;0;0;48;2;252;252;252m                                              [38;2;252;252;252;48;2;251;251;251m.[48;2;246;246;246m'[38;2;148;148;148;48;2;214;214;214m_[38;2;47;47;47;48;2;149;149;149m_[38;2;140;140;140;48;2;59;59;59m~[38;2;50;50;50;48;2;16;16;16m"[38;2;3;3;3;48;2;1;1;1m`[48;2;0;0;0m            [38;2;2;2;2m`[38;2;22;22;22;48;2;4;4;4m`[38;2;76;76;76;48;2;28;28;28m"[38;2;183;183;183;48;2;96;96;96m~[38;2;110;110;110;48;2;206;206;206m_[38;2;251;251;251;48;2;245;245;245m`[38;2;252;252;252;48;2;251;251;251m`:[48;2;252;252;252m                                              [0m
[7m[38;2;252;252;252m [0m[38;2;0;0;0;48;2;252;252;252m                                             [38;2;252;252;252;48;2;251;251;251m:[38;2;253;253;253;48;2;240;240;240m'[38;2;113;113;113;48;2;185;185;185m_[38;2;127;127;127;48;2;64;64;64m~[38;2;36;36;36;48;2;9;9;9m~[48;2;0;0;0m                 [38;2;1;1;1m`[38;2;0;0;0;48;2;4;4;4m`[38;2;89;89;89;48;2;46;46;46m"[38;2;116;116;116;48;2;186;186;186m_[38;2;251;251;251;48;2;243;243;243m`[38;2;250;250;250;48;2;251;251;251my[38;2;252;252;252m:[48;2;252;252;252m                                             [0m
[7m[38;2;252;252;252m [0m[38;2;0;0;0;48;2;252;252;252m                                           [38;2;252;252;252;48;2;251;251;251m. [38;2;253;253;253;48;2;237;237;237m'[38;2;108;108;108;48;2;161;161;161my[38;2;75;75;75;48;2;37;37;37m"[38;2;0;0;0;48;2;3;3;3m:[48;2;0;0;0m                   [38;2;1;1;1m`[38;2;0;0;0;48;2;3;3;3m:[38;2;14;14;14;48;2;58;58;58m:[38;2;157;157;157;48;2;209;209;209m_[38;2;239;239;239;48;2;248;248;248m,[38;2;250;250;250;48;2;251;251;251m_[38;2;252;252;252m:[48;2;252;252;252m                                            [0m
[7m[38;2;252;252;252m [0m[38;2;0;0;0;48;2;252;252;252m                                          [38;2;252;252;252;48;2;251;251;251m: [38;2;253;253;253;48;2;246;246;246m'[38;2;182;182;182;48;2;201;201;201my[38;2;75;75;75;48;2;45;45;45mF[38;2;0;0;0;48;2;2;2;2m:[48;2;0;0;0m                      [48;2;12;12;12m:[38;2;75;75;75;48;2;101;101;101m%[38;2;220;220;220;48;2;234;234;234mL[38;2;252;252;252;48;2;251;251;251my:[48;2;252;252;252m                                            [0m
[7m[38;2;252;252;252m [0m[38;2;0;0;0;48;2;252;252;252m                                          [38;2;252;252;252;48;2;251;251;251m:[38;2;250;250;250m:[38;2;252;252;252;48;2;242;242;242m:[38;2;163;163;163;48;2;176;176;176m4[38;2;55;55;55;48;2;28;28;28mL[48;2;0;0;0m                       [38;2;0;0;0;48;2;4;4;4m:[38;2;78;78;78;48;2;64;64;64mu[38;2;215;215;215;48;2;228;228;228mF[38;2;251;251;251;48;2;252;252;252m_[38;2;252;252;252;48;2;251;251;251m:[48;2;252;252;252m                                            [0m
[7m[38;2;252;252;252m [0m[38;2;0;0;0;48;2;252;252;252m                                          [38;2;252;252;252;48;2;251;251;251m:_[48;2;248;248;248m:[38;2;189;189;189;48;2;207;207;207m"[38;2;85;85;85;48;2;45;45;45mL[38;2;0;0;0;48;2;2;2;2m:[38;2;1;1;1;48;2;0;0;0m,                   _[38;2;0;0;0;48;2;3;3;3m:[38;2;88;88;88;48;2;35;35;35m_[38;2;103;103;103;48;2;167;167;167m~[38;2;237;237;237;48;2;241;241;241m'[38;2;252;252;252;48;2;251;251;251m_:[48;2;252;252;252m                                            [0m
[7m[38;2;252;252;252m [0m[38;2;0;0;0;48;2;252;252;252m                                           [38;2;252;252;252;48;2;251;251;251m.[38;2;249;249;249;48;2;250;250;250m\[38;2;251;251;251;48;2;240;240;240m:[38;2;199;199;199;48;2;144;144;144my[38;2;66;66;66;48;2;34;34;34m,[38;2;0;0;0;48;2;1;1;1m.[38;2;2;2;2;48;2;0;0;0m_                [38;2;1;1;1m_ [38;2;2;2;2;48;2;17;17;17m`[38;2;200;200;200;48;2;79;79;79m_[38;2;117;117;117;48;2;205;205;205m~[38;2;230;230;230;48;2;247;247;247m~[38;2;250;250;250;48;2;251;251;251m~[38;2;252;252;252m:[48;2;252;252;252m                                             [0m
[7m[38;2;252;252;252m [0m[38;2;0;0;0;48;2;252;252;252m                                            [38;2;252;252;252;48;2;251;251;251m:`[38;2;251;251;251;48;2;245;245;245m'[38;2;150;150;150;48;2;210;210;210m~[38;2;189;189;189;48;2;100;100;100my[38;2;167;167;167;48;2;38;38;38m_[38;2;72;72;72;48;2;9;9;9m_[38;2;0;0;0;48;2;1;1;1m`[48;2;0;0;0m            [48;2;1;1;1m`[48;2;11;11;11m`[38;2;149;149;149;48;2;32;32;32m_[38;2;178;178;178;48;2;91;91;91my[38;2;126;126;126;48;2;205;205;205m~[38;2;219;219;219;48;2;243;243;243m~[38;2;248;248;248;48;2;251;251;251m~[38;2;252;252;252m::[48;2;252;252;252m                                              [0m
[7m[38;2;252;252;252m [0m[38;2;0;0;0;48;2;252;252;252m                                              [38;2;252;252;252;48;2;251;251;251m.[38;2;250;250;250m~[38;2;242;242;242;48;2;250;250;250m`[38;2;213;213;213;48;2;243;243;243m`[38;2;118;118;118;48;2;207;207;207m~[38;2;190;190;190;48;2;105;105;105my[38;2;169;169;169;48;2;47;47;47m_[38;2;64;64;64;48;2;17;17;17m,[38;2;0;0;0;48;2;2;2;2m`[38;2;2;2;2;48;2;0;0;0m==[38;2;1;1;1m+= [38;2;0;0;0;48;2;3;3;3m`[38;2;56;56;56;48;2;12;12;12m_[38;2;146;146;146;48;2;34;34;34m_[38;2;222;222;222;48;2;67;67;67m_[38;2;19;19;19;48;2;150;150;150m~[38;2;79;79;79;48;2;205;205;205m~[38;2;198;198;198;48;2;239;239;239m~[38;2;237;237;237;48;2;248;248;248m`[38;2;252;252;252;48;2;251;251;251m.:[48;2;252;252;252m                                                 [0m
[7m[38;2;252;252;252m [0m[38;2;0;0;0;48;2;252;252;252m                                                 [38;2;252;252;252;48;2;251;251;251m::[48;2;250;250;250m'[38;2;209;209;209;48;2;242;242;242m"[38;2;169;169;169;48;2;231;231;231m~[38;2;116;116;116;48;2;201;201;201m~[38;2;228;228;228;48;2;146;146;146my[38;2;226;226;226;48;2;139;139;139my[48;2;141;141;141my[38;2;229;229;229;48;2;150;150;150my[38;2;107;107;107;48;2;200;200;200m~[38;2;138;138;138;48;2;219;219;219m~[38;2;165;165;165;48;2;233;233;233m~[38;2;197;197;197;48;2;241;241;241m~[38;2;238;238;238;48;2;249;249;249m~[38;2;252;252;252;48;2;251;251;251m.[38;2;253;253;253;48;2;252;252;252m`[48;2;251;251;251m [38;2;252;252;252m:[48;2;252;252;252m                                                   [0m
[7m[38;2;252;252;252m [0m[38;2;0;0;0;48;2;252;252;252m                                                    [38;2;252;252;252;48;2;251;251;251m::[38;2;250;250;250mTT~TTT [48;2;252;252;252m [38;2;252;252;252;48;2;251;251;251m:[48;2;252;252;252m                                                        [0m
[7m[38;2;252;252;252m [0m[38;2;0;0;0;48;2;252;252;252m                                                                                                                       [0m
[7m[38;2;252;252;252m [0m[38;2;0;0;0;48;2;252;252;252m                                                                                                                       [0m
[7m[38;2;252;252;252m [0m[38;2;0;0;0;48;2;252;252;252m                                                                                                                       [0m
[7m[38;2;252;252;252m [0m[38;2;0;0;0;48;2;252;252;252m                                                                                                                       [0m
[7m[38;2;252;252;252m [0m[38;2;0;0;0;48;2;252;252;252m                                                                                                                       [0m
[7m[38;2;252;252;252m [0m[38;2;0;0;0;48;2;252;252;252m                                                                                                                       [0m
[7m[38;2;252;252;252m [0m[38;2;0;0;0;48;2;252;252;252m                                                                                                                       [0m
[7m[38;2;252;252;252m [0m[38;2;0;0;0;48;2;252;252;252m                                                                                                                       [0m
[7m[38;2;252;252;252m [0m[38;2;0;0;0;48;2;252;252;252m                                                                                                                       [0m
[7m[38;2;252;252;252m [0m[38;2;0;0;0;48;2;252;252;252m                                                                                                                       [0m
[7m[38;2;252;252;252m [0m[38;2;0;0;0;48;2;252;252;252m                                                                                                                       [0m
[7m[38;2;252;252;252m [0m[38;2;0;0;0;48;2;252;252;252m                                                                                                                       [0m
[7m[38;2;252;252;252m [0m[38;2;0;0;0;48;2;252;252;252m                                                                                                                       [0m
[7m[38;2;252;252;252m [0m[38;2;0;0;0;48;2;252;252;252m                                                                                                                       [0m
[7m[38;2;252;252;252m [0m[38;2;0;0;0;48;2;252;252;252m                                                                                                                       [0m
[7m[38;2;252;252;252m [0m[38;2;0;0;0;48;2;252;252;252m                                                                                                                       [0m
[7m[38;2;252;252;252m [0m[38;2;0;0;0;48;2;252;252;252m                                                                                                                       [0m
[7m[38;2;252;252;252m [0m[38;2;0;0;0;48;2;252;252;252m                                                                                                                       [0m
[7m[38;2;252;252;252m [0m[38;2;0;0;0;48;2;252;252;252m                                                                                                                       [0m
[?25h