[?25l[0m[7m[38;2;0;0;0m [0m[38;2;0;0;0;48;2;0;0;0m                                                                                                                       [0m
[7m[38;2;0;0;0m [0m[38;2;0;0;0;48;2;0;0;0m                                                                                                                       [0m
[7m[38;2;0;0;0m [0m[38;2;0;0;0;48;2;0;0;0m                                                                                                                       [0m
[7m[38;2;0;0;0m [0m[38;2;0;0;0;48;2;0;0;0m                                                                                                                       [0m
[7m[38;2;0;0;0m [0m[38;2;0;0;0;48;2;0;0;0m                                                                                                                       [0m
[7m[38;2;0;0;0m [0m[38;2;0;0;0;48;2;0;0;0m                                                                                                                       [0m
[7m[38;2;0;0;0m [0m[38;2;0;0;0;48;2;0;0;0m                                                                                                                       [0m
[7m[38;2;0;0;0m [0m[38;2;0;0;0;48;2;0;0;0m                                                                                                                       [0m
[7m[38;2;0;0;0m [0m[38;2;0;0;0;48;2;0;0;0m                                                                                                                       [0m
[7m[38;2;0;0;0m [0m[38;2;0;0;0;48;2;0;0;0m                                                                                                                       [0m
[7m[38;2;0;0;0m [0m[38;2;0;0;0;48;2;0;0;0m                                                                                                                       [0m
[7m[38;2;0;0;0m [0m[38;2;0;0;0;48;2;0;0;0m                                                                                                                       [0m
[7m[38;2;0;0;0m [0m[38;2;0;0;0;48;2;0;0;0m                                                                                                                       [0m
[7m[38;2;0;0;0m [0m[38;2;0;0;0;48;2;0;0;0m                                                                                                                       [0m
[7m[38;2;0;0;0m [0m[38;2;0;0;0;48;2;0;0;0m                                                                                                                       [0m
[7m[38;2;0;0;0m [0m[38;2;0;0;0;48;2;0;0;0m                                                                                                                       [0m
[7m[38;2;0;0;0m [0m[38;2;0;0;0;48;2;0;0;0m                                                      [38;2;1;1;1m._ [38;2;27;27;27;48;2;4;4;4m_[38;2;60;60;60;48;2;11;11;11m_[48;2;12;12;12m_[38;2;24;24;24;48;2;5;5;5m,[38;2;1;1;1;48;2;0;0;0m..[38;2;2;2;2m_[38;2;1;1;1m.                                                      [0m
[7m[38;2;0;0;0m [0m[38;2;0;0;0;48;2;0;0;0m                                                  [48;2;4;4;4m:[38;2;96;96;96;48;2;7;7;7m_[38;2;142;142;142;48;2;16;16;16m_[38;2;163;163;163;48;2;31;31;31m_[38;2;170;170;170;48;2;46;46;46m_[38;2;192;192;192;48;2;71;71;71m_[38;2;54;54;54;48;2;159;159;159m~[38;2;144;144;144;48;2;224;224;224m~[38;2;161;161;161;48;2;233;233;233m~[38;2;160;160;160;48;2;231;231;231m~[38;2;130;130;130;48;2;210;210;210m~[38;2;41;41;41;48;2;150;150;150m~[38;2;207;207;207;48;2;78;78;78m_[38;2;187;187;187;48;2;60;60;60m_[38;2;175;175;175;48;2;46;46;46m_[38;2;161;161;161;48;2;28;28;28m_[38;2;117;117;117;48;2;10;10;10m_[38;2;31;31;31;48;2;2;2;2m_[48;2;0;0;0m                                                   [0m
[7m[38;2;0;0;0m [0m[38;2;0;0;0;48;2;0;0;0m                                                 [38;2;47;47;47;48;2;26;26;26mu[38;2;39;39;39;48;2;136;136;136m~[38;2;139;139;139;48;2;214;214;214m~[38;2;174;174;174;48;2;218;218;218m_[38;2;132;132;132;48;2;191;191;191my[38;2;171;171;171;48;2;214;214;214m+[38;2;223;223;223;48;2;246;246;246m`[38;2;246;246;246;48;2;250;250;250m`[38;2;252;252;252;48;2;251;251;251m.:[48;2;252;252;252m [48;2;251;251;251m:'[38;2;230;230;230;48;2;249;249;249m`[38;2;222;222;222;48;2;246;246;246m`[38;2;169;169;169;48;2;234;234;234m_[48;2;233;233;233m_[38;2;178;178;178;48;2;211;211;211m~[38;2;110;110;110;48;2;75;75;75mm[38;2;20;20;20;48;2;7;7;7mr[38;2;1;1;1;48;2;0;0;0m-                                                 [0m
[7m[38;2;0;0;0m [0m[38;2;0;0;0;48;2;0;0;0m                                                 [38;2;25;25;25;48;2;7;7;7m"[38;2;110;110;110;48;2;35;35;35m~[38;2;200;200;200;48;2;69;69;69m~[38;2;138;138;138;48;2;60;60;60m~[38;2;156;156;156;48;2;131;131;131m4[38;2;237;237;237;48;2;243;243;243mL[38;2;252;252;252;48;2;250;250;250m~[48;2;251;251;251m.[48;2;252;252;252m    [48;2;251;251;251m:[38;2;249;249;249;48;2;250;250;250m%[38;2;254;254;254;48;2;245;245;245m:[38;2;188;188;188;48;2;168;168;168mL[38;2;36;36;36;48;2;88;88;88ma[38;2;163;163;163;48;2;42;42;42m~[38;2;69;69;69;48;2;16;16;16m'[48;2;0;0;0m                                                   [0m
[7m[38;2;0;0;0m [0m[38;2;0;0;0;48;2;0;0;0m                                                   [38;2;2;2;2;48;2;1;1;1m^[38;2;30;30;30;48;2;19;19;19m4[38;2;104;104;104;48;2;126;126;126m$[38;2;235;235;235;48;2;242;242;242mL[48;2;250;250;250m [38;2;252;252;252;48;2;251;251;251m:[48;2;252;252;252m    [48;2;251;251;251m: [38;2;254;254;254;48;2;248;248;248m:[38;2;191;191;191;48;2;203;203;203m"[38;2;90;90;90;48;2;52;52;52mL[38;2;1;1;1;48;2;0;0;0m.                                                    [0m
[7m[38;2;0;0;0m [0m[38;2;0;0;0;48;2;0;0;0m                                                   [48;2;1;1;1m [48;2;24;24;24m:[38;2;89;89;89;48;2;131;131;131mF[38;2;235;235;235;48;2;243;243;243mL[48;2;250;250;250m [38;2;252;252;252;48;2;251;251;251m:[48;2;252;252;252m     [48;2;251;251;251m [38;2;254;254;254m'[38;2;250;250;250;48;2;233;233;233m:[38;2;124;124;124;48;2;83;83;83mL[38;2;27;27;27;48;2;8;8;8m,[48;2;0;0;0m                                                    [0m
[7m[38;2;0;0;0m [0m[38;2;0;0;0;48;2;0;0;0m                                                  [38;2;1;1;1m_[38;2;0;0;0;48;2;10;10;10m:[38;2;105;105;105;48;2;83;83;83m4[38;2;197;197;197;48;2;227;227;227m"[38;2;253;253;253;48;2;251;251;251m`[38;2;252;252;252m:[48;2;252;252;252m      [48;2;251;251;251m:[38;2;251;251;251;48;2;250;250;250m.[38;2;254;254;254;48;2;246;246;246m:[38;2;149;149;149;48;2;182;182;182m~[38;2;82;82;82;48;2;45;45;45mL[38;2;2;2;2;48;2;1;1;1m.[48;2;0;0;0m                                                   [0m
[7m[38;2;0;0;0m [0m[38;2;0;0;0;48;2;0;0;0m                                                  [38;2;1;1;1m:[38;2;31;31;31;48;2;22;22;22m4[38;2;135;135;135;48;2;119;119;119m4[38;2;236;236;236;48;2;243;243;243mL[38;2;251;251;251;48;2;250;250;250m~[38;2;252;252;252;48;2;251;251;251m:[48;2;252;252;252m      [48;2;251;251;251m: [38;2;254;254;254;48;2;250;250;250m:[38;2;210;210;210;48;2;218;218;218m4[38;2;95;95;95;48;2;61;61;61mF[38;2;0;0;0;48;2;2;2;2m:[48;2;0;0;0m                                                   [0m
[7m[38;2;0;0;0m [0m[38;2;0;0;0;48;2;0;0;0m                                                  [48;2;1;1;1m.[38;2;69;69;69;48;2;49;49;49mj[38;2;138;138;138;48;2;190;190;190m~[38;2;253;253;253;48;2;246;246;246m:[48;2;250;250;250m [38;2;252;252;252;48;2;251;251;251m:[48;2;252;252;252m       [48;2;251;251;251m [38;2;254;254;254m`[38;2;251;251;251;48;2;236;236;236m:[38;2;152;152;152;48;2;102;102;102mL[38;2;58;58;58;48;2;17;17;17m,[48;2;0;0;0m                                                   [0m
[7m[38;2;0;0;0m [0m[38;2;0;0;0;48;2;0;0;0m                                                 [38;2;1;1;1m.[38;2;0;0;0;48;2;27;27;27m:[38;2;96;96;96;48;2;138;138;138mF[38;2;252;252;252;48;2;240;240;240m:[38;2;248;248;248;48;2;249;249;249ma[48;2;251;251;251m [48;2;252;252;252m        [38;2;252;252;252;48;2;251;251;251m:[38;2;250;250;250m"[38;2;254;254;254;48;2;249;249;249m'[38;2;185;185;185;48;2;215;215;215m~[38;2;112;112;112;48;2;66;66;66mL[38;2;21;21;21;48;2;4;4;4m,[48;2;0;0;0m                                                  [0m
[7m[38;2;0;0;0m [0m[38;2;0;0;0;48;2;0;0;0m                                                [38;2;1;1;1m_[38;2;0;0;0;48;2;7;7;7m:[38;2;102;102;102;48;2;74;74;74my[38;2;189;189;189;48;2;223;223;223m~[38;2;253;253;253;48;2;249;249;249m`[38;2;250;250;250;48;2;251;251;251mT[38;2;252;252;252m:[48;2;252;252;252m         [48;2;251;251;251m:[38;2;250;250;250m][38;2;254;254;254;48;2;246;246;246m:[38;2;140;140;140;48;2;180;180;180m~[38;2;81;81;81;48;2;44;44;44mL[38;2;0;0;0;48;2;1;1;1m:[48;2;0;0;0m                                                 [0m
[7m[38;2;0;0;0m [0m[38;2;0;0;0;48;2;0;0;0m                                                [48;2;1;1;1m.[38;2;71;71;71;48;2;48;48;48my[38;2;130;130;130;48;2;188;188;188m~[38;2;254;254;254;48;2;247;247;247m:[48;2;250;250;250m [38;2;252;252;252;48;2;251;251;251m:[48;2;252;252;252m           [48;2;251;251;251m:[38;2;254;254;254m`[38;2;253;253;253;48;2;243;243;243m:[38;2;108;108;108;48;2;152;152;152m~[38;2;94;94;94;48;2;34;34;34m,[38;2;1;1;1;48;2;0;0;0m;                                                [0m
[7m[38;2;0;0;0m [0m[38;2;0;0;0;48;2;0;0;0m                                                [38;2;45;45;45;48;2;28;28;28mu[38;2;91;91;91;48;2;142;142;142m~[38;2;254;254;254;48;2;242;242;242m:[38;2;250;250;250;48;2;251;251;251m*[38;2;252;252;252m:[48;2;252;252;252m             [48;2;251;251;251m [38;2;253;253;253;48;2;250;250;250m`[38;2;251;251;251;48;2;237;237;237m:[38;2;94;94;94;48;2;125;125;125m~[38;2;54;54;54;48;2;23;23;23m,[48;2;0;0;0m                                                [0m
[7m[38;2;0;0;0m [0m[38;2;0;0;0;48;2;0;0;0m                                                [38;2;32;32;32;48;2;23;23;23m4[38;2;136;136;136;48;2;121;121;121m4[38;2;238;238;238;48;2;244;244;244mL[38;2;248;248;248;48;2;251;251;251my[38;2;252;252;252m:[48;2;252;252;252m            [48;2;251;251;251m:[38;2;249;249;249;48;2;250;250;250m*[38;2;253;253;253;48;2;249;249;249m`[38;2;193;193;193;48;2;215;215;215m=[38;2;111;111;111;48;2;77;77;77mF[38;2;24;24;24;48;2;8;8;8m^[48;2;0;0;0m                                                [0m
[7m[38;2;0;0;0m [0m[38;2;0;0;0;48;2;0;0;0m                                               [38;2;1;1;1m~[38;2;24;24;24;48;2;12;12;12m"[38;2;52;52;52;48;2;103;103;103mi[38;2;211;211;211;48;2;232;232;232m_[38;2;253;253;253;48;2;250;250;250m:[48;2;251;251;251m [48;2;252;252;252m            [38;2;252;252;252;48;2;251;251;251m:[48;2;250;250;250m [38;2;254;254;254;48;2;248;248;248m:[38;2;145;145;145;48;2;196;196;196m_[38;2;87;87;87;48;2;50;50;50mF[38;2;2;2;2;48;2;1;1;1m.[48;2;0;0;0m                                                [0m
[7m[38;2;0;0;0m [0m[38;2;0;0;0;48;2;0;0;0m                                               [38;2;1;1;1m_[38;2;38;38;38;48;2;15;15;15m_[38;2;66;66;66;48;2;118;118;118mF[38;2;209;209;209;48;2;233;233;233m"[38;2;254;254;254;48;2;250;250;250m`[38;2;250;250;250;48;2;251;251;251m`[38;2;252;252;252m:[48;2;252;252;252m           [48;2;251;251;251m:[38;2;250;250;250m_[38;2;254;254;254;48;2;243;243;243m:[38;2;95;95;95;48;2;135;135;135m4[38;2;65;65;65;48;2;24;24;24m,[38;2;2;2;2;48;2;1;1;1m.[48;2;0;0;0m                                                [0m
[7m[38;2;0;0;0m [0m[38;2;0;0;0;48;2;0;0;0m                                              [38;2;1;1;1m,[38;2;29;29;29;48;2;8;8;8m_[38;2;49;49;49;48;2;100;100;100mF[38;2;182;182;182;48;2;225;225;225m~[38;2;252;252;252;48;2;250;250;250m:[38;2;250;250;250;48;2;251;251;251m~[38;2;252;252;252m:[48;2;252;252;252m            [48;2;251;251;251m:[38;2;250;250;250m~[38;2;254;254;254;48;2;250;250;250m`[38;2;190;190;190;48;2;223;223;223m"[38;2;132;132;132;48;2;81;81;81mL[38;2;29;29;29;48;2;8;8;8m_[38;2;1;1;1;48;2;0;0;0m,                                               [0m
[7m[38;2;0;0;0m [0m[38;2;0;0;0;48;2;0;0;0m                                              [48;2;2;2;2m:[38;2;86;86;86;48;2;61;61;61my[38;2;151;151;151;48;2;206;206;206m~[38;2;254;254;254;48;2;248;248;248m`[38;2;250;250;250;48;2;251;251;251mT[38;2;252;252;252m:[48;2;252;252;252m              [48;2;251;251;251m:[38;2;249;249;249;48;2;250;250;250m`[38;2;254;254;254;48;2;249;249;249m`[38;2;164;164;164;48;2;205;205;205m~[38;2;105;105;105;48;2;60;60;60mL[38;2;11;11;11;48;2;2;2;2m,[48;2;0;0;0m                                               [0m
[7m[38;2;0;0;0m [0m[38;2;0;0;0;48;2;0;0;0m                                             [38;2;1;1;1m.[38;2;50;50;50;48;2;34;34;34my[38;2;121;121;121;48;2;157;157;157mF[38;2;254;254;254;48;2;244;244;244m:[38;2;249;249;249;48;2;250;250;250me[38;2;252;252;252;48;2;251;251;251m:[48;2;252;252;252m                [48;2;251;251;251m:[48;2;250;250;250m [38;2;253;253;253;48;2;245;245;245m:[38;2;135;135;135;48;2;158;158;158m4[38;2;64;64;64;48;2;35;35;35mL[38;2;1;1;1;48;2;0;0;0m.                                              [0m
[7m[38;2;0;0;0m [0m[38;2;0;0;0;48;2;0;0;0m                                            [38;2;1;1;1m_[38;2;26;26;26;48;2;9;9;9m_[38;2;55;55;55;48;2;105;105;105mF[38;2;208;208;208;48;2;229;229;229m"[48;2;251;251;251m  [38;2;252;252;252m:[48;2;252;252;252m                [48;2;251;251;251m: [38;2;254;254;254;48;2;250;250;250m`[38;2;210;210;210;48;2;230;230;230m"[38;2;136;136;136;48;2;86;86;86mL[38;2;39;39;39;48;2;9;9;9m,[38;2;1;1;1;48;2;0;0;0m_                                             [0m
[?25h