[?25l[0m[7m[38;2;252;252;252m [0m[38;2;0;0;0;48;2;252;252;252m                                                                                                                       [0m
[7m[38;2;252;252;252m [0m[38;2;0;0;0;48;2;252;252;252m                                                                                                                       [0m
[7m[38;2;252;252;252m [0m[38;2;0;0;0;48;2;252;252;252m                                                                                                                       [0m
[7m[38;2;252;252;252m [0m[38;2;0;0;0;48;2;252;252;252m                                                                                                                       [0m
[7m[38;2;252;252;252m [0m[38;2;0;0;0;48;2;252;252;252m                                                                                                                       [0m
[7m[38;2;252;252;252m [0m[38;2;0;0;0;48;2;252;252;252m                                                                                                                       [0m
[7m[38;2;252;252;252m [0m[38;2;0;0;0;48;2;252;252;252m                                                                                                                       [0m
[7m[38;2;252;252;252m [0m[38;2;0;0;0;48;2;252;252;252m                                                                                                                       [0m
[7m[38;2;252;252;252m [0m[38;2;0;0;0;48;2;252;252;252m                                                                                                                       [0m
[7m[38;2;252;252;252m [0m[38;2;0;0;0;48;2;252;252;252m                                                                                                                       [0m
[7m[38;2;252;252;252m [0m[38;2;0;0;0;48;2;252;252;252m                                                                                                                       [0m
[7m[38;2;252;252;252m [0m[38;2;0;0;0;48;2;252;252;252m                                                                                                                       [0m
[7m[38;2;252;252;252m [0m[38;2;0;0;0;48;2;252;252;252m                                                                                                                       [0m
[7m[38;2;252;252;252m [0m[38;2;0;0;0;48;2;252;252;252m                                                                                                                       [0m
[7m[38;2;252;252;252m [0m[38;2;0;0;0;48;2;252;252;252m                                                                                                                       [0m
[7m[38;2;252;252;252m [0m[38;2;0;0;0;48;2;252;252;252m                                                       [38;2;252;252;252;48;2;251;251;251m:  [38;2;248;248;248;48;2;252;252;252m__[38;2;252;252;252;48;2;251;251;251m.[38;2;250;250;250mu [38;2;252;252;252m:[48;2;252;252;252m                                                       [0m
[7m[38;2;252;252;252m [0m[38;2;0;0;0;48;2;252;252;252m                                                    [38;2;252;252;252;48;2;251;251;251m:[48;2;252;252;252m [38;2;253;253;253;48;2;249;249;249m:[38;2;143;143;143;48;2;234;234;234m_[38;2;68;68;68;48;2;193;193;193m_[38;2;67;67;67;48;2;165;165;165my[38;2;40;40;40;48;2;145;145;145my[38;2;38;38;38;48;2;143;143;143my[38;2;55;55;55;48;2;156;156;156my[38;2;43;43;43;48;2;172;172;172m_[38;2;88;88;88;48;2;210;210;210m_[38;2;166;166;166;48;2;237;237;237m_[38;2;252;252;252;48;2;250;250;250m`[38;2;253;253;253;48;2;252;252;252m_                                                     [0m
[7m[38;2;252;252;252m [0m[38;2;0;0;0;48;2;252;252;252m                                                  [38;2;252;252;252;48;2;251;251;251m:[38;2;249;249;249m.[38;2;252;252;252;48;2;246;246;246m:[38;2;145;145;145;48;2;218;218;218m_[38;2;55;55;55;48;2;141;141;141my[38;2;97;97;97;48;2;35;35;35m"[38;2;20;20;20;48;2;3;3;3m~[48;2;0;0;0m    [38;2;1;1;1mf[38;2;0;0;0;48;2;8;8;8m:[38;2;115;115;115;48;2;38;38;38m~[38;2;64;64;64;48;2;136;136;136mg[38;2;119;119;119;48;2;210;210;210m_[38;2;233;233;233;48;2;246;246;246m,[38;2;250;250;250;48;2;251;251;251m,[38;2;252;252;252m:[48;2;252;252;252m                                                  [0m
[7m[38;2;252;252;252m [0m[38;2;0;0;0;48;2;252;252;252m                                                [38;2;252;252;252;48;2;251;251;251m: [48;2;250;250;250m`[38;2;253;253;253;48;2;237;237;237m'[38;2;103;103;103;48;2;173;173;173my[38;2;95;95;95;48;2;42;42;42m"[38;2;0;0;0;48;2;4;4;4m:[48;2;0;0;0m        [38;2;1;1;1m`[38;2;0;0;0;48;2;3;3;3m'[38;2;79;79;79;48;2;36;36;36m"[38;2;65;65;65;48;2;158;158;158m_[38;2;212;212;212;48;2;237;237;237m,[38;2;252;252;252;48;2;250;250;250m`[48;2;251;251;251m:[48;2;252;252;252m                                                 [0m
[7m[38;2;252;252;252m [0m[38;2;0;0;0;48;2;252;252;252m                                                [38;2;252;252;252;48;2;251;251;251m`[38;2;254;254;254;48;2;250;250;250m.[48;2;233;233;233m'[38;2;68;68;68;48;2;136;136;136my[38;2;53;53;53;48;2;18;18;18m~[48;2;0;0;0m            [38;2;1;1;1m=[38;2;41;41;41;48;2;22;22;22m"[38;2;100;100;100;48;2;143;143;143mg[38;2;230;230;230;48;2;240;240;240mr[38;2;252;252;252;48;2;251;251;251m_:[48;2;252;252;252m                                                [0m
[7m[38;2;252;252;252m [0m[38;2;0;0;0;48;2;252;252;252m                                               [38;2;252;252;252;48;2;251;251;251m:[38;2;249;249;249;48;2;250;250;250m|[38;2;254;254;254;48;2;245;245;245m:[38;2;177;177;177;48;2;189;189;189m4[38;2;63;63;63;48;2;35;35;35mL[48;2;0;0;0m             [38;2;1;1;1m_[38;2;0;0;0;48;2;8;8;8m:[38;2;93;93;93;48;2;79;79;79m4[38;2;224;224;224;48;2;236;236;236mL[48;2;252;252;252m [38;2;252;252;252;48;2;251;251;251m:[48;2;252;252;252m                                                [0m
[7m[38;2;252;252;252m [0m[38;2;0;0;0;48;2;252;252;252m                                               [38;2;252;252;252;48;2;251;251;251m:[38;2;250;250;250m~[38;2;254;254;254;48;2;248;248;248m'[38;2;190;190;190;48;2;217;217;217m"[38;2;159;159;159;48;2;76;76;76m_[38;2;36;36;36;48;2;11;11;11m,[38;2;4;4;4;48;2;1;1;1m,[48;2;0;0;0m          [38;2;1;1;1m_[38;2;0;0;0;48;2;2;2;2m.[48;2;39;39;39m`[38;2;106;106;106;48;2;172;172;172m~[38;2;251;251;251;48;2;242;242;242m.[38;2;252;252;252;48;2;251;251;251m_:[48;2;252;252;252m                                                [0m
[7m[38;2;252;252;252m [0m[38;2;0;0;0;48;2;252;252;252m                                                [38;2;252;252;252;48;2;251;251;251m:[38;2;250;250;250m`[38;2;254;254;254;48;2;250;250;250m'[38;2;196;196;196;48;2;236;236;236m`[38;2;74;74;74;48;2;182;182;182m~[38;2;214;214;214;48;2;73;73;73m_[38;2;101;101;101;48;2;23;23;23m_[38;2;20;20;20;48;2;4;4;4m,[48;2;0;0;0m [38;2;1;1;1m.   __[38;2;0;0;0;48;2;1;1;1m`[38;2;2;2;2;48;2;17;17;17m`[38;2;193;193;193;48;2;71;71;71m_[38;2;101;101;101;48;2;195;195;195m~[38;2;229;229;229;48;2;246;246;246m~[38;2;252;252;252;48;2;251;251;251m:[48;2;252;252;252m                                 [38;2;253;253;253m^                [0m
[7m[38;2;252;252;252m [0m[38;2;0;0;0;48;2;252;252;252m                                                  [38;2;252;252;252;48;2;251;251;251m:[38;2;249;249;249m`[38;2;252;252;252m~[48;2;248;248;248m'[38;2;165;165;165;48;2;227;227;227m~[38;2;85;85;85;48;2;181;181;181m~[38;2;183;183;183;48;2;88;88;88my[38;2;176;176;176;48;2;53;53;53m_[38;2;145;145;145;48;2;29;29;29m_[38;2;134;134;134;48;2;18;18;18m_[38;2;139;139;139;48;2;23;23;23m_[38;2;161;161;161;48;2;43;43;43m_[38;2;203;203;203;48;2;71;71;71m_[38;2;209;209;209;48;2;114;114;114my[38;2;117;117;117;48;2;212;212;212m~[38;2;220;220;220;48;2;244;244;244m~[38;2;252;252;252;48;2;250;250;250m`[38;2;250;250;250;48;2;251;251;251m`[38;2;252;252;252m:[48;2;252;252;252m                                                  [0m
[7m[38;2;252;252;252m [0m[38;2;0;0;0;48;2;252;252;252m                                                      [38;2;252;252;252;48;2;251;251;251m.[38;2;250;250;250m~[38;2;242;242;242;48;2;250;250;250m`[38;2;211;211;211;48;2;246;246;246m`[38;2;198;198;198;48;2;245;245;245m`[38;2;193;193;193;48;2;244;244;244m`[38;2;196;196;196;48;2;245;245;245m`[38;2;205;205;205m`[38;2;225;225;225;48;2;247;247;247m`[38;2;252;252;252;48;2;251;251;251m:  [48;2;252;252;252m                                                     [0m
[7m[38;2;252;252;252m [0m[38;2;0;0;0;48;2;252;252;252m                                                                                                                       [0m
[7m[38;2;252;252;252m [0m[38;2;0;0;0;48;2;252;252;252m                                                                                                                       [0m
[7m[38;2;252;252;252m [0m[38;2;0;0;0;48;2;252;252;252m                                                                                                                       [0m
[7m[38;2;252;252;252m [0m[38;2;0;0;0;48;2;252;252;252m                                                                                                                       [0m
[7m[38;2;252;252;252m [0m[38;2;0;0;0;48;2;252;252;252m                                                                                                                       [0m
[7m[38;2;252;252;252m [0m[38;2;0;0;0;48;2;252;252;252m                                                                                                                       [0m
[7m[38;2;252;252;252m [0m[38;2;0;0;0;48;2;252;252;252m                                                                                                                       [0m
[7m[38;2;252;252;252m [0m[38;2;0;0;0;48;2;252;252;252m                                                                                                                       [0m
[7m[38;2;252;252;252m [0m[38;2;0;0;0;48;2;252;252;252m                                                                                                                       [0m
[7m[38;2;252;252;252m [0m[38;2;0;0;0;48;2;252;252;252m                                                                                                                       [0m
[7m[38;2;252;252;252m [0m[38;2;0;0;0;48;2;252;252;252m                       [38;2;252;252;252;48;2;251;251;251m:[48;2;252;252;252m                                                                                               [0m
[?25h