[?25l[0m[7m[38;2;0;0;0m [0m[38;2;0;0;0;48;2;0;0;0m                                                                                                                       [0m
[7m[38;2;0;0;0m [0m[38;2;0;0;0;48;2;0;0;0m                                                                                                                       [0m
[7m[38;2;0;0;0m [0m[38;2;0;0;0;48;2;0;0;0m                                                                                                                       [0m
[7m[38;2;0;0;0m [0m[38;2;0;0;0;48;2;0;0;0m                                                                                                                       [0m
[7m[38;2;0;0;0m [0m[38;2;0;0;0;48;2;0;0;0m                                                                                                                       [0m
[7m[38;2;0;0;0m [0m[38;2;0;0;0;48;2;0;0;0m                                                                                                                       [0m
[7m[38;2;0;0;0m [0m[38;2;0;0;0;48;2;0;0;0m                                                                                                                       [0m
[7m[38;2;0;0;0m [0m[38;2;0;0;0;48;2;0;0;0m                                                                                                                       [0m
[7m[38;2;0;0;0m [0m[38;2;0;0;0;48;2;0;0;0m                                                                                                                       [0m
[7m[38;2;0;0;0m [0m[38;2;0;0;0;48;2;0;0;0m                                                                                                                       [0m
[7m[38;2;0;0;0m [0m[38;2;0;0;0;48;2;0;0;0m                                                                                                                       [0m
[7m[38;2;0;0;0m [0m[38;2;0;0;0;48;2;0;0;0m                                                                                                                       [0m
[7m[38;2;0;0;0m [0m[38;2;0;0;0;48;2;0;0;0m                                                                                                                       [0m
[7m[38;2;0;0;0m [0m[38;2;0;0;0;48;2;0;0;0m                                            [38;2;5;5;5m_[38;2;13;13;13m_[38;2;19;19;19;48;2;1;1;1m_[38;2;22;22;22m_[38;2;20;20;20m_[38;2;12;12;12;48;2;0;0;0m_[38;2;7;7;7m_[38;2;6;6;6m_[38;2;3;3;3m_                                                                  [0m
[7m[38;2;0;0;0m [0m[38;2;0;0;0;48;2;0;0;0m                                         [48;2;1;1;1m`[38;2;81;81;81;48;2;36;36;36m_[38;2;183;183;183;48;2;98;98;98my[38;2;31;31;31;48;2;175;175;175m~[38;2;43;43;43;48;2;187;187;187m~[38;2;50;50;50;48;2;189;189;189m~[38;2;54;54;54;48;2;191;191;191m~[38;2;52;52;52;48;2;190;190;190m~[38;2;43;43;43;48;2;187;187;187m~[38;2;37;37;37;48;2;184;184;184m~[38;2;34;34;34;48;2;181;181;181m~[38;2;29;29;29;48;2;170;170;170m~[38;2;16;16;16;48;2;148;148;148m~[38;2;244;244;244;48;2;97;97;97m_[38;2;236;236;236;48;2;75;75;75m_[38;2;203;203;203;48;2;52;52;52m_[38;2;146;146;146;48;2;34;34;34m_[38;2;74;74;74;48;2;17;17;17m_[38;2;16;16;16;48;2;3;3;3m,[48;2;0;0;0m  [38;2;1;1;1m_                                                        [0m
[7m[38;2;0;0;0m [0m[38;2;0;0;0;48;2;0;0;0m                                         [38;2;2;2;2m`[38;2;80;80;80;48;2;41;41;41m`[38;2;86;86;86;48;2;158;158;158m_[38;2;212;212;212;48;2;242;242;242m_[38;2;254;254;254;48;2;253;253;253m:[48;2;254;254;254m [48;2;253;253;253m:[48;2;252;252;252m [38;2;253;253;253;48;2;251;251;251m`[38;2;251;251;251;48;2;250;250;250m~[38;2;252;252;252m~[38;2;253;253;253m`[38;2;251;251;251m~~[38;2;250;250;250;48;2;249;249;249m.[38;2;229;229;229;48;2;245;245;245m"[38;2;181;181;181;48;2;237;237;237m`[38;2;173;173;173;48;2;233;233;233m~[38;2;135;135;135;48;2;213;213;213m~[38;2;84;84;84;48;2;181;181;181m~[38;2;206;206;206;48;2;106;106;106my[38;2;194;194;194;48;2;67;67;67m_[38;2;149;149;149;48;2;26;26;26m_[38;2;70;70;70;48;2;7;7;7m_[38;2;12;12;12;48;2;1;1;1m,[38;2;1;1;1;48;2;0;0;0m_                                                    [0m
[7m[38;2;0;0;0m [0m[38;2;0;0;0;48;2;0;0;0m                                          [38;2;26;26;26;48;2;6;6;6m_[38;2;81;81;81;48;2;49;49;49m_[38;2;108;108;108;48;2;160;160;160m+[38;2;241;241;241;48;2;247;247;247mL[48;2;254;254;254m [48;2;253;253;253m [48;2;252;252;252m       [38;2;252;252;252;48;2;251;251;251m:.[38;2;250;250;250m`[38;2;252;252;252m...[38;2;249;249;249m`[38;2;225;225;225;48;2;248;248;248m`[38;2;194;194;194;48;2;238;238;238m`[38;2;113;113;113;48;2;207;207;207m~[38;2;24;24;24;48;2;149;149;149m~[38;2;199;199;199;48;2;61;61;61m_[38;2;65;65;65;48;2;16;16;16m_[38;2;5;5;5;48;2;1;1;1m,[38;2;1;1;1;48;2;0;0;0m_                                                 [0m
[7m[38;2;0;0;0m [0m[38;2;0;0;0;48;2;0;0;0m                                       [48;2;9;9;9m`[38;2;103;103;103;48;2;55;55;55my[38;2;66;66;66;48;2;168;168;168m~[38;2;116;116;116;48;2;204;204;204m~[38;2;153;153;153;48;2;225;225;225m~[38;2;206;206;206;48;2;240;240;240m"[38;2;254;254;254;48;2;252;252;252m`[38;2;252;252;252;48;2;253;253;253my[38;2;253;253;253;48;2;252;252;252m`               [38;2;252;252;252;48;2;251;251;251m. [48;2;249;249;249m`[38;2;223;223;223;48;2;243;243;243m`[38;2;152;152;152;48;2;215;215;215m~[38;2;193;193;193;48;2;110;110;110my[38;2;148;148;148;48;2;38;38;38m_[38;2;42;42;42;48;2;5;5;5m_[38;2;2;2;2;48;2;0;0;0m,                                               [0m
[7m[38;2;0;0;0m [0m[38;2;0;0;0;48;2;0;0;0m                                       [38;2;11;11;11;48;2;5;5;5m`[38;2;96;96;96;48;2;61;61;61m"[38;2;87;87;87;48;2;182;182;182m_[38;2;186;186;186;48;2;239;239;239m_[38;2;250;250;250;48;2;248;248;248m`[38;2;251;251;251;48;2;250;250;250m:[38;2;252;252;252;48;2;251;251;251m` [48;2;252;252;252m                   [48;2;251;251;251m.[38;2;250;250;250m~[38;2;242;242;242;48;2;247;247;247m`[38;2;199;199;199;48;2;232;232;232m"[38;2;78;78;78;48;2;162;162;162m~[38;2;122;122;122;48;2;47;47;47m_[38;2;25;25;25;48;2;5;5;5m_[48;2;0;0;0m                                              [0m
[7m[38;2;0;0;0m [0m[38;2;0;0;0;48;2;0;0;0m                                        [38;2;3;3;3m`[38;2;42;42;42;48;2;13;13;13m"[38;2;138;138;138;48;2;54;54;54m~[38;2;28;28;28;48;2;151;151;151m_[38;2;119;119;119;48;2;215;215;215m_[38;2;209;209;209;48;2;245;245;245m_[38;2;240;240;240;48;2;250;250;250m_[38;2;248;248;248my[38;2;250;250;250;48;2;251;251;251m. [38;2;252;252;252m..[48;2;252;252;252m                [38;2;253;253;253m~[48;2;251;251;251m [38;2;254;254;254;48;2;249;249;249m`[38;2;176;176;176;48;2;221;221;221m~[38;2;63;63;63;48;2;123;123;123m~[38;2;59;59;59;48;2;23;23;23m_[38;2;1;1;1;48;2;0;0;0m,                                            [0m
[7m[38;2;0;0;0m [0m[38;2;0;0;0;48;2;0;0;0m                                           [38;2;15;15;15;48;2;2;2;2m`[38;2;89;89;89;48;2;18;18;18m`[38;2;136;136;136;48;2;51;51;51m~[38;2;51;51;51;48;2;139;139;139my[38;2;61;61;61;48;2;181;181;181m_[38;2;105;105;105;48;2;216;216;216m_[38;2;130;130;130;48;2;233;233;233m_[38;2;153;153;153;48;2;238;238;238m_[38;2;188;188;188;48;2;242;242;242m_[38;2;213;213;213;48;2;246;246;246m_[38;2;218;218;218;48;2;247;247;247m_[38;2;234;234;234;48;2;250;250;250m_[38;2;247;247;247;48;2;252;252;252m_ [38;2;253;253;253m_____[38;2;252;252;252;48;2;251;251;251m:[38;2;246;246;246m_[38;2;242;242;242;48;2;250;250;250m_[38;2;239;239;239m_[38;2;233;233;233;48;2;249;249;249m_[38;2;221;221;221;48;2;248;248;248m_[38;2;212;212;212;48;2;246;246;246m_[38;2;197;197;197;48;2;244;244;244m_[38;2;178;178;178;48;2;241;241;241m_[38;2;150;150;150;48;2;237;237;237m_[38;2;108;108;108;48;2;195;195;195m_[38;2;101;101;101;48;2;60;60;60mF[38;2;2;2;2;48;2;4;4;4m`[48;2;0;0;0m                                            [0m
[7m[38;2;0;0;0m [0m[38;2;0;0;0;48;2;0;0;0m                                               [38;2;1;1;1m`[38;2;17;17;17;48;2;4;4;4m`[38;2;45;45;45;48;2;11;11;11m~[38;2;85;85;85;48;2;23;23;23m~[38;2;137;137;137;48;2;35;35;35m~[38;2;171;171;171;48;2;44;44;44m~[38;2;178;178;178;48;2;48;48;48m~[38;2;196;196;196;48;2;57;57;57m~[38;2;212;212;212;48;2;66;66;66m~[38;2;218;218;218;48;2;72;72;72m~[38;2;220;220;220;48;2;73;73;73m~~~~~[38;2;218;218;218;48;2;72;72;72m~[38;2;213;213;213;48;2;69;69;69m~[38;2;207;207;207;48;2;65;65;65m~[38;2;204;204;204;48;2;63;63;63m~[38;2;197;197;197;48;2;58;58;58m~[38;2;183;183;183;48;2;52;52;52m~[38;2;172;172;172;48;2;46;46;46m~[38;2;154;154;154;48;2;39;39;39m~[38;2;129;129;129;48;2;31;31;31m~[38;2;88;88;88;48;2;20;20;20m~[38;2;30;30;30;48;2;8;8;8m"[38;2;2;2;2;48;2;0;0;0m'[38;2;1;1;1m^                                            [0m
[7m[38;2;0;0;0m [0m[38;2;0;0;0;48;2;0;0;0m                                                  [38;2;1;1;1m`                                                                    [0m
[7m[38;2;0;0;0m [0m[38;2;0;0;0;48;2;0;0;0m                                                                                                                       [0m
[7m[38;2;0;0;0m [0m[38;2;0;0;0;48;2;0;0;0m                                                                                                                       [0m
[7m[38;2;0;0;0m [0m[38;2;0;0;0;48;2;0;0;0m                                                                                                                       [0m
[7m[38;2;0;0;0m [0m[38;2;0;0;0;48;2;0;0;0m                                                                                                                       [0m
[7m[38;2;0;0;0m [0m[38;2;0;0;0;48;2;0;0;0m                                                                                                                       [0m
[7m[38;2;0;0;0m [0m[38;2;0;0;0;48;2;0;0;0m                                                                                                                       [0m
[7m[38;2;0;0;0m [0m[38;2;0;0;0;48;2;0;0;0m                                                                                                                       [0m
[7m[38;2;0;0;0m [0m[38;2;0;0;0;48;2;0;0;0m                                                                                                                       [0m
[7m[38;2;0;0;0m [0m[38;2;0;0;0;48;2;0;0;0m                                                                                                                       [0m
[7m[38;2;0;0;0m [0m[38;2;0;0;0;48;2;0;0;0m                                                                                                                       [0m
[7m[38;2;0;0;0m [0m[38;2;0;0;0;48;2;0;0;0m                                                                                                                       [0m
[7m[38;2;0;0;0m [0m[38;2;0;0;0;48;2;0;0;0m                                                                                                                       [0m
[7m[38;2;0;0;0m [0m[38;2;0;0;0;48;2;0;0;0m                                                                                                                       [0m
[?25h