[?25l[0m[7m[38;2;0;0;0m [0m[38;2;0;0;0;48;2;0;0;0m                                                                                                                       [0m
[7m[38;2;0;0;0m [0m[38;2;0;0;0;48;2;0;0;0m                                                                                                                       [0m
[7m[38;2;0;0;0m [0m[38;2;0;0;0;48;2;0;0;0m                                                                                                                       [0m
[7m[38;2;0;0;0m [0m[38;2;0;0;0;48;2;0;0;0m                                                                                                                       [0m
[7m[38;2;0;0;0m [0m[38;2;0;0;0;48;2;0;0;0m                                                                                                                       [0m
[7m[38;2;0;0;0m [0m[38;2;0;0;0;48;2;0;0;0m                                                                                                  [38;2;1;1;1my[38;2;5;5;5;48;2;2;2;2m_[38;2;6;6;6m_[38;2;5;5;5;48;2;1;1;1m_[38;2;4;4;4m_[38;2;1;1;1;48;2;0;0;0m,        ___[38;2;2;2;2m_[38;2;3;3;3m_[38;2;4;4;4m_[38;2;3;3;3m_[0m
[7m[38;2;0;0;0m [0m[38;2;0;0;0;48;2;0;0;0m                                                                                                  [38;2;3;3;3;48;2;2;2;2m4[38;2;6;6;6;48;2;5;5;5m_[38;2;8;8;8;48;2;7;7;7m_[38;2;9;9;9myy[38;2;7;7;7;48;2;4;4;4my[38;2;8;8;8;48;2;2;2;2m_[38;2;6;6;6m_[38;2;7;7;7;48;2;1;1;1m_[38;2;9;9;9;48;2;2;2;2m_[38;2;12;12;12;48;2;3;3;3m_[38;2;13;13;13;48;2;4;4;4m_[38;2;15;15;15;48;2;5;5;5m_[38;2;1;1;1;48;2;9;9;9m~[38;2;2;2;2;48;2;11;11;11m~[48;2;12;12;12m~[38;2;3;3;3;48;2;13;13;13m~[38;2;5;5;5;48;2;14;14;14m~[38;2;7;7;7;48;2;15;15;15m~[38;2;8;8;8m~[38;2;7;7;7;48;2;12;12;12m~[0m
[7m[38;2;0;0;0m [0m[38;2;0;0;0;48;2;0;0;0m                                                                                              [38;2;2;2;2m_[38;2;6;6;6;48;2;1;1;1m_[38;2;8;8;8;48;2;2;2;2m_[38;2;9;9;9;48;2;3;3;3m_[38;2;10;10;10;48;2;6;6;6my[38;2;7;7;7;48;2;10;10;10m~[38;2;12;12;12my[38;2;14;14;14;48;2;12;12;12my[38;2;15;15;15;48;2;13;13;13my[38;2;10;10;10m~~[48;2;14;14;14m~[38;2;11;11;11;48;2;15;15;15m~[38;2;12;12;12;48;2;16;16;16m~[38;2;14;14;14;48;2;17;17;17m~[38;2;15;15;15;48;2;18;18;18m~[38;2;17;17;17;48;2;19;19;19m~[38;2;20;20;20myy[38;2;19;19;19;48;2;20;20;20m~[38;2;20;20;20;48;2;21;21;21m~~~~[38;2;19;19;19;48;2;18;18;18mL[0m
[7m[38;2;0;0;0m [0m[38;2;0;0;0;48;2;0;0;0m                                                                                             [48;2;2;2;2m [38;2;6;6;6;48;2;4;4;4m=[38;2;4;4;4;48;2;7;7;7m_[38;2;7;7;7;48;2;9;9;9m_[38;2;12;12;12;48;2;11;11;11m=[38;2;14;14;14;48;2;13;13;13m4[38;2;12;12;12;48;2;14;14;14m_[48;2;13;13;13m_[38;2;13;13;13;48;2;14;14;14m,[48;2;15;15;15m [48;2;16;16;16m   [38;2;17;17;17m`[48;2;17;17;17m [38;2;18;18;18m:[38;2;20;20;20;48;2;19;19;19m"[38;2;21;21;21m~[38;2;19;19;19;48;2;20;20;20my_[38;2;20;20;20;48;2;21;21;21m_[38;2;23;23;23;48;2;22;22;22m"" [38;2;22;22;22;48;2;21;21;21m:[38;2;19;19;19;48;2;18;18;18m|[0m
[7m[38;2;0;0;0m [0m[38;2;0;0;0;48;2;0;0;0m                                                                                              [38;2;1;1;1m`[38;2;2;2;2m"[38;2;4;4;4;48;2;2;2;2m~[38;2;8;8;8;48;2;5;5;5m"[38;2;7;7;7;48;2;9;9;9mw[48;2;11;11;11m [48;2;12;12;12m [48;2;13;13;13m [38;2;15;15;15;48;2;14;14;14m"[38;2;16;16;16;48;2;15;15;15m" [48;2;16;16;16m  [38;2;18;18;18;48;2;17;17;17m_ [38;2;19;19;19;48;2;18;18;18m_ [48;2;19;19;19m  [48;2;20;20;20m [48;2;21;21;21m [38;2;22;22;22m:[48;2;22;22;22m [48;2;21;21;21m:[38;2;19;19;19;48;2;18;18;18m|[0m
[7m[38;2;0;0;0m [0m[38;2;0;0;0;48;2;0;0;0m                                                                                               [48;2;1;1;1m`[38;2;6;6;6;48;2;3;3;3m_[38;2;9;9;9;48;2;6;6;6my[38;2;7;7;7;48;2;10;10;10m~[38;2;10;10;10;48;2;11;11;11m~[48;2;12;12;12m [48;2;13;13;13m [48;2;14;14;14m [48;2;15;15;15m  [48;2;16;16;16m [48;2;17;17;17m [48;2;18;18;18m  [48;2;19;19;19m    [48;2;20;20;20m [48;2;21;21;21m [38;2;22;22;22m:[48;2;22;22;22m [48;2;21;21;21m:[38;2;19;19;19;48;2;18;18;18m|[0m
[7m[38;2;0;0;0m [0m[38;2;0;0;0;48;2;0;0;0m                                                                                             [38;2;4;4;4;48;2;1;1;1m_[38;2;6;6;6;48;2;3;3;3my[38;2;5;5;5;48;2;8;8;8m~[38;2;8;8;8;48;2;9;9;9m`[48;2;11;11;11m [48;2;12;12;12m [38;2;14;14;14;48;2;13;13;13m:[38;2;13;13;13;48;2;14;14;14m~ [38;2;16;16;16;48;2;15;15;15m_ [38;2;17;17;17;48;2;16;16;16m_ [38;2;18;18;18;48;2;17;17;17m:[38;2;19;19;19;48;2;18;18;18m.[48;2;19;19;19m [48;2;20;20;20m [38;2;21;21;21m..[38;2;20;20;20;48;2;21;21;21m` [48;2;22;22;22m  [48;2;23;23;23m [48;2;22;22;22m [38;2;19;19;19;48;2;18;18;18m|[0m
[7m[38;2;0;0;0m [0m[38;2;0;0;0;48;2;0;0;0m                                                                                            [38;2;3;3;3;48;2;1;1;1m4[38;2;0;0;0;48;2;5;5;5m_[48;2;7;7;7m_[38;2;5;5;5;48;2;9;9;9m_[38;2;9;9;9;48;2;10;10;10m_[38;2;10;10;10;48;2;11;11;11m_[48;2;13;13;13m [38;2;12;12;12;48;2;14;14;14m_ [38;2;16;16;16;48;2;15;15;15m=.[38;2;17;17;17;48;2;16;16;16m=[48;2;17;17;17m [38;2;18;18;18m=[38;2;19;19;19;48;2;18;18;18m- .[38;2;18;18;18;48;2;20;20;20m_[38;2;19;19;19m_[48;2;21;21;21m_[38;2;20;20;20m,[38;2;22;22;22m.[38;2;21;21;21;48;2;22;22;22m_  [38;2;19;19;19;48;2;21;21;21m_[48;2;18;18;18m [0m
[7m[38;2;0;0;0m [0m[38;2;0;0;0;48;2;0;0;0m                                                                                               [38;2;4;4;4;48;2;1;1;1m`[38;2;6;6;6m~[38;2;7;7;7;48;2;2;2;2m~[38;2;8;8;8;48;2;3;3;3m~[38;2;1;1;1;48;2;5;5;5my[38;2;2;2;2;48;2;7;7;7my[38;2;11;11;11;48;2;5;5;5m~[38;2;3;3;3;48;2;8;8;8my[38;2;5;5;5;48;2;10;10;10m_[38;2;10;10;10;48;2;13;13;13my[38;2;15;15;15m~[38;2;13;13;13;48;2;14;14;14my[38;2;17;17;17;48;2;15;15;15m~~~~[38;2;18;18;18;48;2;16;16;16m~[38;2;19;19;19;48;2;17;17;17m~[38;2;20;20;20;48;2;18;18;18m"~[48;2;19;19;19m"~[38;2;19;19;19;48;2;18;18;18m~[38;2;17;17;17;48;2;16;16;16m~[0m
[7m[38;2;0;0;0m [0m[38;2;0;0;0;48;2;0;0;0m                                                                                                      [38;2;1;1;1m`[38;2;4;4;4;48;2;3;3;3m`[38;2;8;8;8;48;2;7;7;7m`[38;2;10;10;10;48;2;9;9;9m:[38;2;12;12;12;48;2;11;11;11m:[38;2;13;13;13;48;2;12;12;12m``[38;2;14;14;14;48;2;13;13;13m.[48;2;14;14;14m  [48;2;15;15;15m  [48;2;16;16;16m [38;2;18;18;18;48;2;17;17;17m`~[38;2;17;17;17;48;2;16;16;16m.[38;2;14;14;14;48;2;13;13;13mF[0m
[7m[38;2;0;0;0m [0m[38;2;0;0;0;48;2;0;0;0m                                                                                                       [38;2;1;1;1;48;2;2;2;2m,[38;2;7;7;7;48;2;6;6;6m4[48;2;9;9;9m [48;2;11;11;11m [48;2;12;12;12m  [48;2;13;13;13m [38;2;15;15;15;48;2;14;14;14m.[48;2;15;15;15m  [48;2;16;16;16m [48;2;17;17;17m   [48;2;16;16;16m [38;2;14;14;14;48;2;13;13;13mF[0m
[7m[38;2;0;0;0m [0m[38;2;0;0;0;48;2;0;0;0m                                                                                                       [38;2;1;1;1m`[38;2;4;4;4;48;2;3;3;3m`[38;2;8;8;8;48;2;7;7;7m4[48;2;11;11;11m [38;2;12;12;12m: [48;2;12;12;12m [38;2;14;14;14;48;2;13;13;13m:[48;2;15;15;15m  [48;2;16;16;16m [48;2;17;17;17m   [38;2;17;17;17;48;2;16;16;16m:[48;2;14;14;14m [0m
[7m[38;2;0;0;0m [0m[38;2;0;0;0;48;2;0;0;0m                                                                                                       [38;2;1;1;1m`[48;2;3;3;3m [38;2;8;8;8;48;2;7;7;7m4[38;2;10;10;10;48;2;11;11;11mL[48;2;12;12;12m [38;2;12;12;12;48;2;11;11;11m:[48;2;12;12;12m [48;2;13;13;13m [48;2;15;15;15m  [48;2;16;16;16m  [48;2;17;17;17m  [38;2;17;17;17;48;2;16;16;16m:[48;2;14;14;14m [0m
[7m[38;2;0;0;0m [0m[38;2;0;0;0;48;2;0;0;0m                                                                                                        [48;2;3;3;3m [48;2;7;7;7m [48;2;10;10;10m [48;2;12;12;12m [38;2;12;12;12;48;2;11;11;11m:[48;2;12;12;12m [48;2;13;13;13m [48;2;15;15;15m  [48;2;16;16;16m  [48;2;17;17;17m  [48;2;16;16;16m [38;2;14;14;14;48;2;13;13;13mL[0m
[7m[38;2;0;0;0m [0m[38;2;0;0;0;48;2;0;0;0m                                                                                                        [38;2;3;3;3;48;2;2;2;2m`[38;2;7;7;7;48;2;6;6;6m`[48;2;9;9;9m [38;2;12;12;12;48;2;11;11;11m`"[48;2;12;12;12m [48;2;13;13;13m [48;2;15;15;15m  [48;2;16;16;16m  [48;2;17;17;17m  [38;2;17;17;17;48;2;16;16;16m:[48;2;14;14;14m [0m
[7m[38;2;0;0;0m [0m[38;2;0;0;0;48;2;0;0;0m                                                                                                        [48;2;2;2;2m [48;2;6;6;6m [48;2;9;9;9m [48;2;11;11;11m [38;2;12;12;12m_[38;2;13;13;13;48;2;12;12;12m.[48;2;13;13;13m [48;2;15;15;15m  [48;2;16;16;16m  [48;2;17;17;17m  [38;2;17;17;17;48;2;16;16;16m:[48;2;14;14;14m [0m
[7m[38;2;0;0;0m [0m[38;2;0;0;0;48;2;0;0;0m                                                                                                        [48;2;2;2;2m [38;2;6;6;6;48;2;5;5;5m4[48;2;9;9;9m [48;2;11;11;11m [48;2;12;12;12m [48;2;13;13;13m [48;2;14;14;14m [48;2;15;15;15m  [48;2;16;16;16m  [48;2;17;17;17m  [38;2;17;17;17;48;2;16;16;16m:[48;2;14;14;14m [0m
[7m[38;2;0;0;0m [0m[38;2;0;0;0;48;2;0;0;0m                                                                                                 [38;2;2;2;2m_[38;2;3;3;3m_[38;2;5;5;5;48;2;1;1;1m_[38;2;7;7;7m_[38;2;8;8;8;48;2;2;2;2m_[38;2;7;7;7;48;2;3;3;3my[38;2;9;9;9;48;2;4;4;4my[38;2;10;10;10;48;2;6;6;6my[38;2;11;11;11;48;2;8;8;8my[38;2;14;14;14;48;2;11;11;11m_[38;2;15;15;15;48;2;13;13;13m_y[38;2;14;14;14;48;2;15;15;15mF [38;2;17;17;17;48;2;16;16;16m_[38;2;18;18;18m___[48;2;17;17;17m__,[38;2;15;15;15;48;2;14;14;14mL[0m
[7m[38;2;0;0;0m [0m[38;2;0;0;0;48;2;0;0;0m                                                                                             [38;2;2;2;2m_[38;2;4;4;4;48;2;1;1;1m_[38;2;6;6;6;48;2;3;3;3my[38;2;2;2;2;48;2;7;7;7m~[38;2;4;4;4;48;2;8;8;8m~[38;2;6;6;6;48;2;9;9;9m~[38;2;8;8;8;48;2;11;11;11m~[38;2;9;9;9m~[38;2;14;14;14;48;2;12;12;12m_[48;2;13;13;13mg[38;2;15;15;15;48;2;14;14;14myy[48;2;15;15;15m [38;2;17;17;17;48;2;16;16;16m_g[38;2;18;18;18;48;2;17;17;17my[38;2;19;19;19my[38;2;20;20;20;48;2;18;18;18my[38;2;21;21;21;48;2;19;19;19myyy[38;2;23;23;23m__[38;2;22;22;22;48;2;20;20;20my[38;2;21;21;21my[38;2;18;18;18;48;2;17;17;17mL[0m
[7m[38;2;0;0;0m [0m[38;2;0;0;0;48;2;0;0;0m                                                                                            [38;2;3;3;3;48;2;1;1;1my[38;2;6;6;6;48;2;4;4;4my[38;2;5;5;5;48;2;8;8;8m~[48;2;9;9;9m [48;2;11;11;11m [48;2;13;13;13m [48;2;14;14;14m  [38;2;15;15;15m:[48;2;15;15;15m [38;2;17;17;17;48;2;16;16;16m_  [48;2;17;17;17m [48;2;18;18;18m~[38;2;19;19;19m.[48;2;19;19;19m [48;2;20;20;20m [48;2;21;21;21m [48;2;22;22;22m  [38;2;23;23;23m:[48;2;23;23;23m  [38;2;24;24;24m.[38;2;23;23;23;48;2;22;22;22m|[38;2;19;19;19;48;2;18;18;18mF[0m
[7m[38;2;0;0;0m [0m[38;2;0;0;0;48;2;0;0;0m                                                                                          [38;2;1;1;1m.[38;2;5;5;5;48;2;3;3;3my[38;2;4;4;4;48;2;7;7;7m~[38;2;7;7;7;48;2;9;9;9m~[38;2;12;12;12;48;2;11;11;11m,y[38;2;13;13;13;48;2;12;12;12my[38;2;15;15;15;48;2;14;14;14m_[38;2;16;16;16;48;2;15;15;15m_.y[38;2;17;17;17;48;2;16;16;16m_[38;2;18;18;18;48;2;17;17;17m_ [38;2;19;19;19;48;2;18;18;18m_.[38;2;20;20;20;48;2;19;19;19m_yy[38;2;21;21;21;48;2;20;20;20my[38;2;22;22;22;48;2;21;21;21m:[38;2;23;23;23;48;2;22;22;22m_ [38;2;24;24;24;48;2;23;23;23m_ ,:[38;2;23;23;23;48;2;22;22;22m|[38;2;19;19;19;48;2;18;18;18m|[0m
[7m[38;2;0;0;0m [0m[38;2;0;0;0;48;2;0;0;0m                                                                                         [38;2;2;2;2;48;2;1;1;1my[38;2;6;6;6;48;2;4;4;4my[48;2;8;8;8m~[48;2;9;9;9m [38;2;12;12;12;48;2;11;11;11m_[38;2;14;14;14;48;2;13;13;13m,[38;2;15;15;15;48;2;14;14;14m__[48;2;15;15;15m [48;2;16;16;16m  [48;2;17;17;17m  [48;2;18;18;18m  [48;2;19;19;19m  [48;2;20;20;20m [48;2;21;21;21m  [48;2;22;22;22m  [48;2;23;23;23m  [38;2;24;24;24m:[48;2;24;24;24m [48;2;23;23;23m::[38;2;23;23;23;48;2;22;22;22m|[38;2;19;19;19;48;2;18;18;18m|[0m
[7m[38;2;0;0;0m [0m[38;2;0;0;0;48;2;0;0;0m                                                                                       [38;2;1;1;1m.[38;2;4;4;4;48;2;2;2;2my[38;2;7;7;7;48;2;6;6;6mj[38;2;10;10;10;48;2;9;9;9my[48;2;11;11;11m~[38;2;11;11;11;48;2;12;12;12m`[48;2;13;13;13m [48;2;14;14;14m [48;2;15;15;15m [38;2;16;16;16m..[48;2;16;16;16m  [48;2;17;17;17m  [48;2;18;18;18m [38;2;19;19;19m:[48;2;20;20;20m `[38;2;20;20;20;48;2;21;21;21m~[38;2;22;22;22m..[38;2;23;23;23;48;2;22;22;22m_[48;2;23;23;23m  [38;2;24;24;24m.:[48;2;24;24;24m [48;2;23;23;23m::[38;2;23;23;23;48;2;22;22;22m|[38;2;19;19;19;48;2;18;18;18m|[0m
[7m[38;2;0;0;0m [0m[38;2;0;0;0;48;2;0;0;0m                                                                                     [38;2;1;1;1m.[38;2;4;4;4;48;2;1;1;1m_[38;2;7;7;7;48;2;5;5;5my[38;2;6;6;6;48;2;9;9;9m~[38;2;9;9;9;48;2;10;10;10m~[38;2;13;13;13;48;2;12;12;12ma[38;2;12;12;12;48;2;13;13;13m~[38;2;14;14;14;48;2;12;12;12m_[48;2;13;13;13m:[48;2;15;15;15m [48;2;16;16;16m     [38;2;17;17;17m:[38;2;16;16;16;48;2;18;18;18m_[38;2;19;19;19m.[48;2;19;19;19m [48;2;20;20;20m [48;2;21;21;21m [48;2;22;22;22m [38;2;23;23;23m__[48;2;23;23;23m  [38;2;24;24;24m:[48;2;24;24;24m   [48;2;23;23;23m.:[38;2;23;23;23;48;2;22;22;22m|[38;2;19;19;19;48;2;18;18;18m|[0m
[7m[38;2;0;0;0m [0m[38;2;0;0;0;48;2;0;0;0m                                                                                     [38;2;2;2;2;48;2;1;1;1m:[48;2;6;6;6m [48;2;9;9;9m [48;2;11;11;11m [48;2;12;12;12m  [38;2;14;14;14;48;2;13;13;13m: [38;2;10;10;10;48;2;12;12;12m_y[38;2;7;7;7m_[38;2;8;8;8my[38;2;3;3;3;48;2;10;10;10m_[38;2;5;5;5myy[38;2;14;14;14;48;2;8;8;8m~[48;2;9;9;9m~[38;2;16;16;16;48;2;13;13;13m~[38;2;18;18;18;48;2;16;16;16m~[38;2;20;20;20;48;2;18;18;18m~[38;2;21;21;21;48;2;19;19;19m~[48;2;20;20;20m~[48;2;22;22;22my[38;2;23;23;23m~~~ [38;2;24;24;24;48;2;23;23;23m"~`[48;2;22;22;22m [38;2;22;22;22;48;2;23;23;23my[38;2;20;20;20;48;2;21;21;21m_[38;2;18;18;18;48;2;17;17;17mF[0m
[7m[38;2;0;0;0m [0m[38;2;0;0;0;48;2;0;0;0m                                                                                     [48;2;1;1;1m.[38;2;3;3;3;48;2;5;5;5m_[38;2;8;8;8;48;2;9;9;9mL[48;2;11;11;11m [48;2;12;12;12m [38;2;14;14;14;48;2;13;13;13m,:[38;2;13;13;13;48;2;12;12;12mL[48;2;10;10;10m [48;2;8;8;8m [38;2;6;6;6;48;2;5;5;5m~[48;2;4;4;4m [48;2;3;3;3m [38;2;3;3;3;48;2;2;2;2m:[48;2;3;3;3m [38;2;5;5;5;48;2;4;4;4m_[38;2;9;9;9;48;2;8;8;8my[38;2;12;12;12;48;2;13;13;13mF[38;2;16;16;16;48;2;15;15;15m.[48;2;17;17;17m [48;2;18;18;18m [48;2;19;19;19m [38;2;20;20;20m~[38;2;19;19;19;48;2;20;20;20myyy[38;2;21;21;21m~[38;2;22;22;22;48;2;21;21;21m~~~`:[48;2;20;20;20m [38;2;17;17;17;48;2;16;16;16m'[0m
[7m[38;2;0;0;0m [0m[38;2;0;0;0;48;2;0;0;0m                                                                                      [38;2;2;2;2;48;2;1;1;1m"[38;2;7;7;7;48;2;6;6;6m`[38;2;10;10;10;48;2;9;9;9m`[38;2;11;11;11;48;2;10;10;10m~[38;2;13;13;13;48;2;12;12;12m~` [48;2;11;11;11m [38;2;9;9;9;48;2;8;8;8m_[38;2;5;5;5;48;2;4;4;4mL[38;2;4;4;4;48;2;3;3;3m___[38;2;5;5;5;48;2;4;4;4m_[38;2;8;8;8;48;2;7;7;7m_[38;2;12;12;12;48;2;11;11;11my[38;2;14;14;14;48;2;15;15;15m~[48;2;16;16;16m [48;2;17;17;17m [48;2;18;18;18m [48;2;19;19;19m    [38;2;20;20;20m_[48;2;20;20;20m [48;2;21;21;21m    [38;2;22;22;22m:[48;2;20;20;20m [48;2;16;16;16m [0m
[7m[38;2;0;0;0m [0m[38;2;0;0;0;48;2;0;0;0m                                                                                       [38;2;2;2;2;48;2;1;1;1m~[38;2;7;7;7;48;2;5;5;5m~[38;2;8;8;8;48;2;9;9;9mL[48;2;11;11;11m [48;2;12;12;12m  [38;2;12;12;12;48;2;11;11;11m:[38;2;10;10;10m`[38;2;7;7;7;48;2;9;9;9m"[38;2;8;8;8;48;2;6;6;6mw[38;2;5;5;5;48;2;4;4;4m; [38;2;7;7;7;48;2;6;6;6m4[38;2;9;9;9;48;2;10;10;10m~[48;2;13;13;13m [48;2;16;16;16m [48;2;17;17;17m  [48;2;18;18;18m [48;2;19;19;19m   [48;2;20;20;20m [48;2;21;21;21m [48;2;22;22;22m    [38;2;22;22;22;48;2;21;21;21m.:[48;2;20;20;20m [48;2;16;16;16m [0m
[7m[38;2;0;0;0m [0m[38;2;0;0;0;48;2;0;0;0m                                                                                        [38;2;1;1;1;48;2;2;2;2m.[38;2;7;7;7;48;2;5;5;5m~[38;2;6;6;6;48;2;9;9;9m_[38;2;9;9;9;48;2;11;11;11m_ [38;2;12;12;12m.[38;2;13;13;13;48;2;12;12;12m_[48;2;11;11;11m_[38;2;10;10;10;48;2;9;9;9m+[38;2;5;5;5;48;2;7;7;7m~[38;2;4;4;4;48;2;5;5;5m~[48;2;7;7;7m [48;2;10;10;10m [38;2;14;14;14;48;2;13;13;13m`[38;2;15;15;15;48;2;16;16;16m_[38;2;17;17;17m.[48;2;17;17;17m [48;2;18;18;18m [48;2;19;19;19m   [48;2;20;20;20m [48;2;21;21;21m [38;2;22;22;22m..:[38;2;23;23;23;48;2;22;22;22m_,[38;2;22;22;22;48;2;21;21;21m:[38;2;21;21;21;48;2;20;20;20m,[38;2;17;17;17;48;2;16;16;16mL[0m
[7m[38;2;0;0;0m [0m[38;2;0;0;0;48;2;0;0;0m                                                                                         [38;2;2;2;2;48;2;1;1;1m"[38;2;5;5;5;48;2;3;3;3m~[38;2;6;6;6;48;2;8;8;8mL[38;2;11;11;11;48;2;10;10;10m"`[38;2;13;13;13;48;2;12;12;12m"[38;2;14;14;14;48;2;13;13;13m.[38;2;12;12;12;48;2;11;11;11mL[38;2;10;10;10;48;2;8;8;8m,[38;2;7;7;7;48;2;6;6;6my:[48;2;8;8;8m [38;2;11;11;11;48;2;10;10;10m"[48;2;13;13;13m [38;2;16;16;16;48;2;15;15;15m:[48;2;17;17;17m [48;2;18;18;18m [48;2;19;19;19m   [48;2;20;20;20m [48;2;21;21;21m   [38;2;22;22;22m:[38;2;23;23;23;48;2;22;22;22m:: [38;2;21;21;21;48;2;20;20;20m|[48;2;17;17;17m [0m
[7m[38;2;0;0;0m [0m[38;2;0;0;0;48;2;0;0;0m                                                                                          [38;2;2;2;2m`[38;2;5;5;5;48;2;3;3;3m~[38;2;6;6;6;48;2;7;7;7mL[38;2;10;10;10;48;2;9;9;9m.[48;2;11;11;11m [38;2;13;13;13m~[38;2;12;12;12m~[48;2;10;10;10m [38;2;9;9;9;48;2;8;8;8m;[48;2;5;5;5m [38;2;7;7;7m~[48;2;8;8;8m_[38;2;12;12;12;48;2;11;11;11m"[38;2;14;14;14;48;2;15;15;15m,[48;2;17;17;17m [48;2;18;18;18m [48;2;19;19;19m   [38;2;20;20;20m~[38;2;21;21;21m~[48;2;20;20;20m [48;2;21;21;21m [38;2;22;22;22m:[38;2;23;23;23;48;2;22;22;22m:: [38;2;21;21;21;48;2;20;20;20m|[48;2;17;17;17m [0m
[?25h