[?25l[0m[7m[38;2;252;252;252m [0m[38;2;0;0;0;48;2;252;252;252m                                                                                                                       [0m
[7m[38;2;252;252;252m [0m[38;2;0;0;0;48;2;252;252;252m                                                                                                                       [0m
[7m[38;2;252;252;252m [0m[38;2;0;0;0;48;2;252;252;252m                                                    [38;2;251;251;251m. [38;2;254;254;254m.[38;2;248;248;248m_[38;2;244;244;244;48;2;251;251;251m_[38;2;241;241;241m__[38;2;244;244;244m_[38;2;246;246;246;48;2;252;252;252m_[38;2;249;249;249m_[38;2;253;253;253m.[38;2;252;252;252;48;2;251;251;251m:[48;2;252;252;252m                                                       [0m
[7m[38;2;252;252;252m [0m[38;2;0;0;0;48;2;252;252;252m                                                 [38;2;252;252;252;48;2;251;251;251m:[38;2;238;238;238;48;2;250;250;250m_[38;2;206;206;206;48;2;244;244;244m_[38;2;164;164;164;48;2;230;230;230m_[38;2;120;120;120;48;2;210;210;210m_[38;2;75;75;75;48;2;179;179;179m_[38;2;84;84;84;48;2;160;160;160my[38;2;63;63;63;48;2;141;141;141my[38;2;52;52;52;48;2;131;131;131my[38;2;49;49;49;48;2;129;129;129my[38;2;48;48;48;48;2;131;131;131my[38;2;58;58;58;48;2;140;140;140my[38;2;93;93;93;48;2;167;167;167my[38;2;101;101;101;48;2;199;199;199m_[38;2;149;149;149;48;2;227;227;227m_[38;2;201;201;201;48;2;244;244;244m_[38;2;235;235;235;48;2;250;250;250m_[38;2;249;249;249;48;2;251;251;251m_[38;2;252;252;252m.[48;2;252;252;252m                                                   [0m
[7m[38;2;252;252;252m [0m[38;2;0;0;0;48;2;252;252;252m                                               [38;2;253;253;253;48;2;250;250;250m.[38;2;203;203;203;48;2;240;240;240m_[38;2;121;121;121;48;2;206;206;206m_[38;2;42;42;42;48;2;152;152;152m_[38;2;170;170;170;48;2;74;74;74m~[38;2;117;117;117;48;2;39;39;39m~[38;2;66;66;66;48;2;18;18;18m~[38;2;25;25;25;48;2;5;5;5m~[38;2;16;16;16;48;2;3;3;3m`[38;2;5;5;5;48;2;0;0;0m`[38;2;3;3;3m`[38;2;2;2;2m``[38;2;3;3;3m`[38;2;13;13;13;48;2;2;2;2m`[38;2;51;51;51;48;2;10;10;10m`[38;2;82;82;82;48;2;27;27;27m~[38;2;151;151;151;48;2;58;58;58m~[38;2;51;51;51;48;2;132;132;132my[38;2;45;45;45;48;2;183;183;183m_[38;2;171;171;171;48;2;231;231;231m_[38;2;240;240;240;48;2;248;248;248m,[38;2;249;249;249;48;2;251;251;251m_ [48;2;252;252;252m                                                [0m
[7m[38;2;252;252;252m [0m[38;2;0;0;0;48;2;252;252;252m                                            [38;2;252;252;252;48;2;251;251;251m`[48;2;250;250;250m:[38;2;203;203;203;48;2;236;236;236m_[38;2;131;131;131;48;2;187;187;187my[38;2;171;171;171;48;2;87;87;87m~[38;2;94;94;94;48;2;29;29;29m~[38;2;28;28;28;48;2;5;5;5m~[48;2;0;0;0m               [38;2;19;19;19;48;2;8;8;8m`[38;2;119;119;119;48;2;41;41;41m~[38;2;84;84;84;48;2;155;155;155my[38;2;196;196;196;48;2;232;232;232m_[38;2;251;251;251;48;2;250;250;250m`[38;2;252;252;252;48;2;251;251;251m`:[48;2;252;252;252m                                              [0m
[7m[38;2;252;252;252m [0m[38;2;0;0;0;48;2;252;252;252m                                           [38;2;252;252;252;48;2;251;251;251m`[48;2;249;249;249m:[38;2;177;177;177;48;2;223;223;223m_[38;2;42;42;42;48;2;132;132;132m_[38;2;67;67;67;48;2;30;30;30m"[38;2;0;0;0;48;2;2;2;2m:[48;2;0;0;0m                  [38;2;1;1;1m=[38;2;0;0;0;48;2;19;19;19m:[38;2;86;86;86;48;2;128;128;128mg[38;2;227;227;227;48;2;235;235;235mr[38;2;252;252;252;48;2;251;251;251my:[48;2;252;252;252m                                              [0m
[7m[38;2;252;252;252m [0m[38;2;0;0;0;48;2;252;252;252m                                          [38;2;252;252;252;48;2;251;251;251m`[38;2;253;253;253;48;2;250;250;250m:[38;2;210;210;210;48;2;223;223;223my[38;2;157;157;157;48;2;105;105;105m~[38;2;39;39;39;48;2;16;16;16m~[48;2;0;0;0m                     [38;2;1;1;1m.[38;2;54;54;54;48;2;37;37;37m4[38;2;174;174;174;48;2;197;197;197mL[38;2;240;240;240;48;2;246;246;246m,[38;2;252;252;252;48;2;251;251;251m':[48;2;252;252;252m                                             [0m
[7m[38;2;252;252;252m [0m[38;2;0;0;0;48;2;252;252;252m                                         [38;2;252;252;252;48;2;251;251;251m:[38;2;250;250;250m.[38;2;241;241;241;48;2;245;245;245m4[38;2;171;171;171;48;2;187;187;187m4[38;2;56;56;56;48;2;35;35;35mF[48;2;0;0;0m                      [48;2;1;1;1m [38;2;0;0;0;48;2;25;25;25m:[38;2;112;112;112;48;2;141;141;141mL[38;2;229;229;229;48;2;239;239;239mL[48;2;250;250;250m [48;2;251;251;251m [48;2;252;252;252m                                             [0m
[7m[38;2;252;252;252m [0m[38;2;0;0;0;48;2;252;252;252m                                         [38;2;252;252;252;48;2;251;251;251m:.[48;2;250;250;250m [38;2;206;206;206;48;2;215;215;215m4[38;2;83;83;83;48;2;45;45;45mL[38;2;0;0;0;48;2;1;1;1m:[48;2;0;0;0m                     [38;2;1;1;1m:[38;2;0;0;0;48;2;16;16;16m:[38;2;115;115;115;48;2;104;104;104m4[38;2;225;225;225;48;2;236;236;236mL[48;2;250;250;250m [48;2;251;251;251m [48;2;252;252;252m                                             [0m
[7m[38;2;252;252;252m [0m[38;2;0;0;0;48;2;252;252;252m                                          [38;2;252;252;252;48;2;251;251;251m:[38;2;250;250;250m*[38;2;251;251;251;48;2;239;239;239m:[38;2;193;193;193;48;2;135;135;135my[38;2;69;69;69;48;2;33;33;33m,[38;2;0;0;0;48;2;2;2;2m`[38;2;1;1;1;48;2;0;0;0m_                  _[38;2;0;0;0;48;2;2;2;2m:[38;2;64;64;64;48;2;41;41;41mu[38;2;116;116;116;48;2;181;181;181m~[38;2;250;250;250;48;2;243;243;243m.[48;2;251;251;251m7[38;2;252;252;252m.[48;2;252;252;252m                                             [0m
[7m[38;2;252;252;252m [0m[38;2;0;0;0;48;2;252;252;252m                                           [38;2;252;252;252;48;2;251;251;251m:[38;2;253;253;253m`[38;2;252;252;252;48;2;247;247;247m:[38;2;163;163;163;48;2;216;216;216m~[38;2;179;179;179;48;2;100;100;100my[38;2;108;108;108;48;2;26;26;26m_[38;2;17;17;17;48;2;3;3;3m,[48;2;0;0;0m               [38;2;1;1;1m,[38;2;0;0;0;48;2;3;3;3m:[38;2;106;106;106;48;2;22;22;22m_[38;2;162;162;162;48;2;86;86;86my[38;2;151;151;151;48;2;214;214;214m~[38;2;243;243;243;48;2;247;247;247m'[48;2;252;252;252m                                                [0m
[7m[38;2;252;252;252m [0m[38;2;0;0;0;48;2;252;252;252m                                              [38;2;249;249;249;48;2;251;251;251m`[38;2;236;236;236;48;2;246;246;246m`[38;2;155;155;155;48;2;216;216;216m~[38;2;181;181;181;48;2;97;97;97my[38;2;122;122;122;48;2;35;35;35m_[38;2;29;29;29;48;2;7;7;7m,[38;2;0;0;0;48;2;1;1;1m`[48;2;0;0;0m [38;2;2;2;2m_[38;2;3;3;3m_[38;2;2;2;2m_    [38;2;1;1;1m* [38;2;0;0;0;48;2;9;9;9m`[38;2;115;115;115;48;2;29;29;29m_[38;2;229;229;229;48;2;74;74;74m_[38;2;42;42;42;48;2;169;169;169m~[38;2;143;143;143;48;2;221;221;221m~[38;2;232;232;232;48;2;246;246;246m~[38;2;250;250;250;48;2;251;251;251m`[38;2;252;252;252m:[48;2;252;252;252m                                                [0m
[7m[38;2;252;252;252m [0m[38;2;0;0;0;48;2;252;252;252m                                                [38;2;253;253;253m`[38;2;249;249;249;48;2;250;250;250m`[38;2;166;166;166;48;2;236;236;236m`[38;2;153;153;153;48;2;222;222;222m~[38;2;96;96;96;48;2;189;189;189m~[38;2;225;225;225;48;2;131;131;131my[38;2;213;213;213;48;2;108;108;108my[38;2;195;195;195;48;2;93;93;93my[38;2;186;186;186;48;2;85;85;85my[48;2;83;83;83my[38;2;193;193;193;48;2;87;87;87my[38;2;203;203;203;48;2;97;97;97my[38;2;222;222;222;48;2;120;120;120my[38;2;66;66;66;48;2;177;177;177m~[38;2;117;117;117;48;2;205;205;205m~[38;2;159;159;159;48;2;229;229;229m~[38;2;189;189;189;48;2;239;239;239m~[38;2;240;240;240;48;2;250;250;250m~[38;2;253;253;253;48;2;251;251;251m` [38;2;252;252;252m:[48;2;252;252;252m                                                  [0m
[7m[38;2;252;252;252m [0m[38;2;0;0;0;48;2;252;252;252m                                                   [38;2;252;252;252;48;2;251;251;251m:[38;2;248;248;248;48;2;250;250;250m~[38;2;252;252;252;48;2;251;251;251m:'[38;2;244;244;244m`[38;2;241;241;241;48;2;250;250;250m``[38;2;243;243;243;48;2;251;251;251m`[38;2;246;246;246m`[38;2;252;252;252m:[38;2;250;250;250m7~ [38;2;251;251;251;48;2;252;252;252m`                                                      [0m
[7m[38;2;252;252;252m [0m[38;2;0;0;0;48;2;252;252;252m                                                                                                                       [0m
[7m[38;2;252;252;252m [0m[38;2;0;0;0;48;2;252;252;252m                                                                                                                       [0m
[7m[38;2;252;252;252m [0m[38;2;0;0;0;48;2;252;252;252m                                                                                                                       [0m
[7m[38;2;252;252;252m [0m[38;2;0;0;0;48;2;252;252;252m                                                                                                                       [0m
[7m[38;2;252;252;252m [0m[38;2;0;0;0;48;2;252;252;252m                                                                                                                       [0m
[7m[38;2;252;252;252m [0m[38;2;0;0;0;48;2;252;252;252m                                                                                                                       [0m
[7m[38;2;252;252;252m [0m[38;2;0;0;0;48;2;252;252;252m                                                                                                                       [0m
[7m[38;2;252;252;252m [0m[38;2;0;0;0;48;2;252;252;252m                                                                                                                       [0m
[7m[38;2;252;252;252m [0m[38;2;0;0;0;48;2;252;252;252m                                                                                                                       [0m
[7m[38;2;252;252;252m [0m[38;2;0;0;0;48;2;252;252;252m                                                                                                                       [0m
[7m[38;2;252;252;252m [0m[38;2;0;0;0;48;2;252;252;252m                                                                                                                       [0m
[7m[38;2;252;252;252m [0m[38;2;0;0;0;48;2;252;252;252m                                                                                                                       [0m
[7m[38;2;252;252;252m [0m[38;2;0;0;0;48;2;252;252;252m                                                                                                                       [0m
[7m[38;2;252;252;252m [0m[38;2;0;0;0;48;2;252;252;252m                                                                                                                       [0m
[7m[38;2;252;252;252m [0m[38;2;0;0;0;48;2;252;252;252m                                                                                                                       [0m
[7m[38;2;252;252;252m [0m[38;2;0;0;0;48;2;252;252;252m                                                                                                                       [0m
[7m[38;2;252;252;252m [0m[38;2;0;0;0;48;2;252;252;252m                                                                                                                       [0m
[7m[38;2;252;252;252m [0m[38;2;0;0;0;48;2;252;252;252m                                                                                                                       [0m
[7m[38;2;252;252;252m [0m[38;2;0;0;0;48;2;252;252;252m                                                                                                                       [0m
[7m[38;2;252;252;252m [0m[38;2;0;0;0;48;2;252;252;252m                                                                                                                       [0m
[7m[38;2;252;252;252m [0m[38;2;0;0;0;48;2;252;252;252m                                                                                                                       [0m
[?25h