[?25l[0m[7m[38;2;0;0;0m [0m[38;2;0;0;0;48;2;0;0;0m                              [38;2;1;1;1m_[38;2;9;9;9;48;2;1;1;1m_[38;2;32;32;32;48;2;3;3;3m_[38;2;35;35;35m_[38;2;7;7;7;48;2;1;1;1m,[48;2;0;0;0m      [38;2;45;45;45;48;2;25;25;25my[38;2;49;49;49;48;2;110;110;110m~[38;2;67;67;67;48;2;131;131;131m_[38;2;44;44;44;48;2;26;26;26mL[48;2;0;0;0m                        [38;2;0;0;0;48;2;7;7;7m:[38;2;72;72;72;48;2;30;30;30my[38;2;23;23;23;48;2;82;82;82m~[38;2;58;58;58;48;2;36;36;36mm[38;2;0;0;0;48;2;6;6;6m`[48;2;0;0;0m                                             [0m
[7m[38;2;0;0;0m [0m[38;2;0;0;0;48;2;0;0;0m                            [48;2;1;1;1m`[38;2;55;55;55;48;2;25;25;25my[38;2;127;127;127;48;2;62;62;62my[38;2;204;204;204;48;2;81;81;81m_[38;2;149;149;149;48;2;87;87;87m_[38;2;66;66;66;48;2;85;85;85m~[38;2;59;59;59;48;2;46;46;46ms[38;2;0;0;0;48;2;8;8;8m`[48;2;0;0;0m     [38;2;34;34;34;48;2;6;6;6m`[38;2;79;79;79;48;2;12;12;12m~[38;2;42;42;42;48;2;6;6;6m~[38;2;0;0;0;48;2;1;1;1m:[48;2;0;0;0m                       [48;2;3;3;3m:[38;2;40;40;40;48;2;23;23;23m?[38;2;13;13;13;48;2;51;51;51my[38;2;80;80;80;48;2;19;19;19m~[38;2;28;28;28;48;2;3;3;3m~[48;2;0;0;0m                                              [0m
[7m[38;2;0;0;0m [0m[38;2;0;0;0;48;2;0;0;0m                 [38;2;1;1;1m_           [38;2;72;72;72;48;2;20;20;20m`[38;2;160;160;160;48;2;74;74;74m~[38;2;5;5;5;48;2;163;163;163m_[38;2;22;22;22;48;2;164;164;164m_[38;2;82;82;82;48;2;49;49;49m~[38;2;35;35;35;48;2;9;9;9m~[38;2;3;3;3;48;2;1;1;1m`[48;2;0;0;0m                                                                                   [0m
[7m[38;2;0;0;0m [0m[38;2;0;0;0;48;2;0;0;0m   [48;2;2;2;2m`[38;2;16;16;16;48;2;4;4;4m_[38;2;9;9;9;48;2;3;3;3m_[48;2;0;0;0m  [38;2;2;2;2m_[38;2;11;11;11;48;2;1;1;1m_[38;2;13;13;13m_[38;2;3;3;3;48;2;0;0;0m_   [38;2;1;1;1m.[38;2;16;16;16;48;2;5;5;5m_[38;2;14;14;14;48;2;10;10;10my[38;2;6;6;6;48;2;4;4;4mk[48;2;0;0;0m       [38;2;5;5;5m_[38;2;1;1;1m_   [38;2;4;4;4;48;2;1;1;1m`[38;2;15;15;15;48;2;2;2;2m`[38;2;3;3;3;48;2;0;0;0m`                           [38;2;0;0;0;48;2;11;11;11m`[38;2;151;151;151;48;2;20;20;20m_[38;2;185;185;185;48;2;26;26;26m_[38;2;114;114;114;48;2;18;18;18m_[38;2;34;34;34;48;2;5;5;5m,[48;2;0;0;0m                                                     [0m
[7m[38;2;0;0;0m [0m[38;2;0;0;0;48;2;0;0;0m  [38;2;45;45;45;48;2;14;14;14my[38;2;87;87;87;48;2;34;34;34m_[38;2;51;51;51;48;2;26;26;26m_[38;2;11;11;11;48;2;6;6;6m~[38;2;5;5;5;48;2;1;1;1m_[38;2;52;52;52;48;2;12;12;12m_[38;2;76;76;76;48;2;24;24;24m_[38;2;19;19;19;48;2;39;39;39m~[38;2;26;26;26;48;2;44;44;44m~[38;2;28;28;28;48;2;17;17;17mw[38;2;1;1;1;48;2;0;0;0m.  [38;2;29;29;29;48;2;13;13;13m4[38;2;5;5;5;48;2;42;42;42m_[38;2;40;40;40;48;2;21;21;21m=[38;2;0;0;0;48;2;1;1;1m:[48;2;0;0;0m     [38;2;47;47;47;48;2;8;8;8m_[38;2;113;113;113;48;2;42;42;42m_[38;2;25;25;25;48;2;75;75;75m~[48;2;14;14;14mr[48;2;0;0;0m                                [38;2;0;0;0;48;2;9;9;9m:[38;2;85;85;85;48;2;55;55;55m4[38;2;0;0;0;48;2;145;145;145m_[48;2;148;148;148m_[38;2;139;139;139;48;2;60;60;60m~[38;2;37;37;37;48;2;10;10;10m~[48;2;0;0;0m                 [38;2;1;1;1m,[38;2;0;0;0;48;2;9;9;9m:[38;2;22;22;22;48;2;82;82;82m~[38;2;134;134;134;48;2;64;64;64my[38;2;104;104;104;48;2;27;27;27m,[48;2;0;0;0m                               [0m
[7m[38;2;0;0;0m [0m[38;2;0;0;0;48;2;0;0;0m  [38;2;41;41;41;48;2;9;9;9m"[38;2;66;66;66;48;2;23;23;23m~[38;2;49;49;49;48;2;28;28;28m~[38;2;8;8;8;48;2;21;21;21m~[38;2;22;22;22;48;2;15;15;15mL[38;2;70;70;70;48;2;43;43;43m?[38;2;92;92;92;48;2;125;125;125m_[38;2;162;162;162;48;2;122;122;122mw[38;2;71;71;71;48;2;50;50;50m_[38;2;28;28;28;48;2;11;11;11m~[48;2;0;0;0m    [38;2;2;2;2m"[38;2;3;3;3m`     [38;2;7;7;7;48;2;4;4;4m4[38;2;131;131;131;48;2;86;86;86m4[38;2;123;123;123;48;2;179;179;179m_[38;2;106;106;106;48;2;61;61;61m~[38;2;0;0;0;48;2;6;6;6m:[48;2;0;0;0m                                 [38;2;7;7;7;48;2;1;1;1m_[38;2;22;22;22;48;2;3;3;3m_[38;2;33;33;33;48;2;4;4;4m_[38;2;16;16;16;48;2;1;1;1m_[38;2;4;4;4;48;2;0;0;0m,            [38;2;45;45;45;48;2;6;6;6m_[38;2;66;66;66;48;2;8;8;8m_[38;2;22;22;22;48;2;3;3;3m_[38;2;2;2;2;48;2;0;0;0m_  [38;2;0;0;0;48;2;2;2;2m:[38;2;75;75;75;48;2;16;16;16m~[38;2;124;124;124;48;2;44;44;44m~[38;2;65;65;65;48;2;20;20;20m~[38;2;0;0;0;48;2;1;1;1m.[38;2;1;1;1;48;2;0;0;0m:u                            [0m
[7m[38;2;0;0;0m [0m[38;2;0;0;0;48;2;0;0;0m  [38;2;6;6;6;48;2;2;2;2m4[38;2;73;73;73;48;2;36;36;36m4[38;2;6;6;6;48;2;87;87;87m_[38;2;118;118;118;48;2;66;66;66m=[38;2;64;64;64;48;2;36;36;36m=[38;2;8;8;8;48;2;5;5;5m^[38;2;63;63;63;48;2;13;13;13m`[38;2;86;86;86;48;2;28;28;28m~[38;2;79;79;79;48;2;26;26;26m~[38;2;0;0;0;48;2;1;1;1m:[48;2;0;0;0m            [38;2;38;38;38;48;2;3;3;3m`[38;2;70;70;70;48;2;8;8;8m`[38;2;5;5;5;48;2;2;2;2m'[48;2;0;0;0m     [38;2;0;0;0;48;2;1;1;1m:[38;2;53;53;53;48;2;14;14;14m_[38;2;99;99;99;48;2;37;37;37m_[38;2;66;66;66;48;2;27;27;27m_[38;2;0;0;0;48;2;2;2;2m:[48;2;0;0;0m                   [48;2;1;1;1m:[48;2;16;16;16m`[38;2;148;148;148;48;2;43;43;43m_[38;2;221;221;221;48;2;76;76;76m_[38;2;201;201;201;48;2;108;108;108my[38;2;54;54;54;48;2;175;175;175m~[38;2;66;66;66m~[48;2;156;156;156m~[38;2;152;152;152;48;2;96;96;96my[38;2;141;141;141;48;2;68;68;68m_[38;2;76;76;76;48;2;30;30;30m_[38;2;25;25;25;48;2;6;6;6m,[48;2;0;0;0m         [38;2;0;0;0;48;2;2;2;2m`[38;2;53;53;53;48;2;29;29;29m~[38;2;23;23;23;48;2;115;115;115m_[38;2;54;54;54;48;2;110;110;110m~[38;2;61;61;61;48;2;31;31;31mL[38;2;2;2;2;48;2;0;0;0m,   [38;2;1;1;1m`  [38;2;0;0;0;48;2;16;16;16m`[38;2;88;88;88;48;2;41;41;41my[38;2;163;163;163;48;2;53;53;53m_[38;2;103;103;103;48;2;30;30;30m_[38;2;26;26;26;48;2;5;5;5m_[48;2;0;0;0m                         [0m
[7m[38;2;0;0;0m [0m[38;2;0;0;0;48;2;0;0;0m    [38;2;4;4;4;48;2;1;1;1m`[38;2;11;11;11;48;2;3;3;3m`[38;2;5;5;5;48;2;1;1;1m~[48;2;0;0;0m                        [38;2;1;1;1m![38;2;48;48;48;48;2;26;26;26m4[38;2;70;70;70;48;2;115;115;115m_[38;2;111;111;111;48;2;155;155;155m_[38;2;43;43;43;48;2;31;31;31mL[38;2;0;0;0;48;2;1;1;1m:[48;2;0;0;0m                   [48;2;2;2;2m:[38;2;11;11;11;48;2;44;44;44m:[38;2;42;42;42;48;2;161;161;161m_[38;2;155;155;155;48;2;226;226;226m_[38;2;196;196;196;48;2;244;244;244m_[38;2;202;202;202;48;2;246;246;246m_[38;2;188;188;188;48;2;244;244;244m_[38;2;160;160;160;48;2;230;230;230m_[38;2;91;91;91;48;2;185;185;185m_[38;2;49;49;49;48;2;112;112;112my[38;2;72;72;72;48;2;31;31;31m~[38;2;16;16;16;48;2;3;3;3m~[48;2;0;0;0m         [38;2;1;1;1m` [38;2;0;0;0;48;2;4;4;4m:[38;2;93;93;93;48;2;17;17;17m~[38;2;56;56;56;48;2;10;10;10m'[38;2;1;1;1;48;2;0;0;0m'      [38;2;12;12;12;48;2;3;3;3m`[38;2;73;73;73;48;2;14;14;14m~[38;2;115;115;115;48;2;29;29;29m~[38;2;20;20;20;48;2;66;66;66my[38;2;47;47;47;48;2;23;23;23mF[38;2;0;0;0;48;2;2;2;2m.[48;2;0;0;0m                        [0m
[7m[38;2;0;0;0m [0m[38;2;0;0;0;48;2;0;0;0m                                [38;2;3;3;3m`[38;2;40;40;40;48;2;3;3;3m`[38;2;67;67;67;48;2;5;5;5m`[48;2;0;0;0m                       [38;2;12;12;12;48;2;3;3;3m`[38;2;98;98;98;48;2;19;19;19m`[38;2;127;127;127;48;2;42;42;42m~[38;2;142;142;142;48;2;46;46;46m~[38;2;104;104;104;48;2;31;31;31m~[38;2;99;99;99;48;2;14;14;14m`[38;2;50;50;50;48;2;5;5;5m`[38;2;3;3;3;48;2;1;1;1m`[48;2;0;0;0m                                                     [0m
[7m[38;2;0;0;0m [0m[38;2;0;0;0;48;2;0;0;0m                                                       [38;2;2;2;2m__   [38;2;1;1;1m```   [38;2;0;0;0;48;2;1;1;1m:[48;2;18;18;18m`[38;2;173;173;173;48;2;33;33;33m_[38;2;81;81;81;48;2;15;15;15m_[38;2;12;12;12;48;2;2;2;2m,[48;2;0;0;0m                                                [0m
[38;2;1;1;1;48;2;0;0;0m,                                                     [38;2;0;0;0;48;2;14;14;14m:[38;2;163;163;163;48;2;57;57;57m_[38;2;226;226;226;48;2;104;104;104m_[38;2;98;98;98;48;2;46;46;46m,[38;2;0;0;0;48;2;5;5;5m`[48;2;7;7;7m:[38;2;98;98;98;48;2;26;26;26m_[48;2;28;28;28m_[38;2;59;59;59;48;2;16;16;16m_[38;2;118;118;118;48;2;30;30;30m_[38;2;153;153;153;48;2;44;44;44m_[38;2;144;144;144;48;2;49;49;49m_[38;2;70;70;70;48;2;25;25;25m,[38;2;0;0;0;48;2;10;10;10m`[38;2;91;91;91;48;2;63;63;63m4[38;2;51;51;51;48;2;197;197;197m_[38;2;126;126;126;48;2;79;79;79mF[38;2;22;22;22;48;2;10;10;10mF[48;2;0;0;0m                                                [0m
[38;2;22;22;22;48;2;14;14;14mr[48;2;0;0;0m                                                     [38;2;82;82;82;48;2;51;51;51m4[38;2;147;147;147;48;2;200;200;200m_[38;2;133;133;133;48;2;204;204;204m_[38;2;95;95;95;48;2;58;58;58mF[38;2;1;1;1;48;2;4;4;4m:[38;2;18;18;18;48;2;9;9;9m"[38;2;29;29;29;48;2;66;66;66my[38;2;50;50;50;48;2;126;126;126m_[48;2;144;144;144m_[38;2;11;11;11;48;2;134;134;134m_[38;2;129;129;129;48;2;53;53;53m~[38;2;109;109;109;48;2;26;26;26m~[38;2;44;44;44;48;2;11;11;11m"[38;2;3;3;3;48;2;1;1;1m'[48;2;0;0;0m [38;2;16;16;16;48;2;3;3;3m~[38;2;6;6;6;48;2;1;1;1m~[48;2;0;0;0m [38;2;0;0;0;48;2;4;4;4m:[38;2;105;105;105;48;2;24;24;24m_[38;2;178;178;178;48;2;52;52;52m_[38;2;72;72;72;48;2;21;21;21m_[38;2;0;0;0;48;2;1;1;1m`[48;2;0;0;0m                [48;2;5;5;5m`[38;2;96;96;96;48;2;10;10;10m_[38;2;81;81;81;48;2;19;19;19m_[38;2;32;32;32;48;2;10;10;10m_[38;2;3;3;3;48;2;1;1;1m.[48;2;0;0;0m                      [0m
[38;2;27;27;27;48;2;13;13;13m+[48;2;0;0;0m                                                     [38;2;16;16;16;48;2;4;4;4m`[38;2;108;108;108;48;2;19;19;19m`[38;2;94;94;94;48;2;15;15;15m`[38;2;0;0;0;48;2;3;3;3m:[48;2;0;0;0m  [38;2;1;1;1m`[38;2;30;30;30;48;2;2;2;2m``[38;2;2;2;2;48;2;0;0;0m`       [38;2;1;1;1m.[38;2;0;0;0;48;2;20;20;20m:[38;2;67;67;67;48;2;123;123;123m_[38;2;178;178;178;48;2;214;214;214m_[38;2;128;128;128;48;2;89;89;89mF[38;2;16;16;16;48;2;8;8;8mr[48;2;0;0;0m    [38;2;1;1;1m+          [38;2;0;0;0;48;2;5;5;5m`[38;2;7;7;7;48;2;51;51;51m_[38;2;29;29;29;48;2;81;81;81my[38;2;106;106;106;48;2;38;38;38m~[38;2;40;40;40;48;2;11;11;11m~[48;2;0;0;0m                       [0m
[38;2;71;71;71;48;2;37;37;37my[38;2;98;98;98;48;2;58;58;58my[38;2;70;70;70;48;2;40;40;40my[38;2;8;8;8;48;2;3;3;3m,[38;2;1;1;1;48;2;0;0;0m,                         [38;2;11;11;11m_[38;2;8;8;8m_  [38;2;0;0;0;48;2;1;1;1m`[38;2;22;22;22;48;2;5;5;5m_[38;2;32;32;32m_[48;2;0;0;0m                                   [38;2;0;0;0;48;2;1;1;1m:[38;2;43;43;43;48;2;13;13;13m`[38;2;130;130;130;48;2;33;33;33m~[38;2;69;69;69;48;2;15;15;15m'[38;2;1;1;1;48;2;0;0;0m' ,[38;2;0;0;0;48;2;10;10;10m:[38;2;118;118;118;48;2;65;65;65my[38;2;68;68;68;48;2;166;166;166m~[38;2;73;73;73;48;2;176;176;176m~[38;2;212;212;212;48;2;98;98;98m_[38;2;130;130;130;48;2;34;34;34m_[38;2;42;42;42;48;2;5;5;5m_[38;2;3;3;3;48;2;1;1;1m,[38;2;1;1;1;48;2;0;0;0m.       `               [38;2;30;30;30;48;2;1;1;1m_[38;2;22;22;22m_[38;2;1;1;1;48;2;0;0;0m,     [38;2;61;61;61;48;2;8;8;8m_[0m
[38;2;85;85;85;48;2;164;164;164m~[38;2;126;126;126;48;2;198;198;198m~[38;2;156;156;156;48;2;118;118;118ms[38;2;9;9;9;48;2;15;15;15m.[38;2;6;6;6;48;2;5;5;5mF[48;2;0;0;0m                        [38;2;11;11;11;48;2;6;6;6m4[38;2;79;79;79;48;2;47;47;47m_[38;2;148;148;148;48;2;65;65;65m_[38;2;0;0;0;48;2;9;9;9m`[48;2;2;2;2m`[38;2;50;50;50;48;2;29;29;29my[38;2;107;107;107;48;2;69;69;69my[38;2;94;94;94;48;2;52;52;52m_[38;2;2;2;2;48;2;9;9;9m.[48;2;0;0;0m                                        [38;2;1;1;1m`[38;2;0;0;0;48;2;2;2;2m:[38;2;83;83;83;48;2;32;32;32m`[38;2;72;72;72;48;2;152;152;152my[38;2;74;74;74;48;2;210;210;210m_[38;2;86;86;86;48;2;219;219;219m_[38;2;48;48;48;48;2;146;146;146m_[38;2;71;71;71;48;2;35;35;35mF[38;2;4;4;4;48;2;1;1;1m~[38;2;1;1;1;48;2;0;0;0m`                    [38;2;0;0;0;48;2;1;1;1m:[38;2;130;130;130;48;2;31;31;31m_[38;2;13;13;13;48;2;122;122;122m~[38;2;52;52;52;48;2;123;123;123m~[38;2;96;96;96;48;2;51;51;51m+[38;2;4;4;4;48;2;1;1;1m'[48;2;0;0;0m   [38;2;28;28;28;48;2;11;11;11my[38;2;189;189;189;48;2;71;71;71m_[38;2;230;230;230;48;2;112;112;112m_[0m
[38;2;139;139;139;48;2;34;34;34m~[38;2;160;160;160;48;2;42;42;42m~[38;2;94;94;94;48;2;46;46;46m~[38;2;11;11;11;48;2;43;43;43m_[38;2;32;32;32;48;2;16;16;16mF[48;2;0;0;0m                        [38;2;4;4;4m`[38;2;61;61;61;48;2;16;16;16m"[38;2;122;122;122;48;2;27;27;27m~[38;2;1;1;1;48;2;6;6;6m:[48;2;0;0;0m [38;2;53;53;53;48;2;11;11;11m`[38;2;102;102;102;48;2;24;24;24m~[38;2;79;79;79;48;2;19;19;19m~[38;2;0;0;0;48;2;3;3;3m:[48;2;0;0;0m [38;2;1;1;1m,[38;2;0;0;0;48;2;3;3;3m`[38;2;82;82;82;48;2;31;31;31m_[38;2;176;176;176;48;2;67;67;67m_[38;2;148;148;148;48;2;44;44;44m_[38;2;40;40;40;48;2;13;13;13m,[48;2;0;0;0m                                 [38;2;1;1;1;48;2;12;12;12m`[38;2;91;91;91;48;2;42;42;42my[38;2;103;103;103;48;2;45;45;45my[38;2;94;94;94;48;2;27;27;27m_[38;2;29;29;29;48;2;6;6;6m_[38;2;12;12;12;48;2;2;2;2m~[38;2;3;3;3;48;2;0;0;0m~                       [38;2;1;1;1;48;2;9;9;9m.[38;2;114;114;114;48;2;60;60;60m~[38;2;143;143;143;48;2;54;54;54m~[38;2;87;87;87;48;2;16;16;16m~[48;2;0;0;0m     [38;2;28;28;28;48;2;6;6;6m"[38;2;152;152;152;48;2;63;63;63m~[38;2;19;19;19;48;2;156;156;156m_[0m
[7m[38;2;0;0;0m [0m[38;2;2;2;2;48;2;0;0;0m`[38;2;8;8;8m`[38;2;5;5;5m`                      [38;2;6;6;6;48;2;1;1;1m_[38;2;12;12;12m_[38;2;6;6;6;48;2;0;0;0m_     [38;2;23;23;23;48;2;6;6;6m_[38;2;81;81;81;48;2;25;25;25m_[38;2;118;118;118;48;2;37;37;37m_[38;2;115;115;115;48;2;34;34;34m_[38;2;85;85;85;48;2;21;21;21m_[38;2;20;20;20;48;2;6;6;6m,[38;2;16;16;16;48;2;9;9;9m"[38;2;102;102;102;48;2;56;56;56m"[38;2;37;37;37;48;2;153;153;153m_[38;2;69;69;69;48;2;169;169;169m_[38;2;82;82;82;48;2;58;58;58mF[38;2;0;0;0;48;2;6;6;6m:[48;2;0;0;0m          [48;2;3;3;3m:[38;2;37;37;37;48;2;17;17;17my[38;2;81;81;81;48;2;24;24;24m_[38;2;22;22;22;48;2;5;5;5m,[48;2;0;0;0m [38;2;12;12;12;48;2;1;1;1m_[38;2;18;18;18;48;2;2;2;2m_[38;2;3;3;3;48;2;1;1;1m;[48;2;0;0;0m        [38;2;0;0;0;48;2;11;11;11m`[38;2;98;98;98;48;2;28;28;28m_[38;2;35;35;35;48;2;9;9;9m_[38;2;1;1;1;48;2;0;0;0m,  [38;2;0;0;0;48;2;1;1;1m:[38;2;68;68;68;48;2;16;16;16m`[38;2;13;13;13;48;2;69;69;69my[38;2;14;14;14my[38;2;50;50;50;48;2;17;17;17m~[48;2;0;0;0m                                    [38;2;9;9;9m`[0m
[7m[38;2;0;0;0m [0m[38;2;0;0;0;48;2;0;0;0m          [38;2;2;2;2m_[38;2;1;1;1m_           [38;2;37;37;37;48;2;10;10;10m_[38;2;119;119;119;48;2;53;53;53m_[38;2;136;136;136;48;2;90;90;90my[38;2;134;134;134;48;2;82;82;82m_[38;2;30;30;30;48;2;19;19;19mr[48;2;0;0;0m    [38;2;0;0;0;48;2;1;1;1m.[38;2;74;74;74;48;2;45;45;45m4[38;2;166;166;166;48;2;140;140;140ma[38;2;154;154;154;48;2;206;206;206m~[38;2;156;156;156;48;2;211;211;211m~[38;2;128;128;128;48;2;189;189;189m~[38;2;145;145;145;48;2;104;104;104my[38;2;3;3;3;48;2;20;20;20m`[38;2;1;1;1;48;2;0;0;0m~[38;2;2;2;2;48;2;1;1;1mr[38;2;5;5;5m_[38;2;4;4;4;48;2;0;0;0m_[38;2;1;1;1m,          [38;2;0;0;0;48;2;1;1;1m:[38;2;35;35;35;48;2;11;11;11m~[38;2;72;72;72;48;2;29;29;29m~[38;2;24;24;24;48;2;11;11;11m~[38;2;30;30;30;48;2;21;21;21mu[38;2;33;33;33;48;2;61;61;61m~[38;2;80;80;80;48;2;51;51;51my[38;2;40;40;40;48;2;25;25;25mw[38;2;6;6;6;48;2;3;3;3mr[48;2;0;0;0m       [38;2;25;25;25;48;2;13;13;13m"[38;2;8;8;8;48;2;72;72;72m_[38;2;60;60;60;48;2;47;47;47mF[38;2;17;17;17;48;2;8;8;8mL[48;2;0;0;0m    [38;2;1;1;1m`      [38;2;24;24;24;48;2;1;1;1m_[38;2;62;62;62;48;2;3;3;3m_[38;2;43;43;43;48;2;2;2;2m_[38;2;12;12;12;48;2;0;0;0m_        [38;2;0;0;0;48;2;1;1;1m:[38;2;84;84;84;48;2;30;30;30m_[38;2;185;185;185;48;2;104;104;104my[38;2;113;113;113;48;2;65;65;65mw[38;2;7;7;7;48;2;1;1;1m,[48;2;0;0;0m                [0m
[7m[38;2;0;0;0m [0m[38;2;0;0;0;48;2;0;0;0m        [38;2;9;9;9;48;2;2;2;2m_[38;2;50;50;50;48;2;19;19;19m_[38;2;61;61;61;48;2;33;33;33my[38;2;4;4;4;48;2;42;42;42m~[38;2;55;55;55;48;2;22;22;22m_[38;2;16;16;16;48;2;7;7;7m_[38;2;1;1;1;48;2;0;0;0m:       [38;2;7;7;7;48;2;4;4;4mu[38;2;108;108;108;48;2;68;68;68ma[38;2;109;109;109;48;2;180;180;180m_[38;2;88;88;88;48;2;192;192;192m_[38;2;55;55;55;48;2;118;118;118my[38;2;3;3;3;48;2;15;15;15m:[38;2;21;21;21;48;2;8;8;8m_[38;2;28;28;28m_[48;2;0;0;0m   [38;2;24;24;24;48;2;2;2;2m`[38;2;95;95;95;48;2;16;16;16m`[38;2;117;117;117;48;2;37;37;37m~[38;2;154;154;154;48;2;58;58;58m~[38;2;20;20;20;48;2;95;95;95my[38;2;19;19;19;48;2;90;90;90my[38;2;3;3;3;48;2;16;16;16m:[38;2;26;26;26;48;2;6;6;6m_[38;2;120;120;120;48;2;44;44;44m_[38;2;222;222;222;48;2;95;95;95m_[38;2;197;197;197;48;2;83;83;83m_[38;2;110;110;110;48;2;35;35;35m_[38;2;0;0;0;48;2;6;6;6m`[48;2;0;0;0m        [48;2;17;17;17m`[38;2;135;135;135;48;2;46;46;46m_[38;2;58;58;58;48;2;23;23;23m,[38;2;0;0;0;48;2;2;2;2m`[48;2;0;0;0m [38;2;8;8;8;48;2;2;2;2m`[38;2;50;50;50;48;2;7;7;7m`[38;2;65;65;65;48;2;12;12;12m`[38;2;29;29;29;48;2;7;7;7m~[38;2;0;0;0;48;2;1;1;1m.[48;2;0;0;0m        [38;2;3;3;3m`[38;2;18;18;18;48;2;1;1;1m`[38;2;2;2;2;48;2;0;0;0m`          [38;2;0;0;0;48;2;1;1;1m:[38;2;43;43;43;48;2;29;29;29m~[38;2;135;135;135;48;2;102;102;102m4[38;2;201;201;201;48;2;128;128;128ma[38;2;30;30;30;48;2;156;156;156m~[38;2;123;123;123;48;2;70;70;70ms[38;2;36;36;36;48;2;18;18;18mm[48;2;0;0;0m      [38;2;0;0;0;48;2;10;10;10m:[38;2;104;104;104;48;2;136;136;136m~[38;2;211;211;211;48;2;222;222;222mL[38;2;107;107;107;48;2;138;138;138m4[38;2;14;14;14;48;2;7;7;7mF[48;2;0;0;0m                [0m
[7m[38;2;0;0;0m [0m[38;2;0;0;0;48;2;0;0;0m      [38;2;1;1;1m,[38;2;39;39;39;48;2;13;13;13my[38;2;125;125;125;48;2;59;59;59my[38;2;169;169;169;48;2;101;101;101my[38;2;179;179;179;48;2;100;100;100m_[38;2;126;126;126;48;2;80;80;80m_[38;2;32;32;32;48;2;48;48;48my[38;2;15;15;15;48;2;7;7;7m"[48;2;0;0;0m        [38;2;4;4;4m`[38;2;18;18;18;48;2;4;4;4m"[38;2;25;25;25m~[38;2;0;0;0;48;2;1;1;1m:[38;2;3;3;3;48;2;0;0;0m=[38;2;1;1;1;48;2;3;3;3m.[38;2;53;53;53;48;2;35;35;35m4[38;2;93;93;93;48;2;68;68;68m=[38;2;21;21;21;48;2;42;42;42m~[38;2;0;0;0;48;2;2;2;2m:[48;2;0;0;0m    [38;2;1;1;1m"`  [38;2;55;55;55;48;2;29;29;29m4[38;2;93;93;93;48;2;147;147;147m_[38;2;254;254;254;48;2;240;240;240m:[38;2;222;222;222m"[38;2;152;152;152;48;2;197;197;197m~[38;2;105;105;105;48;2;69;69;69mL[38;2;0;0;0;48;2;9;9;9m:[48;2;0;0;0m      [48;2;10;10;10m:[38;2;91;91;91;48;2;64;64;64m4[38;2;87;87;87;48;2;146;146;146m_[38;2;64;64;64;48;2;34;34;34mF[38;2;1;1;1;48;2;0;0;0m'                              [38;2;28;28;28;48;2;7;7;7m"[38;2;57;57;57;48;2;23;23;23m~[38;2;42;42;42;48;2;65;65;65mF[38;2;115;115;115;48;2;40;40;40m_[38;2;106;106;106;48;2;17;17;17m_[38;2;48;48;48;48;2;3;3;3m_[38;2;2;2;2;48;2;0;0;0m,  [38;2;1;1;1m"[38;2;0;0;0;48;2;5;5;5m:[38;2;41;41;41;48;2;95;95;95my[38;2;55;55;55;48;2;125;125;125my[38;2;108;108;108;48;2;47;47;47m~[48;2;0;0;0m                 [0m
[38;2;23;23;23;48;2;10;10;10m_[38;2;2;2;2;48;2;1;1;1m_[48;2;0;0;0m      [38;2;33;33;33;48;2;5;5;5m`[38;2;119;119;119;48;2;55;55;55m~[38;2;48;48;48;48;2;141;141;141my[38;2;65;65;65;48;2;155;155;155my[38;2;174;174;174;48;2;88;88;88m~[38;2;21;21;21;48;2;12;12;12m'[48;2;0;0;0m               [38;2;15;15;15;48;2;2;2;2m`[38;2;41;41;41;48;2;5;5;5m`[38;2;28;28;28;48;2;3;3;3m`[48;2;0;0;0m         [38;2;3;3;3m`[38;2;73;73;73;48;2;21;21;21m`[38;2;160;160;160;48;2;66;66;66m~[38;2;43;43;43;48;2;144;144;144my[48;2;145;145;145my[38;2;108;108;108;48;2;43;43;43m~[38;2;0;0;0;48;2;6;6;6m:[48;2;0;0;0m       [38;2;18;18;18;48;2;3;3;3m`[38;2;70;70;70;48;2;8;8;8m`[38;2;0;0;0;48;2;2;2;2m:[48;2;0;0;0m                                [38;2;6;6;6;48;2;3;3;3m`[38;2;68;68;68;48;2;29;29;29m~[38;2;22;22;22;48;2;91;91;91my[38;2;25;25;25;48;2;98;98;98my[38;2;70;70;70;48;2;31;31;31mF[38;2;7;7;7;48;2;2;2;2m^[48;2;0;0;0m    [38;2;6;6;6m`[38;2;10;10;10;48;2;1;1;1m`[38;2;3;3;3;48;2;0;0;0m`    [38;2;0;0;0;48;2;1;1;1m:[38;2;118;118;118;48;2;27;27;27m_[38;2;194;194;194;48;2;45;45;45m_[38;2;141;141;141;48;2;30;30;30m_[38;2;34;34;34;48;2;5;5;5m_[48;2;0;0;0m [38;2;28;28;28;48;2;4;4;4m_[38;2;138;138;138;48;2;28;28;28m_[38;2;206;206;206;48;2;48;48;48m_[38;2;227;227;227;48;2;55;55;55m_[38;2;222;222;222;48;2;54;54;54m_[38;2;148;148;148;48;2;34;34;34m_[38;2;31;31;31;48;2;6;6;6m_[0m
[38;2;69;69;69;48;2;35;35;35m_[38;2;5;5;5;48;2;3;3;3m,[48;2;0;0;0m                                         [38;2;1;1;1m`                           [38;2;0;0;0;48;2;1;1;1m:[38;2;41;41;41;48;2;12;12;12m_[38;2;100;100;100;48;2;25;25;25m_[38;2;75;75;75;48;2;13;13;13m_[38;2;20;20;20;48;2;3;3;3m,[48;2;0;0;0m      [38;2;0;0;0;48;2;13;13;13m`[38;2;127;127;127;48;2;55;55;55my[38;2;175;175;175;48;2;73;73;73my[38;2;119;119;119;48;2;50;50;50m_[38;2;45;45;45;48;2;11;11;11m,[48;2;0;0;0m         [38;2;55;55;55;48;2;3;3;3m_[38;2;128;128;128;48;2;16;16;16m_[38;2;104;104;104;48;2;10;10;10m_[38;2;37;37;37;48;2;1;1;1m_[48;2;0;0;0m       [38;2;0;0;0;48;2;2;2;2m:[38;2;114;114;114;48;2;65;65;65m~[38;2;60;60;60;48;2;174;174;174m_[38;2;79;79;79;48;2;170;170;170m_[38;2;111;111;111;48;2;66;66;66mF[38;2;1;1;1;48;2;0;0;0m.[38;2;41;41;41;48;2;25;25;25m4[38;2;0;0;0;48;2;107;107;107m_[48;2;148;148;148m_[48;2;147;147;147m_[38;2;219;219;219;48;2;92;92;92m~[38;2;151;151;151;48;2;44;44;44m~[38;2;68;68;68;48;2;33;33;33m_[0m
[38;2;77;77;77;48;2;31;31;31m~[38;2;11;11;11;48;2;3;3;3m~[48;2;0;0;0m                [38;2;18;18;18;48;2;5;5;5m_[38;2;37;37;37;48;2;9;9;9m_[38;2;3;3;3;48;2;1;1;1m.[48;2;0;0;0m                                                  [38;2;0;0;0;48;2;1;1;1m:[38;2;46;46;46;48;2;22;22;22m"[38;2;27;27;27;48;2;88;88;88my[38;2;38;38;38;48;2;79;79;79my[38;2;39;39;39;48;2;18;18;18m~[48;2;0;0;0m      [38;2;0;0;0;48;2;5;5;5m:[38;2;94;94;94;48;2;36;36;36m~[38;2;23;23;23;48;2;99;99;99my[38;2;105;105;105;48;2;38;38;38m~[38;2;24;24;24;48;2;6;6;6m'[48;2;0;0;0m        [38;2;0;0;0;48;2;4;4;4m:[38;2;87;87;87;48;2;64;64;64m7[48;2;173;173;173m_[38;2;75;75;75;48;2;150;150;150m_[38;2;83;83;83;48;2;47;47;47mF[48;2;0;0;0m         [38;2;45;45;45;48;2;6;6;6m`[38;2;60;60;60;48;2;9;9;9m`[38;2;35;35;35;48;2;4;4;4m`[38;2;1;1;1;48;2;0;0;0m``~   [38;2;19;19;19;48;2;9;9;9m~[38;2;10;10;10;48;2;41;41;41my[0m
[7m[38;2;0;0;0m [0m[38;2;0;0;0;48;2;0;0;0m                [38;2;1;1;1;48;2;7;7;7m`[38;2;63;63;63;48;2;41;41;41my[38;2;102;102;102;48;2;64;64;64m_[38;2;6;6;6;48;2;13;13;13m`[48;2;0;0;0m                                                   [38;2;0;0;0;48;2;18;18;18m`[38;2;43;43;43;48;2;113;113;113m~[38;2;102;102;102;48;2;189;189;189m~[38;2;80;80;80;48;2;139;139;139m~[38;2;64;64;64;48;2;33;33;33mL[48;2;0;0;0m       [38;2;1;1;1m"`                                 [38;2;0;0;0;48;2;2;2;2m.[0m
[7m[38;2;0;0;0m [0m[38;2;0;0;0;48;2;0;0;0m                [38;2;6;6;6;48;2;1;1;1m`[38;2;22;22;22;48;2;60;60;60mL[38;2;59;59;59;48;2;96;96;96m_[38;2;37;37;37;48;2;27;27;27mw[48;2;0;0;0m                   [38;2;26;26;26;48;2;11;11;11m_[38;2;103;103;103;48;2;40;40;40m_[38;2;153;153;153;48;2;43;43;43m_[38;2;55;55;55;48;2;15;15;15m,[38;2;0;0;0;48;2;1;1;1m:[48;2;0;0;0m                         [48;2;9;9;9m:[38;2;135;135;135;48;2;48;48;48m_[38;2;194;194;194;48;2;71;71;71m_[38;2;111;111;111;48;2;61;61;61m`[38;2;126;126;126;48;2;49;49;49m~[38;2;86;86;86;48;2;35;35;35m~[38;2;28;28;28;48;2;10;10;10m,[38;2;1;1;1;48;2;0;0;0m.                                          [0m
[7m[38;2;0;0;0m [0m[38;2;0;0;0;48;2;0;0;0m       [38;2;12;12;12;48;2;3;3;3m_[38;2;52;52;52;48;2;16;16;16m_[38;2;77;77;77;48;2;25;25;25m_[38;2;67;67;67;48;2;19;19;19m_[38;2;14;14;14;48;2;3;3;3m,[48;2;0;0;0m     [38;2;13;13;13;48;2;3;3;3m`[38;2;31;31;31;48;2;7;7;7m~[38;2;17;17;17;48;2;4;4;4m"[48;2;0;0;0m                   [38;2;24;24;24;48;2;9;9;9m"[38;2;45;45;45;48;2;92;92;92mL[38;2;129;129;129;48;2;178;178;178m_[38;2;133;133;133;48;2;94;94;94m=[38;2;29;29;29;48;2;13;13;13mL[38;2;1;1;1;48;2;0;0;0m=                    [38;2;32;32;32;48;2;5;5;5m_[38;2;39;39;39;48;2;4;4;4m_[38;2;0;0;0;48;2;1;1;1m`[48;2;0;0;0m [48;2;14;14;14m:[38;2;137;137;137;48;2;72;72;72m~[38;2;199;199;199;48;2;85;85;85m~[38;2;118;118;118;48;2;60;60;60m~[38;2;184;184;184;48;2;132;132;132m=[38;2;135;135;135;48;2;185;185;185m~[38;2;115;115;115;48;2;72;72;72mL[38;2;12;12;12;48;2;5;5;5mL[48;2;0;0;0m       [38;2;0;0;0;48;2;5;5;5m:[38;2;85;85;85;48;2;45;45;45my[38;2;131;131;131;48;2;59;59;59my[38;2;62;62;62;48;2;26;26;26mw[38;2;3;3;3;48;2;0;0;0m,                              [0m
[7m[38;2;0;0;0m [0m[38;2;0;0;0;48;2;0;0;0m       [38;2;56;56;56;48;2;20;20;20m_[38;2;154;154;154;48;2;81;81;81m_[38;2;220;220;220;48;2;127;127;127m_[38;2;202;202;202;48;2;115;115;115m_[38;2;123;123;123;48;2;48;48;48m_[38;2;0;0;0;48;2;1;1;1m:[48;2;0;0;0m                           [38;2;37;37;37;48;2;6;6;6m`[38;2;80;80;80;48;2;12;12;12m~[38;2;35;35;35;48;2;5;5;5m~[48;2;0;0;0m                     [38;2;0;0;0;48;2;4;4;4m:[38;2;57;57;57;48;2;42;42;42m4[38;2;134;134;134;48;2;99;99;99ma[38;2;75;75;75;48;2;39;39;39mL[38;2;23;23;23;48;2;3;3;3m,[48;2;0;0;0m   [38;2;0;0;0;48;2;1;1;1m:[38;2;57;57;57;48;2;11;11;11m"[38;2;95;95;95;48;2;15;15;15m~[38;2;47;47;47;48;2;6;6;6m~[38;2;3;3;3;48;2;0;0;0m'       [38;2;0;0;0;48;2;1;1;1m:[38;2;57;57;57;48;2;13;13;13m~[38;2;99;99;99;48;2;22;22;22m~[38;2;66;66;66;48;2;12;12;12m`[38;2;1;1;1;48;2;0;0;0m~                              [0m
[7m[38;2;0;0;0m [0m[38;2;0;0;0;48;2;0;0;0m       [38;2;52;52;52;48;2;19;19;19m~[38;2;156;156;156;48;2;75;75;75m~[38;2;61;61;61;48;2;152;152;152my[38;2;218;218;218;48;2;104;104;104m~[38;2;139;139;139;48;2;49;49;49m~[38;2;0;0;0;48;2;2;2;2m:[48;2;0;0;0m                                                    [48;2;9;9;9m:[38;2;108;108;108;48;2;37;37;37m~[38;2;89;89;89;48;2;40;40;40m~[38;2;25;25;25;48;2;9;9;9m~[48;2;0;0;0m                                                  [0m
[7m[38;2;0;0;0m [0m[38;2;0;0;0;48;2;0;0;0m                                                     [48;2;5;5;5m`[38;2;44;44;44;48;2;12;12;12m_[38;2;65;65;65;48;2;23;23;23m_[38;2;75;75;75;48;2;21;21;21m_[38;2;53;53;53;48;2;8;8;8m_[38;2;3;3;3;48;2;1;1;1m.[48;2;0;0;0m        [38;2;0;0;0;48;2;3;3;3m:[38;2;2;2;2;48;2;33;33;33m`[38;2;151;151;151;48;2;51;51;51m_[38;2;108;108;108;48;2;26;26;26m_[38;2;26;26;26;48;2;4;4;4m_[48;2;0;0;0m                                [38;2;1;1;1m.[38;2;38;38;38;48;2;19;19;19my[38;2;105;105;105;48;2;50;50;50my[38;2;196;196;196;48;2;73;73;73m_[38;2;138;138;138;48;2;42;42;42m_[38;2;29;29;29;48;2;3;3;3m_[48;2;0;0;0m         [0m
[7m[38;2;0;0;0m [0m[38;2;0;0;0;48;2;0;0;0m                 [48;2;3;3;3m`[38;2;46;46;46;48;2;22;22;22my[38;2;76;76;76;48;2;42;42;42my[38;2;58;58;58;48;2;30;30;30my[38;2;0;0;0;48;2;4;4;4m`[48;2;0;0;0m                               [38;2;2;2;2;48;2;10;10;10m:[38;2;62;62;62;48;2;41;41;41m4[38;2;6;6;6;48;2;100;100;100m_[38;2;0;0;0;48;2;113;113;113m_[48;2;70;70;70m_[38;2;20;20;20;48;2;10;10;10mL[48;2;0;0;0m     [38;2;0;0;0;48;2;1;1;1m:[38;2;47;47;47;48;2;7;7;7m_[38;2;59;59;59m_[38;2;14;14;14;48;2;2;2;2m,[38;2;44;44;44;48;2;16;16;16m"[38;2;158;158;158;48;2;62;62;62m~[38;2;125;125;125;48;2;50;50;50m~[38;2;34;34;34;48;2;13;13;13m^[48;2;0;0;0m                                 [38;2;43;43;43;48;2;24;24;24m"[38;2;46;46;46;48;2;108;108;108m_[38;2;108;108;108;48;2;194;194;194m_[38;2;169;169;169;48;2;180;180;180m"[38;2;119;119;119;48;2;76;76;76mL[38;2;1;1;1;48;2;0;0;0m,        [0m
[7m[38;2;0;0;0m [0m[38;2;0;0;0;48;2;0;0;0m       [38;2;1;1;1m_[38;2;10;10;10m_[38;2;13;13;13;48;2;1;1;1m_[38;2;1;1;1;48;2;0;0;0m.      [38;2;65;65;65;48;2;22;22;22m_[38;2;157;157;157;48;2;82;82;82m_[38;2;171;171;171;48;2;117;117;117my[38;2;126;126;126;48;2;93;93;93my[38;2;3;3;3;48;2;11;11;11m`[48;2;0;0;0m                               [38;2;1;1;1m`[38;2;2;2;2m`[38;2;5;5;5m`        [38;2;30;30;30;48;2;18;18;18m4[38;2;129;129;129;48;2;108;108;108mu[38;2;216;216;216;48;2;163;163;163mg[38;2;115;115;115;48;2;66;66;66mL[38;2;29;29;29;48;2;7;7;7m,[38;2;1;1;1;48;2;0;0;0m,                                   [38;2;5;5;5m`[38;2;36;36;36;48;2;5;5;5m`[38;2;69;69;69;48;2;12;12;12m~[38;2;115;115;115;48;2;31;31;31m~[38;2;84;84;84;48;2;20;20;20m~[38;2;3;3;3;48;2;1;1;1m'[48;2;0;0;0m        [0m
[7m[38;2;0;0;0m [0m[38;2;0;0;0;48;2;0;0;0m       [38;2;45;45;45;48;2;18;18;18my[38;2;119;119;119;48;2;70;70;70my[38;2;160;160;160;48;2;87;87;87m_[38;2;2;2;2;48;2;17;17;17m`[48;2;0;0;0m     [38;2;1;1;1m"[38;2;63;63;63;48;2;24;24;24m~[38;2;163;163;163;48;2;56;56;56m~[38;2;193;193;193;48;2;62;62;62m~[38;2;110;110;110;48;2;33;33;33m~[38;2;0;0;0;48;2;3;3;3m:[48;2;0;0;0m                                          [48;2;8;8;8m:[38;2;105;105;105;48;2;63;63;63m"[38;2;2;2;2;48;2;171;171;171m_[38;2;112;112;112;48;2;64;64;64mF[38;2;29;29;29;48;2;8;8;8m~[38;2;1;1;1;48;2;0;0;0m"                       [38;2;6;6;6;48;2;2;2;2m.[38;2;37;37;37;48;2;9;9;9m_[38;2;48;48;48;48;2;11;11;11m_[38;2;42;42;42;48;2;6;6;6m_[38;2;19;19;19;48;2;1;1;1m_[38;2;3;3;3;48;2;0;0;0m_                    [0m
[7m[38;2;0;0;0m [0m[38;2;0;0;0;48;2;0;0;0m      [38;2;1;1;1m.[38;2;50;50;50;48;2;72;72;72mF[38;2;149;149;149;48;2;177;177;177mF[38;2;178;178;178;48;2;192;192;192m4[38;2;80;80;80;48;2;50;50;50mw[38;2;0;0;0;48;2;1;1;1m:[48;2;0;0;0m                                                     [38;2;1;1;1m`[38;2;2;2;2m`                          [38;2;5;5;5;48;2;1;1;1m`[38;2;22;22;22;48;2;6;6;6m"[38;2;11;11;11;48;2;37;37;37my[38;2;0;0;0;48;2;64;64;64m_[38;2;75;75;75;48;2;58;58;58m?[38;2;36;36;36;48;2;22;22;22mF[38;2;3;3;3;48;2;1;1;1m.[48;2;0;0;0m                   [0m
[7m[38;2;0;0;0m [0m[38;2;0;0;0;48;2;0;0;0m       [38;2;106;106;106;48;2;65;65;65m4[38;2;20;20;20;48;2;171;171;171m_[38;2;14;14;14;48;2;169;169;169m_[38;2;100;100;100;48;2;36;36;36m~[38;2;0;0;0;48;2;1;1;1m:[38;2;1;1;1;48;2;0;0;0m`                                                                                    [38;2;8;8;8m`[38;2;4;4;4m`                    [0m
[7m[38;2;0;0;0m [0m[38;2;0;0;0;48;2;0;0;0m       [38;2;4;4;4m`[38;2;10;10;10;48;2;2;2;2m"[38;2;7;7;7;48;2;1;1;1m~[48;2;0;0;0m                                                                                                             [0m
[7m[38;2;0;0;0m [0m[38;2;0;0;0;48;2;0;0;0m                                                                                                                       [0m
[?25h