[?25l[0m[7m[38;2;0;0;0m [0m[38;2;0;0;0;48;2;0;0;0m                                                                                                                       [0m
[7m[38;2;0;0;0m [0m[38;2;0;0;0;48;2;0;0;0m                                                                                                                       [0m
[7m[38;2;0;0;0m [0m[38;2;0;0;0;48;2;0;0;0m                                                                                                                       [0m
[7m[38;2;0;0;0m [0m[38;2;0;0;0;48;2;0;0;0m                                                                                                                       [0m
[7m[38;2;0;0;0m [0m[38;2;0;0;0;48;2;0;0;0m                                                                                                                       [0m
[7m[38;2;0;0;0m [0m[38;2;0;0;0;48;2;0;0;0m                                                                                                                       [0m
[7m[38;2;0;0;0m [0m[38;2;0;0;0;48;2;0;0;0m                                                                                                                       [0m
[7m[38;2;0;0;0m [0m[38;2;0;0;0;48;2;0;0;0m                                                                                                                       [0m
[7m[38;2;0;0;0m [0m[38;2;0;0;0;48;2;0;0;0m                                                                                                                       [0m
[7m[38;2;0;0;0m [0m[38;2;0;0;0;48;2;0;0;0m                                                                                                                       [0m
[7m[38;2;0;0;0m [0m[38;2;0;0;0;48;2;0;0;0m                                                                                                                       [0m
[7m[38;2;0;0;0m [0m[38;2;0;0;0;48;2;0;0;0m                                                                                                                       [0m
[7m[38;2;0;0;0m [0m[38;2;0;0;0;48;2;0;0;0m                                                                                                                       [0m
[7m[38;2;0;0;0m [0m[38;2;0;0;0;48;2;0;0;0m                                                         [48;2;5;5;5m`[38;2;88;88;88;48;2;9;9;9m_[38;2;67;67;67m_[38;2;60;60;60;48;2;8;8;8m_[38;2;17;17;17;48;2;3;3;3m,[38;2;1;1;1;48;2;0;0;0m.                                                        [0m
[7m[38;2;0;0;0m [0m[38;2;0;0;0;48;2;0;0;0m                                                       [38;2;1;1;1m_[38;2;0;0;0;48;2;8;8;8m:[38;2;98;98;98;48;2;75;75;75mu[38;2;126;126;126;48;2;206;206;206m~[38;2;102;102;102;48;2;194;194;194m~[38;2;196;196;196;48;2;129;129;129m_[38;2;84;84;84;48;2;59;59;59mL[38;2;24;24;24;48;2;10;10;10m,[48;2;0;0;0m                                                        [0m
[7m[38;2;0;0;0m [0m[38;2;0;0;0;48;2;0;0;0m                                                        [48;2;9;9;9m:[38;2;109;109;109;48;2;81;81;81m4[38;2;220;220;220;48;2;234;234;234m,[38;2;253;253;253;48;2;251;251;251m'[38;2;217;217;217;48;2;237;237;237m"[38;2;181;181;181;48;2;148;148;148mL[38;2;65;65;65;48;2;41;41;41mL[38;2;0;0;0;48;2;2;2;2m`[48;2;0;0;0m                                                       [0m
[7m[38;2;0;0;0m [0m[38;2;0;0;0;48;2;0;0;0m                                                        [38;2;1;1;1m:[38;2;0;0;0;48;2;37;37;37m:[38;2;99;99;99;48;2;159;159;159m_[38;2;252;252;252;48;2;242;242;242m`[38;2;246;246;246;48;2;248;248;248m.[38;2;250;250;250;48;2;233;233;233m:[38;2;156;156;156;48;2;106;106;106mL[38;2;62;62;62;48;2;19;19;19m,[48;2;0;0;0m                                                       [0m
[7m[38;2;0;0;0m [0m[38;2;0;0;0;48;2;0;0;0m                                                         [48;2;3;3;3m:[38;2;76;76;76;48;2;56;56;56m4[38;2;157;157;157;48;2;204;204;204m_[38;2;250;250;250;48;2;247;247;247m:[38;2;254;254;254;48;2;248;248;248m'[38;2;189;189;189;48;2;210;210;210m~[38;2;100;100;100;48;2;57;57;57mL[38;2;0;0;0;48;2;2;2;2m`[48;2;0;0;0m                                                      [0m
[7m[38;2;0;0;0m [0m[38;2;0;0;0;48;2;0;0;0m                                                        [48;2;3;3;3m:[38;2;80;80;80;48;2;27;27;27m_[38;2;196;196;196;48;2;92;92;92m_[38;2;122;122;122;48;2;188;188;188m~[38;2;251;251;251;48;2;244;244;244m`[38;2;247;247;247;48;2;248;248;248m:[38;2;253;253;253;48;2;240;240;240m:[38;2;148;148;148;48;2;115;115;115mL[38;2;38;38;38;48;2;20;20;20mL[38;2;1;1;1;48;2;0;0;0mg                                                     [0m
[7m[38;2;0;0;0m [0m[38;2;0;0;0;48;2;0;0;0m                                                       [48;2;2;2;2m:[38;2;66;66;66;48;2;36;36;36m_[38;2;154;154;154;48;2;126;126;126my[38;2;204;204;204;48;2;221;221;221m~[38;2;252;252;252;48;2;247;247;247m`[38;2;250;250;250;48;2;251;251;251m~[38;2;251;251;251;48;2;250;250;250m_[38;2;254;254;254;48;2;241;241;241m:[38;2;143;143;143;48;2;116;116;116mF[38;2;36;36;36;48;2;20;20;20mF[38;2;1;1;1;48;2;0;0;0m:                                                     [0m
[7m[38;2;0;0;0m [0m[38;2;0;0;0;48;2;0;0;0m                                                      [48;2;5;5;5m`[38;2;61;61;61;48;2;37;37;37my[38;2;91;91;91;48;2;119;119;119mF[38;2;175;175;175;48;2;202;202;202m~[38;2;251;251;251;48;2;247;247;247m:[48;2;251;251;251m [48;2;250;250;250m`[38;2;253;253;253;48;2;248;248;248m:[38;2;149;149;149;48;2;210;210;210m_[38;2;99;99;99;48;2;59;59;59mF[38;2;14;14;14;48;2;3;3;3m~[38;2;1;1;1;48;2;0;0;0m`                                                     [0m
[7m[38;2;0;0;0m [0m[38;2;0;0;0;48;2;0;0;0m                                                     [48;2;2;2;2m:[38;2;54;54;54;48;2;36;36;36m4[38;2;94;94;94;48;2;124;124;124m~[38;2;162;162;162;48;2;195;195;195m~[38;2;229;229;229;48;2;240;240;240m"[38;2;253;253;253;48;2;251;251;251m`[38;2;250;250;250m_[38;2;254;254;254;48;2;248;248;248m:[38;2;154;154;154;48;2;216;216;216m_[38;2;114;114;114;48;2;70;70;70mF[38;2;28;28;28;48;2;6;6;6m~[38;2;1;1;1;48;2;0;0;0m"                                                      [0m
[7m[38;2;0;0;0m [0m[38;2;0;0;0;48;2;0;0;0m                                                      [38;2;14;14;14;48;2;4;4;4m`[38;2;72;72;72;48;2;27;27;27m~[38;2;59;59;59;48;2;118;118;118my[38;2;103;103;103;48;2;204;204;204m_[38;2;158;158;158;48;2;237;237;237m_[38;2;171;171;171;48;2;236;236;236m_[38;2;85;85;85;48;2;186;186;186m_[38;2;124;124;124;48;2;57;57;57m~[38;2;26;26;26;48;2;5;5;5m~[48;2;0;0;0m                                                        [0m
[7m[38;2;0;0;0m [0m[38;2;0;0;0;48;2;0;0;0m                                                         [38;2;22;22;22;48;2;6;6;6m"[38;2;86;86;86;48;2;23;23;23m~[38;2;115;115;115;48;2;29;29;29m~[38;2;40;40;40;48;2;8;8;8m~[48;2;0;0;0m                                                          [0m
[7m[38;2;0;0;0m [0m[38;2;0;0;0;48;2;0;0;0m                                                                                                                       [0m
[7m[38;2;0;0;0m [0m[38;2;0;0;0;48;2;0;0;0m                                                                                                                       [0m
[7m[38;2;0;0;0m [0m[38;2;0;0;0;48;2;0;0;0m                                                                                                                       [0m
[7m[38;2;0;0;0m [0m[38;2;0;0;0;48;2;0;0;0m                                                                                                                       [0m
[7m[38;2;0;0;0m [0m[38;2;0;0;0;48;2;0;0;0m                                                                                                                       [0m
[7m[38;2;0;0;0m [0m[38;2;0;0;0;48;2;0;0;0m                                                                                                                       [0m
[7m[38;2;0;0;0m [0m[38;2;0;0;0;48;2;0;0;0m                                                                                                                       [0m
[7m[38;2;0;0;0m [0m[38;2;0;0;0;48;2;0;0;0m                                                                                                                       [0m
[7m[38;2;0;0;0m [0m[38;2;0;0;0;48;2;0;0;0m                                                                                                                       [0m
[7m[38;2;0;0;0m [0m[38;2;0;0;0;48;2;0;0;0m                                                                                                                       [0m
[7m[38;2;0;0;0m [0m[38;2;0;0;0;48;2;0;0;0m                                                                                                                       [0m
[7m[38;2;0;0;0m [0m[38;2;0;0;0;48;2;0;0;0m                                                                                                                       [0m
[?25h