[?25l[0m[7m[38;2;252;252;252m [0m[38;2;0;0;0;48;2;252;252;252m                                                                                                                       [0m
[7m[38;2;252;252;252m [0m[38;2;0;0;0;48;2;252;252;252m                                                                                                                       [0m
[7m[38;2;252;252;252m [0m[38;2;0;0;0;48;2;252;252;252m                                                                                                                       [0m
[7m[38;2;252;252;252m [0m[38;2;0;0;0;48;2;252;252;252m                                                                                                                       [0m
[7m[38;2;252;252;252m [0m[38;2;0;0;0;48;2;252;252;252m                                                                                                                       [0m
[7m[38;2;252;252;252m [0m[38;2;0;0;0;48;2;252;252;252m                             [38;2;252;252;252;48;2;251;251;251m:.[48;2;252;252;252m  [48;2;251;251;251m.    .[48;2;252;252;252m                                                                                [0m
[7m[38;2;252;252;252m [0m[38;2;0;0;0;48;2;252;252;252m                           [38;2;252;252;252;48;2;251;251;251m:`[48;2;247;247;247m`[38;2;169;169;169;48;2;237;237;237m_[38;2;182;182;182;48;2;240;240;240m_[38;2;239;239;239;48;2;249;249;249m_[38;2;202;202;202;48;2;243;243;243m_[38;2;151;151;151;48;2;233;233;233m_[38;2;113;113;113;48;2;228;228;228m_[38;2;107;107;107;48;2;227;227;227m_[38;2;127;127;127;48;2;230;230;230m_[38;2;193;193;193;48;2;241;241;241m_[38;2;254;254;254;48;2;251;251;251m.[38;2;253;253;253;48;2;252;252;252m,[48;2;251;251;251m [48;2;252;252;252m                                                                             [0m
[7m[38;2;252;252;252m [0m[38;2;0;0;0;48;2;252;252;252m                          [38;2;252;252;252;48;2;251;251;251m: [48;2;247;247;247m'[38;2;168;168;168;48;2;206;206;206m_[38;2;131;131;131;48;2;54;54;54m~[38;2;135;135;135;48;2;49;49;49m~[38;2;176;176;176;48;2;54;54;54m~[38;2;146;146;146;48;2;28;28;28m~[38;2;108;108;108;48;2;19;19;19m~[38;2;80;80;80;48;2;14;14;14m~[38;2;74;74;74;48;2;13;13;13m~[38;2;86;86;86;48;2;16;16;16m~[38;2;135;135;135;48;2;33;33;33m~[38;2;192;192;192;48;2;86;86;86m~[38;2;89;89;89;48;2;194;194;194m_[38;2;201;201;201;48;2;245;245;245m_[38;2;253;253;253;48;2;251;251;251m.[38;2;252;252;252m:[48;2;252;252;252m                                                                           [0m
[7m[38;2;252;252;252m [0m[38;2;0;0;0;48;2;252;252;252m                          [48;2;251;251;251m  [38;2;239;239;239;48;2;227;227;227m`[38;2;152;152;152;48;2;106;106;106m~[38;2;0;0;0;48;2;12;12;12m:[38;2;1;1;1;48;2;0;0;0m~"      [38;2;5;5;5;48;2;1;1;1m`[38;2;59;59;59;48;2;15;15;15m`[38;2;138;138;138;48;2;68;68;68m~[38;2;103;103;103;48;2;184;184;184m_[38;2;252;252;252;48;2;248;248;248m'[38;2;254;254;254;48;2;252;252;252m_[38;2;253;253;253m.                                                                         [0m
[7m[38;2;252;252;252m [0m[38;2;0;0;0;48;2;252;252;252m                          [38;2;252;252;252;48;2;251;251;251m:[48;2;252;252;252m [38;2;238;238;238;48;2;225;225;225m:[38;2;180;180;180;48;2;88;88;88m_[38;2;85;85;85;48;2;15;15;15m_[38;2;0;0;0;48;2;3;3;3m`[48;2;0;0;0m        [38;2;1;1;1m`[38;2;4;4;4;48;2;1;1;1m`[38;2;78;78;78;48;2;41;41;41m"[38;2;75;75;75;48;2;159;159;159m_[38;2;216;216;216;48;2;242;242;242m_[48;2;252;252;252m [48;2;251;251;251m [48;2;252;252;252m                                                                        [0m
[7m[38;2;252;252;252m [0m[38;2;0;0;0;48;2;252;252;252m                          [38;2;252;252;252;48;2;251;251;251m:[48;2;252;252;252m [38;2;248;248;248;48;2;251;251;251m`[38;2;209;209;209;48;2;241;241;241m`[38;2;130;130;130;48;2;199;199;199m~[38;2;107;107;107;48;2;73;73;73mr[38;2;0;0;0;48;2;7;7;7m:[48;2;0;0;0m         [38;2;1;1;1m`[38;2;37;37;37;48;2;66;66;66ml[38;2;182;182;182;48;2;196;196;196mF[38;2;246;246;246;48;2;249;249;249mL[38;2;249;249;249;48;2;250;250;250m:[38;2;252;252;252;48;2;251;251;251m:[48;2;252;252;252m                                                                       [0m
[7m[38;2;252;252;252m [0m[38;2;0;0;0;48;2;252;252;252m                            [38;2;252;252;252;48;2;251;251;251m:`[38;2;236;236;236;48;2;245;245;245m`[38;2;151;151;151;48;2;205;205;205m~[38;2;185;185;185;48;2;78;78;78m_[38;2;0;0;0;48;2;16;16;16m'[48;2;2;2;2m`[38;2;3;3;3;48;2;0;0;0m_    [38;2;27;27;27;48;2;4;4;4m_[38;2;69;69;69;48;2;7;7;7m_[38;2;94;94;94;48;2;22;22;22m_[38;2;71;71;71;48;2;125;125;125mF[38;2;208;208;208;48;2;229;229;229m^[38;2;254;254;254;48;2;251;251;251m'[38;2;250;250;250m`[38;2;252;252;252m:[48;2;252;252;252m                                                                       [0m
[7m[38;2;252;252;252m [0m[38;2;0;0;0;48;2;252;252;252m                            [38;2;252;252;252;48;2;251;251;251m:[38;2;250;250;250m,[38;2;248;248;248;48;2;249;249;249m.[38;2;175;175;175;48;2;239;239;239m_[38;2;67;67;67;48;2;201;201;201m_[38;2;94;94;94;48;2;68;68;68mF[38;2;3;3;3;48;2;12;12;12m:[38;2;7;7;7;48;2;2;2;2m~[48;2;0;0;0m  [38;2;35;35;35;48;2;16;16;16my[38;2;123;123;123;48;2;66;66;66my[38;2;48;48;48;48;2;160;160;160m~[38;2;105;105;105;48;2;207;207;207m~[38;2;130;130;130;48;2;222;222;222m~[38;2;213;213;213;48;2;243;243;243m~[38;2;254;254;254;48;2;251;251;251m`[38;2;252;252;252m:[48;2;252;252;252m                                                                         [0m
[7m[38;2;252;252;252m [0m[38;2;0;0;0;48;2;252;252;252m                           [38;2;252;252;252;48;2;251;251;251m: [38;2;247;247;247m_[38;2;223;223;223;48;2;243;243;243m_[38;2;153;153;153;48;2;186;186;186m_[38;2;63;63;63;48;2;37;37;37mL[38;2;0;0;0;48;2;1;1;1m:[48;2;0;0;0m    [38;2;38;38;38;48;2;8;8;8m`[38;2;121;121;121;48;2;70;70;70m~[38;2;134;134;134;48;2;195;195;195m_[38;2;253;253;253;48;2;248;248;248m:[38;2;251;251;251;48;2;250;250;250m`[38;2;252;252;252;48;2;251;251;251m:[48;2;252;252;252m                                                                           [0m
[7m[38;2;252;252;252m [0m[38;2;0;0;0;48;2;252;252;252m                          [38;2;252;252;252;48;2;251;251;251m:[38;2;248;248;248m_[38;2;251;251;251;48;2;244;244;244m`[38;2;122;122;122;48;2;207;207;207m_[38;2;194;194;194;48;2;85;85;85m~[38;2;108;108;108;48;2;20;20;20m`[38;2;12;12;12;48;2;2;2;2m`[48;2;0;0;0m      [38;2;18;18;18;48;2;4;4;4m`[38;2;116;116;116;48;2;66;66;66m`[38;2;123;123;123;48;2;195;195;195m_[38;2;254;254;254;48;2;249;249;249m.[38;2;250;250;250;48;2;251;251;251m*[38;2;252;252;252m:[48;2;252;252;252m                                                                          [0m
[7m[38;2;252;252;252m [0m[38;2;0;0;0;48;2;252;252;252m                         [38;2;252;252;252;48;2;251;251;251m:[38;2;249;249;249m_[48;2;236;236;236m'[38;2;107;107;107;48;2;180;180;180my[38;2;97;97;97;48;2;37;37;37m~[38;2;0;0;0;48;2;3;3;3m`[38;2;2;2;2;48;2;0;0;0m`       ,[38;2;29;29;29;48;2;21;21;21mu[38;2;99;99;99;48;2;125;125;125ml[38;2;254;254;254;48;2;242;242;242m`[38;2;249;249;249;48;2;251;251;251m,[38;2;252;252;252m:[48;2;252;252;252m                                                                          [0m
[7m[38;2;252;252;252m [0m[38;2;0;0;0;48;2;252;252;252m                        [38;2;252;252;252;48;2;251;251;251m: [38;2;249;249;249;48;2;245;245;245m'[38;2;176;176;176;48;2;199;199;199m4[38;2;58;58;58;48;2;34;34;34mL[38;2;0;0;0;48;2;1;1;1m`[48;2;0;0;0m         [38;2;1;1;1m`[38;2;12;12;12;48;2;4;4;4m`[38;2;46;46;46;48;2;83;83;83mF[38;2;178;178;178;48;2;203;203;203m+[38;2;254;254;254;48;2;249;249;249m:[48;2;251;251;251m [48;2;252;252;252m                                                                          [0m
[7m[38;2;252;252;252m [0m[38;2;0;0;0;48;2;252;252;252m                           [38;2;232;232;232;48;2;245;245;245m`[38;2;146;146;146;48;2;217;217;217m~[38;2;201;201;201;48;2;130;130;130my[38;2;70;70;70;48;2;38;38;38m,[38;2;0;0;0;48;2;2;2;2m:[38;2;1;1;1;48;2;0;0;0m,       `[38;2;83;83;83;48;2;42;42;42m`[38;2;121;121;121;48;2;165;165;165mw[38;2;254;254;254;48;2;245;245;245m`[38;2;250;250;250;48;2;251;251;251m=[38;2;252;252;252m:[48;2;252;252;252m                                                                         [0m
[7m[38;2;252;252;252m [0m[38;2;0;0;0;48;2;252;252;252m                           [48;2;251;251;251m  [38;2;214;214;214;48;2;223;223;223m4[38;2;79;79;79;48;2;66;66;66mr[38;2;0;0;0;48;2;4;4;4m:[38;2;1;1;1;48;2;0;0;0m^    [38;2;0;0;0;48;2;2;2;2m`[38;2;17;17;17;48;2;8;8;8my[38;2;12;12;12;48;2;5;5;5m_[48;2;0;0;0m [38;2;4;4;4;48;2;2;2;2m`[38;2;78;78;78;48;2;54;54;54m4[38;2;136;136;136;48;2;188;188;188m_[38;2;253;253;253;48;2;248;248;248m'[48;2;250;250;250m [38;2;252;252;252;48;2;251;251;251m:[48;2;252;252;252m                                                                        [0m
[7m[38;2;252;252;252m [0m[38;2;0;0;0;48;2;252;252;252m                          [48;2;251;251;251m [38;2;251;251;251;48;2;250;250;250m`[38;2;204;204;204;48;2;235;235;235m_[38;2;86;86;86;48;2;159;159;159my[38;2;0;0;0;48;2;20;20;20m:[48;2;0;0;0m      [48;2;1;1;1m:[38;2;14;14;14;48;2;3;3;3m~[38;2;9;9;9;48;2;2;2;2m"[48;2;0;0;0m [38;2;0;0;0;48;2;2;2;2m.[38;2;90;90;90;48;2;46;46;46m_[38;2;131;131;131;48;2;176;176;176mF[38;2;254;254;254;48;2;246;246;246m:[48;2;250;250;250m [38;2;252;252;252;48;2;251;251;251m:[48;2;252;252;252m                                                                        [0m
[7m[38;2;252;252;252m [0m[38;2;0;0;0;48;2;252;252;252m                         [48;2;251;251;251m [38;2;250;250;250m.[38;2;242;242;242;48;2;231;231;231m`[38;2;168;168;168;48;2;132;132;132m~[38;2;0;0;0;48;2;19;19;19m:[38;2;1;1;1;48;2;0;0;0m:         [38;2;0;0;0;48;2;2;2;2m`[38;2;82;82;82;48;2;47;47;47my[38;2;103;103;103;48;2;182;182;182m~[38;2;239;239;239;48;2;246;246;246m`[38;2;252;252;252;48;2;250;250;250m`[48;2;251;251;251m:[48;2;252;252;252m                                                                         [0m
[7m[38;2;252;252;252m [0m[38;2;0;0;0;48;2;252;252;252m                        [38;2;252;252;252;48;2;251;251;251m.[38;2;250;250;250m_[38;2;251;251;251;48;2;243;243;243m`[38;2;130;130;130;48;2;192;192;192m_[38;2;92;92;92;48;2;40;40;40m~[38;2;0;0;0;48;2;3;3;3m`[48;2;0;0;0m         [38;2;1;1;1m^[38;2;65;65;65;48;2;42;42;42my[38;2;112;112;112;48;2;171;171;171m~[38;2;254;254;254;48;2;247;247;247m:[38;2;249;249;249;48;2;251;251;251ms[38;2;252;252;252m:[48;2;252;252;252m                                                                          [0m
[7m[38;2;252;252;252m [0m[38;2;0;0;0;48;2;252;252;252m                        [48;2;251;251;251m [38;2;252;252;252;48;2;250;250;250m_[38;2;237;237;237;48;2;225;225;225m:[38;2;123;123;123;48;2;108;108;108mF[38;2;19;19;19;48;2;9;9;9mL[38;2;1;1;1;48;2;0;0;0m.          [38;2;49;49;49;48;2;37;37;37m4[38;2;138;138;138;48;2;155;155;155m$[38;2;241;241;241;48;2;246;246;246mL[38;2;250;250;250;48;2;251;251;251m_[48;2;252;252;252m                                                                           [0m
[7m[38;2;252;252;252m [0m[38;2;0;0;0;48;2;252;252;252m                       [48;2;251;251;251m [38;2;252;252;252m`[48;2;238;238;238m`[38;2;134;134;134;48;2;174;174;174my[38;2;0;0;0;48;2;26;26;26m:[38;2;1;1;1;48;2;0;0;0m.          `[38;2;27;27;27;48;2;10;10;10m"[38;2;48;48;48;48;2;101;101;101mL[38;2;175;175;175;48;2;221;221;221m_[38;2;254;254;254;48;2;250;250;250m:[38;2;249;249;249;48;2;251;251;251m_[38;2;252;252;252m:[48;2;252;252;252m                                                                         [0m
[7m[38;2;252;252;252m [0m[38;2;0;0;0;48;2;252;252;252m                      [38;2;252;252;252;48;2;251;251;251m:'[38;2;251;251;251;48;2;249;249;249m`[38;2;192;192;192;48;2;212;212;212m_[38;2;97;97;97;48;2;52;52;52m~[38;2;0;0;0;48;2;3;3;3m:[38;2;1;1;1;48;2;0;0;0m"           ^[38;2;48;48;48;48;2;22;22;22m`[38;2;83;83;83;48;2;129;129;129mL[38;2;229;229;229;48;2;240;240;240m,[38;2;250;250;250;48;2;251;251;251m~[38;2;252;252;252m:[48;2;252;252;252m                                                                         [0m
[7m[38;2;252;252;252m [0m[38;2;0;0;0;48;2;252;252;252m                      [38;2;252;252;252;48;2;251;251;251m|[38;2;251;251;251;48;2;250;250;250m4[38;2;230;230;230;48;2;235;235;235mu[38;2;172;172;172;48;2;145;145;145mF[38;2;0;0;0;48;2;17;17;17m:[38;2;1;1;1;48;2;0;0;0m,             :[38;2;15;15;15;48;2;52;52;52m.[38;2;124;124;124;48;2;176;176;176m_[38;2;254;254;254;48;2;247;247;247m:[48;2;250;250;250m [38;2;252;252;252;48;2;251;251;251m:[48;2;252;252;252m                                                                        [0m
[7m[38;2;252;252;252m [0m[38;2;0;0;0;48;2;252;252;252m                      [48;2;251;251;251m [38;2;250;250;250mF[38;2;213;213;213;48;2;223;223;223m4[38;2;116;116;116;48;2;83;83;83m~[38;2;0;0;0;48;2;7;7;7m:[38;2;1;1;1;48;2;0;0;0m.             `[38;2;16;16;16;48;2;6;6;6m`[38;2;55;55;55;48;2;95;95;95mi[38;2;196;196;196;48;2;229;229;229m_[38;2;254;254;254;48;2;251;251;251m.[38;2;250;250;250m_[38;2;252;252;252m:[48;2;252;252;252m                                                                       [0m
[7m[38;2;252;252;252m [0m[38;2;0;0;0;48;2;252;252;252m                     [38;2;252;252;252;48;2;251;251;251m:[48;2;252;252;252m [38;2;253;253;253;48;2;249;249;249m`[38;2;197;197;197;48;2;207;207;207my[38;2;18;18;18;48;2;39;39;39m:[38;2;0;0;0;48;2;1;1;1m:[48;2;0;0;0m                [38;2;10;10;10;48;2;39;39;39m.[38;2;120;120;120;48;2;155;155;155mL[38;2;254;254;254;48;2;245;245;245m:[38;2;251;251;251;48;2;250;250;250m_[38;2;252;252;252;48;2;251;251;251m:[48;2;252;252;252m                                                                       [0m
[7m[38;2;252;252;252m [0m[38;2;0;0;0;48;2;252;252;252m                     [48;2;251;251;251m  [38;2;231;231;231;48;2;236;236;236mu[38;2;176;176;176;48;2;149;149;149mF[38;2;0;0;0;48;2;17;17;17m:[38;2;1;1;1;48;2;0;0;0m,               `[38;2;15;15;15;48;2;8;8;8m"[38;2;64;64;64;48;2;104;104;104mi[38;2;232;232;232;48;2;239;239;239m,[38;2;251;251;251;48;2;252;252;252m`[48;2;251;251;251m [48;2;252;252;252m                                                                       [0m
[7m[38;2;252;252;252m [0m[38;2;0;0;0;48;2;252;252;252m                     [38;2;252;252;252;48;2;251;251;251ml[38;2;251;251;251;48;2;250;250;250my[38;2;214;214;214;48;2;224;224;224m4[38;2;121;121;121;48;2;95;95;95m~[38;2;0;0;0;48;2;9;9;9m:[38;2;1;1;1;48;2;0;0;0m:                `[38;2;41;41;41;48;2;76;76;76ml[38;2;197;197;197;48;2;214;214;214mL[38;2;254;254;254;48;2;250;250;250m:[38;2;250;250;250;48;2;251;251;251m:[38;2;252;252;252m:[48;2;252;252;252m                                                                      [0m
[7m[38;2;252;252;252m [0m[38;2;0;0;0;48;2;252;252;252m                     [38;2;252;252;252;48;2;251;251;251m::[38;2;204;204;204;48;2;215;215;215m4[38;2;73;73;73;48;2;50;50;50m~[38;2;0;0;0;48;2;2;2;2m:[38;2;1;1;1;48;2;0;0;0m`                _[38;2;31;31;31;48;2;60;60;60ml[38;2;166;166;166;48;2;186;186;186mL[38;2;244;244;244;48;2;248;248;248mL[38;2;249;249;249;48;2;250;250;250m:[38;2;252;252;252;48;2;251;251;251m:[48;2;252;252;252m                                                                      [0m
[7m[38;2;252;252;252m [0m[38;2;0;0;0;48;2;252;252;252m                    [38;2;252;252;252;48;2;251;251;251m: [38;2;249;249;249;48;2;244;244;244m'[38;2;178;178;178;48;2;188;188;188my[38;2;32;32;32;48;2;21;21;21mL[48;2;0;0;0m                  [38;2;1;1;1m:[38;2;30;30;30;48;2;47;47;47m$[38;2;136;136;136;48;2;157;157;157mi[38;2;241;241;241;48;2;246;246;246mL[38;2;249;249;249;48;2;250;250;250m:[38;2;252;252;252;48;2;251;251;251m:[48;2;252;252;252m                                                                      [0m
[7m[38;2;252;252;252m [0m[38;2;0;0;0;48;2;252;252;252m                    [48;2;251;251;251m  [38;2;231;231;231;48;2;237;237;237m4[38;2;174;174;174;48;2;153;153;153mF[38;2;0;0;0;48;2;16;16;16m:[48;2;0;0;0m                   [38;2;5;5;5;48;2;23;23;23m:[38;2;88;88;88;48;2;125;125;125mi[38;2;239;239;239;48;2;244;244;244mL[38;2;250;250;250;48;2;251;251;251mF[38;2;252;252;252m:[48;2;252;252;252m                                                                      [0m
[7m[38;2;252;252;252m [0m[38;2;0;0;0;48;2;252;252;252m                    [38;2;252;252;252;48;2;251;251;251m'[38;2;251;251;251;48;2;250;250;250m4[38;2;222;222;222;48;2;230;230;230m4[38;2;145;145;145;48;2;127;127;127mF[38;2;0;0;0;48;2;13;13;13m:[38;2;1;1;1;48;2;0;0;0m_                  [38;2;0;0;0;48;2;4;4;4m:[38;2;53;53;53;48;2;92;92;92ml[38;2;213;213;213;48;2;231;231;231m_[38;2;254;254;254;48;2;251;251;251m: [48;2;252;252;252m                                                                      [0m
[7m[38;2;252;252;252m [0m[38;2;0;0;0;48;2;252;252;252m                    [38;2;252;252;252;48;2;251;251;251m|[38;2;251;251;251;48;2;250;250;250m4[38;2;215;215;215;48;2;225;225;225m4[38;2;117;117;117;48;2;100;100;100mF[38;2;0;0;0;48;2;9;9;9m:[38;2;1;1;1;48;2;0;0;0m"                  ,[38;2;29;29;29;48;2;63;63;63ml[38;2;170;170;170;48;2;192;192;192mL[38;2;254;254;254;48;2;248;248;248m.[48;2;250;250;250m [38;2;252;252;252;48;2;251;251;251m:[48;2;252;252;252m                                                                     [0m
[7m[38;2;252;252;252m [0m[38;2;0;0;0;48;2;252;252;252m                    [38;2;252;252;252;48;2;251;251;251m:y[38;2;208;208;208;48;2;220;220;220m4[38;2;78;78;78;48;2;68;68;68m^[38;2;0;0;0;48;2;4;4;4m:[48;2;0;0;0m                   [38;2;1;1;1m:[38;2;5;5;5;48;2;31;31;31m.[38;2;107;107;107;48;2;142;142;142mL[38;2;240;240;240;48;2;245;245;245mL[48;2;250;250;250m [38;2;252;252;252;48;2;251;251;251m:[48;2;252;252;252m                                                                     [0m
[?25h