[?25l[0m[7m[38;2;252;252;252m [0m[38;2;0;0;0;48;2;252;252;252m                                                                                                                       [0m
[7m[38;2;252;252;252m [0m[38;2;0;0;0;48;2;252;252;252m                                                                                                                       [0m
[7m[38;2;252;252;252m [0m[38;2;0;0;0;48;2;252;252;252m                                                                                                                       [0m
[7m[38;2;252;252;252m [0m[38;2;0;0;0;48;2;252;252;252m                                                                                                                       [0m
[7m[38;2;252;252;252m [0m[38;2;0;0;0;48;2;252;252;252m                                                                                                                       [0m
[7m[38;2;252;252;252m [0m[38;2;0;0;0;48;2;252;252;252m                                                                                                                       [0m
[7m[38;2;252;252;252m [0m[38;2;0;0;0;48;2;252;252;252m                                                              [38;2;252;252;252;48;2;251;251;251m:..[48;2;252;252;252m                                                      [0m
[7m[38;2;252;252;252m [0m[38;2;0;0;0;48;2;252;252;252m                                                    [38;2;252;252;252;48;2;251;251;251m:...[38;2;250;250;250m_[38;2;252;252;252m_`[38;2;225;225;225;48;2;249;249;249m_[38;2;194;194;194;48;2;247;247;247m_[38;2;180;180;180;48;2;245;245;245m_[38;2;173;173;173;48;2;242;242;242m_[38;2;172;172;172m_[38;2;178;178;178;48;2;245;245;245m_[38;2;191;191;191;48;2;246;246;246m_[38;2;219;219;219;48;2;249;249;249m_[38;2;247;247;247;48;2;251;251;251m, [38;2;252;252;252m.:[48;2;252;252;252m                                                [0m
[7m[38;2;252;252;252m [0m[38;2;0;0;0;48;2;252;252;252m                                                 [38;2;252;252;252;48;2;251;251;251m.[38;2;250;250;250m,[38;2;252;252;252my[48;2;249;249;249m:[38;2;187;187;187;48;2;240;240;240m_[38;2;144;144;144;48;2;234;234;234m_[38;2;141;141;141;48;2;233;233;233m_[38;2;122;122;122;48;2;229;229;229m_[38;2;43;43;43;48;2;214;214;214m_[38;2;2;2;2;48;2;157;157;157m_[38;2;195;195;195;48;2;73;73;73m~[38;2;123;123;123;48;2;38;38;38m~[38;2;78;78;78;48;2;20;20;20m~[38;2;107;107;107;48;2;16;16;16m`[48;2;15;15;15m`[38;2;111;111;111;48;2;20;20;20m`[38;2;107;107;107;48;2;36;36;36m~[38;2;175;175;175;48;2;63;63;63m~[38;2;233;233;233;48;2;105;105;105m~[38;2;14;14;14;48;2;188;188;188m_[38;2;113;113;113;48;2;226;226;226m_[38;2;233;233;233;48;2;248;248;248m,[38;2;253;253;253;48;2;252;252;252m,[48;2;251;251;251m [38;2;252;252;252m:[48;2;252;252;252m                                             [0m
[7m[38;2;252;252;252m [0m[38;2;0;0;0;48;2;252;252;252m                                               [38;2;251;251;251m.[38;2;254;254;254;48;2;250;250;250m.[38;2;180;180;180;48;2;239;239;239m_[38;2;114;114;114;48;2;198;198;198my[38;2;44;44;44;48;2;138;138;138my[38;2;184;184;184;48;2;55;55;55m~[38;2;138;138;138;48;2;29;29;29m~[38;2;105;105;105;48;2;21;21;21m~[38;2;101;101;101m~[38;2;88;88;88;48;2;17;17;17m~[38;2;32;32;32;48;2;5;5;5m~[38;2;1;1;1;48;2;0;0;0m' `    `  [38;2;0;0;0;48;2;3;3;3m:[38;2;83;83;83;48;2;22;22;22m"[38;2;174;174;174;48;2;64;64;64m~[38;2;35;35;35;48;2;168;168;168m_[38;2;166;166;166;48;2;232;232;232m_[38;2;236;236;236;48;2;248;248;248m,[38;2;250;250;250;48;2;251;251;251m,[38;2;252;252;252m:[48;2;252;252;252m                                           [0m
[7m[38;2;252;252;252m [0m[38;2;0;0;0;48;2;252;252;252m                                             [38;2;252;252;252;48;2;251;251;251m:[38;2;250;250;250m*[38;2;252;252;252;48;2;238;238;238m`[38;2;59;59;59;48;2;175;175;175m_[38;2;113;113;113;48;2;46;46;46m~[38;2;34;34;34;48;2;8;8;8m`[48;2;0;0;0m                   [38;2;2;2;2m~[38;2;1;1;1;48;2;4;4;4m:[38;2;112;112;112;48;2;32;32;32m`[38;2;61;61;61;48;2;140;140;140my[38;2;143;143;143;48;2;224;224;224m_[38;2;235;235;235;48;2;248;248;248m,[38;2;250;250;250;48;2;251;251;251m_[38;2;252;252;252m:[48;2;252;252;252m                                         [0m
[7m[38;2;252;252;252m [0m[38;2;0;0;0;48;2;252;252;252m                                            [38;2;252;252;252;48;2;251;251;251m:[38;2;249;249;249;48;2;250;250;250m![38;2;253;253;253;48;2;236;236;236m'[38;2;90;90;90;48;2;151;151;151my[38;2;51;51;51;48;2;22;22;22m~[48;2;0;0;0m                       [38;2;1;1;1m`[38;2;0;0;0;48;2;5;5;5m`[38;2;102;102;102;48;2;42;42;42m~[38;2;73;73;73;48;2;168;168;168m_[38;2;212;212;212;48;2;238;238;238m,[38;2;248;248;248;48;2;250;250;250m,[38;2;252;252;252;48;2;251;251;251m.[48;2;252;252;252m                                        [0m
[7m[38;2;252;252;252m [0m[38;2;0;0;0;48;2;252;252;252m                                           [38;2;252;252;252;48;2;251;251;251m:[38;2;251;251;251;48;2;250;250;250m~[38;2;252;252;252;48;2;243;243;243m'[38;2;153;153;153;48;2;184;184;184my[38;2;56;56;56;48;2;32;32;32mL[38;2;1;1;1;48;2;0;0;0m.                          [38;2;0;0;0;48;2;22;22;22m:[38;2;41;41;41;48;2;131;131;131m_[38;2;206;206;206;48;2;231;231;231m_[38;2;247;247;247;48;2;250;250;250m,[38;2;252;252;252;48;2;251;251;251m:[48;2;252;252;252m                                       [0m
[7m[38;2;252;252;252m [0m[38;2;0;0;0;48;2;252;252;252m                                           [38;2;252;252;252;48;2;251;251;251m:[38;2;251;251;251;48;2;250;250;250my[48;2;233;233;233m'[38;2;123;123;123;48;2;96;96;96mF[38;2;24;24;24;48;2;13;13;13m~[48;2;0;0;0m                           [38;2;1;1;1m![38;2;0;0;0;48;2;19;19;19m:[38;2;92;92;92;48;2;134;134;134mg[38;2;224;224;224;48;2;234;234;234mr[38;2;252;252;252;48;2;251;251;251mL:[48;2;252;252;252m                                      [0m
[7m[38;2;252;252;252m [0m[38;2;0;0;0;48;2;252;252;252m                                           [38;2;252;252;252;48;2;251;251;251m`[38;2;253;253;253m.[38;2;244;244;244;48;2;227;227;227m:[38;2;96;96;96;48;2;69;69;69mF[38;2;0;0;0;48;2;6;6;6m:[38;2;1;1;1;48;2;0;0;0m~                           .[38;2;2;2;2;48;2;34;34;34m:[38;2;123;123;123;48;2;175;175;175m_[38;2;229;229;229;48;2;241;241;241m,[38;2;252;252;252;48;2;251;251;251m`.[48;2;252;252;252m                                     [0m
[7m[38;2;252;252;252m [0m[38;2;0;0;0;48;2;252;252;252m                                           [38;2;252;252;252;48;2;251;251;251m:[38;2;254;254;254;48;2;252;252;252m'[38;2;246;246;246;48;2;225;225;225m:[38;2;96;96;96;48;2;62;62;62mL[38;2;0;0;0;48;2;4;4;4m:[48;2;0;0;0m                            [38;2;1;1;1m:[38;2;0;0;0;48;2;12;12;12m:[38;2;104;104;104;48;2;96;96;96m4[38;2;218;218;218;48;2;232;232;232mL[48;2;251;251;251m  [48;2;252;252;252m                                     [0m
[7m[38;2;252;252;252m [0m[38;2;0;0;0;48;2;252;252;252m                                           [38;2;252;252;252;48;2;251;251;251m:~[38;2;250;250;250;48;2;232;232;232m:[38;2;121;121;121;48;2;90;90;90mL[38;2;18;18;18;48;2;11;11;11mr[48;2;0;0;0m                             [38;2;0;0;0;48;2;21;21;21m`[38;2;178;178;178;48;2;129;129;129m_[38;2;228;228;228;48;2;235;235;235m~[38;2;251;251;251;48;2;250;250;250mL[48;2;251;251;251m [48;2;252;252;252m                                     [0m
[7m[38;2;252;252;252m [0m[38;2;0;0;0;48;2;252;252;252m                                           [38;2;252;252;252;48;2;251;251;251m.[38;2;249;249;249;48;2;250;250;250m'[38;2;252;252;252;48;2;241;241;241m:[38;2;190;190;190;48;2;157;157;157mL[38;2;52;52;52;48;2;27;27;27mL[38;2;1;1;1;48;2;0;0;0m`                           [38;2;0;0;0;48;2;18;18;18m`[38;2;155;155;155;48;2;93;93;93my[38;2;202;202;202;48;2;226;226;226m"[38;2;245;245;245;48;2;250;250;250m~[38;2;252;252;252;48;2;251;251;251m::[48;2;252;252;252m                                     [0m
[7m[38;2;252;252;252m [0m[38;2;0;0;0;48;2;252;252;252m                                            [38;2;252;252;252;48;2;251;251;251m:[38;2;250;250;250m.[48;2;231;231;231m:[38;2;160;160;160;48;2;109;109;109mL[38;2;1;1;1;48;2;19;19;19m:[48;2;0;0;0m*                        [48;2;17;17;17m`[38;2;183;183;183;48;2;60;60;60m_[38;2;70;70;70;48;2;182;182;182m~[38;2;216;216;216;48;2;241;241;241m~[38;2;248;248;248;48;2;251;251;251m` [38;2;252;252;252m:[48;2;252;252;252m                                      [0m
[7m[38;2;252;252;252m [0m[38;2;0;0;0;48;2;252;252;252m                                            [38;2;252;252;252;48;2;251;251;251m: [48;2;250;250;250m'[38;2;209;209;209;48;2;235;235;235m"[38;2;83;83;83;48;2;157;157;157m~[38;2;131;131;131;48;2;35;35;35m_[38;2;25;25;25;48;2;5;5;5m,[48;2;1;1;1m [48;2;0;0;0m          [38;2;1;1;1m__  [38;2;0;0;0;48;2;3;3;3m:[38;2;73;73;73;48;2;2;2;2m_[38;2;88;88;88;48;2;3;3;3m_[38;2;121;121;121;48;2;9;9;9m_[38;2;151;151;151;48;2;26;26;26m_[38;2;177;177;177;48;2;52;52;52m_[38;2;176;176;176;48;2;82;82;82my[38;2;221;221;221;48;2;138;138;138my[38;2;132;132;132;48;2;215;215;215m~[38;2;211;211;211;48;2;243;243;243m~[38;2;246;246;246;48;2;250;250;250m~[48;2;251;251;251m [38;2;252;252;252m:[48;2;252;252;252m                                        [0m
[7m[38;2;252;252;252m [0m[38;2;0;0;0;48;2;252;252;252m                                              [38;2;252;252;252;48;2;251;251;251m:_[38;2;243;243;243;48;2;248;248;248m`[38;2;184;184;184;48;2;229;229;229m"[38;2;57;57;57;48;2;179;179;179m~[38;2;227;227;227;48;2;87;87;87m_[38;2;173;173;173;48;2;41;41;41m_[38;2;102;102;102;48;2;21;21;21m_[38;2;49;49;49;48;2;9;9;9m_[38;2;27;27;27;48;2;4;4;4m_[38;2;26;26;26;48;2;3;3;3m_[38;2;29;29;29;48;2;4;4;4m_[38;2;56;56;56;48;2;11;11;11m_[38;2;113;113;113;48;2;24;24;24m_[38;2;183;183;183;48;2;40;40;40m_[38;2;225;225;225;48;2;62;62;62m_[38;2;230;230;230;48;2;81;81;81m_[38;2;221;221;221;48;2;89;89;89m_[38;2;123;123;123;48;2;67;67;67my[38;2;66;66;66;48;2;36;36;36my[38;2;82;82;82;48;2;65;65;65mu[38;2;111;111;111;48;2;192;192;192m~[38;2;137;137;137;48;2;218;218;218m~[38;2;181;181;181;48;2;232;232;232m~[38;2;201;201;201;48;2;243;243;243m`[38;2;215;215;215;48;2;247;247;247m`[38;2;236;236;236;48;2;250;250;250m`[38;2;252;252;252;48;2;251;251;251m: [48;2;252;252;252m                                            [0m
[7m[38;2;252;252;252m [0m[38;2;0;0;0;48;2;252;252;252m                                                [38;2;252;252;252;48;2;251;251;251m:[38;2;250;250;250m`[38;2;254;254;254;48;2;252;252;252m`[38;2;253;253;253;48;2;250;250;250m'[38;2;209;209;209;48;2;241;241;241m"[38;2;169;169;169;48;2;232;232;232m~[38;2;143;143;143;48;2;227;227;227m~[38;2;133;133;133;48;2;224;224;224m~~~[38;2;144;144;144;48;2;229;229;229m~[38;2;171;171;171;48;2;234;234;234m~[38;2;218;218;218;48;2;243;243;243m"[38;2;252;252;252;48;2;250;250;250m`[38;2;254;254;254m`[38;2;221;221;221;48;2;228;228;228m4[38;2;169;169;169;48;2;157;157;157mL[38;2;98;98;98;48;2;115;115;115m~[38;2;75;75;75;48;2;61;61;61mW[38;2;108;108;108;48;2;169;169;169m_[38;2;250;250;250;48;2;241;241;241m`[38;2;247;247;247;48;2;249;249;249m1[48;2;251;251;251m [48;2;252;252;252m                                                [0m
[7m[38;2;252;252;252m [0m[38;2;0;0;0;48;2;252;252;252m                                                    [38;2;252;252;252;48;2;251;251;251m:.:   .[38;2;250;250;250m`[38;2;252;252;252m..[38;2;254;254;254m:[38;2;239;239;239;48;2;231;231;231m:[38;2;199;199;199;48;2;171;171;171m_[38;2;195;195;195;48;2;147;147;147m_[38;2;187;187;187;48;2;85;85;85m_[38;2;210;210;210;48;2;115;115;115m_[38;2;229;229;229;48;2;239;239;239mL[48;2;250;250;250m [48;2;251;251;251m [48;2;252;252;252m                                                [0m
[7m[38;2;252;252;252m [0m[38;2;0;0;0;48;2;252;252;252m                                                              [38;2;253;253;253m`[38;2;246;246;246;48;2;249;249;249m`[38;2;221;221;221;48;2;245;245;245m~[38;2;220;220;220m~[38;2;221;221;221;48;2;246;246;246m~[38;2;238;238;238;48;2;249;249;249m"[38;2;253;253;253;48;2;250;250;250m`[38;2;250;250;250;48;2;251;251;251m`[38;2;252;252;252m:[48;2;252;252;252m                                                [0m
[7m[38;2;252;252;252m [0m[38;2;0;0;0;48;2;252;252;252m                                                                [38;2;253;253;253m` ~`                                                   [0m
[7m[38;2;252;252;252m [0m[38;2;0;0;0;48;2;252;252;252m                                                                                                                       [0m
[7m[38;2;252;252;252m [0m[38;2;0;0;0;48;2;252;252;252m                                                                                                                       [0m
[7m[38;2;252;252;252m [0m[38;2;0;0;0;48;2;252;252;252m                                                                                                                       [0m
[7m[38;2;252;252;252m [0m[38;2;0;0;0;48;2;252;252;252m                                                                                                                       [0m
[7m[38;2;252;252;252m [0m[38;2;0;0;0;48;2;252;252;252m                                                                                                                       [0m
[7m[38;2;252;252;252m [0m[38;2;0;0;0;48;2;252;252;252m                                                                                                                       [0m
[7m[38;2;252;252;252m [0m[38;2;0;0;0;48;2;252;252;252m                                                                                                                       [0m
[7m[38;2;252;252;252m [0m[38;2;0;0;0;48;2;252;252;252m                                                                                                                       [0m
[7m[38;2;252;252;252m [0m[38;2;0;0;0;48;2;252;252;252m                                                                                                                       [0m
[7m[38;2;252;252;252m [0m[38;2;0;0;0;48;2;252;252;252m                                                                                                                       [0m
[7m[38;2;252;252;252m [0m[38;2;0;0;0;48;2;252;252;252m                                                                                                                       [0m
[?25h