[?25l[0m[7m[38;2;0;0;0m [0m[38;2;0;0;0;48;2;0;0;0m                                                                                                                       [0m
[7m[38;2;0;0;0m [0m[38;2;0;0;0;48;2;0;0;0m                                                                                                                       [0m
[7m[38;2;0;0;0m [0m[38;2;0;0;0;48;2;0;0;0m                                                                                                                       [0m
[7m[38;2;0;0;0m [0m[38;2;0;0;0;48;2;0;0;0m                                                                                                                       [0m
[7m[38;2;0;0;0m [0m[38;2;0;0;0;48;2;0;0;0m                                                                                                                       [0m
[7m[38;2;0;0;0m [0m[38;2;0;0;0;48;2;0;0;0m                                                                                                                       [0m
[7m[38;2;0;0;0m [0m[38;2;0;0;0;48;2;0;0;0m                                                                                                                       [0m
[7m[38;2;0;0;0m [0m[38;2;0;0;0;48;2;0;0;0m                                                             [38;2;4;4;4m__[38;2;1;1;1m_                                                       [0m
[7m[38;2;0;0;0m [0m[38;2;0;0;0;48;2;0;0;0m                                                          [48;2;1;1;1m:[38;2;46;46;46;48;2;10;10;10m_[38;2;108;108;108;48;2;42;42;42m_[38;2;127;127;127;48;2;73;73;73my[38;2;25;25;25;48;2;85;85;85m~[38;2;45;45;45;48;2;28;28;28mL[38;2;4;4;4;48;2;2;2;2mr[38;2;2;2;2;48;2;1;1;1m,[38;2;1;1;1;48;2;0;0;0m,                                                    [0m
[7m[38;2;0;0;0m [0m[38;2;0;0;0;48;2;0;0;0m                                                        [38;2;46;46;46;48;2;12;12;12m_[38;2;114;114;114;48;2;58;58;58my[38;2;74;74;74;48;2;165;165;165m~[38;2;146;146;146;48;2;217;217;217m~[38;2;181;181;181;48;2;233;233;233m~[38;2;201;201;201;48;2;238;238;238m~[38;2;179;179;179;48;2;226;226;226m~[38;2;100;100;100;48;2;183;183;183m~[38;2;140;140;140;48;2;76;76;76my[38;2;61;61;61;48;2;21;21;21m_[38;2;2;2;2;48;2;1;1;1m.[48;2;0;0;0m                                                    [0m
[7m[38;2;0;0;0m [0m[38;2;0;0;0;48;2;0;0;0m                                                      [48;2;4;4;4m:[38;2;70;70;70;48;2;36;36;36my[38;2;66;66;66;48;2;147;147;147m~[38;2;171;171;171;48;2;224;224;224m~[38;2;241;241;241;48;2;250;250;250m~[48;2;253;253;253m [38;2;251;251;251;48;2;252;252;252m`[38;2;252;252;252;48;2;251;251;251m: [38;2;253;253;253;48;2;249;249;249m'[38;2;191;191;191;48;2;215;215;215m"[38;2;142;142;142;48;2;104;104;104mL[38;2;58;58;58;48;2;23;23;23m,[38;2;1;1;1;48;2;0;0;0m.                                                   [0m
[7m[38;2;0;0;0m [0m[38;2;0;0;0;48;2;0;0;0m                                                     [48;2;9;9;9m:[38;2;123;123;123;48;2;64;64;64m_[38;2;120;120;120;48;2;182;182;182m~[38;2;224;224;224;48;2;243;243;243m~[38;2;254;254;254;48;2;253;253;253m:[38;2;252;252;252my[38;2;253;253;253;48;2;252;252;252m~   [48;2;251;251;251m [38;2;252;252;252;48;2;242;242;242m:[38;2;182;182;182;48;2;158;158;158mL[38;2;68;68;68;48;2;47;47;47mL[38;2;1;1;1;48;2;2;2;2m`[48;2;0;0;0m                                                   [0m
[7m[38;2;0;0;0m [0m[38;2;0;0;0;48;2;0;0;0m                                                    [48;2;9;9;9m:[38;2;101;101;101;48;2;66;66;66my[38;2;145;145;145;48;2;198;198;198m~[38;2;252;252;252;48;2;246;246;246m:[38;2;253;253;253;48;2;252;252;252m~`     [48;2;251;251;251m [38;2;254;254;254;48;2;250;250;250m'[38;2;238;238;238;48;2;218;218;218m.[38;2;121;121;121;48;2;82;82;82mL[38;2;27;27;27;48;2;9;9;9m,[48;2;0;0;0m                                                   [0m
[7m[38;2;0;0;0m [0m[38;2;0;0;0;48;2;0;0;0m                                                   [48;2;3;3;3m:[38;2;80;80;80;48;2;53;53;53my[38;2;135;135;135;48;2;190;190;190m~[38;2;252;252;252;48;2;245;245;245m:[48;2;251;251;251m [48;2;252;252;252m        [48;2;251;251;251m [38;2;254;254;254;48;2;241;241;241m:[38;2;153;153;153;48;2;124;124;124mL[38;2;43;43;43;48;2;24;24;24mL[48;2;0;0;0m                                                   [0m
[7m[38;2;0;0;0m [0m[38;2;0;0;0;48;2;0;0;0m                                                   [48;2;33;33;33m:[38;2;112;112;112;48;2;151;151;151mF[38;2;252;252;252;48;2;241;241;241m:[38;2;251;251;251;48;2;252;252;252m_        [38;2;252;252;252;48;2;251;251;251m:[38;2;251;251;251;48;2;250;250;250m`[38;2;254;254;254;48;2;245;245;245m:[38;2;153;153;153;48;2;168;168;168m4[38;2;67;67;67;48;2;38;38;38mL[48;2;0;0;0m                                                   [0m
[7m[38;2;0;0;0m [0m[38;2;0;0;0;48;2;0;0;0m                                                 [38;2;1;1;1m_[38;2;0;0;0;48;2;11;11;11m:[38;2;55;55;55;48;2;101;101;101mF[38;2;206;206;206;48;2;229;229;229m"[38;2;253;253;253;48;2;251;251;251m`[48;2;252;252;252m         [38;2;252;252;252;48;2;251;251;251m:[38;2;250;250;250m`[38;2;254;254;254;48;2;248;248;248m:[38;2;189;189;189;48;2;200;200;200m4[38;2;89;89;89;48;2;52;52;52mL[38;2;1;1;1;48;2;0;0;0m.                                                  [0m
[7m[38;2;0;0;0m [0m[38;2;0;0;0;48;2;0;0;0m                                                 [38;2;1;1;1m~[48;2;45;45;45m.[38;2;129;129;129;48;2;174;174;174m~[38;2;253;253;253;48;2;245;245;245m`[38;2;252;252;252;48;2;251;251;251m`[38;2;253;253;253;48;2;252;252;252m:         [48;2;251;251;251m [38;2;254;254;254m:[38;2;233;233;233;48;2;221;221;221m:[38;2;107;107;107;48;2;69;69;69mL[38;2;5;5;5;48;2;2;2;2mL[48;2;0;0;0m                                                  [0m
[7m[38;2;0;0;0m [0m[38;2;0;0;0;48;2;0;0;0m                                                [38;2;1;1;1m,[38;2;0;0;0;48;2;8;8;8m:[38;2;53;53;53;48;2;97;97;97mF[38;2;211;211;211;48;2;232;232;232m~[38;2;254;254;254;48;2;251;251;251m`[48;2;252;252;252m           [48;2;251;251;251m [48;2;252;252;252m`[38;2;247;247;247;48;2;233;233;233m:[38;2;121;121;121;48;2;81;81;81mL[38;2;1;1;1;48;2;6;6;6m`[48;2;0;0;0m                                                  [0m
[7m[38;2;0;0;0m [0m[38;2;0;0;0;48;2;0;0;0m                                                [38;2;1;1;1m:[48;2;29;29;29m.[38;2;105;105;105;48;2;139;139;139mF[38;2;238;238;238;48;2;244;244;244mL[48;2;250;250;250m [38;2;252;252;252;48;2;251;251;251m:[48;2;252;252;252m          [48;2;251;251;251m [38;2;254;254;254;48;2;252;252;252m.[38;2;246;246;246;48;2;233;233;233m`[38;2;113;113;113;48;2;82;82;82mF[38;2;10;10;10;48;2;6;6;6mL[48;2;0;0;0m                                                  [0m
[7m[38;2;0;0;0m [0m[38;2;0;0;0;48;2;0;0;0m                                                 [38;2;61;61;61;48;2;42;42;42m4[38;2;158;158;158;48;2;177;177;177mF[38;2;242;242;242;48;2;247;247;247mL[48;2;250;250;250m [38;2;252;252;252;48;2;251;251;251m:[48;2;252;252;252m          [48;2;251;251;251m [38;2;254;254;254m:[38;2;242;242;242;48;2;223;223;223m`[38;2;107;107;107;48;2;72;72;72mF[38;2;2;2;2;48;2;4;4;4m.[48;2;0;0;0m                                                  [0m
[7m[38;2;0;0;0m [0m[38;2;0;0;0;48;2;0;0;0m                                                [48;2;2;2;2m:[38;2;24;24;24;48;2;68;68;68ml[38;2;185;185;185;48;2;197;197;197mF[38;2;254;254;254;48;2;248;248;248m:[48;2;251;251;251m [38;2;252;252;252m:[48;2;252;252;252m         [48;2;251;251;251m:[38;2;251;251;251;48;2;250;250;250m`[38;2;254;254;254;48;2;248;248;248m:[38;2;185;185;185;48;2;200;200;200m_[38;2;87;87;87;48;2;56;56;56mF[38;2;2;2;2;48;2;1;1;1m'[48;2;0;0;0m                                                  [0m
[7m[38;2;0;0;0m [0m[38;2;0;0;0;48;2;0;0;0m                                                [48;2;4;4;4m:[38;2;46;46;46;48;2;79;79;79mF[38;2;193;193;193;48;2;205;205;205mF[38;2;254;254;254;48;2;249;249;249m:[48;2;251;251;251m [38;2;252;252;252m:[48;2;252;252;252m         [48;2;251;251;251m: [38;2;254;254;254;48;2;244;244;244m:[38;2;179;179;179;48;2;154;154;154mF[38;2;60;60;60;48;2;36;36;36mF[48;2;0;0;0m                                                   [0m
[7m[38;2;0;0;0m [0m[38;2;0;0;0;48;2;0;0;0m                                                [48;2;4;4;4m:[38;2;86;86;86;48;2;65;65;65m4[38;2;182;182;182;48;2;199;199;199mL[38;2;246;246;246;48;2;249;249;249mL[48;2;251;251;251m [48;2;252;252;252m          [48;2;251;251;251m [38;2;253;253;253m:[38;2;213;213;213;48;2;232;232;232m_[38;2;138;138;138;48;2;106;106;106mF[38;2;32;32;32;48;2;18;18;18mF[48;2;0;0;0m                                                   [0m
[7m[38;2;0;0;0m [0m[38;2;0;0;0;48;2;0;0;0m                                                [48;2;2;2;2m:[38;2;39;39;39;48;2;62;62;62m$[38;2;151;151;151;48;2;173;173;173mL[38;2;254;254;254;48;2;243;243;243m`[38;2;252;252;252;48;2;251;251;251m:[48;2;252;252;252m         [48;2;251;251;251m: [38;2;254;254;254;48;2;246;246;246m:[38;2;160;160;160;48;2;185;185;185my[38;2;84;84;84;48;2;53;53;53mF[38;2;0;0;0;48;2;4;4;4m.[48;2;0;0;0m                                                   [0m
[7m[38;2;0;0;0m [0m[38;2;0;0;0;48;2;0;0;0m                                                 [38;2;38;38;38;48;2;26;26;26m4[38;2;135;135;135;48;2;118;118;118m4[38;2;206;206;206;48;2;225;225;225m_[38;2;253;253;253;48;2;250;250;250m:[48;2;251;251;251m [48;2;252;252;252m        [48;2;251;251;251m [48;2;248;248;248m:[38;2;186;186;186;48;2;213;213;213my[38;2;127;127;127;48;2;95;95;95mF[38;2;36;36;36;48;2;18;18;18m~[48;2;0;0;0m                                                    [0m
[7m[38;2;0;0;0m [0m[38;2;0;0;0;48;2;0;0;0m                                                 [48;2;9;9;9m:[38;2;82;82;82;48;2;66;66;66m4[38;2;153;153;153;48;2;178;178;178mL[38;2;230;230;230;48;2;240;240;240m,[38;2;254;254;254;48;2;251;251;251m. [48;2;252;252;252m      [38;2;252;252;252;48;2;251;251;251m`[48;2;248;248;248m:[38;2;197;197;197;48;2;220;220;220my[38;2;158;158;158;48;2;115;115;115m~[38;2;48;48;48;48;2;31;31;31m^[38;2;5;5;5;48;2;2;2;2m~[48;2;0;0;0m                                                    [0m
[7m[38;2;0;0;0m [0m[38;2;0;0;0;48;2;0;0;0m                                                 [48;2;1;1;1m:[38;2;37;37;37;48;2;28;28;28mJ[38;2;127;127;127;48;2;108;108;108m4[38;2;154;154;154;48;2;206;206;206m_[38;2;222;222;222;48;2;246;246;246m_[38;2;231;231;231;48;2;249;249;249m_[38;2;223;223;223m_[38;2;220;220;220;48;2;248;248;248m__[38;2;222;222;222m_[38;2;240;240;240;48;2;250;250;250m_[38;2;252;252;252;48;2;251;251;251m`[38;2;253;253;253;48;2;248;248;248m'[38;2;171;171;171;48;2;214;214;214m_[38;2;169;169;169;48;2;121;121;121m~[38;2;75;75;75;48;2;43;43;43m~[38;2;13;13;13;48;2;4;4;4m~[48;2;0;0;0m                                                     [0m
[7m[38;2;0;0;0m [0m[38;2;0;0;0;48;2;0;0;0m                                                  [48;2;1;1;1m:[38;2;41;41;41;48;2;12;12;12m"[38;2;109;109;109;48;2;35;35;35m~[38;2;186;186;186;48;2;62;62;62m~[38;2;202;202;202;48;2;68;68;68m~[38;2;191;191;191;48;2;63;63;63m~[38;2;185;185;185;48;2;60;60;60m~[38;2;184;184;184;48;2;59;59;59m~[38;2;187;187;187;48;2;61;61;61m~[38;2;213;213;213;48;2;77;77;77m~[38;2;231;231;231;48;2;89;89;89m~[38;2;223;223;223;48;2;84;84;84m~[38;2;148;148;148;48;2;50;50;50m~[38;2;64;64;64;48;2;17;17;17m~[38;2;12;12;12;48;2;2;2;2m~[48;2;0;0;0m                                                      [0m
[7m[38;2;0;0;0m [0m[38;2;0;0;0;48;2;0;0;0m                                                                                                                       [0m
[7m[38;2;0;0;0m [0m[38;2;0;0;0;48;2;0;0;0m                                                                                                                       [0m
[7m[38;2;0;0;0m [0m[38;2;0;0;0;48;2;0;0;0m                                                                                                                       [0m
[7m[38;2;0;0;0m [0m[38;2;0;0;0;48;2;0;0;0m                                                                                                                       [0m
[7m[38;2;0;0;0m [0m[38;2;0;0;0;48;2;0;0;0m                                                                                                                       [0m
[7m[38;2;0;0;0m [0m[38;2;0;0;0;48;2;0;0;0m                                                                                                                       [0m
[7m[38;2;0;0;0m [0m[38;2;0;0;0;48;2;0;0;0m                                                                                                                       [0m
[7m[38;2;0;0;0m [0m[38;2;0;0;0;48;2;0;0;0m                                                                                                                       [0m
[?25h