[?25l[0m[7m[38;2;252;252;252m [0m[38;2;0;0;0;48;2;252;252;252m                                                                                                                       [0m
[7m[38;2;252;252;252m [0m[38;2;0;0;0;48;2;252;252;252m                                                                                                                       [0m
[7m[38;2;252;252;252m [0m[38;2;0;0;0;48;2;252;252;252m                                                                                                                       [0m
[7m[38;2;252;252;252m [0m[38;2;0;0;0;48;2;252;252;252m                                                                                                                       [0m
[7m[38;2;252;252;252m [0m[38;2;0;0;0;48;2;252;252;252m                                                                                                                       [0m
[7m[38;2;252;252;252m [0m[38;2;0;0;0;48;2;252;252;252m                                                                                                                       [0m
[7m[38;2;252;252;252m [0m[38;2;0;0;0;48;2;252;252;252m                                                                                                                       [0m
[7m[38;2;252;252;252m [0m[38;2;0;0;0;48;2;252;252;252m                                                                                                                       [0m
[7m[38;2;252;252;252m [0m[38;2;0;0;0;48;2;252;252;252m                                                                                                                       [0m
[7m[38;2;252;252;252m [0m[38;2;0;0;0;48;2;252;252;252m                                                                                                                       [0m
[7m[38;2;252;252;252m [0m[38;2;0;0;0;48;2;252;252;252m                                                                                                                       [0m
[7m[38;2;252;252;252m [0m[38;2;0;0;0;48;2;252;252;252m                                                                                                                       [0m
[7m[38;2;252;252;252m [0m[38;2;0;0;0;48;2;252;252;252m                                  [38;2;251;251;251m-                                                                                    [0m
[7m[38;2;252;252;252m [0m[38;2;0;0;0;48;2;252;252;252m                                               [48;2;251;251;251m [48;2;252;252;252m                                                                       [0m
[7m[38;2;252;252;252m [0m[38;2;0;0;0;48;2;252;252;252m                                               [48;2;251;251;251m [48;2;252;252;252m                                                                       [0m
[7m[38;2;252;252;252m [0m[38;2;0;0;0;48;2;252;252;252m                                                                                                                       [0m
[7m[38;2;252;252;252m [0m[38;2;0;0;0;48;2;252;252;252m                                                 [38;2;252;252;252;48;2;251;251;251m.[38;2;250;250;250m___,[38;2;252;252;252m.......[38;2;250;250;250m_____[38;2;252;252;252m.[48;2;252;252;252m                                                    [0m
[7m[38;2;252;252;252m [0m[38;2;0;0;0;48;2;252;252;252m                                           [38;2;252;252;252;48;2;251;251;251m. [38;2;249;249;249m.[38;2;240;240;240m_[38;2;221;221;221;48;2;250;250;250m_[38;2;210;210;210;48;2;249;249;249m_[38;2;187;187;187;48;2;241;241;241m_[38;2;153;153;153;48;2;229;229;229m_[38;2;116;116;116;48;2;216;216;216m_[38;2;90;90;90;48;2;208;208;208m_[38;2;67;67;67;48;2;201;201;201m_[38;2;49;49;49;48;2;197;197;197m_[38;2;48;48;48;48;2;196;196;196m_[38;2;43;43;43;48;2;195;195;195m__[38;2;44;44;44m_[38;2;47;47;47;48;2;196;196;196m_[38;2;53;53;53;48;2;198;198;198m_[38;2;72;72;72;48;2;202;202;202m_[38;2;95;95;95;48;2;209;209;209m_[38;2;119;119;119;48;2;217;217;217m_[38;2;148;148;148;48;2;227;227;227m_[38;2;175;175;175;48;2;237;237;237m_[38;2;196;196;196;48;2;245;245;245m_[38;2;213;213;213;48;2;249;249;249m_[38;2;224;224;224;48;2;250;250;250m_[38;2;239;239;239;48;2;251;251;251m_[38;2;252;252;252m:[38;2;250;250;250mw [38;2;251;251;251;48;2;252;252;252m_                                             [0m
[7m[38;2;252;252;252m [0m[38;2;0;0;0;48;2;252;252;252m                                       [38;2;252;252;252;48;2;251;251;251m: [38;2;253;253;253;48;2;252;252;252m_[38;2;252;252;252;48;2;248;248;248m`[38;2;152;152;152;48;2;235;235;235m_[38;2;91;91;91;48;2;209;209;209m_[38;2;76;76;76;48;2;170;170;170my[38;2;33;33;33;48;2;131;131;131my[38;2;158;158;158;48;2;58;58;58m~[38;2;118;118;118;48;2;34;34;34m~[38;2;141;141;141;48;2;24;24;24m`[38;2;113;113;113;48;2;16;16;16m`[38;2;85;85;85;48;2;12;12;12m`[38;2;65;65;65;48;2;9;9;9m`[38;2;48;48;48;48;2;6;6;6m`[38;2;32;32;32;48;2;4;4;4m`[38;2;33;33;33m`[38;2;27;27;27;48;2;3;3;3m``[38;2;28;28;28m`[38;2;31;31;31m`[38;2;36;36;36;48;2;4;4;4m`[38;2;52;52;52;48;2;6;6;6m`[38;2;69;69;69;48;2;9;9;9m`[38;2;87;87;87;48;2;11;11;11m`[38;2;110;110;110;48;2;14;14;14m`[38;2;131;131;131;48;2;18;18;18m`[38;2;149;149;149;48;2;28;28;28m`[38;2;124;124;124;48;2;42;42;42m~[38;2;167;167;167;48;2;66;66;66m~[38;2;31;31;31;48;2;128;128;128my[38;2;66;66;66;48;2;163;163;163my[48;2;189;189;189m_[38;2;112;112;112;48;2;226;226;226m_[38;2;165;165;165;48;2;239;239;239m_[38;2;235;235;235;48;2;248;248;248m,[48;2;251;251;251m [38;2;249;249;249m_[38;2;252;252;252m:[48;2;252;252;252m                     [38;2;253;253;253m_                   [0m
[7m[38;2;252;252;252m [0m[38;2;0;0;0;48;2;252;252;252m                                     [38;2;252;252;252;48;2;251;251;251m: :[38;2;205;205;205;48;2;243;243;243m_[38;2;115;115;115;48;2;201;201;201my[38;2;209;209;209;48;2;85;85;85m~[38;2;106;106;106;48;2;28;28;28m~[38;2;0;0;0;48;2;4;4;4m:[48;2;0;0;0m  [38;2;2;2;2m`[38;2;1;1;1m`                  ``  [38;2;0;0;0;48;2;1;1;1m`[38;2;25;25;25;48;2;10;10;10m`[38;2;109;109;109;48;2;31;31;31m~[38;2;193;193;193;48;2;71;71;71m~[38;2;17;17;17;48;2;164;164;164m_[38;2;128;128;128;48;2;217;217;217m_[38;2;216;216;216;48;2;245;245;245m_[38;2;247;247;247;48;2;250;250;250m,[38;2;252;252;252;48;2;251;251;251m:[48;2;252;252;252m                   [38;2;253;253;253m"                   [0m
[7m[38;2;252;252;252m [0m[38;2;0;0;0;48;2;252;252;252m                  [38;2;252;252;252;48;2;251;251;251m:[38;2;250;250;250m__ [48;2;252;252;252m [38;2;253;253;253m_.[48;2;251;251;251m_[38;2;250;250;250m=*****=* [38;2;253;253;253;48;2;252;252;252m_[38;2;252;252;252;48;2;251;251;251m.[48;2;250;250;250m`[38;2;251;251;251;48;2;239;239;239m`[38;2;85;85;85;48;2;184;184;184m_[38;2;149;149;149;48;2;62;62;62m~[38;2;41;41;41;48;2;11;11;11m~[38;2;4;4;4;48;2;2;2;2m'[38;2;1;1;1;48;2;0;0;0m`                             `^[38;2;0;0;0;48;2;2;2;2m:[38;2;96;96;96;48;2;21;21;21m`[38;2;161;161;161;48;2;74;74;74m~[38;2;74;74;74;48;2;181;181;181m_[38;2;201;201;201;48;2;237;237;237m_[38;2;245;245;245;48;2;250;250;250m,[48;2;251;251;251m [38;2;253;253;253;48;2;252;252;252m_[48;2;251;251;251m_ [38;2;250;250;250m*****=[38;2;253;253;253m_[48;2;252;252;252m [38;2;254;254;254m_[38;2;253;253;253m_[38;2;252;252;252;48;2;251;251;251m:[38;2;250;250;250m__ [48;2;252;252;252m                    [0m
[7m[38;2;252;252;252m [0m[38;2;0;0;0;48;2;252;252;252m                [38;2;253;253;253m.[38;2;246;246;246m_[38;2;214;214;214;48;2;247;247;247m_[38;2;169;169;169;48;2;234;234;234m_[38;2;115;115;115;48;2;219;219;219m_[38;2;66;66;66;48;2;207;207;207m_[38;2;45;45;45;48;2;202;202;202m_[38;2;20;20;20;48;2;193;193;193m_[38;2;7;7;7;48;2;183;183;183m_[38;2;4;4;4;48;2;175;175;175m_[38;2;0;0;0;48;2;159;159;159m_[48;2;148;148;148m_[48;2;147;147;147m_[48;2;148;148;148m_[48;2;151;151;151m_[48;2;155;155;155m_[48;2;152;152;152m_[48;2;163;163;163m_[38;2;2;2;2;48;2;173;173;173m_[38;2;17;17;17;48;2;189;189;189m_[38;2;47;47;47;48;2;201;201;201m_[38;2;77;77;77;48;2;198;198;198m_[38;2;62;62;62;48;2;137;137;137my[38;2;0;0;0;48;2;21;21;21m:[48;2;0;0;0m [38;2;1;1;1m`                                   r[38;2;0;0;0;48;2;10;10;10m:[38;2;159;159;159;48;2;71;71;71m~[38;2;46;46;46;48;2;187;187;187m_[38;2;51;51;51;48;2;204;204;204m_[38;2;30;30;30;48;2;196;196;196m_[38;2;6;6;6;48;2;181;181;181m_[38;2;0;0;0;48;2;167;167;167m_[48;2;156;156;156m_[48;2;150;150;150m_[48;2;148;148;148m_[48;2;149;149;149m_[48;2;155;155;155m_[48;2;163;163;163m_[48;2;170;170;170m_[38;2;3;3;3;48;2;178;178;178m_[38;2;15;15;15;48;2;191;191;191m_[38;2;33;33;33;48;2;198;198;198m_[38;2;64;64;64;48;2;206;206;206m_[38;2;96;96;96;48;2;214;214;214m_[38;2;130;130;130;48;2;223;223;223m_[38;2;178;178;178;48;2;237;237;237m_[38;2;217;217;217;48;2;248;248;248m_[38;2;245;245;245;48;2;251;251;251m_[38;2;253;253;253;48;2;252;252;252m.                 [0m
[7m[38;2;252;252;252m [0m[38;2;0;0;0;48;2;252;252;252m              [38;2;252;252;252;48;2;251;251;251m`[38;2;249;249;249m,[38;2;253;253;253;48;2;236;236;236m`[38;2;125;125;125;48;2;179;179;179my[38;2;147;147;147;48;2;51;51;51m~[38;2;99;99;99;48;2;17;17;17m~[38;2;65;65;65;48;2;10;10;10m~[38;2;50;50;50;48;2;7;7;7m`[38;2;31;31;31;48;2;4;4;4m`[38;2;11;11;11;48;2;1;1;1m`[38;2;4;4;4;48;2;0;0;0m`[38;2;2;2;2m` [38;2;1;1;1m~~~^    [38;2;9;9;9;48;2;1;1;1m`[38;2;33;33;33;48;2;4;4;4m`[38;2;60;60;60;48;2;8;8;8m`[38;2;9;9;9;48;2;2;2;2m`[48;2;0;0;0m                                         [38;2;34;34;34;48;2;3;3;3m`[38;2;38;38;38;48;2;4;4;4m`[38;2;17;17;17;48;2;2;2;2m`[38;2;3;3;3;48;2;0;0;0m`   [38;2;1;1;1m~~~  `[38;2;8;8;8;48;2;1;1;1m`[38;2;19;19;19;48;2;2;2;2m`[38;2;48;48;48;48;2;6;6;6m`[38;2;74;74;74;48;2;12;12;12m`[38;2;76;76;76;48;2;16;16;16m"[38;2;100;100;100;48;2;21;21;21m~[38;2;147;147;147;48;2;55;55;55m~[38;2;95;95;95;48;2;165;165;165my[38;2;202;202;202;48;2;233;233;233m,[48;2;251;251;251m  [48;2;252;252;252m               [0m
[7m[38;2;252;252;252m [0m[38;2;0;0;0;48;2;252;252;252m              [38;2;252;252;252;48;2;251;251;251m.[38;2;250;250;250mF[38;2;236;236;236;48;2;226;226;226m:[38;2;173;173;173;48;2;121;121;121m_[38;2;0;0;0;48;2;9;9;9m:[38;2;1;1;1;48;2;0;0;0m^                                                                               [38;2;0;0;0;48;2;3;3;3m:[38;2;108;108;108;48;2;63;63;63m_[38;2;198;198;198;48;2;217;217;217mF[48;2;251;251;251m  [48;2;252;252;252m               [0m
[7m[38;2;252;252;252m [0m[38;2;0;0;0;48;2;252;252;252m              [38;2;252;252;252;48;2;251;251;251m: [38;2;245;245;245;48;2;250;250;250m`[38;2;195;195;195;48;2;216;216;216m"[38;2;179;179;179;48;2;89;89;89m_[38;2;0;0;0;48;2;8;8;8m`[38;2;1;1;1;48;2;0;0;0m:                                                                             [38;2;0;0;0;48;2;2;2;2m:[38;2;109;109;109;48;2;38;38;38m_[38;2;136;136;136;48;2;190;190;190m~[38;2;226;226;226;48;2;245;245;245m~[48;2;251;251;251m  [48;2;252;252;252m               [0m
[7m[38;2;252;252;252m [0m[38;2;0;0;0;48;2;252;252;252m                [48;2;251;251;251m [38;2;248;248;248;48;2;250;250;250m"[38;2;205;205;205;48;2;227;227;227m"[38;2;183;183;183;48;2;116;116;116my[38;2;91;91;91;48;2;22;22;22m_[38;2;0;0;0;48;2;2;2;2m`[38;2;2;2;2;48;2;0;0;0m,                                                                          [38;2;0;0;0;48;2;7;7;7m:[38;2;163;163;163;48;2;66;66;66m_[38;2;139;139;139;48;2;203;203;203m~[38;2;228;228;228;48;2;247;247;247m~[38;2;251;251;251;48;2;252;252;252m,                 [0m
[7m[38;2;252;252;252m [0m[38;2;0;0;0;48;2;252;252;252m                 [38;2;252;252;252;48;2;251;251;251m.`[38;2;229;229;229;48;2;243;243;243m`[38;2;150;150;150;48;2;202;202;202m~[38;2;193;193;193;48;2;79;79;79m_[38;2;1;1;1;48;2;16;16;16m`[38;2;0;0;0;48;2;1;1;1m`[48;2;0;0;0m                                                                       [48;2;2;2;2m:[38;2;128;128;128;48;2;33;33;33m_[38;2;56;56;56;48;2;157;157;157m~[38;2;198;198;198;48;2;230;230;230m"[38;2;243;243;243;48;2;250;250;250m`[38;2;252;252;252;48;2;251;251;251m::[48;2;252;252;252m                 [0m
[7m[38;2;252;252;252m [0m[38;2;0;0;0;48;2;252;252;252m                  [38;2;252;252;252;48;2;251;251;251m:. [38;2;221;221;221;48;2;240;240;240m`[38;2;103;103;103;48;2;189;189;189m~[38;2;184;184;184;48;2;68;68;68m_[38;2;57;57;57;48;2;8;8;8m_[48;2;0;0;0m                                                                    [38;2;0;0;0;48;2;1;1;1m`[38;2;83;83;83;48;2;24;24;24m_[38;2;187;187;187;48;2;106;106;106my[38;2;159;159;159;48;2;221;221;221m~[38;2;233;233;233;48;2;247;247;247m~[38;2;250;250;250;48;2;251;251;251mF[38;2;252;252;252m:[48;2;252;252;252m                   [0m
[7m[38;2;252;252;252m [0m[38;2;0;0;0;48;2;252;252;252m                    [38;2;252;252;252;48;2;251;251;251m: [38;2;245;245;245;48;2;250;250;250m`[38;2;213;213;213;48;2;237;237;237m"[38;2;117;117;117;48;2;189;189;189m~[38;2;194;194;194;48;2;74;74;74m_[38;2;74;74;74;48;2;14;14;14m_[38;2;0;0;0;48;2;1;1;1m:[48;2;0;0;0m                                                               [38;2;1;1;1m.[38;2;0;0;0;48;2;2;2;2m:[38;2;103;103;103;48;2;34;34;34m_[38;2;124;124;124;48;2;182;182;182m~[38;2;224;224;224;48;2;242;242;242m~[38;2;252;252;252;48;2;251;251;251mL :[48;2;252;252;252m                    [0m
[7m[38;2;252;252;252m [0m[38;2;0;0;0;48;2;252;252;252m                      [38;2;252;252;252;48;2;251;251;251m:  [38;2;224;224;224;48;2;244;244;244m`[38;2;126;126;126;48;2;207;207;207m~[38;2;220;220;220;48;2;100;100;100m_[38;2;95;95;95;48;2;22;22;22m_[38;2;0;0;0;48;2;2;2;2m:[38;2;1;1;1;48;2;0;0;0m.                                                           [38;2;29;29;29;48;2;2;2;2m_[38;2;79;79;79;48;2;13;13;13m_[38;2;193;193;193;48;2;77;77;77m_[38;2;134;134;134;48;2;206;206;206m~[38;2;227;227;227;48;2;245;245;245m~[38;2;250;250;250;48;2;251;251;251m` [48;2;252;252;252m                      [0m
[7m[38;2;252;252;252m [0m[38;2;0;0;0;48;2;252;252;252m                        [38;2;252;252;252;48;2;251;251;251m:._[38;2;233;233;233;48;2;247;247;247m`[38;2;178;178;178;48;2;225;225;225m~[38;2;48;48;48;48;2;151;151;151m~[38;2;145;145;145;48;2;36;36;36m_[38;2;0;0;0;48;2;4;4;4m:[48;2;0;0;0m                                                      [48;2;1;1;1m:[38;2;81;81;81;48;2;15;15;15m_[38;2;194;194;194;48;2;70;70;70m_[38;2;30;30;30;48;2;161;161;161m~[38;2;74;74;74;48;2;190;190;190m~[38;2;154;154;154;48;2;223;223;223m~[38;2;220;220;220;48;2;245;245;245m~[38;2;247;247;247;48;2;250;250;250m`[48;2;251;251;251m [38;2;252;252;252m.[48;2;252;252;252m                       [0m
[7m[38;2;252;252;252m [0m[38;2;0;0;0;48;2;252;252;252m                           [48;2;251;251;251m [38;2;251;251;251;48;2;250;250;250my[38;2;245;245;245;48;2;231;231;231m'[38;2;69;69;69;48;2;140;140;140m_[38;2;0;0;0;48;2;18;18;18m`[38;2;22;22;22;48;2;3;3;3m_[48;2;0;0;0m                                                    [38;2;1;1;1m,[38;2;0;0;0;48;2;14;14;14m:[38;2;147;147;147;48;2;115;115;115m4[38;2;220;220;220;48;2;229;229;229m~[38;2;250;250;250;48;2;251;251;251m4[38;2;251;251;251;48;2;250;250;250my[38;2;250;250;250;48;2;251;251;251m~[38;2;252;252;252m:[48;2;252;252;252m                          [0m
[7m[38;2;252;252;252m [0m[38;2;0;0;0;48;2;252;252;252m                          [48;2;251;251;251m [38;2;250;250;250mL[38;2;252;252;252;48;2;243;243;243m'[38;2;140;140;140;48;2;190;190;190m_[38;2;84;84;84;48;2;67;67;67mW[38;2;124;124;124;48;2;83;83;83my[38;2;47;47;47;48;2;31;31;31mF[38;2;0;0;0;48;2;2;2;2m:[48;2;0;0;0m                                                   [38;2;1;1;1m`[38;2;0;0;0;48;2;1;1;1m:[38;2;69;69;69;48;2;37;37;37m`[38;2;149;149;149;48;2;193;193;193m_[38;2;230;230;230;48;2;245;245;245m,[38;2;250;250;250;48;2;251;251;251m_ [48;2;252;252;252m                           [0m
[7m[38;2;252;252;252m [0m[38;2;0;0;0;48;2;252;252;252m                          [38;2;252;252;252;48;2;251;251;251m.[38;2;250;250;250;48;2;248;248;248m`[38;2;180;180;180;48;2;214;214;214m_[38;2;152;152;152;48;2;123;123;123m_[38;2;99;99;99;48;2;172;172;172m~[38;2;108;108;108;48;2;143;143;143m_[38;2;32;32;32;48;2;15;15;15mL[38;2;3;3;3;48;2;2;2;2m+[48;2;0;0;0m                                                    [38;2;1;1;1m=[38;2;0;0;0;48;2;8;8;8m:[38;2;121;121;121;48;2;85;85;85m~[38;2;206;206;206;48;2;224;224;224mL[38;2;249;249;249;48;2;250;250;250mJ[48;2;251;251;251m [48;2;252;252;252m                           [0m
[7m[38;2;252;252;252m [0m[38;2;0;0;0;48;2;252;252;252m                          [38;2;252;252;252;48;2;250;250;250m`[38;2;225;225;225;48;2;233;233;233m4[38;2;232;232;232;48;2;192;192;192m_[38;2;187;187;187;48;2;232;232;232m~[38;2;237;237;237;48;2;222;222;222m:[38;2;101;101;101;48;2;79;79;79mF[38;2;0;0;0;48;2;8;8;8m:[38;2;2;2;2;48;2;1;1;1m`[48;2;0;0;0m                                                   [38;2;0;0;0;48;2;3;3;3m:[38;2;80;80;80;48;2;28;28;28m_[38;2;67;67;67;48;2;20;20;20m_[38;2;9;9;9;48;2;28;28;28m:[38;2;125;125;125;48;2;172;172;172m_[38;2;223;223;223;48;2;239;239;239m,[38;2;252;252;252;48;2;251;251;251m' [48;2;252;252;252m                          [0m
[7m[38;2;252;252;252m [0m[38;2;0;0;0;48;2;252;252;252m                          [38;2;252;252;252;48;2;251;251;251m:[38;2;244;244;244;48;2;248;248;248m~[38;2;245;245;245m+[38;2;252;252;252;48;2;239;239;239m`[38;2;112;112;112;48;2;176;176;176m_[38;2;109;109;109;48;2;69;69;69m_[38;2;234;234;234;48;2;102;102;102m_[38;2;136;136;136;48;2;82;82;82my[38;2;0;0;0;48;2;12;12;12m:[38;2;1;1;1;48;2;0;0;0m+                                                [48;2;1;1;1m [38;2;0;0;0;48;2;12;12;12m:[38;2;113;113;113;48;2;99;99;99m4[38;2;202;202;202;48;2;149;149;149mg[38;2;134;134;134;48;2;85;85;85mL[38;2;94;94;94;48;2;67;67;67m~[38;2;151;151;151;48;2;202;202;202m_[38;2;231;231;231;48;2;246;246;246m,[38;2;250;250;250;48;2;251;251;251m_ [48;2;252;252;252m                         [0m
[?25h