[?25l[0m[7m[38;2;252;252;252m [0m[38;2;0;0;0;48;2;252;252;252m                                                       [38;2;252;252;252;48;2;251;251;251m:[38;2;247;247;247m_[38;2;250;250;250;48;2;252;252;252m_[48;2;251;251;251m__ [38;2;252;252;252m:[48;2;252;252;252m                                                         [0m
[7m[38;2;252;252;252m [0m[38;2;0;0;0;48;2;252;252;252m                              [38;2;252;252;252;48;2;251;251;251m:[48;2;252;252;252m                     [48;2;251;251;251m: [38;2;253;253;253;48;2;248;248;248m:[38;2;172;172;172;48;2;221;221;221m_[38;2;100;100;100;48;2;173;173;173my[38;2;113;113;113;48;2;202;202;202m_[38;2;115;115;115;48;2;212;212;212m_[38;2;76;76;76;48;2;193;193;193m_[38;2;104;104;104;48;2;208;208;208m_[38;2;172;172;172;48;2;240;240;240m_[38;2;219;219;219;48;2;248;248;248m_[38;2;247;247;247;48;2;251;251;251m,[48;2;252;252;252m                                                       [0m
[7m[38;2;252;252;252m [0m[38;2;0;0;0;48;2;252;252;252m                                                  [38;2;252;252;252;48;2;251;251;251m`[38;2;254;254;254;48;2;252;252;252m,[38;2;253;253;253;48;2;246;246;246m:[38;2;85;85;85;48;2;214;214;214m_[38;2;8;8;8;48;2;155;155;155m_[38;2;150;150;150;48;2;57;57;57m~[38;2;44;44;44;48;2;11;11;11m~[38;2;47;47;47;48;2;6;6;6m`[38;2;38;38;38;48;2;3;3;3m`[38;2;13;13;13;48;2;1;1;1m`[38;2;33;33;33;48;2;8;8;8m`[38;2;94;94;94;48;2;31;31;31m~[38;2;57;57;57;48;2;118;118;118ms[38;2;201;201;201;48;2;220;220;220mL[38;2;252;252;252;48;2;249;249;249m`[48;2;251;251;251m:[48;2;252;252;252m                                                     [0m
[7m[38;2;252;252;252m [0m[38;2;0;0;0;48;2;252;252;252m                                                 [38;2;252;252;252;48;2;251;251;251m: [38;2;254;254;254;48;2;249;249;249m:[38;2;201;201;201;48;2;213;213;213m4[38;2;80;80;80;48;2;53;53;53mF[38;2;0;0;0;48;2;2;2;2m:[48;2;0;0;0m      [38;2;1;1;1m_[38;2;58;58;58;48;2;37;37;37m4[38;2;140;140;140;48;2;183;183;183m_[38;2;252;252;252;48;2;244;244;244m`[48;2;251;251;251m :[48;2;252;252;252m                                                    [0m
[7m[38;2;252;252;252m [0m[38;2;0;0;0;48;2;252;252;252m                                                  [38;2;252;252;252;48;2;251;251;251m:[38;2;253;253;253m`[48;2;239;239;239m:[38;2;100;100;100;48;2;162;162;162m~[38;2;54;54;54;48;2;33;33;33mr[48;2;0;0;0m      [38;2;1;1;1m"[38;2;21;21;21;48;2;8;8;8m"[38;2;110;110;110;48;2;69;69;69m~[38;2;141;141;141;48;2;206;206;206m_[38;2;250;250;250;48;2;246;246;246m'[48;2;251;251;251m_[38;2;252;252;252m:[48;2;252;252;252m                                                   [0m
[7m[38;2;252;252;252m [0m[38;2;0;0;0;48;2;252;252;252m                                                   [38;2;252;252;252;48;2;251;251;251m:`[38;2;254;254;254;48;2;239;239;239m:[38;2;91;91;91;48;2;148;148;148m~[38;2;72;72;72;48;2;29;29;29m,[38;2;1;1;1;48;2;0;0;0m`     [48;2;1;1;1m [38;2;0;0;0;48;2;21;21;21m:[38;2;130;130;130;48;2;112;112;112m4[38;2;228;228;228;48;2;238;238;238mL[38;2;251;251;251;48;2;250;250;250my[38;2;252;252;252;48;2;251;251;251m.[48;2;252;252;252m                                                   [0m
[7m[38;2;252;252;252m [0m[38;2;0;0;0;48;2;252;252;252m                                                    [38;2;252;252;252;48;2;251;251;251m:[38;2;250;250;250ma[38;2;253;253;253;48;2;235;235;235m:[38;2;43;43;43;48;2;126;126;126m`[38;2;59;59;59;48;2;23;23;23m,[38;2;1;1;1;48;2;0;0;0m:    `[38;2;0;0;0;48;2;4;4;4m'[38;2;21;21;21;48;2;57;57;57m:[38;2;120;120;120;48;2;188;188;188m_[38;2;233;233;233;48;2;244;244;244m,[38;2;252;252;252;48;2;251;251;251mL:[48;2;252;252;252m                                                  [0m
[7m[38;2;252;252;252m [0m[38;2;0;0;0;48;2;252;252;252m                                                     [38;2;252;252;252;48;2;251;251;251m.[48;2;250;250;250m'[38;2;207;207;207;48;2;239;239;239m`[38;2;113;113;113;48;2;185;185;185m~[38;2;156;156;156;48;2;62;62;62m_[38;2;48;48;48;48;2;10;10;10m,[48;2;0;0;0m    [38;2;1;1;1m`[38;2;0;0;0;48;2;6;6;6m:[38;2;95;95;95;48;2;46;46;46m"[48;2;152;152;152my[38;2;146;146;146;48;2;218;218;218m_[38;2;218;218;218;48;2;246;246;246m_[38;2;248;248;248;48;2;251;251;251m,[48;2;252;252;252m                                                 [0m
[7m[38;2;252;252;252m [0m[38;2;0;0;0;48;2;252;252;252m                                                      [38;2;252;252;252;48;2;251;251;251m: [38;2;253;253;253;48;2;249;249;249m'[38;2;190;190;190;48;2;226;226;226m"[38;2;77;77;77;48;2;136;136;136m~[48;2;30;30;30m,[38;2;0;0;0;48;2;1;1;1m`[48;2;0;0;0m    [38;2;4;4;4;48;2;1;1;1m`[38;2;37;37;37;48;2;11;11;11m`[38;2;86;86;86;48;2;42;42;42m~[38;2;63;63;63;48;2;125;125;125my[38;2;53;53;53;48;2;178;178;178m_[38;2;102;102;102;48;2;213;213;213m_[38;2;171;171;171;48;2;232;232;232m_[38;2;235;235;235;48;2;245;245;245m,[38;2;251;251;251;48;2;250;250;250m~[38;2;252;252;252;48;2;251;251;251m~[48;2;252;252;252m                                            [0m
[7m[38;2;252;252;252m [0m[38;2;0;0;0;48;2;252;252;252m                                                      [38;2;252;252;252;48;2;251;251;251m:::[38;2;254;254;254m'[38;2;213;213;213;48;2;228;228;228m"[38;2;140;140;140;48;2;105;105;105mL[38;2;38;38;38;48;2;19;19;19mL[38;2;1;1;1;48;2;0;0;0m.     [38;2;5;5;5;48;2;2;2;2m`[38;2;18;18;18;48;2;9;9;9m`[38;2;91;91;91;48;2;31;31;31m_[38;2;192;192;192;48;2;98;98;98m_[38;2;170;170;170;48;2;210;210;210m~[38;2;238;238;238;48;2;247;247;247m~[38;2;250;250;250;48;2;251;251;251m` [48;2;252;252;252m                                            [0m
[7m[38;2;252;252;252m [0m[38;2;0;0;0;48;2;252;252;252m                                                         [38;2;253;253;253m,[38;2;252;252;252;48;2;238;238;238m'[38;2;146;146;146;48;2;124;124;124mL[38;2;46;46;46;48;2;29;29;29mL[38;2;3;3;3;48;2;1;1;1m,[48;2;0;0;0m  [38;2;1;1;1m*[38;2;0;0;0;48;2;13;13;13m`[38;2;176;176;176;48;2;53;53;53m_[38;2;244;244;244;48;2;104;104;104m_[38;2;47;47;47;48;2;175;175;175m~[38;2;128;128;128;48;2;219;219;219m~[38;2;229;229;229;48;2;247;247;247m~[38;2;252;252;252;48;2;251;251;251m: [48;2;252;252;252m                                              [0m
[7m[38;2;252;252;252m [0m[38;2;0;0;0;48;2;252;252;252m                                                        [38;2;252;252;252;48;2;251;251;251m`[38;2;253;253;253m'[38;2;239;239;239;48;2;226;226;226m`[38;2;120;120;120;48;2;153;153;153m4[38;2;200;200;200;48;2;77;77;77m_[38;2;193;193;193;48;2;58;58;58m_[38;2;202;202;202;48;2;71;71;71m_[38;2;191;191;191;48;2;90;90;90my[38;2;48;48;48;48;2;170;170;170m~[38;2;136;136;136;48;2;215;215;215m~[38;2;210;210;210;48;2;242;242;242m~[38;2;248;248;248;48;2;250;250;250m'[48;2;251;251;251m [38;2;252;252;252m:[48;2;252;252;252m                                                 [0m
[7m[38;2;252;252;252m [0m[38;2;0;0;0;48;2;252;252;252m                                                          [38;2;249;249;249;48;2;251;251;251m`[38;2;239;239;239;48;2;250;250;250m`[38;2;233;233;233m`[38;2;230;230;230;48;2;249;249;249m`[38;2;233;233;233m`[38;2;243;243;243;48;2;250;250;250m`[38;2;252;252;252;48;2;251;251;251m` :[48;2;252;252;252m                                                    [0m
[7m[38;2;252;252;252m [0m[38;2;0;0;0;48;2;252;252;252m                                                                                                                       [0m
[7m[38;2;252;252;252m [0m[38;2;0;0;0;48;2;252;252;252m                                                                                                                       [0m
[7m[38;2;252;252;252m [0m[38;2;0;0;0;48;2;252;252;252m                                                                                                                       [0m
[7m[38;2;252;252;252m [0m[38;2;0;0;0;48;2;252;252;252m                                                                                                                       [0m
[7m[38;2;252;252;252m [0m[38;2;0;0;0;48;2;252;252;252m                                                                                                                       [0m
[7m[38;2;252;252;252m [0m[38;2;0;0;0;48;2;252;252;252m                                                                                                                       [0m
[7m[38;2;252;252;252m [0m[38;2;0;0;0;48;2;252;252;252m                                                                                                                       [0m
[7m[38;2;252;252;252m [0m[38;2;0;0;0;48;2;252;252;252m                                                                                                                       [0m
[7m[38;2;252;252;252m [0m[38;2;0;0;0;48;2;252;252;252m                                                                                                                       [0m
[7m[38;2;252;252;252m [0m[38;2;0;0;0;48;2;252;252;252m                                                                                                                       [0m
[7m[38;2;252;252;252m [0m[38;2;0;0;0;48;2;252;252;252m                                                                                                                       [0m
[7m[38;2;252;252;252m [0m[38;2;0;0;0;48;2;252;252;252m                                                                                                                       [0m
[7m[38;2;252;252;252m [0m[38;2;0;0;0;48;2;252;252;252m                                                                                                                       [0m
[7m[38;2;252;252;252m [0m[38;2;0;0;0;48;2;252;252;252m                                                                                                                       [0m
[7m[38;2;252;252;252m [0m[38;2;0;0;0;48;2;252;252;252m                                                                                                                       [0m
[7m[38;2;252;252;252m [0m[38;2;0;0;0;48;2;252;252;252m                                                                                                                       [0m
[7m[38;2;252;252;252m [0m[38;2;0;0;0;48;2;252;252;252m                                                                                                                       [0m
[7m[38;2;252;252;252m [0m[38;2;0;0;0;48;2;252;252;252m                                                                                                                       [0m
[7m[38;2;252;252;252m [0m[38;2;0;0;0;48;2;252;252;252m                                                                                                                       [0m
[7m[38;2;252;252;252m [0m[38;2;0;0;0;48;2;252;252;252m                                                                                                                       [0m
[7m[38;2;252;252;252m [0m[38;2;0;0;0;48;2;252;252;252m                                                                                                                       [0m
[7m[38;2;252;252;252m [0m[38;2;0;0;0;48;2;252;252;252m                                                                                                                       [0m
[7m[38;2;252;252;252m [0m[38;2;0;0;0;48;2;252;252;252m                                                                                                                       [0m
[?25h