[?25l[0m[7m[38;2;0;0;0m [0m[38;2;0;0;0;48;2;0;0;0m                [38;2;14;14;14;48;2;3;3;3m`[38;2;73;73;73;48;2;23;23;23m~[38;2;162;162;162;48;2;58;58;58m~[38;2;215;215;215;48;2;91;91;91m~[38;2;180;180;180;48;2;84;84;84m~[38;2;3;3;3;48;2;11;11;11m:[48;2;0;0;0m                                                                                                 [0m
[7m[38;2;0;0;0m [0m[38;2;0;0;0;48;2;0;0;0m                  [48;2;3;3;3m`[38;2;38;38;38;48;2;4;4;4m_[38;2;11;11;11;48;2;1;1;1m_[48;2;0;0;0m                                                                                                  [0m
[7m[38;2;0;0;0m [0m[38;2;0;0;0;48;2;0;0;0m                [48;2;4;4;4m`[38;2;57;57;57;48;2;27;27;27m4[38;2;5;5;5;48;2;68;68;68m_[38;2;0;0;0;48;2;54;54;54m_[38;2;18;18;18;48;2;7;7;7m~[48;2;0;0;0m [38;2;0;0;0;48;2;1;1;1m`[38;2;36;36;36;48;2;8;8;8m_[38;2;78;78;78;48;2;22;22;22m_[38;2;94;94;94;48;2;29;29;29m_[38;2;61;61;61;48;2;19;19;19m_[38;2;0;0;0;48;2;1;1;1m:[48;2;0;0;0m                                                                                           [0m
[7m[38;2;0;0;0m [0m[38;2;0;0;0;48;2;0;0;0m                 [38;2;3;3;3m``   [38;2;0;0;0;48;2;4;4;4m.[38;2;48;48;48;48;2;26;26;26m?[38;2;20;20;20;48;2;67;67;67my[38;2;17;17;17;48;2;62;62;62my[38;2;50;50;50;48;2;16;16;16m~[38;2;0;0;0;48;2;1;1;1m:[48;2;0;0;0m                      [48;2;5;5;5m`[38;2;88;88;88;48;2;11;11;11m_[38;2;140;140;140;48;2;19;19;19m_[38;2;157;157;157;48;2;27;27;27m_[38;2;128;128;128;48;2;33;33;33m_[38;2;60;60;60;48;2;22;22;22m,[38;2;0;0;0;48;2;3;3;3m`[48;2;0;0;0m                                    [38;2;3;3;3;48;2;1;1;1m.[38;2;35;35;35;48;2;3;3;3m_[38;2;21;21;21;48;2;2;2;2m_[38;2;3;3;3;48;2;0;0;0m,                      [0m
[7m[38;2;0;0;0m [0m[38;2;0;0;0;48;2;0;0;0m                                                 [48;2;1;1;1m:[38;2;30;30;30;48;2;19;19;19m"[38;2;31;31;31;48;2;72;72;72my[38;2;160;160;160;48;2;69;69;69m~[38;2;180;180;180;48;2;65;65;65m~[38;2;147;147;147;48;2;47;47;47m~[38;2;61;61;61;48;2;21;21;21m"[38;2;0;0;0;48;2;2;2;2m:[48;2;0;0;0m                                  [48;2;14;14;14m`[38;2;130;130;130;48;2;61;61;61my[38;2;49;49;49;48;2;159;159;159m~[38;2;85;85;85;48;2;168;168;168m~[38;2;109;109;109;48;2;68;68;68mK[38;2;3;3;3;48;2;5;5;5m.[48;2;0;0;0m                      [0m
[7m[38;2;0;0;0m [0m[38;2;0;0;0;48;2;0;0;0m                                                                                           [48;2;21;21;21m.[38;2;131;131;131;48;2;60;60;60m~[38;2;28;28;28;48;2;108;108;108my[38;2;131;131;131;48;2;41;41;41m~[38;2;52;52;52;48;2;7;7;7m`[48;2;0;0;0m                       [0m
[7m[38;2;0;0;0m [0m[38;2;0;0;0;48;2;0;0;0m                                                                                                                       [0m
[7m[38;2;0;0;0m [0m[38;2;0;0;0;48;2;0;0;0m                          [38;2;24;24;24;48;2;2;2;2m_[38;2;47;47;47;48;2;4;4;4m_[38;2;39;39;39;48;2;3;3;3m_[38;2;3;3;3;48;2;1;1;1m.[48;2;0;0;0m                      [38;2;0;0;0;48;2;1;1;1m:[38;2;47;47;47;48;2;5;5;5m_[38;2;75;75;75;48;2;9;9;9m_[38;2;68;68;68;48;2;8;8;8m_[38;2;23;23;23;48;2;4;4;4m,[38;2;1;1;1;48;2;0;0;0m.                                                             [0m
[7m[38;2;0;0;0m [0m[38;2;0;0;0;48;2;0;0;0m                         [38;2;4;4;4;48;2;8;8;8m'[38;2;0;0;0;48;2;42;42;42m_[48;2;64;64;64m_[48;2;52;52;52m_[38;2;20;20;20;48;2;12;12;12mr[48;2;0;0;0m                      [38;2;39;39;39;48;2;24;24;24m-[38;2;11;11;11;48;2;110;110;110m_[38;2;61;61;61;48;2;171;171;171m_[38;2;96;96;96;48;2;177;177;177m_[38;2;201;201;201;48;2;129;129;129ma[38;2;114;114;114;48;2;67;67;67mr[38;2;26;26;26;48;2;10;10;10mr[48;2;0;0;0m                                                            [0m
[7m[38;2;0;0;0m [0m[38;2;0;0;0;48;2;0;0;0m  [38;2;4;4;4m_[38;2;36;36;36;48;2;3;3;3m_[38;2;43;43;43;48;2;4;4;4m_[38;2;1;1;1;48;2;0;0;0m.                                               [38;2;4;4;4;48;2;1;1;1m`[38;2;39;39;39;48;2;7;7;7m~[38;2;66;66;66;48;2;13;13;13m~[38;2;59;59;59;48;2;11;11;11m~[38;2;32;32;32;48;2;5;5;5m~[38;2;1;1;1;48;2;0;0;0m'                                                            [0m
[7m[38;2;0;0;0m [0m[38;2;0;0;0;48;2;0;0;0m  [38;2;8;8;8;48;2;5;5;5mJ[38;2;134;134;134;48;2;84;84;84ma[38;2;83;83;83;48;2;177;177;177m~[38;2;41;41;41;48;2;155;155;155m~[38;2;147;147;147;48;2;51;51;51m_[38;2;0;0;0;48;2;2;2;2m`[48;2;0;0;0m                                                                                                               [0m
[7m[38;2;0;0;0m [0m[38;2;0;0;0;48;2;0;0;0m   [38;2;54;54;54;48;2;16;16;16m~[38;2;36;36;36;48;2;107;107;107mL[38;2;58;58;58;48;2;176;176;176m_[38;2;184;184;184;48;2;132;132;132mF[38;2;7;7;7;48;2;17;17;17m`[48;2;0;0;0m                                                                                                               [0m
[7m[38;2;0;0;0m [0m[38;2;0;0;0;48;2;0;0;0m    [38;2;2;2;2m`[38;2;38;38;38;48;2;3;3;3m`[38;2;48;48;48;48;2;4;4;4m`[38;2;3;3;3;48;2;0;0;0m`                                                                                                               [0m
[7m[38;2;0;0;0m [0m[38;2;0;0;0;48;2;0;0;0m                                                                                                      [38;2;6;6;6m_[38;2;7;7;7m_[38;2;1;1;1m,              [0m
[7m[38;2;0;0;0m [0m[38;2;0;0;0;48;2;0;0;0m                                                                                                     [48;2;5;5;5m`[38;2;116;116;116;48;2;66;66;66ma[38;2;30;30;30;48;2;118;118;118m~[38;2;94;94;94;48;2;50;50;50mm[38;2;7;7;7;48;2;3;3;3m-[48;2;0;0;0m             [0m
[7m[38;2;0;0;0m [0m[38;2;0;0;0;48;2;0;0;0m                                                                                                      [38;2;45;45;45;48;2;10;10;10m~[38;2;67;67;67;48;2;15;15;15m~[38;2;39;39;39;48;2;7;7;7m~[38;2;2;2;2;48;2;0;0;0m`             [0m
[7m[38;2;0;0;0m [0m[38;2;0;0;0;48;2;0;0;0m                                                                                                                       [0m
[7m[38;2;0;0;0m [0m[38;2;0;0;0;48;2;0;0;0m                                                       [48;2;4;4;4m:[38;2;76;76;76;48;2;32;32;32my[38;2;176;176;176;48;2;79;79;79my[38;2;102;102;102;48;2;45;45;45m,[38;2;0;0;0;48;2;6;6;6m`[48;2;0;0;0m                                                           [0m
[38;2;76;76;76;48;2;15;15;15m_[38;2;65;65;65;48;2;12;12;12m_[48;2;0;0;0m                                               [38;2;0;0;0;48;2;1;1;1m:[38;2;59;59;59;48;2;13;13;13m_[38;2;169;169;169;48;2;36;36;36m_[38;2;177;177;177;48;2;38;38;38m_[38;2;125;125;125;48;2;27;27;27m_[38;2;51;51;51;48;2;10;10;10m_[38;2;12;12;12;48;2;2;2;2m,[38;2;17;17;17;48;2;8;8;8m"[38;2;75;75;75;48;2;43;43;43m7[38;2;24;24;24;48;2;103;103;103my[38;2;70;70;70;48;2;23;23;23m~[38;2;0;0;0;48;2;1;1;1m:[48;2;0;0;0m                                                           [0m
[38;2;155;155;155;48;2;92;92;92m=[38;2;170;170;170;48;2;101;101;101m=[38;2;31;31;31;48;2;16;16;16m=[48;2;0;0;0m                                              [38;2;0;0;0;48;2;2;2;2m:[38;2;66;66;66;48;2;43;43;43m4[38;2;97;97;97;48;2;167;167;167m_[38;2;212;212;212;48;2;233;233;233m~[38;2;184;184;184;48;2;234;234;234m~[38;2;144;144;144;48;2;220;220;220m~[38;2;99;99;99;48;2;182;182;182m~[38;2;111;111;111;48;2;68;68;68mL[38;2;24;24;24;48;2;10;10;10m,[38;2;1;1;1;48;2;0;0;0m_                       [38;2;10;10;10;48;2;1;1;1m_[38;2;32;32;32;48;2;7;7;7m_[38;2;36;36;36m_[38;2;30;30;30;48;2;5;5;5m_[38;2;79;79;79;48;2;6;6;6m_[38;2;68;68;68;48;2;13;13;13m_[38;2;20;20;20;48;2;4;4;4m_[48;2;0;0;0m                            [38;2;33;33;33;48;2;4;4;4m_[38;2;104;104;104;48;2;42;42;42my[38;2;190;190;190;48;2;121;121;121my[0m
[38;2;8;8;8;48;2;1;1;1m`[38;2;15;15;15m`[38;2;3;3;3;48;2;0;0;0m`         [38;2;22;22;22;48;2;3;3;3m_[38;2;138;138;138;48;2;36;36;36m_[38;2;205;205;205;48;2;60;60;60m_[38;2;117;117;117;48;2;33;33;33m_[38;2;0;0;0;48;2;1;1;1m:[48;2;0;0;0m                                 [38;2;4;4;4;48;2;1;1;1m`[38;2;67;67;67;48;2;16;16;16m`[38;2;137;137;137;48;2;49;49;49m~[38;2;24;24;24;48;2;110;110;110my[38;2;27;27;27;48;2;121;121;121my[38;2;26;26;26;48;2;116;116;116my[38;2;105;105;105;48;2;40;40;40m~[38;2;20;20;20;48;2;6;6;6m~[38;2;1;1;1;48;2;0;0;0m`                     [38;2;0;0;0;48;2;2;2;2m`[38;2;56;56;56;48;2;21;21;21m_[38;2;20;20;20;48;2;59;59;59m~[38;2;43;43;43;48;2;76;76;76m~[38;2;121;121;121;48;2;75;75;75m_[38;2;180;180;180;48;2;108;108;108my[38;2;118;118;118;48;2;152;152;152m~[38;2;40;40;40;48;2;84;84;84m_[38;2;35;35;35;48;2;12;12;12m~[48;2;0;0;0m                            [38;2;41;41;41;48;2;20;20;20m7[38;2;14;14;14;48;2;62;62;62my[38;2;128;128;128;48;2;44;44;44m~[0m
[7m[38;2;0;0;0m [0m[38;2;0;0;0;48;2;0;0;0m           [38;2;58;58;58;48;2;30;30;30m4[38;2;88;88;88;48;2;147;147;147m_[38;2;126;126;126;48;2;197;197;197m_[38;2;53;53;53;48;2;98;98;98my[38;2;0;0;0;48;2;4;4;4m:[38;2;1;1;1;48;2;0;0;0m`                                                             [38;2;0;0;0;48;2;5;5;5m`[38;2;12;12;12;48;2;40;40;40m~[38;2;71;71;71;48;2;85;85;85m"[38;2;89;89;89;48;2;95;95;95m.[38;2;166;166;166;48;2;118;118;118m_[38;2;153;153;153;48;2;204;204;204m~[38;2;136;136;136;48;2;186;186;186my[38;2;126;126;126;48;2;60;60;60m~[38;2;21;21;21;48;2;4;4;4m'[38;2;1;1;1;48;2;0;0;0m`                               [0m
[7m[38;2;0;0;0m [0m[38;2;0;0;0;48;2;0;0;0m           [38;2;4;4;4m`[38;2;71;71;71;48;2;9;9;9m`[38;2;73;73;73;48;2;14;14;14m"[38;2;13;13;13;48;2;2;2;2m`[48;2;0;0;0m                                    [38;2;24;24;24;48;2;3;3;3m_[38;2;57;57;57;48;2;9;9;9m__[38;2;37;37;37;48;2;5;5;5m_[38;2;25;25;25;48;2;3;3;3m_[38;2;30;30;30;48;2;4;4;4m_[38;2;26;26;26;48;2;3;3;3m_[38;2;4;4;4;48;2;0;0;0m,  [38;2;0;0;0;48;2;8;8;8m`[38;2;94;94;94;48;2;24;24;24m_[38;2;152;152;152;48;2;43;43;43m_[38;2;160;160;160;48;2;64;64;64m_[38;2;71;71;71;48;2;29;29;29m,[38;2;0;0;0;48;2;2;2;2m`[48;2;0;0;0m          [48;2;1;1;1m:[38;2;27;27;27;48;2;21;21;21my[38;2;68;68;68;48;2;61;61;61m4[38;2;57;57;57;48;2;79;79;79m_[38;2;132;132;132;48;2;110;110;110my[38;2;214;214;214;48;2;188;188;188m4[38;2;91;91;91;48;2;152;152;152my[38;2;94;94;94;48;2;34;34;34m~[38;2;6;6;6;48;2;1;1;1m`[48;2;0;0;0m                                 [0m
[7m[38;2;0;0;0m [0m[38;2;0;0;0;48;2;0;0;0m                              [38;2;14;14;14m_[38;2;20;20;20m_            [38;2;0;0;0;48;2;1;1;1m:[38;2;67;67;67;48;2;28;28;28my[38;2;174;174;174;48;2;89;89;89my[38;2;55;55;55;48;2;120;120;120m~[38;2;42;42;42;48;2;19;19;19mL[38;2;0;0;0;48;2;3;3;3m:[38;2;43;43;43;48;2;19;19;19m=[38;2;94;94;94;48;2;51;51;51m=[38;2;0;0;0;48;2;106;106;106m_[48;2;117;117;117m_[48;2;105;105;105m_[48;2;84;84;84m_[48;2;64;64;64m_[38;2;51;51;51;48;2;30;30;30m=[38;2;0;0;0;48;2;6;6;6m.[48;2;4;4;4m:[38;2;54;54;54;48;2;31;31;31my[38;2;57;57;57;48;2;110;110;110m~[38;2;125;125;125;48;2;186;186;186m~[38;2;143;143;143;48;2;197;197;197m_[38;2;59;59;59;48;2;118;118;118my[38;2;52;52;52;48;2;16;16;16m~[48;2;0;0;0m           [38;2;0;0;0;48;2;1;1;1m:[38;2;23;23;23;48;2;14;14;14m~[38;2;15;15;15;48;2;32;32;32my[38;2;27;27;27;48;2;40;40;40m:[38;2;53;53;53;48;2;109;109;109m_[38;2;126;126;126;48;2;61;61;61m~[38;2;48;48;48;48;2;11;11;11m~[38;2;1;1;1;48;2;0;0;0m`                                  [0m
[7m[38;2;0;0;0m [0m[38;2;0;0;0;48;2;0;0;0m                             [38;2;25;25;25;48;2;16;16;16mu[38;2;119;119;119;48;2;75;75;75ma[38;2;50;50;50;48;2;165;165;165m~[38;2;13;13;13;48;2;140;140;140m~[38;2;89;89;89;48;2;32;32;32m_[38;2;0;0;0;48;2;2;2;2m:[48;2;0;0;0m         [38;2;23;23;23;48;2;13;13;13m4[38;2;102;102;102;48;2;74;74;74m"[38;2;61;61;61;48;2;141;141;141my[38;2;108;108;108;48;2;35;35;35m~[38;2;20;20;20;48;2;2;2;2m~[48;2;0;0;0m          [38;2;0;0;0;48;2;4;4;4m:[38;2;54;54;54;48;2;25;25;25m~[38;2;111;111;111;48;2;53;53;53m~[38;2;29;29;29;48;2;107;107;107my[38;2;104;104;104;48;2;31;31;31m~[38;2;24;24;24;48;2;3;3;3m~[48;2;0;0;0m           [38;2;0;0;0;48;2;1;1;1m`[38;2;23;23;23;48;2;2;2;2m_[38;2;10;10;10m_[38;2;4;4;4;48;2;0;0;0m`[38;2;13;13;13;48;2;3;3;3m`[38;2;29;29;29;48;2;6;6;6m~[38;2;9;9;9;48;2;2;2;2m`[48;2;0;0;0m                                    [0m
[7m[38;2;0;0;0m [0m[38;2;0;0;0;48;2;0;0;0m                              [38;2;34;34;34;48;2;8;8;8m`[38;2;105;105;105;48;2;35;35;35m~[38;2;181;181;181;48;2;55;55;55m~[38;2;97;97;97;48;2;29;29;29m~[38;2;0;0;0;48;2;5;5;5m`[48;2;0;0;0m                                         [38;2;5;5;5;48;2;19;19;19m:[38;2;59;59;59;48;2;100;100;100m~[38;2;162;162;162my[38;2;111;111;111;48;2;42;42;42m,[38;2;7;7;7;48;2;1;1;1m,[48;2;0;0;0m                                      [0m
[7m[38;2;0;0;0m [0m[38;2;0;0;0;48;2;0;0;0m                              [38;2;1;1;1;48;2;5;5;5m.[38;2;50;50;50;48;2;35;35;35m4[38;2;102;102;102;48;2;68;68;68ma[38;2;13;13;13;48;2;93;93;93m~[38;2;79;79;79;48;2;41;41;41mw[38;2;0;0;0;48;2;7;7;7m`[48;2;0;0;0m                                        [48;2;2;2;2m`[38;2;70;70;70;48;2;32;32;32m"[38;2;41;41;41;48;2;129;129;129m_[38;2;120;120;120;48;2;96;96;96m\[38;2;48;48;48;48;2;26;26;26mL[38;2;1;1;1;48;2;0;0;0m.                                     [0m
[7m[38;2;0;0;0m [0m[38;2;0;0;0;48;2;0;0;0m                               [38;2;1;1;1m`[38;2;10;10;10;48;2;1;1;1m`[38;2;44;44;44;48;2;10;10;10m`[38;2;62;62;62;48;2;16;16;16m~[38;2;15;15;15;48;2;5;5;5m`[48;2;0;0;0m                                          [38;2;2;2;2m`[38;2;20;20;20;48;2;5;5;5m~[38;2;15;15;15;48;2;4;4;4m"[38;2;3;3;3;48;2;0;0;0m~                     [38;2;1;1;1m.,              [0m
[38;2;17;17;17;48;2;1;1;1m_[38;2;12;12;12m_[38;2;2;2;2;48;2;0;0;0m_                                     [38;2;21;21;21;48;2;3;3;3m_[38;2;90;90;90;48;2;27;27;27m_[38;2;0;0;0;48;2;81;81;81m~[48;2;84;84;84m~[38;2;35;35;35;48;2;17;17;17mr[48;2;0;0;0m                                                          [38;2;36;36;36;48;2;17;17;17my[38;2;140;140;140;48;2;51;51;51m_[38;2;196;196;196;48;2;52;52;52m_[38;2;178;178;178;48;2;32;32;32m_[38;2;100;100;100;48;2;13;13;13m_[38;2;20;20;20;48;2;2;2;2m_[48;2;0;0;0m           [0m
[38;2;173;173;173;48;2;95;95;95m_[38;2;146;146;146;48;2;90;90;90my[38;2;171;171;171;48;2;72;72;72m_[38;2;145;145;145;48;2;42;42;42m_[38;2;65;65;65;48;2;14;14;14m_[48;2;0;0;0m                                   [38;2;24;24;24;48;2;9;9;9m"[38;2;94;94;94;48;2;32;32;32m~[38;2;142;142;142;48;2;44;44;44m~[38;2;88;88;88;48;2;25;25;25m~[38;2;0;0;0;48;2;4;4;4m:[48;2;0;0;0m      [48;2;1;1;1m:[38;2;34;34;34;48;2;17;17;17m=[38;2;32;32;32;48;2;71;71;71m~[38;2;0;0;0;48;2;89;89;89m`[38;2;23;23;23;48;2;58;58;58m~[38;2;17;17;17;48;2;7;7;7mL[48;2;0;0;0m     [38;2;1;1;1m.[38;2;26;26;26;48;2;3;3;3m_[38;2;46;46;46;48;2;7;7;7m_[38;2;62;62;62;48;2;14;14;14m_[38;2;65;65;65;48;2;18;18;18m_[38;2;27;27;27;48;2;6;6;6m,[38;2;1;1;1;48;2;0;0;0m.      [38;2;0;0;0;48;2;1;1;1m`[38;2;51;51;51;48;2;10;10;10m_[38;2;131;131;131;48;2;34;34;34m_[38;2;104;104;104;48;2;29;29;29m_[38;2;30;30;30;48;2;8;8;8m_[48;2;0;0;0m                       [38;2;37;37;37;48;2;11;11;11m`[38;2;142;142;142;48;2;51;51;51m~[38;2;61;61;61;48;2;144;144;144my[38;2;15;15;15;48;2;184;184;184m_[38;2;69;69;69;48;2;181;181;181m_[38;2;153;153;153;48;2;105;105;105ms[38;2;63;63;63;48;2;37;37;37ms[38;2;2;2;2;48;2;0;0;0m.         [0m
[38;2;207;207;207;48;2;238;238;238m~[38;2;217;217;217;48;2;244;244;244m~[38;2;214;214;214;48;2;240;240;240m~[38;2;157;157;157;48;2;197;197;197m_[38;2;109;109;109;48;2;70;70;70mF[38;2;0;0;0;48;2;1;1;1m:[48;2;0;0;0m                                              [38;2;1;1;1m`[38;2;22;22;22;48;2;4;4;4m`[38;2;43;43;43;48;2;7;7;7m~[38;2;29;29;29;48;2;4;4;4m~[48;2;0;0;0m      [38;2;0;0;0;48;2;5;5;5m:[38;2;50;50;50;48;2;28;28;28m?[38;2;20;20;20;48;2;61;61;61my[48;2;66;66;66my[38;2;14;14;14;48;2;48;48;48my[38;2;25;25;25;48;2;10;10;10m~[38;2;1;1;1;48;2;0;0;0m'     [38;2;0;0;0;48;2;2;2;2m:[38;2;47;47;47;48;2;34;34;34mu[38;2;88;88;88;48;2;129;129;129m~[38;2;184;184;184;48;2;215;215;215m~[38;2;169;169;169;48;2;141;141;141mF[38;2;64;64;64;48;2;36;36;36mF[38;2;1;1;1;48;2;0;0;0m.                        ?[38;2;10;10;10;48;2;2;2;2m`[38;2;41;41;41;48;2;7;7;7m~[38;2;60;60;60;48;2;10;10;10m~[38;2;36;36;36;48;2;6;6;6m"[38;2;1;1;1;48;2;0;0;0m`         [0m
[38;2;244;244;244;48;2;247;247;247m_[38;2;183;183;183;48;2;229;229;229m_[38;2;17;17;17;48;2;152;152;152m_[38;2;118;118;118;48;2;35;35;35m~[38;2;5;5;5;48;2;1;1;1m`[48;2;0;0;0m                                                                     [38;2;0;0;0;48;2;1;1;1m:[38;2;42;42;42;48;2;24;24;24m"[38;2;117;117;117;48;2;65;65;65m~[38;2;39;39;39;48;2;112;112;112my[38;2;103;103;103;48;2;36;36;36m~[38;2;18;18;18;48;2;3;3;3m~[48;2;0;0;0m                                        [0m
[38;2;57;57;57;48;2;141;141;141my[38;2;137;137;137;48;2;34;34;34m~[38;2;11;11;11;48;2;2;2;2m`[48;2;0;0;0m                                                                        [38;2;1;1;1m`[38;2;2;2;2m`                   [38;2;0;0;0;48;2;12;12;12m`[38;2;150;150;150;48;2;47;47;47m_[38;2;195;195;195;48;2;57;57;57m_[38;2;193;193;193;48;2;50;50;50m_[38;2;146;146;146;48;2;28;28;28m_[38;2;62;62;62;48;2;7;7;7m_[38;2;1;1;1;48;2;0;0;0m,                 [0m
[38;2;5;5;5;48;2;0;0;0m`            [38;2;57;57;57;48;2;28;28;28my[38;2;11;11;11;48;2;65;65;65m~[38;2;56;56;56;48;2;20;20;20m_[48;2;0;0;0m            [38;2;17;17;17;48;2;3;3;3m_[38;2;74;74;74;48;2;18;18;18m_[38;2;132;132;132;48;2;36;36;36m_[38;2;140;140;140;48;2;38;38;38m_[38;2;114;114;114;48;2;29;29;29m_[38;2;54;54;54;48;2;8;8;8m_[48;2;0;0;0m                                                              [38;2;1;1;1;48;2;10;10;10m:[38;2;164;164;164;48;2;77;77;77m~[38;2;47;47;47;48;2;191;191;191m_[38;2;166;166;166;48;2;230;230;230m_[38;2;190;190;190;48;2;227;227;227m"[38;2;105;105;105;48;2;190;190;190m~[38;2;168;168;168;48;2;85;85;85m_[38;2;58;58;58;48;2;16;16;16m_[48;2;0;0;0m     [38;2;6;6;6m_[38;2;13;13;13m_[38;2;11;11;11m_[38;2;3;3;3m_       [0m
[7m[38;2;0;0;0m [0m[38;2;0;0;0;48;2;0;0;0m            [38;2;54;54;54;48;2;20;20;20m"[38;2;11;11;11;48;2;61;61;61m_[38;2;24;24;24;48;2;59;59;59m_[38;2;0;0;0;48;2;3;3;3m`[48;2;0;0;0m        [38;2;3;3;3;48;2;1;1;1m.[38;2;58;58;58;48;2;16;16;16m_[38;2;138;138;138;48;2;52;52;52m_[38;2;168;168;168;48;2;105;105;105my[38;2;123;123;123;48;2;190;190;190m~[38;2;187;187;187;48;2;231;231;231m~[38;2;206;206;206;48;2;242;242;242m~[38;2;174;174;174;48;2;230;230;230m`[38;2;192;192;192;48;2;165;165;165m@[38;2;63;63;63;48;2;37;37;37mL[38;2;0;0;0;48;2;1;1;1m:[48;2;0;0;0m [38;2;25;25;25;48;2;3;3;3m_[38;2;74;74;74;48;2;8;8;8m_[38;2;48;48;48;48;2;5;5;5m_[48;2;0;0;0m     [38;2;0;0;0;48;2;5;5;5m`[38;2;69;69;69;48;2;29;29;29my[38;2;155;155;155;48;2;67;67;67my[38;2;198;198;198;48;2;94;94;94my[38;2;193;193;193;48;2;92;92;92my[38;2;84;84;84;48;2;39;39;39m,[38;2;0;0;0;48;2;4;4;4m:[38;2;1;1;1;48;2;0;0;0m,                                             [38;2;38;38;38;48;2;7;7;7m`[38;2;113;113;113;48;2;23;23;23m~[38;2;163;163;163;48;2;42;42;42m~[38;2;180;180;180;48;2;48;48;48m~[38;2;128;128;128;48;2;30;30;30m~[38;2;43;43;43;48;2;8;8;8m~[48;2;0;0;0m  [38;2;0;0;0;48;2;5;5;5m`[38;2;98;98;98;48;2;41;41;41my[38;2;181;181;181;48;2;88;88;88my[38;2;58;58;58;48;2;170;170;170m~[38;2;87;87;87;48;2;189;189;189m~[38;2;81;81;81;48;2;185;185;185m~[38;2;204;204;204;48;2;124;124;124mg[38;2;170;170;170;48;2;79;79;79my[38;2;126;126;126;48;2;39;39;39m_[38;2;27;27;27;48;2;3;3;3m_[48;2;0;0;0m    [0m
[7m[38;2;0;0;0m [0m[38;2;0;0;0;48;2;0;0;0m             [38;2;3;3;3m`[38;2;8;8;8m`[38;2;1;1;1m`        [38;2;6;6;6;48;2;2;2;2m"[38;2;62;62;62;48;2;27;27;27m~[38;2;154;154;154;48;2;74;74;74m~[38;2;0;0;0;48;2;150;150;150m_[38;2;1;1;1;48;2;187;187;187m_[38;2;4;4;4;48;2;197;197;197m_[38;2;0;0;0;48;2;167;167;167m_[38;2;194;194;194;48;2;75;75;75m~[38;2;62;62;62;48;2;16;16;16m~[38;2;8;8;8;48;2;2;2;2m`[38;2;1;1;1;48;2;0;0;0m` [38;2;76;76;76;48;2;48;48;48m4[38;2;106;106;106;48;2;155;155;155m~[38;2;83;83;83;48;2;151;151;151m~[38;2;46;46;46;48;2;20;20;20mL[48;2;0;0;0m    [38;2;12;12;12;48;2;4;4;4m"[38;2;91;91;91;48;2;40;40;40m"[38;2;52;52;52;48;2;133;133;133my[38;2;0;0;0;48;2;172;172;172m_[48;2;167;167;167m_[38;2;99;99;99;48;2;53;53;53m~[38;2;0;0;0;48;2;6;6;6m:[38;2;1;1;1;48;2;0;0;0m~                                                     [38;2;0;0;0;48;2;4;4;4m:[38;2;129;129;129;48;2;48;48;48m~[38;2;38;38;38;48;2;129;129;129my[38;2;0;0;0;48;2;163;163;163m_[48;2;188;188;188m__[48;2;160;160;160m_[38;2;230;230;230;48;2;95;95;95m~[38;2;155;155;155;48;2;50;50;50m~[38;2;41;41;41;48;2;10;10;10m~[48;2;0;0;0m    [0m
[?25h