[?25l[0m[7m[38;2;0;0;0m [0m[38;2;0;0;0;48;2;0;0;0m                                                         [48;2;2;2;2m:[38;2;84;84;84;48;2;60;60;60m4[38;2;214;214;214;48;2;225;225;225mL[38;2;253;253;253;48;2;251;251;251m: [48;2;252;252;252m                                                         [0m
[7m[38;2;0;0;0m [0m[38;2;0;0;0;48;2;0;0;0m                                                         [48;2;1;1;1m:[38;2;84;84;84;48;2;60;60;60m4[38;2;214;214;214;48;2;225;225;225mL[38;2;253;253;253;48;2;251;251;251m: [48;2;252;252;252m                                                         [0m
[7m[38;2;0;0;0m [0m[38;2;0;0;0;48;2;0;0;0m                                                         [48;2;1;1;1m:[38;2;84;84;84;48;2;60;60;60m4[38;2;214;214;214;48;2;225;225;225mL[38;2;253;253;253;48;2;251;251;251m: [48;2;252;252;252m                                                         [0m
[7m[38;2;0;0;0m [0m[38;2;0;0;0;48;2;0;0;0m                                                         [48;2;1;1;1m:[38;2;84;84;84;48;2;60;60;60m4[38;2;214;214;214;48;2;225;225;225mL[38;2;253;253;253;48;2;251;251;251m: [48;2;252;252;252m                                                         [0m
[7m[38;2;0;0;0m [0m[38;2;0;0;0;48;2;0;0;0m                                                         [48;2;1;1;1m:[38;2;84;84;84;48;2;60;60;60m4[38;2;214;214;214;48;2;225;225;225mL[38;2;253;253;253;48;2;251;251;251m: [48;2;252;252;252m                                                         [0m
[7m[38;2;0;0;0m [0m[38;2;0;0;0;48;2;0;0;0m                                                         [48;2;1;1;1m:[38;2;84;84;84;48;2;60;60;60m4[38;2;214;214;214;48;2;225;225;225mL[38;2;253;253;253;48;2;251;251;251m: [48;2;252;252;252m                                                         [0m
[7m[38;2;0;0;0m [0m[38;2;0;0;0;48;2;0;0;0m                                                         [48;2;1;1;1m:[38;2;84;84;84;48;2;60;60;60m4[38;2;214;214;214;48;2;225;225;225mL[38;2;253;253;253;48;2;251;251;251m: [48;2;252;252;252m                                                         [0m
[7m[38;2;0;0;0m [0m[38;2;0;0;0;48;2;0;0;0m                                                         [48;2;1;1;1m:[38;2;84;84;84;48;2;60;60;60m4[38;2;214;214;214;48;2;225;225;225mL[38;2;253;253;253;48;2;251;251;251m: [48;2;252;252;252m                                                         [0m
[7m[38;2;0;0;0m [0m[38;2;0;0;0;48;2;0;0;0m                                                         [48;2;1;1;1m:[38;2;84;84;84;48;2;60;60;60m4[38;2;214;214;214;48;2;225;225;225mL[38;2;253;253;253;48;2;251;251;251m: [48;2;252;252;252m                                                         [0m
[7m[38;2;0;0;0m [0m[38;2;0;0;0;48;2;0;0;0m                                                         [48;2;1;1;1m:[38;2;84;84;84;48;2;60;60;60m4[38;2;214;214;214;48;2;225;225;225mL[38;2;253;253;253;48;2;251;251;251m: [48;2;252;252;252m                                                         [0m
[7m[38;2;0;0;0m [0m[38;2;0;0;0;48;2;0;0;0m                                                         [48;2;1;1;1m:[38;2;84;84;84;48;2;60;60;60m4[38;2;214;214;214;48;2;225;225;225mL[38;2;253;253;253;48;2;251;251;251m: [48;2;252;252;252m                                                         [0m
[7m[38;2;0;0;0m [0m[38;2;0;0;0;48;2;0;0;0m                                                         [48;2;1;1;1m:[38;2;84;84;84;48;2;60;60;60m4[38;2;214;214;214;48;2;225;225;225mL[38;2;253;253;253;48;2;251;251;251m: [48;2;252;252;252m                                                         [0m
[7m[38;2;0;0;0m [0m[38;2;0;0;0;48;2;0;0;0m                                                         [48;2;1;1;1m:[38;2;84;84;84;48;2;60;60;60m4[38;2;213;213;213;48;2;225;225;225mL[38;2;253;253;253;48;2;251;251;251m: [48;2;252;252;252m                                                         [0m
[7m[38;2;0;0;0m [0m[38;2;0;0;0;48;2;0;0;0m                                                         [48;2;1;1;1m:[38;2;84;84;84;48;2;60;60;60m4[38;2;214;214;214;48;2;225;225;225mL[38;2;250;250;250;48;2;251;251;251mL [48;2;252;252;252m                                                         [0m
[7m[38;2;0;0;0m [0m[38;2;0;0;0;48;2;0;0;0m                                                         [48;2;1;1;1m:[38;2;84;84;84;48;2;60;60;60m4[38;2;213;213;213;48;2;224;224;224mL[38;2;250;250;250;48;2;251;251;251mL [48;2;252;252;252m                                                         [0m
[7m[38;2;0;0;0m [0m[38;2;0;0;0;48;2;0;0;0m                                                         [48;2;1;1;1m:[38;2;84;84;84;48;2;60;60;60m4[38;2;213;213;213;48;2;224;224;224mL[38;2;250;250;250;48;2;251;251;251mL [48;2;252;252;252m                                                         [0m
[7m[38;2;0;0;0m [0m[38;2;0;0;0;48;2;0;0;0m                                                         [48;2;1;1;1m:[38;2;84;84;84;48;2;60;60;60m4[38;2;213;213;213;48;2;224;224;224mL[38;2;250;250;250;48;2;251;251;251mL [48;2;252;252;252m                                                         [0m
[7m[38;2;0;0;0m [0m[38;2;0;0;0;48;2;0;0;0m                                                         [48;2;1;1;1m:[38;2;84;84;84;48;2;60;60;60m4[38;2;213;213;213;48;2;224;224;224mL[38;2;250;250;250;48;2;251;251;251mL [48;2;252;252;252m                                                         [0m
[7m[38;2;0;0;0m [0m[38;2;0;0;0;48;2;0;0;0m                                                         [48;2;1;1;1m:[38;2;84;84;84;48;2;60;60;60m4[38;2;213;213;213;48;2;224;224;224mL[38;2;250;250;250;48;2;251;251;251mL [48;2;252;252;252m                                                         [0m
[7m[38;2;0;0;0m [0m[38;2;0;0;0;48;2;0;0;0m                                                         [48;2;1;1;1m:[38;2;84;84;84;48;2;60;60;60m4[38;2;213;213;213;48;2;224;224;224mL[38;2;250;250;250;48;2;251;251;251mL [48;2;252;252;252m                                                         [0m
[7m[38;2;0;0;0m [0m[38;2;0;0;0;48;2;0;0;0m                                                         [48;2;1;1;1m:[38;2;84;84;84;48;2;60;60;60m4[38;2;213;213;213;48;2;224;224;224mL[38;2;250;250;250;48;2;251;251;251mL [48;2;252;252;252m                                                         [0m
[7m[38;2;0;0;0m [0m[38;2;0;0;0;48;2;0;0;0m                                                         [48;2;1;1;1m:[38;2;84;84;84;48;2;60;60;60m4[38;2;213;213;213;48;2;224;224;224mL[38;2;250;250;250;48;2;251;251;251mL [48;2;252;252;252m                                                         [0m
[7m[38;2;0;0;0m [0m[38;2;0;0;0;48;2;0;0;0m                                                         [48;2;1;1;1m:[38;2;84;84;84;48;2;60;60;60m4[38;2;213;213;213;48;2;224;224;224mL[38;2;250;250;250;48;2;251;251;251mL [48;2;252;252;252m                                                         [0m
[7m[38;2;0;0;0m [0m[38;2;0;0;0;48;2;0;0;0m                                                         [48;2;1;1;1m:[38;2;84;84;84;48;2;60;60;60m4[38;2;213;213;213;48;2;224;224;224mL[38;2;250;250;250;48;2;251;251;251mL [48;2;252;252;252m                                                         [0m
[7m[38;2;0;0;0m [0m[38;2;0;0;0;48;2;0;0;0m                                                         [48;2;1;1;1m:[38;2;84;84;84;48;2;60;60;60m4[38;2;213;213;213;48;2;224;224;224mL[38;2;250;250;250;48;2;251;251;251mL [48;2;252;252;252m                                                         [0m
[7m[38;2;0;0;0m [0m[38;2;0;0;0;48;2;0;0;0m                                                         [48;2;1;1;1m:[38;2;84;84;84;48;2;60;60;60m4[38;2;213;213;213;48;2;224;224;224mL[38;2;250;250;250;48;2;251;251;251mL [48;2;252;252;252m                                                         [0m
[7m[38;2;0;0;0m [0m[38;2;0;0;0;48;2;0;0;0m                                                         [48;2;1;1;1m:[38;2;84;84;84;48;2;60;60;60m4[38;2;214;214;214;48;2;225;225;225mL[38;2;253;253;253;48;2;251;251;251m: [48;2;252;252;252m                                                         [0m
[7m[38;2;0;0;0m [0m[38;2;0;0;0;48;2;0;0;0m                                                         [48;2;1;1;1m:[38;2;84;84;84;48;2;60;60;60m4[38;2;214;214;214;48;2;225;225;225mL[38;2;253;253;253;48;2;251;251;251m: [48;2;252;252;252m                                                         [0m
[7m[38;2;0;0;0m [0m[38;2;0;0;0;48;2;0;0;0m                                                         [48;2;1;1;1m:[38;2;84;84;84;48;2;60;60;60m4[38;2;214;214;214;48;2;225;225;225mL[38;2;253;253;253;48;2;251;251;251m: [48;2;252;252;252m                                                         [0m
[7m[38;2;0;0;0m [0m[38;2;0;0;0;48;2;0;0;0m                                                         [48;2;1;1;1m:[38;2;84;84;84;48;2;60;60;60m4[38;2;214;214;214;48;2;225;225;225mL[38;2;253;253;253;48;2;251;251;251m: [48;2;252;252;252m                                                         [0m
[7m[38;2;0;0;0m [0m[38;2;0;0;0;48;2;0;0;0m                                                         [48;2;1;1;1m:[38;2;84;84;84;48;2;60;60;60m4[38;2;214;214;214;48;2;225;225;225mL[38;2;253;253;253;48;2;251;251;251m: [48;2;252;252;252m                                                         [0m
[7m[38;2;0;0;0m [0m[38;2;0;0;0;48;2;0;0;0m                                                         [48;2;1;1;1m:[38;2;84;84;84;48;2;60;60;60m4[38;2;214;214;214;48;2;225;225;225mL[38;2;253;253;253;48;2;251;251;251m: [48;2;252;252;252m                                                         [0m
[7m[38;2;0;0;0m [0m[38;2;0;0;0;48;2;0;0;0m                                                         [48;2;1;1;1m:[38;2;84;84;84;48;2;60;60;60m4[38;2;214;214;214;48;2;225;225;225mL[38;2;253;253;253;48;2;251;251;251m: [48;2;252;252;252m                                                         [0m
[7m[38;2;0;0;0m [0m[38;2;0;0;0;48;2;0;0;0m                                                         [48;2;1;1;1m:[38;2;84;84;84;48;2;60;60;60m4[38;2;214;214;214;48;2;225;225;225mL[38;2;253;253;253;48;2;251;251;251m: [48;2;252;252;252m                                                         [0m
[7m[38;2;0;0;0m [0m[38;2;0;0;0;48;2;0;0;0m                                                         [48;2;1;1;1m:[38;2;84;84;84;48;2;60;60;60m4[38;2;214;214;214;48;2;225;225;225mL[38;2;253;253;253;48;2;251;251;251m: [48;2;252;252;252m                                                         [0m
[7m[38;2;0;0;0m [0m[38;2;0;0;0;48;2;0;0;0m                                                         [38;2;16;16;16;48;2;4;4;4m_[38;2;83;83;83;48;2;62;62;62m4[38;2;210;210;210;48;2;223;223;223mL[38;2;239;239;239;48;2;249;249;249m_[48;2;251;251;251m [38;2;252;252;252m:[48;2;252;252;252m                                                        [0m
[?25h