[?25l[0m[7m[38;2;0;0;0m [0m[38;2;0;0;0;48;2;0;0;0m                                                                                                                       [0m
[7m[38;2;0;0;0m [0m[38;2;0;0;0;48;2;0;0;0m                                                                                                                       [0m
[7m[38;2;0;0;0m [0m[38;2;0;0;0;48;2;0;0;0m                                                                                                                       [0m
[7m[38;2;0;0;0m [0m[38;2;0;0;0;48;2;0;0;0m                                                                                                                       [0m
[7m[38;2;0;0;0m [0m[38;2;0;0;0;48;2;0;0;0m                                                                                                                       [0m
[7m[38;2;0;0;0m [0m[38;2;0;0;0;48;2;0;0;0m                                                                                                                       [0m
[7m[38;2;0;0;0m [0m[38;2;0;0;0;48;2;0;0;0m                                                                                                                       [0m
[7m[38;2;0;0;0m [0m[38;2;0;0;0;48;2;0;0;0m                                                                                                                       [0m
[7m[38;2;0;0;0m [0m[38;2;0;0;0;48;2;0;0;0m                                                                                                                       [0m
[7m[38;2;0;0;0m [0m[38;2;0;0;0;48;2;0;0;0m                                                                                                                       [0m
[7m[38;2;0;0;0m [0m[38;2;0;0;0;48;2;0;0;0m                                                                                                                       [0m
[7m[38;2;0;0;0m [0m[38;2;0;0;0;48;2;0;0;0m                                                                                                                       [0m
[7m[38;2;0;0;0m [0m[38;2;0;0;0;48;2;0;0;0m                                                                                                                       [0m
[7m[38;2;0;0;0m [0m[38;2;0;0;0;48;2;0;0;0m                                                                                                                       [0m
[7m[38;2;0;0;0m [0m[38;2;0;0;0;48;2;0;0;0m                                                                                                                       [0m
[7m[38;2;0;0;0m [0m[38;2;0;0;0;48;2;0;0;0m                                                                              [48;2;1;1;1m`[38;2;44;44;44;48;2;3;3;3m_[38;2;52;52;52m_[38;2;19;19;19;48;2;1;1;1m_[48;2;0;0;0m                                     [0m
[7m[38;2;0;0;0m [0m[38;2;0;0;0;48;2;0;0;0m                                                                            [48;2;1;1;1m:[48;2;31;31;31m`[38;2;18;18;18;48;2;136;136;136m~[38;2;67;67;67;48;2;195;195;195m~[38;2;79;79;79;48;2;203;203;203m~[38;2;40;40;40;48;2;151;151;151m~[38;2;74;74;74;48;2;38;38;38mw[48;2;0;0;0m                                    [0m
[7m[38;2;0;0;0m [0m[38;2;0;0;0;48;2;0;0;0m                                           [38;2;1;1;1m.____                   [38;2;2;2;2m_[38;2;3;3;3m__[38;2;2;2;2m_[38;2;1;1;1m,[38;2;2;2;2m_[38;2;3;3;3m__[38;2;5;5;5m_[38;2;0;0;0;48;2;4;4;4m:[38;2;37;37;37;48;2;60;60;60m'[38;2;182;182;182;48;2;196;196;196mL[38;2;242;242;242;48;2;246;246;246mL[38;2;254;254;254;48;2;251;251;251m:[38;2;202;202;202;48;2;211;211;211my[38;2;105;105;105;48;2;73;73;73ml[38;2;9;9;9;48;2;0;0;0m_[38;2;1;1;1m,       [38;2;29;29;29;48;2;1;1;1m_[38;2;69;69;69;48;2;3;3;3m_[38;2;96;96;96;48;2;6;6;6m_[38;2;124;124;124;48;2;8;8;8m_[38;2;79;79;79;48;2;4;4;4m_[38;2;16;16;16;48;2;0;0;0m_                     [0m
[7m[38;2;0;0;0m [0m[38;2;0;0;0;48;2;0;0;0m                                         [48;2;6;6;6m`[38;2;60;60;60;48;2;29;29;29my[38;2;156;156;156;48;2;63;63;63m_[38;2;225;225;225;48;2;82;82;82m_[38;2;236;236;236;48;2;90;90;90m_[38;2;237;237;237;48;2;97;97;97m_[38;2;0;0;0;48;2;132;132;132m~[48;2;138;138;138m~[48;2;144;144;144m~[48;2;147;147;147m~[48;2;152;152;152m~[48;2;153;153;153m~~~~~~[48;2;155;155;155m~[48;2;158;158;158m~[48;2;159;159;159m~~~[48;2;160;160;160m~[48;2;161;161;161m~[48;2;162;162;162m~[48;2;166;166;166m~[38;2;5;5;5;48;2;172;172;172m~[38;2;6;6;6;48;2;174;174;174m~~[48;2;173;173;173m~[38;2;4;4;4;48;2;170;170;170m~[38;2;5;5;5m~[38;2;8;8;8;48;2;173;173;173m~[38;2;9;9;9;48;2;175;175;175m~[38;2;13;13;13;48;2;179;179;179m~[38;2;15;15;15;48;2;183;183;183m~[38;2;76;76;76;48;2;200;200;200m~[38;2;198;198;198;48;2;235;235;235m~[38;2;246;246;246;48;2;251;251;251m~[38;2;254;254;254;48;2;252;252;252m`[38;2;205;205;205;48;2;235;235;235m"[38;2;99;99;99;48;2;206;206;206m~[38;2;25;25;25;48;2;183;183;183m~[38;2;6;6;6;48;2;169;169;169m~[38;2;0;0;0;48;2;157;157;157m~[48;2;153;153;153m~[48;2;154;154;154m~~[48;2;156;156;156m~[38;2;3;3;3;48;2;167;167;167m~[38;2;16;16;16;48;2;179;179;179m~[38;2;50;50;50;48;2;194;194;194m~[38;2;102;102;102;48;2;209;209;209m~[38;2;143;143;143;48;2;220;220;220m~[38;2;183;183;183;48;2;231;231;231m~[38;2;128;128;128;48;2;169;169;169m~[38;2;88;88;88;48;2;53;53;53mL[48;2;0;0;0m                     [0m
[7m[38;2;0;0;0m [0m[38;2;0;0;0;48;2;0;0;0m                                         [38;2;8;8;8;48;2;3;3;3m`[38;2;63;63;63;48;2;17;17;17m"[38;2;135;135;135;48;2;37;37;37m~[38;2;202;202;202;48;2;63;63;63m~[38;2;219;219;219;48;2;93;93;93m~[38;2;3;3;3;48;2;156;156;156m_[38;2;33;33;33;48;2;189;189;189m_[38;2;83;83;83;48;2;208;208;208m_[38;2;129;129;129;48;2;222;222;222m_[38;2;161;161;161;48;2;232;232;232m_[38;2;182;182;182;48;2;240;240;240m_[38;2;196;196;196;48;2;244;244;244m_[38;2;202;202;202;48;2;246;246;246m_[38;2;209;209;209;48;2;248;248;248m_[38;2;214;214;214;48;2;250;250;250m_[38;2;217;217;217;48;2;251;251;251m_[38;2;218;218;218m__[48;2;250;250;250m_______[48;2;251;251;251m_[38;2;217;217;217m_[38;2;212;212;212;48;2;250;250;250m_[38;2;204;204;204;48;2;248;248;248m_[38;2;203;203;203;48;2;247;247;247m_[38;2;202;202;202m__[38;2;203;203;203m_[38;2;206;206;206;48;2;248;248;248m_[38;2;214;214;214;48;2;249;249;249m_[38;2;217;217;217;48;2;250;250;250m_[38;2;223;223;223;48;2;249;249;249m_[38;2;243;243;243;48;2;251;251;251m_[38;2;252;252;252;48;2;253;253;253m_.[38;2;243;243;243;48;2;252;252;252m_[38;2;222;222;222;48;2;251;251;251m_[38;2;206;206;206;48;2;248;248;248m_[38;2;192;192;192;48;2;243;243;243m_[38;2;176;176;176;48;2;238;238;238m_[38;2;168;168;168;48;2;235;235;235m__[38;2;169;169;169m_[38;2;170;170;170;48;2;236;236;236m_[38;2;182;182;182;48;2;240;240;240m_[38;2;198;198;198;48;2;245;245;245m_[38;2;214;214;214;48;2;249;249;249m_[38;2;224;224;224m_[38;2;234;234;234;48;2;247;247;247m_[38;2;242;242;242;48;2;249;249;249m_[38;2;171;171;171;48;2;192;192;192m_[38;2;55;55;55;48;2;81;81;81m4[48;2;0;0;0m                     [0m
[7m[38;2;0;0;0m [0m[38;2;0;0;0;48;2;0;0;0m                                             [38;2;1;1;1m^ [38;2;18;18;18;48;2;2;2;2m`[38;2;61;61;61;48;2;9;9;9m`[38;2;98;98;98;48;2;15;15;15m`[38;2;124;124;124;48;2;19;19;19m`[38;2;140;140;140;48;2;23;23;23m`[38;2;151;151;151;48;2;27;27;27m`[38;2;156;156;156;48;2;29;29;29m`[38;2;162;162;162;48;2;32;32;32m`[38;2;120;120;120;48;2;30;30;30m~[38;2;123;123;123;48;2;32;32;32m~[38;2;124;124;124;48;2;33;33;33m~[48;2;32;32;32m~[38;2;123;123;123m~[48;2;31;31;31m~~~~~~[48;2;32;32;32m~[38;2;124;124;124m~[38;2;119;119;119;48;2;29;29;29m~[38;2;112;112;112;48;2;24;24;24m~[38;2;157;157;157;48;2;29;29;29m`[38;2;156;156;156m``[38;2;157;157;157m`[38;2;160;160;160;48;2;31;31;31m`[38;2;123;123;123;48;2;33;33;33m~[38;2;126;126;126;48;2;39;39;39m~[38;2;152;152;152;48;2;95;95;95m~[38;2;192;192;192;48;2;212;212;212mL[38;2;245;245;245;48;2;249;249;249mL[38;2;254;254;254;48;2;250;250;250m:[38;2;187;187;187;48;2;206;206;206my[38;2;65;65;65;48;2;107;107;107ma[38;2;116;116;116;48;2;27;27;27m~[38;2;148;148;148;48;2;25;25;25m`[38;2;135;135;135;48;2;21;21;21m`[38;2;129;129;129;48;2;19;19;19m```[38;2;130;130;130;48;2;20;20;20m`[38;2;140;140;140;48;2;22;22;22m`[38;2;153;153;153;48;2;28;28;28m`[38;2;125;125;125;48;2;37;37;37m~[38;2;158;158;158;48;2;60;60;60m~[38;2;26;26;26;48;2;114;114;114my[38;2;33;33;33;48;2;133;133;133my[38;2;152;152;152;48;2;57;57;57m~[38;2;57;57;57;48;2;14;14;14m`[48;2;0;0;0m                     [0m
[7m[38;2;0;0;0m [0m[38;2;0;0;0;48;2;0;0;0m                                                                           [38;2;2;2;2m`[38;2;0;0;0;48;2;4;4;4m:[38;2;17;17;17;48;2;58;58;58m.[38;2;110;110;110;48;2;182;182;182m_[38;2;182;182;182;48;2;235;235;235m_[38;2;206;206;206;48;2;243;243;243m_[38;2;119;119;119;48;2;167;167;167m_[38;2;76;76;76;48;2;43;43;43mF[38;2;1;1;1;48;2;0;0;0m:                                   [0m
[7m[38;2;0;0;0m [0m[38;2;0;0;0;48;2;0;0;0m                                                                             [38;2;6;6;6;48;2;2;2;2m`[38;2;63;63;63;48;2;12;12;12m"[38;2;102;102;102;48;2;19;19;19m~[38;2;119;119;119;48;2;22;22;22m~[38;2;71;71;71;48;2;11;11;11m~[38;2;19;19;19;48;2;3;3;3m`[48;2;0;0;0m                                    [0m
[7m[38;2;0;0;0m [0m[38;2;0;0;0;48;2;0;0;0m                                                                                                                       [0m
[7m[38;2;0;0;0m [0m[38;2;0;0;0;48;2;0;0;0m                                                                                                                       [0m
[7m[38;2;0;0;0m [0m[38;2;0;0;0;48;2;0;0;0m                                                                                                                       [0m
[7m[38;2;0;0;0m [0m[38;2;0;0;0;48;2;0;0;0m                                                                                                                       [0m
[7m[38;2;0;0;0m [0m[38;2;0;0;0;48;2;0;0;0m                                                                                                                       [0m
[7m[38;2;0;0;0m [0m[38;2;0;0;0;48;2;0;0;0m                                                                                                                       [0m
[7m[38;2;0;0;0m [0m[38;2;0;0;0;48;2;0;0;0m                                                                                                                       [0m
[7m[38;2;0;0;0m [0m[38;2;0;0;0;48;2;0;0;0m                                                                                                                       [0m
[7m[38;2;0;0;0m [0m[38;2;0;0;0;48;2;0;0;0m                                                                                                                       [0m
[7m[38;2;0;0;0m [0m[38;2;0;0;0;48;2;0;0;0m                                                                                                                       [0m
[7m[38;2;0;0;0m [0m[38;2;0;0;0;48;2;0;0;0m                                                                                                                       [0m
[7m[38;2;0;0;0m [0m[38;2;0;0;0;48;2;0;0;0m                                                                                                                       [0m
[7m[38;2;0;0;0m [0m[38;2;0;0;0;48;2;0;0;0m                                                                                                                       [0m
[?25h