[?25l[0m[7m[38;2;252;252;252m [0m[38;2;0;0;0;48;2;252;252;252m                                                                                                                       [0m
[7m[38;2;252;252;252m [0m[38;2;0;0;0;48;2;252;252;252m                                                                                                                       [0m
[7m[38;2;252;252;252m [0m[38;2;0;0;0;48;2;252;252;252m                                                                                                                       [0m
[7m[38;2;252;252;252m [0m[38;2;0;0;0;48;2;252;252;252m                                                                                                                       [0m
[7m[38;2;252;252;252m [0m[38;2;0;0;0;48;2;252;252;252m                                                                                                                       [0m
[7m[38;2;252;252;252m [0m[38;2;0;0;0;48;2;252;252;252m                                                                                                                       [0m
[7m[38;2;252;252;252m [0m[38;2;0;0;0;48;2;252;252;252m                                                                                                                       [0m
[7m[38;2;252;252;252m [0m[38;2;0;0;0;48;2;252;252;252m                                                                                                                       [0m
[7m[38;2;252;252;252m [0m[38;2;0;0;0;48;2;252;252;252m                                                                                                                       [0m
[7m[38;2;252;252;252m [0m[38;2;0;0;0;48;2;252;252;252m                                                                                                                       [0m
[7m[38;2;252;252;252m [0m[38;2;0;0;0;48;2;252;252;252m                                                                                                                       [0m
[7m[38;2;252;252;252m [0m[38;2;0;0;0;48;2;252;252;252m                                                                                                                       [0m
[7m[38;2;252;252;252m [0m[38;2;0;0;0;48;2;252;252;252m                                                                                                                       [0m
[7m[38;2;252;252;252m [0m[38;2;0;0;0;48;2;252;252;252m                                                                                                                       [0m
[7m[38;2;252;252;252m [0m[38;2;0;0;0;48;2;252;252;252m                                                                                                                       [0m
[7m[38;2;252;252;252m [0m[38;2;0;0;0;48;2;252;252;252m                                                                                                                       [0m
[7m[38;2;252;252;252m [0m[38;2;0;0;0;48;2;252;252;252m                                                                                                                       [0m
[38;2;251;251;251;48;2;251;251;251m           [38;2;250;250;250muwwwwwwL      [48;2;252;252;252m [38;2;253;253;253m___                                                               __ [48;2;251;251;251m   [38;2;250;250;250muwuuwu   [48;2;252;252;252m [38;2;253;253;253m_____ .----[38;2;254;254;254m.[0m
[38;2;202;202;202;48;2;230;230;230ma[38;2;200;200;200;48;2;229;229;229ma[38;2;196;196;196;48;2;227;227;227ma[38;2;191;191;191;48;2;225;225;225ma[38;2;187;187;187;48;2;223;223;223ma[38;2;182;182;182;48;2;221;221;221ma[38;2;177;177;177;48;2;219;219;219ma[38;2;175;175;175;48;2;217;217;217ma[38;2;177;177;177ma[38;2;253;253;253;48;2;199;199;199m~~[48;2;198;198;198m~[48;2;194;194;194m~[48;2;191;191;191m~[48;2;193;193;193m~[48;2;197;197;197m~[48;2;199;199;199m~[48;2;197;197;197m~~[48;2;203;203;203m~[38;2;187;187;187;48;2;222;222;222my[38;2;167;167;167;48;2;221;221;221m_[38;2;163;163;163;48;2;223;223;223m_[38;2;166;166;166;48;2;226;226;226m_[38;2;172;172;172;48;2;231;231;231m_[38;2;174;174;174;48;2;233;233;233m_[38;2;177;177;177;48;2;236;236;236m_[38;2;182;182;182;48;2;238;238;238m_[48;2;240;240;240m_[38;2;183;183;183;48;2;241;241;241m_[38;2;186;186;186;48;2;242;242;242m_[38;2;192;192;192;48;2;244;244;244m_[38;2;196;196;196m_[38;2;204;204;204;48;2;245;245;245m_[38;2;211;211;211;48;2;246;246;246m_[38;2;214;214;214;48;2;247;247;247m_[38;2;220;220;220m_[38;2;229;229;229;48;2;249;249;249m_[38;2;231;231;231m_[38;2;236;236;236;48;2;250;250;250m_[38;2;242;242;242;48;2;251;251;251m_[38;2;243;243;243m_[38;2;244;244;244m_[38;2;246;246;246m_[38;2;247;247;247;48;2;252;252;252m_[38;2;250;250;250m_[38;2;252;252;252;48;2;251;251;251m:[48;2;252;252;252m  [38;2;253;253;253m_[38;2;254;254;254m_____________________[38;2;253;253;253m_____[38;2;252;252;252;48;2;251;251;251m:[38;2;249;249;249;48;2;252;252;252m__[38;2;247;247;247;48;2;251;251;251m_[38;2;244;244;244m_[38;2;242;242;242m_[38;2;241;241;241m_[38;2;235;235;235;48;2;250;250;250m_[38;2;234;234;234;48;2;249;249;249m_[38;2;231;231;231m_[38;2;223;223;223;48;2;248;248;248m_[38;2;219;219;219;48;2;247;247;247m_[38;2;210;210;210;48;2;246;246;246m_[38;2;206;206;206;48;2;245;245;245m_[38;2;205;205;205;48;2;244;244;244m_[38;2;196;196;196;48;2;242;242;242m_[38;2;193;193;193;48;2;240;240;240m_[38;2;192;192;192;48;2;238;238;238m_[38;2;191;191;191;48;2;236;236;236m_[38;2;187;187;187;48;2;231;231;231m_[38;2;184;184;184;48;2;227;227;227m_[38;2;197;197;197;48;2;226;226;226my[38;2;253;253;253;48;2;212;212;212m~[48;2;207;207;207m~[48;2;202;202;202m~[48;2;200;200;200m~[48;2;199;199;199m~[38;2;170;170;170;48;2;214;214;214ma[38;2;164;164;164;48;2;212;212;212ma[38;2;163;163;163ma[38;2;166;166;166;48;2;214;214;214ma[38;2;171;171;171;48;2;217;217;217ma[38;2;173;173;173;48;2;219;219;219maaa[38;2;174;174;174ma[38;2;177;177;177;48;2;220;220;220ma[38;2;172;172;172;48;2;221;221;221m*[38;2;180;180;180;48;2;224;224;224m*[38;2;186;186;186;48;2;226;226;226m**[38;2;184;184;184;48;2;225;225;225m*[38;2;187;187;187;48;2;226;226;226m*[38;2;190;190;190;48;2;227;227;227m*[0m
[38;2;243;243;243;48;2;251;251;251m~[48;2;250;250;250m~[38;2;242;242;242m~[38;2;241;241;241m~~~[38;2;239;239;239;48;2;249;249;249m~[38;2;234;234;234;48;2;248;248;248m~[38;2;231;231;231;48;2;247;247;247m~[38;2;227;227;227m~~[38;2;226;226;226;48;2;246;246;246m~[38;2;220;220;220;48;2;245;245;245m~[38;2;213;213;213;48;2;243;243;243m~[38;2;210;210;210m~~[38;2;208;208;208;48;2;242;242;242m~[38;2;201;201;201;48;2;241;241;241m~[38;2;196;196;196;48;2;240;240;240m~[38;2;197;197;197m~[38;2;195;195;195;48;2;239;239;239m~[38;2;193;193;193m~[38;2;189;189;189;48;2;238;238;238m~[38;2;190;190;190;48;2;239;239;239m~[38;2;193;193;193m~[48;2;240;240;240m~[38;2;194;194;194m~[38;2;197;197;197m~[38;2;196;196;196m~[38;2;194;194;194;48;2;238;238;238m~[38;2;193;193;193;48;2;236;236;236m~[38;2;196;196;196m~[38;2;199;199;199m~[38;2;204;204;204;48;2;235;235;235m~[38;2;209;209;209m~[38;2;246;246;246;48;2;227;227;227my[48;2;228;228;228my[48;2;231;231;231my[38;2;245;245;245my[38;2;253;253;253;48;2;235;235;235m__[38;2;223;223;223;48;2;238;238;238m=[38;2;225;225;225;48;2;239;239;239m=[38;2;228;228;228;48;2;241;241;241m=[38;2;227;227;227m=[38;2;225;225;225m=[38;2;230;230;230;48;2;242;242;242m=[38;2;231;231;231;48;2;243;243;243m=[38;2;233;233;233;48;2;244;244;244m=[38;2;236;236;236;48;2;245;245;245m==[38;2;232;232;232;48;2;243;243;243m=[48;2;242;242;242m========[38;2;231;231;231;48;2;241;241;241m========[38;2;233;233;233;48;2;242;242;242m=[48;2;243;243;243m==[38;2;234;234;234;48;2;244;244;244m=[38;2;237;237;237;48;2;245;245;245m=[38;2;235;235;235m=[38;2;234;234;234m=[38;2;233;233;233;48;2;244;244;244m=[38;2;231;231;231;48;2;243;243;243m====[38;2;253;253;253;48;2;237;237;237m___[38;2;246;246;246;48;2;234;234;234my[38;2;247;247;247;48;2;236;236;236my[38;2;248;248;248my[48;2;233;233;233my[38;2;218;218;218;48;2;239;239;239m~[38;2;212;212;212m~[38;2;210;210;210;48;2;240;240;240m~[38;2;211;211;211;48;2;242;242;242m~[38;2;207;207;207m~[38;2;205;205;205m~[38;2;206;206;206m~~[38;2;205;205;205m~[38;2;204;204;204;48;2;241;241;241m~[38;2;206;206;206;48;2;242;242;242m~[38;2;212;212;212;48;2;243;243;243m~[38;2;214;214;214;48;2;244;244;244m~[38;2;215;215;215m~[38;2;220;220;220;48;2;245;245;245m~[38;2;224;224;224;48;2;246;246;246m~[38;2;227;227;227;48;2;247;247;247m~[38;2;230;230;230m~[38;2;232;232;232;48;2;248;248;248m~[38;2;236;236;236;48;2;249;249;249m~[38;2;241;241;241;48;2;250;250;250m~[38;2;244;244;244;48;2;251;251;251m~[38;2;245;245;245m~~[38;2;246;246;246m~[38;2;247;247;247m~[38;2;249;249;249;48;2;252;252;252m~ [38;2;254;254;254;48;2;253;253;253m~[48;2;252;252;252m~`  [0m
[7m[38;2;252;252;252m [0m[38;2;0;0;0;48;2;252;252;252m            [38;2;252;252;252;48;2;251;251;251m...........:[48;2;252;252;252m    [38;2;253;253;253m`````[38;2;252;252;252;48;2;251;251;251m:        :[38;2;253;253;253;48;2;252;252;252m`    [38;2;252;252;252;48;2;251;251;251m:[48;2;252;252;252m [38;2;250;250;250m```````` [38;2;249;249;249m`[48;2;251;251;251m``````[48;2;252;252;252m`[38;2;253;253;253m?PP [38;2;252;252;252;48;2;251;251;251m:[48;2;252;252;252m     [38;2;253;253;253m``[38;2;252;252;252;48;2;251;251;251m`      :[38;2;253;253;253;48;2;252;252;252m```    [38;2;252;252;252;48;2;251;251;251m:.....[48;2;252;252;252m                   [0m
[7m[38;2;252;252;252m [0m[38;2;0;0;0;48;2;252;252;252m                                                                                                                       [0m
[7m[38;2;252;252;252m [0m[38;2;0;0;0;48;2;252;252;252m                                                                                                                       [0m
[7m[38;2;252;252;252m [0m[38;2;0;0;0;48;2;252;252;252m                                                                                                                       [0m
[7m[38;2;252;252;252m [0m[38;2;0;0;0;48;2;252;252;252m                                                                                                                       [0m
[7m[38;2;252;252;252m [0m[38;2;0;0;0;48;2;252;252;252m                                                                                                                       [0m
[7m[38;2;252;252;252m [0m[38;2;0;0;0;48;2;252;252;252m                                                                                                                       [0m
[7m[38;2;252;252;252m [0m[38;2;0;0;0;48;2;252;252;252m                                                                                                                       [0m
[7m[38;2;252;252;252m [0m[38;2;0;0;0;48;2;252;252;252m                                                                                                                       [0m
[7m[38;2;252;252;252m [0m[38;2;0;0;0;48;2;252;252;252m                                                                                                                       [0m
[7m[38;2;252;252;252m [0m[38;2;0;0;0;48;2;252;252;252m                                                                                                                       [0m
[7m[38;2;252;252;252m [0m[38;2;0;0;0;48;2;252;252;252m                                                                                                                       [0m
[7m[38;2;252;252;252m [0m[38;2;0;0;0;48;2;252;252;252m                                                                                                                       [0m
[7m[38;2;252;252;252m [0m[38;2;0;0;0;48;2;252;252;252m                                                                                                                       [0m
[7m[38;2;252;252;252m [0m[38;2;0;0;0;48;2;252;252;252m                                                                                                                       [0m
[7m[38;2;252;252;252m [0m[38;2;0;0;0;48;2;252;252;252m                                                                                                                       [0m
[?25h