[?25l[0m[7m[38;2;252;252;252m [0m[38;2;0;0;0;48;2;252;252;252m                      [48;2;251;251;251m [38;2;252;252;252m`[38;2;251;251;251;48;2;237;237;237m`[38;2;109;109;109;48;2;167;167;167m_[38;2;0;0;0;48;2;22;22;22m:[38;2;1;1;1;48;2;0;0;0m.                                                                                           [0m
[7m[38;2;252;252;252m [0m[38;2;0;0;0;48;2;252;252;252m                     [38;2;252;252;252;48;2;251;251;251m: [38;2;250;250;250;48;2;249;249;249m`[38;2;181;181;181;48;2;210;210;210m_[38;2;93;93;93;48;2;49;49;49m~[38;2;0;0;0;48;2;3;3;3m:[38;2;1;1;1;48;2;0;0;0m^                                                                                           [0m
[7m[38;2;252;252;252m [0m[38;2;0;0;0;48;2;252;252;252m                     [48;2;251;251;251m [38;2;251;251;251;48;2;250;250;250m"[38;2;223;223;223;48;2;229;229;229mu[38;2;95;95;95;48;2;133;133;133my[38;2;0;0;0;48;2;12;12;12m:[48;2;0;0;0m                                                                                             [0m
[7m[38;2;252;252;252m [0m[38;2;0;0;0;48;2;252;252;252m                    [48;2;251;251;251m  [38;2;251;251;251;48;2;244;244;244m'[38;2;156;156;156;48;2;193;193;193m_[38;2;66;66;66;48;2;29;29;29m~[38;2;0;0;0;48;2;1;1;1m:[48;2;0;0;0m                                                                                             [0m
[7m[38;2;252;252;252m [0m[38;2;0;0;0;48;2;252;252;252m                    [48;2;251;251;251m [38;2;250;250;250mF[38;2;214;214;214;48;2;224;224;224m4[38;2;141;141;141;48;2;92;92;92m~[38;2;0;0;0;48;2;8;8;8m:[48;2;0;0;0m                                                                                              [0m
[7m[38;2;252;252;252m [0m[38;2;0;0;0;48;2;252;252;252m                   [48;2;251;251;251m  [38;2;251;251;251;48;2;243;243;243m'[38;2;152;152;152;48;2;186;186;186m_[38;2;4;4;4;48;2;27;27;27m:[48;2;0;0;0m                                                                                               [0m
[7m[38;2;252;252;252m [0m[38;2;0;0;0;48;2;252;252;252m                   [48;2;251;251;251m [38;2;250;250;250mF[38;2;213;213;213;48;2;224;224;224m4[38;2;139;139;139;48;2;91;91;91m~[38;2;0;0;0;48;2;8;8;8m:[48;2;0;0;0m                                                                                               [0m
[7m[38;2;252;252;252m [0m[38;2;0;0;0;48;2;252;252;252m                  [38;2;252;252;252;48;2;251;251;251m: [48;2;247;247;247m`[38;2;184;184;184;48;2;198;198;198my[38;2;9;9;9;48;2;31;31;31m:[48;2;0;0;0m                                                                                                [0m
[7m[38;2;252;252;252m [0m[38;2;0;0;0;48;2;252;252;252m                  [38;2;252;252;252;48;2;251;251;251m|[38;2;250;250;250m$[38;2;223;223;223;48;2;230;230;230mu[38;2;108;108;108;48;2;140;140;140my[38;2;0;0;0;48;2;12;12;12m:[38;2;1;1;1;48;2;0;0;0m,                                                                                               [0m
[7m[38;2;252;252;252m [0m[38;2;0;0;0;48;2;252;252;252m                  [38;2;252;252;252;48;2;251;251;251m..[38;2;204;204;204;48;2;216;216;216m4[38;2;87;87;87;48;2;59;59;59m~[38;2;0;0;0;48;2;3;3;3m:[48;2;0;0;0m                                                                                                [0m
[7m[38;2;252;252;252m [0m[38;2;0;0;0;48;2;252;252;252m                 [38;2;252;252;252;48;2;251;251;251m: [38;2;250;250;250;48;2;243;243;243m'[38;2;171;171;171;48;2;186;186;186my[38;2;5;5;5;48;2;24;24;24m:[48;2;0;0;0m                                                                                                 [0m
[7m[38;2;252;252;252m [0m[38;2;0;0;0;48;2;252;252;252m                 [48;2;251;251;251m [38;2;249;249;249;48;2;250;250;250mL[38;2;222;222;222;48;2;230;230;230m4[38;2;152;152;152;48;2;127;127;127mF[38;2;0;0;0;48;2;12;12;12m:[48;2;0;0;0m                                                                                                 [0m
[7m[38;2;252;252;252m [0m[38;2;0;0;0;48;2;252;252;252m                 [38;2;252;252;252;48;2;251;251;251m|[38;2;251;251;251;48;2;250;250;250mj[38;2;209;209;209;48;2;221;221;221m4[38;2;107;107;107;48;2;85;85;85m~[38;2;0;0;0;48;2;6;6;6m:[38;2;1;1;1;48;2;0;0;0m:                                                                                                [0m
[7m[38;2;252;252;252m [0m[38;2;0;0;0;48;2;252;252;252m                  [38;2;251;251;251m_[38;2;202;202;202;48;2;215;215;215m4[38;2;42;42;42;48;2;52;52;52m:[38;2;0;0;0;48;2;1;1;1m:[38;2;1;1;1;48;2;0;0;0m`                                                                                                [0m
[7m[38;2;252;252;252m [0m[38;2;0;0;0;48;2;252;252;252m                [38;2;252;252;252;48;2;251;251;251m:[38;2;251;251;251;48;2;252;252;252mL[38;2;245;245;245;48;2;247;247;247mu[38;2;183;183;183;48;2;197;197;197m4[38;2;8;8;8;48;2;26;26;26m:[48;2;0;0;0m                                                                                                  [0m
[7m[38;2;252;252;252m [0m[38;2;0;0;0;48;2;252;252;252m                [48;2;251;251;251m  [38;2;236;236;236;48;2;241;241;241m4[38;2;162;162;162;48;2;175;175;175m4[38;2;0;0;0;48;2;16;16;16m:[48;2;0;0;0m                                                                                                  [0m
[7m[38;2;252;252;252m [0m[38;2;0;0;0;48;2;252;252;252m                [48;2;251;251;251m [38;2;250;250;250m$[38;2;228;228;228;48;2;234;234;234m4[38;2;168;168;168;48;2;146;146;146mF[38;2;0;0;0;48;2;13;13;13m:[48;2;0;0;0m                                                                                                  [0m
[7m[38;2;252;252;252m [0m[38;2;0;0;0;48;2;252;252;252m                [38;2;252;252;252;48;2;251;251;251m|[38;2;251;251;251;48;2;250;250;250m4[38;2;222;222;222;48;2;230;230;230m4[38;2;141;141;141;48;2;133;133;133m$[38;2;0;0;0;48;2;11;11;11m:[38;2;1;1;1;48;2;0;0;0m:                                                                                                 [0m
[7m[38;2;252;252;252m [0m[38;2;0;0;0;48;2;252;252;252m                [38;2;252;252;252;48;2;251;251;251m|[38;2;251;251;251;48;2;250;250;250m4[38;2;222;222;222;48;2;230;230;230m4[38;2;141;141;141;48;2;133;133;133m$[38;2;0;0;0;48;2;11;11;11m:[38;2;1;1;1;48;2;0;0;0m:                                                                                                 [0m
[7m[38;2;252;252;252m [0m[38;2;0;0;0;48;2;252;252;252m                [38;2;252;252;252;48;2;251;251;251m|[38;2;251;251;251;48;2;250;250;250m4[38;2;222;222;222;48;2;230;230;230m4[38;2;141;141;141;48;2;133;133;133m$[38;2;0;0;0;48;2;11;11;11m:[38;2;1;1;1;48;2;0;0;0m:                                                                                                 [0m
[7m[38;2;252;252;252m [0m[38;2;0;0;0;48;2;252;252;252m                [38;2;252;252;252;48;2;251;251;251ml[38;2;250;250;250mF[38;2;223;223;223;48;2;232;232;232m4[38;2;129;129;129;48;2;145;145;145m4[38;2;0;0;0;48;2;12;12;12m:[38;2;1;1;1;48;2;0;0;0m"                                                                                                 [0m
[7m[38;2;252;252;252m [0m[38;2;0;0;0;48;2;252;252;252m                [48;2;251;251;251m  [38;2;232;232;232;48;2;239;239;239m4[38;2;154;154;154;48;2;169;169;169m4[38;2;0;0;0;48;2;15;15;15m:[48;2;0;0;0m                                                                                                  [0m
[38;2;240;240;240;48;2;250;250;250m_[38;2;253;253;253;48;2;252;252;252m;               [38;2;252;252;252;48;2;251;251;251m:[38;2;251;251;251;48;2;252;252;252mF[38;2;248;248;248;48;2;244;244;244m:[38;2;195;195;195;48;2;180;180;180m$[38;2;1;1;1;48;2;23;23;23m`[48;2;0;0;0m                                                                                                  [0m
[38;2;187;187;187;48;2;215;215;215m_[38;2;253;253;253;48;2;252;252;252mE[48;2;251;251;251m [48;2;252;252;252m               [38;2;252;252;252;48;2;251;251;251m"[48;2;250;250;250m:[38;2;196;196;196;48;2;210;210;210m4[38;2;17;17;17;48;2;46;46;46m`[38;2;0;0;0;48;2;1;1;1m:[48;2;0;0;0m                                                                                                 [0m
[38;2;112;112;112;48;2;149;149;149mL[38;2;211;211;211;48;2;236;236;236m_[38;2;253;253;253;48;2;252;252;252mF[48;2;251;251;251m [48;2;252;252;252m              [48;2;251;251;251m [38;2;252;252;252m`[38;2;207;207;207;48;2;219;219;219m4[38;2;91;91;91;48;2;76;76;76mL[38;2;0;0;0;48;2;5;5;5m:[38;2;1;1;1;48;2;0;0;0m:                                                                                                [0m
[38;2;94;94;94;48;2;47;47;47m"[38;2;137;137;137;48;2;170;170;170m_[38;2;227;227;227;48;2;245;245;245m_[38;2;253;253;253;48;2;252;252;252m,[38;2;252;252;252;48;2;251;251;251m.[48;2;252;252;252m             [48;2;251;251;251m|[38;2;251;251;251;48;2;250;250;250m4[38;2;215;215;215;48;2;226;226;226m4[38;2;132;132;132;48;2;111;111;111mL[38;2;0;0;0;48;2;9;9;9m:[48;2;0;0;0m                                                                                                 [0m
[38;2;7;7;7;48;2;1;1;1m`[38;2;121;121;121;48;2;71;71;71m"[38;2;154;154;154;48;2;190;190;190m_[38;2;239;239;239;48;2;250;250;250m_[38;2;253;253;253;48;2;252;252;252m.             [48;2;251;251;251m  [38;2;234;234;234;48;2;240;240;240m"[38;2;160;160;160;48;2;174;174;174m4[38;2;0;0;0;48;2;19;19;19m`[48;2;0;0;0m                                                                                                 [0m
[7m[38;2;0;0;0m [0m[38;2;12;12;12;48;2;3;3;3m`[38;2;117;117;117;48;2;83;83;83m7[38;2;165;165;165;48;2;201;201;201m_[38;2;245;245;245;48;2;251;251;251m_[38;2;253;253;253;48;2;252;252;252m,[38;2;252;252;252;48;2;251;251;251m.[48;2;252;252;252m           [48;2;251;251;251m:"[38;2;249;249;249m"[38;2;201;201;201;48;2;213;213;213m4[38;2;70;70;70;48;2;50;50;50m_[38;2;0;0;0;48;2;2;2;2m:[38;2;1;1;1;48;2;0;0;0m,                                                                                               [0m
[7m[38;2;0;0;0m [0m[38;2;1;1;1;48;2;0;0;0m.[38;2;39;39;39;48;2;8;8;8m`[38;2;127;127;127;48;2;93;93;93m7[38;2;171;171;171;48;2;207;207;207m_[38;2;248;248;248;48;2;251;251;251m, [48;2;252;252;252m            [38;2;252;252;252;48;2;251;251;251m|[38;2;251;251;251;48;2;250;250;250mJ[38;2;237;237;237;48;2;225;225;225m:[38;2;143;143;143;48;2;116;116;116mw[38;2;0;0;0;48;2;11;11;11m:[48;2;0;0;0m                                                                                                [0m
[7m[38;2;0;0;0m [0m[38;2;0;0;0;48;2;0;0;0m  [38;2;38;38;38;48;2;9;9;9m`[38;2;71;71;71;48;2;113;113;113mL[38;2;173;173;173;48;2;213;213;213m_[38;2;251;251;251;48;2;252;252;252m,[48;2;251;251;251m [48;2;252;252;252m           [38;2;252;252;252;48;2;251;251;251m: [38;2;239;239;239;48;2;245;245;245m"[38;2;177;177;177;48;2;191;191;191m4[38;2;0;0;0;48;2;28;28;28m`[48;2;0;0;0m                                                                                                [0m
[7m[38;2;0;0;0m [0m[38;2;0;0;0;48;2;0;0;0m  [38;2;1;1;1m:[38;2;40;40;40;48;2;12;12;12m"[38;2;73;73;73;48;2;115;115;115mL[38;2;174;174;174;48;2;213;213;213m_[38;2;248;248;248;48;2;251;251;251m,[38;2;252;252;252m_[48;2;252;252;252m           [48;2;251;251;251m [38;2;250;250;250mE[38;2;210;210;210;48;2;223;223;223m4[38;2;130;130;130;48;2;87;87;87m_[38;2;0;0;0;48;2;7;7;7m:[38;2;1;1;1;48;2;0;0;0m.                                                                                              [0m
[7m[38;2;0;0;0m [0m[38;2;0;0;0;48;2;0;0;0m    [38;2;40;40;40;48;2;12;12;12m"[38;2;67;67;67;48;2;112;112;112mL[38;2;166;166;166;48;2;211;211;211m_[38;2;253;253;253;48;2;251;251;251m`[38;2;252;252;252m_.[48;2;252;252;252m         [48;2;251;251;251m [38;2;250;250;250mF[38;2;235;235;235;48;2;242;242;242m"[38;2;155;155;155;48;2;180;180;180m~[38;2;0;0;0;48;2;24;24;24m`[48;2;0;0;0m                                                                                               [0m
[7m[38;2;0;0;0m [0m[38;2;0;0;0;48;2;0;0;0m     [38;2;32;32;32;48;2;7;7;7m"[38;2;129;129;129;48;2;80;80;80m~[38;2;138;138;138;48;2;194;194;194m_[38;2;227;227;227;48;2;247;247;247m_[38;2;253;253;253;48;2;251;251;251m, [48;2;252;252;252m         [48;2;251;251;251m [38;2;250;250;250m.[38;2;212;212;212;48;2;223;223;223m4[38;2;136;136;136;48;2;92;92;92m_[38;2;0;0;0;48;2;8;8;8m:[48;2;0;0;0m                                                                                              [0m
[7m[38;2;0;0;0m [0m[38;2;0;0;0;48;2;0;0;0m     [38;2;1;1;1m`[38;2;15;15;15;48;2;6;6;6m`[38;2;113;113;113;48;2;71;71;71m"[38;2;120;120;120;48;2;179;179;179m_[38;2;217;217;217;48;2;241;241;241m_[38;2;252;252;252;48;2;251;251;251my.[48;2;252;252;252m        [48;2;251;251;251m: [38;2;237;237;237;48;2;244;244;244m"[38;2;161;161;161;48;2;190;190;190m~[38;2;0;0;0;48;2;35;35;35m`[48;2;1;1;1m:[48;2;0;0;0m                                                                                             [0m
[7m[38;2;0;0;0m [0m[38;2;0;0;0;48;2;0;0;0m     [38;2;1;1;1m`[38;2;3;3;3m"[38;2;15;15;15;48;2;2;2;2m`[38;2;97;97;97;48;2;41;41;41m"[38;2;85;85;85;48;2;151;151;151m_[38;2;186;186;186;48;2;233;233;233m_[38;2;252;252;252;48;2;251;251;251m`[48;2;252;252;252m         [48;2;251;251;251m|[38;2;250;250;250m.[38;2;238;238;238;48;2;226;226;226m:[38;2;162;162;162;48;2;112;112;112m_[38;2;0;0;0;48;2;11;11;11m:[48;2;0;0;0m                                                                                             [0m
[7m[38;2;0;0;0m [0m[38;2;0;0;0;48;2;0;0;0m        [38;2;2;2;2m`[38;2;52;52;52;48;2;17;17;17m"[38;2;147;147;147;48;2;95;95;95m~[38;2;139;139;139;48;2;205;205;205m_[38;2;232;232;232;48;2;248;248;248m_[38;2;253;253;253;48;2;252;252;252m_[38;2;252;252;252;48;2;251;251;251m.[48;2;252;252;252m      [48;2;251;251;251m: [38;2;241;241;241;48;2;248;248;248m`[38;2;180;180;180;48;2;205;205;205m"[38;2;99;99;99;48;2;50;50;50m_[38;2;0;0;0;48;2;3;3;3m:[38;2;1;1;1;48;2;0;0;0m,                                                                                          [38;2;16;16;16;48;2;5;5;5m_[0m
[?25h