[?25l[0m[7m[38;2;0;0;0m [0m[38;2;0;0;0;48;2;0;0;0m                                                                                                                       [0m
[7m[38;2;0;0;0m [0m[38;2;0;0;0;48;2;0;0;0m                                                                                                                       [0m
[7m[38;2;0;0;0m [0m[38;2;0;0;0;48;2;0;0;0m                                                                                                                       [0m
[7m[38;2;0;0;0m [0m[38;2;0;0;0;48;2;0;0;0m                                                                                                                       [0m
[7m[38;2;0;0;0m [0m[38;2;0;0;0;48;2;0;0;0m                                                                                                                       [0m
[7m[38;2;0;0;0m [0m[38;2;0;0;0;48;2;0;0;0m                                                                                                                       [0m
[7m[38;2;0;0;0m [0m[38;2;0;0;0;48;2;0;0;0m                                                                                                                       [0m
[7m[38;2;0;0;0m [0m[38;2;0;0;0;48;2;0;0;0m                                                                                                                       [0m
[7m[38;2;0;0;0m [0m[38;2;0;0;0;48;2;0;0;0m                                                                                                                       [0m
[7m[38;2;0;0;0m [0m[38;2;0;0;0;48;2;0;0;0m                                                                                                                       [0m
[7m[38;2;0;0;0m [0m[38;2;0;0;0;48;2;0;0;0m                                                                                                                       [0m
[7m[38;2;0;0;0m [0m[38;2;0;0;0;48;2;0;0;0m                                                                                                                       [0m
[7m[38;2;0;0;0m [0m[38;2;0;0;0;48;2;0;0;0m                                                                                                                       [0m
[7m[38;2;0;0;0m [0m[38;2;0;0;0;48;2;0;0;0m                                                                                                                       [0m
[7m[38;2;0;0;0m [0m[38;2;0;0;0;48;2;0;0;0m                                                                 [48;2;5;5;5m:[38;2;106;106;106;48;2;28;28;28m_[38;2;229;229;229;48;2;78;78;78m_[38;2;12;12;12;48;2;134;134;134m~[38;2;125;125;125;48;2;49;49;49m,[38;2;27;27;27;48;2;5;5;5m,[38;2;1;1;1;48;2;0;0;0m_                                               [0m
[7m[38;2;0;0;0m [0m[38;2;0;0;0;48;2;0;0;0m                                                               [48;2;5;5;5m`[38;2;117;117;117;48;2;38;38;38m_[38;2;62;62;62;48;2;160;160;160m~[38;2;149;149;149;48;2;226;226;226m`[38;2;209;209;209;48;2;240;240;240m_[38;2;106;106;106;48;2;183;183;183m_[38;2;116;116;116;48;2;70;70;70m~[38;2;23;23;23;48;2;10;10;10m~[38;2;1;1;1;48;2;0;0;0m`                                               [0m
[7m[38;2;0;0;0m [0m[38;2;0;0;0;48;2;0;0;0m                                                            [38;2;1;1;1m_[38;2;0;0;0;48;2;1;1;1m`[48;2;22;22;22m`[38;2;215;215;215;48;2;97;97;97m_[38;2;150;150;150;48;2;216;216;216m~[38;2;165;165;165;48;2;231;231;231m_[38;2;68;68;68;48;2;181;181;181m_[38;2;168;168;168;48;2;76;76;76m~[38;2;76;76;76;48;2;21;21;21m`[38;2;10;10;10;48;2;1;1;1m`[48;2;0;0;0m                                                 [0m
[7m[38;2;0;0;0m [0m[38;2;0;0;0;48;2;0;0;0m                                                   [38;2;5;5;5m_[38;2;1;1;1m,__   [38;2;0;0;0;48;2;1;1;1m:[38;2;44;44;44;48;2;2;2;2m_[38;2;113;113;113;48;2;19;19;19m_[38;2;188;188;188;48;2;78;78;78m_[38;2;108;108;108;48;2;189;189;189m~[38;2;162;162;162;48;2;215;215;215m_[38;2;69;69;69;48;2;154;154;154my[38;2;129;129;129;48;2;43;43;43m~[38;2;34;34;34;48;2;7;7;7m~[38;2;1;1;1;48;2;0;0;0m=                                                   [0m
[7m[38;2;0;0;0m [0m[38;2;0;0;0;48;2;0;0;0m                                            [48;2;1;1;1m:[38;2;36;36;36;48;2;6;6;6m_[38;2;59;59;59;48;2;11;11;11m_[38;2;64;64;64;48;2;13;13;13m_[38;2;93;93;93;48;2;23;23;23m_[38;2;132;132;132;48;2;38;38;38m_[38;2;161;161;161;48;2;59;59;59m_[38;2;196;196;196;48;2;88;88;88m_[38;2;6;6;6;48;2;132;132;132m~[38;2;235;235;235;48;2;93;93;93m_[38;2;219;219;219;48;2;68;68;68m_[38;2;211;211;211;48;2;60;60;60m_[38;2;217;217;217;48;2;68;68;68m_[38;2;233;233;233;48;2;90;90;90m_[38;2;18;18;18;48;2;148;148;148m~[38;2;66;66;66;48;2;187;187;187m~[38;2;158;158;158;48;2;223;223;223m~[38;2;172;172;172;48;2;228;228;228m_[38;2;98;98;98;48;2;172;172;172my[38;2;113;113;113;48;2;45;45;45m~[38;2;21;21;21;48;2;6;6;6m'[38;2;0;0;0;48;2;1;1;1ma[38;2;1;1;1;48;2;0;0;0m`                                                    [0m
[7m[38;2;0;0;0m [0m[38;2;0;0;0;48;2;0;0;0m                                            [38;2;1;1;1;48;2;8;8;8m:[38;2;79;79;79;48;2;56;56;56m4[38;2;159;159;159;48;2;129;129;129ma[38;2;218;218;218;48;2;159;159;159my[38;2;134;134;134;48;2;204;204;204m~[38;2;169;169;169;48;2;223;223;223m~[38;2;195;195;195;48;2;235;235;235m~[38;2;221;221;221;48;2;242;242;242m"[38;2;253;253;253;48;2;249;249;249m`[38;2;251;251;251m_[38;2;242;242;242;48;2;248;248;248m~[38;2;237;237;237;48;2;247;247;247m~[38;2;240;240;240;48;2;248;248;248m~[38;2;229;229;229m_[38;2;193;193;193;48;2;241;241;241m_[38;2;91;91;91;48;2;207;207;207m_[38;2;59;59;59;48;2;154;154;154my[38;2;134;134;134;48;2;45;45;45m~[38;2;34;34;34;48;2;6;6;6m~[38;2;3;3;3;48;2;0;0;0m`                                                       [0m
[7m[38;2;0;0;0m [0m[38;2;0;0;0;48;2;0;0;0m                                            [38;2;1;1;1m^[38;2;28;28;28;48;2;10;10;10m`[38;2;118;118;118;48;2;63;63;63m~[38;2;64;64;64;48;2;179;179;179m_[38;2;138;138;138;48;2;234;234;234m_[38;2;171;171;171;48;2;240;240;240m_[38;2;180;180;180;48;2;241;241;241m_[38;2;163;163;163;48;2;240;240;240m_[38;2;144;144;144;48;2;237;237;237m_[38;2;124;124;124;48;2;231;231;231m_[38;2;100;100;100;48;2;213;213;213m_[38;2;56;56;56;48;2;179;179;179m_[38;2;55;55;55;48;2;156;156;156my[38;2;187;187;187;48;2;74;74;74m~[38;2;117;117;117;48;2;31;31;31m~[38;2;62;62;62;48;2;12;12;12m`[38;2;9;9;9;48;2;4;4;4m'[38;2;2;2;2;48;2;1;1;1m~[48;2;0;0;0m                                                         [0m
[7m[38;2;0;0;0m [0m[38;2;0;0;0;48;2;0;0;0m                                               [48;2;3;3;3m:[38;2;58;58;58;48;2;15;15;15m~[38;2;114;114;114;48;2;29;29;29m~[38;2;129;129;129;48;2;32;32;32m~[38;2;107;107;107;48;2;26;26;26m~[38;2;73;73;73;48;2;17;17;17m~[38;2;28;28;28;48;2;7;7;7m"[48;2;0;0;0m                                                                 [0m
[7m[38;2;0;0;0m [0m[38;2;0;0;0;48;2;0;0;0m                                                                                                                       [0m
[7m[38;2;0;0;0m [0m[38;2;0;0;0;48;2;0;0;0m                                                                                                                       [0m
[7m[38;2;0;0;0m [0m[38;2;0;0;0;48;2;0;0;0m                                                                                                                       [0m
[7m[38;2;0;0;0m [0m[38;2;0;0;0;48;2;0;0;0m                                                                                                                       [0m
[7m[38;2;0;0;0m [0m[38;2;0;0;0;48;2;0;0;0m                                                                                                                       [0m
[7m[38;2;0;0;0m [0m[38;2;0;0;0;48;2;0;0;0m                                                                                                                       [0m
[7m[38;2;0;0;0m [0m[38;2;0;0;0;48;2;0;0;0m                                                                                                                       [0m
[7m[38;2;0;0;0m [0m[38;2;0;0;0;48;2;0;0;0m                                                                                                                       [0m
[7m[38;2;0;0;0m [0m[38;2;0;0;0;48;2;0;0;0m                                                                                                                       [0m
[7m[38;2;0;0;0m [0m[38;2;0;0;0;48;2;0;0;0m                                                                                                                       [0m
[7m[38;2;0;0;0m [0m[38;2;0;0;0;48;2;0;0;0m                                                                                                                       [0m
[7m[38;2;0;0;0m [0m[38;2;0;0;0;48;2;0;0;0m                                                                                                                       [0m
[7m[38;2;0;0;0m [0m[38;2;0;0;0;48;2;0;0;0m                                                                                                                       [0m
[7m[38;2;0;0;0m [0m[38;2;0;0;0;48;2;0;0;0m                                                                                                                       [0m
[?25h