[?25l[0m[7m[38;2;0;0;0m [0m[38;2;0;0;0;48;2;0;0;0m                                                                                                                       [0m
[7m[38;2;0;0;0m [0m[38;2;0;0;0;48;2;0;0;0m                                                                                                                       [0m
[7m[38;2;0;0;0m [0m[38;2;0;0;0;48;2;0;0;0m                                                                                                                       [0m
[7m[38;2;0;0;0m [0m[38;2;0;0;0;48;2;0;0;0m                                                                                                                       [0m
[7m[38;2;0;0;0m [0m[38;2;0;0;0;48;2;0;0;0m                                                                                                                       [0m
[7m[38;2;0;0;0m [0m[38;2;0;0;0;48;2;0;0;0m                                                                                                                       [0m
[7m[38;2;0;0;0m [0m[38;2;0;0;0;48;2;0;0;0m                                                                                                                       [0m
[7m[38;2;0;0;0m [0m[38;2;0;0;0;48;2;0;0;0m                                                                                                                       [0m
[7m[38;2;0;0;0m [0m[38;2;0;0;0;48;2;0;0;0m                                                                                                                       [0m
[7m[38;2;0;0;0m [0m[38;2;0;0;0;48;2;0;0;0m                                                                                                                       [0m
[7m[38;2;0;0;0m [0m[38;2;0;0;0;48;2;0;0;0m                                                                                                                       [0m
[7m[38;2;0;0;0m [0m[38;2;0;0;0;48;2;0;0;0m                                                                                                                       [0m
[7m[38;2;0;0;0m [0m[38;2;0;0;0;48;2;0;0;0m                                                                                                                       [0m
[7m[38;2;0;0;0m [0m[38;2;0;0;0;48;2;0;0;0m                                                                                                                       [0m
[7m[38;2;0;0;0m [0m[38;2;0;0;0;48;2;0;0;0m                                                                                                                       [0m
[7m[38;2;0;0;0m [0m[38;2;0;0;0;48;2;0;0;0m                                                                                                                       [0m
[7m[38;2;0;0;0m [0m[38;2;0;0;0;48;2;0;0;0m                                                                                                                       [0m
[7m[38;2;0;0;0m [0m[38;2;0;0;0;48;2;0;0;0m                                              [38;2;2;2;2m_[38;2;1;1;1m_                                                                       [0m
[7m[38;2;0;0;0m [0m[38;2;0;0;0;48;2;0;0;0m                        [38;2;1;1;1m______________     [38;2;33;33;33;48;2;17;17;17my[38;2;1;1;1;48;2;72;72;72m~[38;2;0;0;0;48;2;112;112;112m~[38;2;5;5;5;48;2;161;161;161m~[38;2;4;4;4;48;2;137;137;137m~[38;2;46;46;46;48;2;21;21;21mr[48;2;0;0;0m [38;2;1;1;1m___                                                                  [0m
[7m[38;2;0;0;0m [0m[38;2;0;0;0;48;2;0;0;0m                     [48;2;6;6;6m`[38;2;61;61;61;48;2;18;18;18m_[38;2;109;109;109;48;2;31;31;31m_[38;2;148;148;148;48;2;38;38;38m_[38;2;170;170;170;48;2;44;44;44m_[38;2;174;174;174;48;2;48;48;48m_[38;2;176;176;176;48;2;51;51;51m_[38;2;178;178;178;48;2;52;52;52m_[38;2;180;180;180;48;2;54;54;54m_[38;2;181;181;181;48;2;55;55;55m_[38;2;182;182;182;48;2;56;56;56m_[38;2;183;183;183;48;2;57;57;57m_[38;2;184;184;184;48;2;58;58;58m_[38;2;186;186;186;48;2;60;60;60m_[38;2;189;189;189;48;2;62;62;62m_[38;2;190;190;190;48;2;63;63;63m__[38;2;192;192;192;48;2;64;64;64m_[38;2;142;142;142;48;2;59;59;59my[38;2;144;144;144;48;2;60;60;60my[38;2;146;146;146;48;2;61;61;61my[38;2;148;148;148;48;2;63;63;63my[38;2;163;163;163;48;2;88;88;88my[38;2;225;225;225;48;2;148;148;148m_[38;2;182;182;182;48;2;208;208;208mF[38;2;252;252;252;48;2;244;244;244m'[38;2;244;244;244;48;2;220;220;220m.[38;2;54;54;54;48;2;124;124;124m~[38;2;192;192;192;48;2;65;65;65m_[38;2;183;183;183;48;2;57;57;57m_[38;2;186;186;186;48;2;60;60;60m_[38;2;191;191;191;48;2;64;64;64m_[38;2;158;158;158;48;2;67;67;67my[38;2;180;180;180;48;2;79;79;79my[38;2;192;192;192;48;2;87;87;87my[38;2;197;197;197;48;2;92;92;92my[38;2;100;100;100;48;2;37;37;37m,[38;2;0;0;0;48;2;2;2;2m`[48;2;0;0;0m                                                            [0m
[7m[38;2;0;0;0m [0m[38;2;0;0;0;48;2;0;0;0m                     [38;2;17;17;17;48;2;7;7;7m"[38;2;59;59;59;48;2;31;31;31m7[38;2;23;23;23;48;2;90;90;90my[38;2;44;44;44;48;2;133;133;133my[38;2;31;31;31;48;2;155;155;155m_[38;2;59;59;59;48;2;175;175;175m_[38;2;79;79;79;48;2;191;191;191m_[38;2;92;92;92;48;2;202;202;202m_[38;2;98;98;98;48;2;207;207;207m_[38;2;106;106;106;48;2;213;213;213m_[38;2;110;110;110;48;2;216;216;216m_[48;2;217;217;217m_[48;2;216;216;216m__[48;2;217;217;217m___[38;2;108;108;108;48;2;216;216;216m_[38;2;106;106;106;48;2;214;214;214m_[38;2;102;102;102;48;2;211;211;211m_[38;2;99;99;99;48;2;209;209;209m_[38;2;105;105;105;48;2;213;213;213m_[38;2;120;120;120;48;2;221;221;221m_[38;2;156;156;156;48;2;232;232;232m_[38;2;199;199;199;48;2;241;241;241m_[38;2;253;253;253;48;2;251;251;251m`[38;2;249;249;249;48;2;242;242;242m'[38;2;119;119;119;48;2;219;219;219m_[38;2;91;91;91;48;2;202;202;202m_[38;2;90;90;90;48;2;200;200;200m_[38;2;91;91;91;48;2;201;201;201m_[38;2;94;94;94;48;2;204;204;204m_[38;2;109;109;109;48;2;216;216;216m_[38;2;121;121;121;48;2;226;226;226m_[38;2;131;131;131;48;2;233;233;233m_[38;2;137;137;137;48;2;223;223;223m_[38;2;114;114;114;48;2;75;75;75mF[38;2;14;14;14;48;2;9;9;9m^[38;2;1;1;1;48;2;0;0;0m~                                                           [0m
[7m[38;2;0;0;0m [0m[38;2;0;0;0;48;2;0;0;0m                              [38;2;3;3;3m`[38;2;5;5;5;48;2;1;1;1m~~~~~~~~[38;2;3;3;3;48;2;0;0;0m~[38;2;1;1;1m` [38;2;7;7;7;48;2;3;3;3m"[38;2;46;46;46;48;2;33;33;33m4[38;2;83;83;83;48;2;103;103;103my[38;2;104;104;104;48;2;160;160;160m_[38;2;167;167;167;48;2;226;226;226m_[38;2;139;139;139;48;2;197;197;197m_[38;2;65;65;65;48;2;37;37;37mF[48;2;0;0;0m    [38;2;14;14;14;48;2;3;3;3m`[38;2;30;30;30;48;2;7;7;7m~[38;2;47;47;47;48;2;11;11;11m~[38;2;66;66;66;48;2;16;16;16m~[38;2;19;19;19;48;2;3;3;3m~[48;2;0;0;0m                                                             [0m
[7m[38;2;0;0;0m [0m[38;2;0;0;0;48;2;0;0;0m                                           [38;2;7;7;7;48;2;1;1;1m`[38;2;48;48;48;48;2;6;6;6m`[38;2;59;59;59;48;2;12;12;12m"[38;2;94;94;94;48;2;16;16;16m~[38;2;80;80;80;48;2;13;13;13m~[38;2;0;0;0;48;2;3;3;3m:[48;2;0;0;0m                                                                      [0m
[7m[38;2;0;0;0m [0m[38;2;0;0;0;48;2;0;0;0m                                                                                                                       [0m
[7m[38;2;0;0;0m [0m[38;2;0;0;0;48;2;0;0;0m                                                                                                                       [0m
[7m[38;2;0;0;0m [0m[38;2;0;0;0;48;2;0;0;0m                                                                                                                       [0m
[7m[38;2;0;0;0m [0m[38;2;0;0;0;48;2;0;0;0m                                                                                                                       [0m
[7m[38;2;0;0;0m [0m[38;2;0;0;0;48;2;0;0;0m                                                                                                                       [0m
[7m[38;2;0;0;0m [0m[38;2;0;0;0;48;2;0;0;0m                                                                                                                       [0m
[7m[38;2;0;0;0m [0m[38;2;0;0;0;48;2;0;0;0m                                                                                                                       [0m
[7m[38;2;0;0;0m [0m[38;2;0;0;0;48;2;0;0;0m                                                                                                                       [0m
[7m[38;2;0;0;0m [0m[38;2;0;0;0;48;2;0;0;0m                                                                                                                       [0m
[7m[38;2;0;0;0m [0m[38;2;0;0;0;48;2;0;0;0m                                                                                                                       [0m
[7m[38;2;0;0;0m [0m[38;2;0;0;0;48;2;0;0;0m                                                                                                                       [0m
[7m[38;2;0;0;0m [0m[38;2;0;0;0;48;2;0;0;0m                                                                                                                       [0m
[7m[38;2;0;0;0m [0m[38;2;0;0;0;48;2;0;0;0m                                                                                                                       [0m
[?25h