[?25l[0m[7m[38;2;252;252;252m [0m[38;2;0;0;0;48;2;252;252;252m                                                                                                                       [0m
[7m[38;2;252;252;252m [0m[38;2;0;0;0;48;2;252;252;252m                                                                                                                       [0m
[7m[38;2;252;252;252m [0m[38;2;0;0;0;48;2;252;252;252m                                                                                                                       [0m
[7m[38;2;252;252;252m [0m[38;2;0;0;0;48;2;252;252;252m                                                                                                                       [0m
[7m[38;2;252;252;252m [0m[38;2;0;0;0;48;2;252;252;252m                                                                                                                       [0m
[7m[38;2;252;252;252m [0m[38;2;0;0;0;48;2;252;252;252m                                                                                                                       [0m
[7m[38;2;252;252;252m [0m[38;2;0;0;0;48;2;252;252;252m                                                                                                                       [0m
[7m[38;2;252;252;252m [0m[38;2;0;0;0;48;2;252;252;252m                                                                                                                       [0m
[7m[38;2;252;252;252m [0m[38;2;0;0;0;48;2;252;252;252m                                                                                                                       [0m
[7m[38;2;252;252;252m [0m[38;2;0;0;0;48;2;252;252;252m                                                                                                                       [0m
[7m[38;2;252;252;252m [0m[38;2;0;0;0;48;2;252;252;252m                                                                                                                       [0m
[7m[38;2;252;252;252m [0m[38;2;0;0;0;48;2;252;252;252m                                                                                                                       [0m
[7m[38;2;252;252;252m [0m[38;2;0;0;0;48;2;252;252;252m                                                                                                                       [0m
[7m[38;2;252;252;252m [0m[38;2;0;0;0;48;2;252;252;252m                                                                                                                       [0m
[7m[38;2;252;252;252m [0m[38;2;0;0;0;48;2;252;252;252m                                                                                                                       [0m
[7m[38;2;252;252;252m [0m[38;2;0;0;0;48;2;252;252;252m                                                                                                                       [0m
[7m[38;2;252;252;252m [0m[38;2;0;0;0;48;2;252;252;252m                                                                                                                       [0m
[7m[38;2;252;252;252m [0m[38;2;0;0;0;48;2;252;252;252m                                                                                                                       [0m
[7m[38;2;252;252;252m [0m[38;2;0;0;0;48;2;252;252;252m                                                                                                                       [0m
[7m[38;2;252;252;252m [0m[38;2;0;0;0;48;2;252;252;252m                                                       [38;2;252;252;252;48;2;251;251;251m:[38;2;250;250;250m.[38;2;254;254;254m.[38;2;230;230;230m_[38;2;233;233;233m_[38;2;248;248;248;48;2;252;252;252m_[38;2;252;252;252;48;2;251;251;251m`.:[48;2;252;252;252m                                                       [0m
[7m[38;2;252;252;252m [0m[38;2;0;0;0;48;2;252;252;252m                                                    [38;2;252;252;252;48;2;251;251;251m: [48;2;250;250;250m:[38;2;203;203;203;48;2;242;242;242m_[38;2;99;99;99;48;2;204;204;204m_[38;2;59;59;59;48;2;156;156;156my[38;2;186;186;186;48;2;76;76;76m~[38;2;28;28;28;48;2;113;113;113my[38;2;74;74;74;48;2;162;162;162my[38;2;120;120;120;48;2;221;221;221m_[38;2;177;177;177;48;2;240;240;240m_[38;2;215;215;215;48;2;246;246;246m_[38;2;252;252;252;48;2;251;251;251m`:[48;2;252;252;252m                                                     [0m
[7m[38;2;252;252;252m [0m[38;2;0;0;0;48;2;252;252;252m                                                   [38;2;252;252;252;48;2;251;251;251m: [38;2;254;254;254;48;2;250;250;250m.[48;2;234;234;234m'[38;2;79;79;79;48;2;132;132;132my[38;2;47;47;47;48;2;18;18;18m~[38;2;2;2;2;48;2;1;1;1mf[38;2;4;4;4;48;2;0;0;0m``[38;2;0;0;0;48;2;2;2;2m'[38;2;47;47;47;48;2;14;14;14m"[38;2;123;123;123;48;2;35;35;35m~[38;2;35;35;35;48;2;108;108;108ms[38;2;175;175;175;48;2;207;207;207mw[38;2;251;251;251;48;2;247;247;247m`[38;2;250;250;250;48;2;251;251;251ma[38;2;252;252;252m:[48;2;252;252;252m                                                   [0m
[7m[38;2;252;252;252m [0m[38;2;0;0;0;48;2;252;252;252m                                                   [38;2;252;252;252;48;2;251;251;251m:[38;2;250;250;250mF[38;2;254;254;254;48;2;247;247;247m'[38;2;183;183;183;48;2;203;203;203m4[38;2;92;92;92;48;2;53;53;53mL[38;2;1;1;1;48;2;4;4;4m`[48;2;0;0;0m_   ~[38;2;3;3;3;48;2;1;1;1m`[38;2;71;71;71;48;2;50;50;50m4[38;2;203;203;203;48;2;211;211;211mL[38;2;251;251;251;48;2;249;249;249m:[48;2;251;251;251m [38;2;252;252;252m:[48;2;252;252;252m                                  [38;2;253;253;253m^                [0m
[7m[38;2;252;252;252m [0m[38;2;0;0;0;48;2;252;252;252m                                                   [38;2;252;252;252;48;2;251;251;251m:"[48;2;250;250;250m.[38;2;254;254;254;48;2;238;238;238m:[38;2;167;167;167;48;2;136;136;136mm[38;2;52;52;52;48;2;26;26;26mL[48;2;0;0;0m   [38;2;0;0;0;48;2;1;1;1m:[38;2;60;60;60;48;2;4;4;4m_[38;2;133;133;133;48;2;22;22;22m_[38;2;57;57;57;48;2;124;124;124mF[38;2;217;217;217;48;2;231;231;231m~[38;2;253;253;253;48;2;250;250;250m`[38;2;252;252;252;48;2;251;251;251m'  [48;2;252;252;252m                                                  [0m
[7m[38;2;252;252;252m [0m[38;2;0;0;0;48;2;252;252;252m                                                   [38;2;253;253;253;48;2;249;249;249m:[38;2;155;155;155;48;2;234;234;234m_[38;2;92;92;92;48;2;180;180;180my[38;2;179;179;179;48;2;73;73;73m~[38;2;79;79;79;48;2;24;24;24m"[38;2;0;0;0;48;2;3;3;3m:[48;2;0;0;0m  [38;2;1;1;1mf[38;2;0;0;0;48;2;14;14;14m:[38;2;114;114;114;48;2;84;84;84m4[38;2;149;149;149;48;2;215;215;215m_[38;2;203;203;203;48;2;238;238;238m_[38;2;184;184;184;48;2;235;235;235m_[38;2;179;179;179;48;2;234;234;234m_[38;2;177;177;177;48;2;232;232;232m_[38;2;172;172;172;48;2;230;230;230m_[38;2;199;199;199;48;2;239;239;239m_[38;2;239;239;239;48;2;248;248;248m,[38;2;252;252;252;48;2;251;251;251m:[48;2;252;252;252m                                                [0m
[7m[38;2;252;252;252m [0m[38;2;0;0;0;48;2;252;252;252m                                                [38;2;252;252;252;48;2;251;251;251m:[38;2;250;250;250me[38;2;254;254;254;48;2;242;242;242m:[38;2;111;111;111;48;2;176;176;176my[38;2;94;94;94;48;2;39;39;39m~[38;2;1;1;1;48;2;4;4;4m`[38;2;2;2;2;48;2;0;0;0m~     [38;2;1;1;1m"[38;2;0;0;0;48;2;3;3;3m:[38;2;74;74;74;48;2;25;25;25m"[38;2;161;161;161;48;2;71;71;71m~[38;2;82;82;82;48;2;124;124;124m_[38;2;130;130;130;48;2;138;138;138mm[38;2;148;148;148;48;2;135;135;135m~[38;2;134;134;134;48;2;142;142;142m:[38;2;200;200;200;48;2;183;183;183m_[38;2;231;231;231;48;2;239;239;239mF[38;2;251;251;251;48;2;250;250;250m`[38;2;252;252;252;48;2;251;251;251m`[48;2;252;252;252m                                               [0m
[7m[38;2;252;252;252m [0m[38;2;0;0;0;48;2;252;252;252m                                                [38;2;252;252;252;48;2;251;251;251m:[38;2;250;250;250mz[38;2;254;254;254;48;2;235;235;235m:[38;2;136;136;136;48;2;97;97;97mL[38;2;30;30;30;48;2;15;15;15m,[38;2;1;1;1;48;2;0;0;0m_         [38;2;0;0;0;48;2;2;2;2m:[38;2;57;57;57;48;2;28;28;28m~[38;2;66;66;66;48;2;101;101;101m_[38;2;149;149;149;48;2;138;138;138my[38;2;199;199;199;48;2;171;171;171my[38;2;204;204;204;48;2;230;230;230m~[38;2;244;244;244;48;2;249;249;249m~[48;2;251;251;251m [38;2;252;252;252m:[48;2;252;252;252m                                               [0m
[7m[38;2;252;252;252m [0m[38;2;0;0;0;48;2;252;252;252m                                                [38;2;252;252;252;48;2;251;251;251m:[38;2;249;249;249m`[38;2;254;254;254;48;2;248;248;248m'[38;2;179;179;179;48;2;222;222;222m~[38;2;152;152;152;48;2;90;90;90my[38;2;53;53;53;48;2;18;18;18m,[48;2;0;0;0m          [38;2;0;0;0;48;2;6;6;6m:[38;2;75;75;75;48;2;57;57;57m_[38;2;167;167;167;48;2;154;154;154m4[38;2;218;218;218;48;2;226;226;226mL[38;2;248;248;248;48;2;250;250;250m~[38;2;251;251;251m:[48;2;251;251;251m [48;2;252;252;252m                                                [0m
[7m[38;2;252;252;252m [0m[38;2;0;0;0;48;2;252;252;252m                                                 [38;2;252;252;252;48;2;251;251;251m: [48;2;250;250;250m.[38;2;214;214;214;48;2;241;241;241m`[38;2;101;101;101;48;2;185;185;185m~[38;2;196;196;196;48;2;67;67;67m_[38;2;67;67;67;48;2;16;16;16m,[38;2;0;0;0;48;2;1;1;1m`[38;2;2;2;2;48;2;0;0;0m_  [38;2;0;0;0;48;2;1;1;1m`[38;2;28;28;28;48;2;3;3;3m_[38;2;60;60;60;48;2;8;8;8m_[38;2;95;95;95;48;2;25;25;25m_[38;2;16;16;16;48;2;80;80;80m~[38;2;94;94;94;48;2;122;122;122m~[38;2;165;165;165;48;2;152;152;152m_[38;2;203;203;203;48;2;213;213;213mF[38;2;244;244;244;48;2;248;248;248mM[38;2;251;251;251;48;2;250;250;250m:[38;2;252;252;252;48;2;251;251;251m:[48;2;252;252;252m                                                [0m
[7m[38;2;252;252;252m [0m[38;2;0;0;0;48;2;252;252;252m                                                   [38;2;252;252;252;48;2;251;251;251m: [38;2;253;253;253m'[38;2;233;233;233;48;2;245;245;245m`[38;2;127;127;127;48;2;213;213;213m~[38;2;61;61;61;48;2;176;176;176m~[38;2;42;42;42;48;2;139;139;139m~[38;2;33;33;33;48;2;121;121;121m~[48;2;116;116;116m~[38;2;41;41;41;48;2;120;120;120m~[38;2;59;59;59;48;2;127;127;127m~[38;2;85;85;85;48;2;134;134;134m~[38;2;171;171;171m_[38;2;195;195;195;48;2;149;149;149m_[38;2;223;223;223;48;2;169;169;169m_[38;2;176;176;176;48;2;216;216;216m~[38;2;232;232;232;48;2;243;243;243m"[38;2;252;252;252;48;2;251;251;251m::[48;2;252;252;252m                                                 [0m
[7m[38;2;252;252;252m [0m[38;2;0;0;0;48;2;252;252;252m                                                      [38;2;252;252;252;48;2;251;251;251m. [38;2;248;248;248;48;2;250;250;250m`[38;2;228;228;228;48;2;244;244;244m~[38;2;212;212;212;48;2;239;239;239m~[38;2;205;205;205;48;2;237;237;237m~[38;2;202;202;202m~[38;2;205;205;205;48;2;238;238;238m~[38;2;207;207;207;48;2;240;240;240m~[38;2;209;209;209m~[38;2;222;222;222;48;2;244;244;244m~[38;2;236;236;236;48;2;248;248;248m~[38;2;248;248;248;48;2;251;251;251m~[38;2;252;252;252m:[48;2;252;252;252m                                                   [0m
[7m[38;2;252;252;252m [0m[38;2;0;0;0;48;2;252;252;252m                                                                                                                       [0m
[7m[38;2;252;252;252m [0m[38;2;0;0;0;48;2;252;252;252m                                                                                                                       [0m
[7m[38;2;252;252;252m [0m[38;2;0;0;0;48;2;252;252;252m                                                                                                                       [0m
[7m[38;2;252;252;252m [0m[38;2;0;0;0;48;2;252;252;252m                                                                                                                       [0m
[7m[38;2;252;252;252m [0m[38;2;0;0;0;48;2;252;252;252m                       [38;2;252;252;252;48;2;251;251;251m:[48;2;252;252;252m                                                                                               [0m
[?25h