[?25l[0m[7m[38;2;0;0;0m [0m[38;2;0;0;0;48;2;0;0;0m                                                                                                                       [0m
[7m[38;2;0;0;0m [0m[38;2;0;0;0;48;2;0;0;0m                                                                                                                       [0m
[7m[38;2;0;0;0m [0m[38;2;0;0;0;48;2;0;0;0m                                                                                                                       [0m
[7m[38;2;0;0;0m [0m[38;2;0;0;0;48;2;0;0;0m                                                                                                                       [0m
[7m[38;2;0;0;0m [0m[38;2;0;0;0;48;2;0;0;0m                                                                                                                       [0m
[7m[38;2;0;0;0m [0m[38;2;0;0;0;48;2;0;0;0m                                                                                                                       [0m
[7m[38;2;0;0;0m [0m[38;2;0;0;0;48;2;0;0;0m                                                                                                                       [0m
[7m[38;2;0;0;0m [0m[38;2;0;0;0;48;2;0;0;0m                                                                                                                       [0m
[7m[38;2;0;0;0m [0m[38;2;0;0;0;48;2;0;0;0m                                                                                                                       [0m
[7m[38;2;0;0;0m [0m[38;2;0;0;0;48;2;0;0;0m                                                                                                                       [0m
[7m[38;2;0;0;0m [0m[38;2;0;0;0;48;2;0;0;0m                                                                                                                       [0m
[7m[38;2;0;0;0m [0m[38;2;0;0;0;48;2;0;0;0m                                                                                                                       [0m
[7m[38;2;0;0;0m [0m[38;2;0;0;0;48;2;0;0;0m                                                 [48;2;1;1;1m:[38;2;26;26;26;48;2;4;4;4m_[38;2;18;18;18;48;2;3;3;3m_[48;2;0;0;0m                                                                   [0m
[7m[38;2;0;0;0m [0m[38;2;0;0;0;48;2;0;0;0m                                                [48;2;1;1;1m:[38;2;46;46;46;48;2;33;33;33my[38;2;124;124;124;48;2;94;94;94mg[38;2;108;108;108;48;2;67;67;67m_[38;2;2;2;2;48;2;12;12;12m:[48;2;0;0;0m                                                                  [0m
[7m[38;2;0;0;0m [0m[38;2;0;0;0;48;2;0;0;0m                                                [48;2;1;1;1m:[38;2;68;68;68;48;2;45;45;45m4[38;2;148;148;148;48;2;158;158;158m_[38;2;129;129;129;48;2;155;155;155m~[38;2;59;59;59;48;2;30;30;30mL[48;2;0;0;0m                                                                  [0m
[7m[38;2;0;0;0m [0m[38;2;0;0;0;48;2;0;0;0m                                                 [38;2;29;29;29;48;2;11;11;11m"[38;2;46;46;46;48;2;92;92;92mL[38;2;155;155;155;48;2;182;182;182m_[38;2;78;78;78;48;2;133;133;133m~[38;2;67;67;67;48;2;28;28;28m,[48;2;0;0;0m                                                                 [0m
[7m[38;2;0;0;0m [0m[38;2;0;0;0;48;2;0;0;0m                                                  [48;2;10;10;10m:[38;2;114;114;114;48;2;72;72;72m~[38;2;129;129;129;48;2;191;191;191m_[38;2;99;99;99;48;2;179;179;179m~[38;2;145;145;145;48;2;58;58;58m_[38;2;36;36;36;48;2;8;8;8m,[48;2;0;0;0m                                                               [0m
[7m[38;2;0;0;0m [0m[38;2;0;0;0;48;2;0;0;0m                                                   [48;2;5;5;5m'[38;2;102;102;102;48;2;65;65;65m"[38;2;149;149;149;48;2;199;199;199m_[38;2;187;187;187;48;2;227;227;227m"[38;2;78;78;78;48;2;164;164;164m~[38;2;140;140;140;48;2;44;44;44m_[38;2;31;31;31;48;2;5;5;5m,[38;2;1;1;1;48;2;0;0;0m,                                                            [0m
[7m[38;2;0;0;0m [0m[38;2;0;0;0;48;2;0;0;0m                                                   [38;2;1;1;1m~[38;2;0;0;0;48;2;10;10;10m'[38;2;121;121;121;48;2;79;79;79m"[38;2;153;153;153;48;2;218;218;218m_[38;2;253;253;253;48;2;247;247;247m'[38;2;186;186;186;48;2;226;226;226m"[38;2;53;53;53;48;2;155;155;155m~[38;2;137;137;137;48;2;45;45;45m_[38;2;38;38;38;48;2;7;7;7m,[38;2;1;1;1;48;2;0;0;0m_                                                          [0m
[7m[38;2;0;0;0m [0m[38;2;0;0;0;48;2;0;0;0m                                                    [38;2;1;1;1m`[38;2;23;23;23;48;2;7;7;7m"[38;2;113;113;113;48;2;64;64;64m~[38;2;105;105;105;48;2;196;196;196m_[38;2;234;234;234;48;2;244;244;244m,[38;2;253;253;253;48;2;250;250;250m'[38;2;183;183;183;48;2;231;231;231m"[38;2;83;83;83;48;2;166;166;166m~[38;2;146;146;146;48;2;52;52;52m_[38;2;38;38;38;48;2;10;10;10m,[38;2;2;2;2;48;2;1;1;1my[48;2;0;0;0m                                                        [0m
[7m[38;2;0;0;0m [0m[38;2;0;0;0;48;2;0;0;0m                                                      [48;2;2;2;2m:[38;2;71;71;71;48;2;28;28;28m"[38;2;65;65;65;48;2;134;134;134my[38;2;125;125;125;48;2;216;216;216m_[38;2;230;230;230;48;2;244;244;244m,[38;2;252;252;252;48;2;246;246;246m'[38;2;191;191;191;48;2;225;225;225m"[38;2;67;67;67;48;2;136;136;136m~[38;2;77;77;77;48;2;31;31;31m_[38;2;0;0;0;48;2;3;3;3m`[38;2;2;2;2;48;2;0;0;0m_                                                      [0m
[7m[38;2;0;0;0m [0m[38;2;0;0;0;48;2;0;0;0m                                                       [38;2;1;1;1m`[38;2;0;0;0;48;2;2;2;2m'[38;2;67;67;67;48;2;22;22;22m"[38;2;191;191;191;48;2;83;83;83m~[38;2;69;69;69;48;2;191;191;191m_[38;2;200;200;200;48;2;238;238;238m_[38;2;221;221;221;48;2;234;234;234m"[38;2;118;118;118;48;2;164;164;164m~[38;2;87;87;87;48;2;48;48;48mL[38;2;3;3;3;48;2;7;7;7m`[38;2;1;1;1;48;2;2;2;2m~[48;2;0;0;0my                                                    [0m
[7m[38;2;0;0;0m [0m[38;2;0;0;0;48;2;0;0;0m                                                          [48;2;1;1;1m:[38;2;40;40;40;48;2;10;10;10m`[38;2;123;123;123;48;2;40;40;40m~[38;2;30;30;30;48;2;120;120;120my[38;2;33;33;33;48;2;112;112;112my[38;2;79;79;79;48;2;30;30;30m~[38;2;12;12;12;48;2;3;3;3m~[38;2;2;2;2;48;2;0;0;0m~[38;2;1;1;1m~                                                    [0m
[7m[38;2;0;0;0m [0m[38;2;0;0;0;48;2;0;0;0m                                                                                                                       [0m
[7m[38;2;0;0;0m [0m[38;2;0;0;0;48;2;0;0;0m                                                                                                                       [0m
[7m[38;2;0;0;0m [0m[38;2;0;0;0;48;2;0;0;0m                                                                                                                       [0m
[7m[38;2;0;0;0m [0m[38;2;0;0;0;48;2;0;0;0m                                                                                                                       [0m
[7m[38;2;0;0;0m [0m[38;2;0;0;0;48;2;0;0;0m                                                                                                                       [0m
[7m[38;2;0;0;0m [0m[38;2;0;0;0;48;2;0;0;0m                                                                                                                       [0m
[7m[38;2;0;0;0m [0m[38;2;0;0;0;48;2;0;0;0m                                                                                                                       [0m
[7m[38;2;0;0;0m [0m[38;2;0;0;0;48;2;0;0;0m                                                                                                                       [0m
[7m[38;2;0;0;0m [0m[38;2;0;0;0;48;2;0;0;0m                                                                                                                       [0m
[7m[38;2;0;0;0m [0m[38;2;0;0;0;48;2;0;0;0m                                                                                                                       [0m
[7m[38;2;0;0;0m [0m[38;2;0;0;0;48;2;0;0;0m                                                                                                                       [0m
[7m[38;2;0;0;0m [0m[38;2;0;0;0;48;2;0;0;0m                                                                                                                       [0m
[7m[38;2;0;0;0m [0m[38;2;0;0;0;48;2;0;0;0m                                                                                                                       [0m
[?25h