[?25l[0m[7m[38;2;0;0;0m [0m[38;2;0;0;0;48;2;0;0;0m                                                                                                                       [0m
[7m[38;2;0;0;0m [0m[38;2;0;0;0;48;2;0;0;0m                                                                                                                       [0m
[7m[38;2;0;0;0m [0m[38;2;0;0;0;48;2;0;0;0m                                                                                                                       [0m
[7m[38;2;0;0;0m [0m[38;2;0;0;0;48;2;0;0;0m                                                                                                                       [0m
[7m[38;2;0;0;0m [0m[38;2;0;0;0;48;2;0;0;0m                                                                                                                       [0m
[7m[38;2;0;0;0m [0m[38;2;0;0;0;48;2;0;0;0m                                                                                                                       [0m
[7m[38;2;0;0;0m [0m[38;2;0;0;0;48;2;0;0;0m                                                                                                                       [0m
[7m[38;2;0;0;0m [0m[38;2;0;0;0;48;2;0;0;0m                                                                                                                       [0m
[7m[38;2;0;0;0m [0m[38;2;0;0;0;48;2;0;0;0m                                                                                                                       [0m
[7m[38;2;0;0;0m [0m[38;2;0;0;0;48;2;0;0;0m                                                                                                                       [0m
[7m[38;2;0;0;0m [0m[38;2;0;0;0;48;2;0;0;0m                                                                                                                       [0m
[7m[38;2;0;0;0m [0m[38;2;0;0;0;48;2;0;0;0m                                                                                                                       [0m
[7m[38;2;0;0;0m [0m[38;2;0;0;0;48;2;0;0;0m                                                                                                                       [0m
[7m[38;2;0;0;0m [0m[38;2;0;0;0;48;2;0;0;0m                                                                                                                       [0m
[7m[38;2;0;0;0m [0m[38;2;0;0;0;48;2;0;0;0m                                                                                                                       [0m
[7m[38;2;0;0;0m [0m[38;2;0;0;0;48;2;0;0;0m                                                 [38;2;9;9;9m_[38;2;14;14;14m_[38;2;13;13;13m_[38;2;16;16;16m_[38;2;17;17;17;48;2;1;1;1m_[38;2;20;20;20m_[38;2;27;27;27m_[38;2;33;33;33;48;2;2;2;2m_[38;2;45;45;45;48;2;3;3;3m_[38;2;63;63;63;48;2;5;5;5m_[38;2;76;76;76;48;2;7;7;7m_[38;2;100;100;100;48;2;9;9;9m_[38;2;116;116;116;48;2;10;10;10m_[38;2;123;123;123;48;2;11;11;11m_[38;2;104;104;104;48;2;9;9;9m_[38;2;30;30;30;48;2;4;4;4m,[38;2;1;1;1;48;2;0;0;0m.                                                     [0m
[7m[38;2;0;0;0m [0m[38;2;0;0;0;48;2;0;0;0m                                              [48;2;2;2;2m:[38;2;65;65;65;48;2;15;15;15m_[38;2;152;152;152;48;2;51;51;51m_[38;2;207;207;207;48;2;96;96;96m_[38;2;31;31;31;48;2;142;142;142m~[48;2;153;153;153m~[38;2;36;36;36;48;2;163;163;163m~[48;2;173;173;173m~[38;2;41;41;41;48;2;181;181;181m~[38;2;47;47;47;48;2;189;189;189m~[38;2;54;54;54;48;2;195;195;195m~[38;2;68;68;68;48;2;201;201;201m~[38;2;93;93;93;48;2;207;207;207m~[38;2;112;112;112;48;2;212;212;212m~[38;2;143;143;143;48;2;221;221;221m~[38;2;167;167;167;48;2;227;227;227m~[38;2;178;178;178;48;2;229;229;229m~[38;2;153;153;153;48;2;219;219;219m~[38;2;56;56;56;48;2;175;175;175m~[38;2;189;189;189;48;2;69;69;69m_[38;2;76;76;76;48;2;15;15;15m,[48;2;0;0;0m                                                    [0m
[7m[38;2;0;0;0m [0m[38;2;0;0;0;48;2;0;0;0m                                              [38;2;2;2;2;48;2;11;11;11m'[38;2;100;100;100;48;2;61;61;61m4[38;2;66;66;66;48;2;181;181;181m_[38;2;180;180;180;48;2;230;230;230m_[38;2;217;217;217;48;2;244;244;244m_[38;2;235;235;235;48;2;248;248;248m_[38;2;250;250;250;48;2;251;251;251m,[38;2;249;249;249;48;2;250;250;250ms[38;2;253;253;253;48;2;252;252;252m"[38;2;250;250;250;48;2;251;251;251m~[38;2;247;247;247;48;2;250;250;250m~[48;2;251;251;251m~[38;2;246;246;246m~[38;2;247;247;247;48;2;250;250;250m~[38;2;246;246;246m~~[38;2;247;247;247m~~[38;2;252;252;252;48;2;249;249;249m`[38;2;212;212;212;48;2;240;240;240m`[38;2;128;128;128;48;2;196;196;196m~[38;2;188;188;188;48;2;82;82;82m_[38;2;76;76;76;48;2;16;16;16m_[38;2;9;9;9;48;2;1;1;1m,[48;2;0;0;0m                                                 [0m
[7m[38;2;0;0;0m [0m[38;2;0;0;0;48;2;0;0;0m                                               [38;2;4;4;4;48;2;1;1;1m`[38;2;40;40;40;48;2;8;8;8m`[38;2;139;139;139;48;2;28;28;28m`[38;2;143;143;143;48;2;54;54;54m~[38;2;31;31;31;48;2;120;120;120my[38;2;75;75;75;48;2;166;166;166my[38;2;78;78;78;48;2;199;199;199m_[38;2;115;115;115;48;2;228;228;228m_[38;2;158;158;158;48;2;238;238;238m_[38;2;216;216;216;48;2;247;247;247m_[38;2;253;253;253;48;2;251;251;251m`[48;2;252;252;252m_[38;2;250;250;250;48;2;251;251;251m_[38;2;252;252;252m:[48;2;252;252;252m    [48;2;251;251;251m [48;2;250;250;250m`[38;2;223;223;223;48;2;244;244;244m`[38;2;118;118;118;48;2;194;194;194m~[38;2;145;145;145;48;2;68;68;68m_[38;2;52;52;52;48;2;10;10;10m,[48;2;0;0;0m                                                [0m
[7m[38;2;0;0;0m [0m[38;2;0;0;0;48;2;0;0;0m                                                 [38;2;2;2;2m`[38;2;1;1;1m`  `[38;2;33;33;33;48;2;9;9;9m"[38;2;99;99;99;48;2;26;26;26m~[38;2;171;171;171;48;2;51;51;51m~[38;2;52;52;52;48;2;134;134;134mg[38;2;37;37;37;48;2;185;185;185m_[38;2;149;149;149;48;2;226;226;226m_[38;2;223;223;223;48;2;248;248;248m_[38;2;246;246;246;48;2;250;250;250m,[38;2;250;250;250;48;2;251;251;251m_[38;2;252;252;252m:[48;2;252;252;252m  [48;2;251;251;251m:[38;2;248;248;248m~[38;2;253;253;253;48;2;249;249;249m`[38;2;183;183;183;48;2;226;226;226m"[38;2;137;137;137;48;2;87;87;87mL[38;2;38;38;38;48;2;12;12;12m,[38;2;1;1;1;48;2;0;0;0m_                                              [0m
[7m[38;2;0;0;0m [0m[38;2;0;0;0;48;2;0;0;0m                                                          [38;2;15;15;15;48;2;4;4;4m`[38;2;81;81;81;48;2;24;24;24m~[38;2;170;170;170;48;2;84;84;84m~[38;2;89;89;89;48;2;190;190;190m_[38;2;200;200;200;48;2;239;239;239m_[38;2;251;251;251;48;2;249;249;249m`[38;2;248;248;248;48;2;251;251;251m_[38;2;250;250;250m_[38;2;252;252;252m.[38;2;249;249;249m_[38;2;253;253;253;48;2;250;250;250m.[38;2;180;180;180;48;2;234;234;234m_[38;2;135;135;135;48;2;90;90;90mF[38;2;28;28;28;48;2;12;12;12m~[38;2;1;1;1;48;2;0;0;0m"                                              [0m
[7m[38;2;0;0;0m [0m[38;2;0;0;0;48;2;0;0;0m                                                             [38;2;42;42;42;48;2;16;16;16m"[38;2;158;158;158;48;2;80;80;80m~[38;2;110;110;110;48;2;189;189;189m_[38;2;214;214;214;48;2;238;238;238m_[38;2;246;246;246;48;2;248;248;248m,[38;2;251;251;251;48;2;246;246;246m`[38;2;183;183;183;48;2;235;235;235m_[38;2;56;56;56;48;2;180;180;180m_[38;2;145;145;145;48;2;59;59;59m~[38;2;46;46;46;48;2;10;10;10m'[48;2;0;0;0m                                                [0m
[7m[38;2;0;0;0m [0m[38;2;0;0;0;48;2;0;0;0m                                                             [38;2;1;1;1m~[38;2;0;0;0;48;2;5;5;5m:[38;2;85;85;85;48;2;44;44;44m"[38;2;183;183;183;48;2;114;114;114m~[38;2;79;79;79;48;2;166;166;166my[38;2;36;36;36;48;2;127;127;127my[38;2;125;125;125;48;2;37;37;37m~[38;2;37;37;37;48;2;5;5;5m~[38;2;1;1;1;48;2;0;0;0m'                                                 [0m
[7m[38;2;0;0;0m [0m[38;2;0;0;0;48;2;0;0;0m                                                               [38;2;1;1;1m~[38;2;2;2;2;48;2;1;1;1m~[38;2;3;3;3m=[38;2;2;2;2m@[38;2;1;1;1;48;2;0;0;0m~                                                   [0m
[7m[38;2;0;0;0m [0m[38;2;0;0;0;48;2;0;0;0m                                                                                                                       [0m
[7m[38;2;0;0;0m [0m[38;2;0;0;0;48;2;0;0;0m                                                                                                                       [0m
[7m[38;2;0;0;0m [0m[38;2;0;0;0;48;2;0;0;0m                                                                                                                       [0m
[7m[38;2;0;0;0m [0m[38;2;0;0;0;48;2;0;0;0m                                                                                                                       [0m
[7m[38;2;0;0;0m [0m[38;2;0;0;0;48;2;0;0;0m                                                                                                                       [0m
[7m[38;2;0;0;0m [0m[38;2;0;0;0;48;2;0;0;0m                                                                                                                       [0m
[7m[38;2;0;0;0m [0m[38;2;0;0;0;48;2;0;0;0m                                                                                                                       [0m
[7m[38;2;0;0;0m [0m[38;2;0;0;0;48;2;0;0;0m                                                                                                                       [0m
[7m[38;2;0;0;0m [0m[38;2;0;0;0;48;2;0;0;0m                                                                                                                       [0m
[7m[38;2;0;0;0m [0m[38;2;0;0;0;48;2;0;0;0m                                                                                                                       [0m
[7m[38;2;0;0;0m [0m[38;2;0;0;0;48;2;0;0;0m                                                                                                                       [0m
[7m[38;2;0;0;0m [0m[38;2;0;0;0;48;2;0;0;0m                                                                                                                       [0m
[?25h