[?25l[0m[7m[38;2;252;252;252m [0m[38;2;0;0;0;48;2;252;252;252m                                                                                                                       [0m
[7m[38;2;252;252;252m [0m[38;2;0;0;0;48;2;252;252;252m                                                                                                                       [0m
[7m[38;2;252;252;252m [0m[38;2;0;0;0;48;2;252;252;252m                                                                                                                       [0m
[7m[38;2;252;252;252m [0m[38;2;0;0;0;48;2;252;252;252m                                                                                                                       [0m
[7m[38;2;252;252;252m [0m[38;2;0;0;0;48;2;252;252;252m                                                                                                                       [0m
[7m[38;2;252;252;252m [0m[38;2;0;0;0;48;2;252;252;252m                                                                                                                       [0m
[7m[38;2;252;252;252m [0m[38;2;0;0;0;48;2;252;252;252m                                  [38;2;253;253;253m,[38;2;249;249;249;48;2;251;251;251m_[38;2;252;252;252mZ[38;2;250;250;250m==[38;2;246;246;246m_[38;2;238;238;238;48;2;250;250;250m__[38;2;248;248;248;48;2;251;251;251m_[38;2;250;250;250m=[38;2;253;253;253;48;2;252;252;252m,[38;2;252;252;252;48;2;251;251;251m:[48;2;252;252;252m                                                                         [0m
[7m[38;2;252;252;252m [0m[38;2;0;0;0;48;2;252;252;252m                               [38;2;252;252;252;48;2;251;251;251m:[38;2;250;250;250m+[38;2;252;252;252;48;2;248;248;248m`[38;2;200;200;200;48;2;220;220;220my[38;2;60;60;60;48;2;131;131;131mg[38;2;33;33;33;48;2;121;121;121my[38;2;46;46;46;48;2;148;148;148my[38;2;197;197;197;48;2;79;79;79m~[38;2;181;181;181;48;2;54;54;54m~[38;2;171;171;171;48;2;40;40;40m~[48;2;42;42;42m~[38;2;185;185;185;48;2;64;64;64m~[38;2;59;59;59;48;2;142;142;142my[38;2;99;99;99;48;2;202;202;202m_[38;2;209;209;209;48;2;246;246;246m_[38;2;252;252;252;48;2;250;250;250m`[38;2;251;251;251;48;2;252;252;252m_                                                                       [0m
[7m[38;2;252;252;252m [0m[38;2;0;0;0;48;2;252;252;252m                               [48;2;251;251;251m [48;2;250;250;250m [38;2;252;252;252;48;2;240;240;240m'[38;2;108;108;108;48;2;175;175;175m_[38;2;4;4;4;48;2;32;32;32m:[38;2;0;0;0;48;2;1;1;1m`[48;2;0;0;0m [38;2;1;1;1m~   "[38;2;7;7;7;48;2;1;1;1m`[38;2;67;67;67;48;2;19;19;19m`[38;2;159;159;159;48;2;73;73;73m~[38;2;77;77;77;48;2;183;183;183m_[38;2;251;251;251;48;2;243;243;243m`[38;2;253;253;253;48;2;251;251;251m.[38;2;251;251;251;48;2;252;252;252m_                                                                     [0m
[7m[38;2;252;252;252m [0m[38;2;0;0;0;48;2;252;252;252m                               [38;2;252;252;252;48;2;251;251;251ml[38;2;249;249;249;48;2;250;250;250m[[38;2;244;244;244;48;2;232;232;232m:[38;2;191;191;191;48;2;121;121;121m_[38;2;0;0;0;48;2;23;23;23m`[38;2;17;17;17;48;2;2;2;2m_[48;2;0;0;0m        [38;2;1;1;1m.[38;2;71;71;71;48;2;48;48;48mJ[38;2;109;109;109;48;2;182;182;182m_[38;2;254;254;254;48;2;245;245;245m`[38;2;249;249;249;48;2;250;250;250m*[38;2;252;252;252;48;2;251;251;251m:[48;2;252;252;252m                                                                    [0m
[7m[38;2;252;252;252m [0m[38;2;0;0;0;48;2;252;252;252m                                 [38;2;249;249;249;48;2;251;251;251m`[38;2;216;216;216;48;2;240;240;240m`[38;2;98;98;98;48;2;189;189;189m~[38;2;114;114;114;48;2;73;73;73mr[38;2;0;0;0;48;2;9;9;9m:[38;2;1;1;1;48;2;0;0;0m_       [38;2;5;5;5;48;2;2;2;2m`[38;2;80;80;80;48;2;54;54;54m"[38;2;149;149;149;48;2;186;186;186mw[38;2;254;254;254;48;2;247;247;247m:[38;2;250;250;250;48;2;251;251;251m*[38;2;252;252;252m:[48;2;252;252;252m                                                                   [0m
[7m[38;2;252;252;252m [0m[38;2;0;0;0;48;2;252;252;252m                                 [38;2;252;252;252;48;2;251;251;251m:`[38;2;236;236;236;48;2;243;243;243m`[38;2;139;139;139;48;2;200;200;200m~[38;2;189;189;189;48;2;80;80;80m_[38;2;43;43;43;48;2;16;16;16m,[38;2;3;3;3;48;2;1;1;1m.[48;2;0;0;0m    [38;2;0;0;0;48;2;4;4;4m`[38;2;98;98;98;48;2;15;15;15m_[38;2;182;182;182;48;2;48;48;48m_[38;2;51;51;51;48;2;148;148;148m~[38;2;188;188;188;48;2;229;229;229m"[38;2;254;254;254;48;2;250;250;250m`[48;2;251;251;251m [48;2;252;252;252m                                                                    [0m
[7m[38;2;252;252;252m [0m[38;2;0;0;0;48;2;252;252;252m                                 [38;2;252;252;252;48;2;251;251;251m:[38;2;250;250;250m,[48;2;249;249;249m.[38;2;179;179;179;48;2;224;224;224m_[38;2;70;70;70;48;2;153;153;153my[38;2;84;84;84;48;2;31;31;31m~[38;2;0;0;0;48;2;3;3;3m:[38;2;1;1;1;48;2;0;0;0m"  [38;2;50;50;50;48;2;26;26;26my[38;2;35;35;35;48;2;120;120;120m~[38;2;130;130;130;48;2;199;199;199m~[38;2;231;231;231;48;2;245;245;245m~[38;2;242;242;242;48;2;249;249;249m`[38;2;253;253;253;48;2;251;251;251m`[48;2;252;252;252m                                                                      [0m
[7m[38;2;252;252;252m [0m[38;2;0;0;0;48;2;252;252;252m                                [38;2;252;252;252;48;2;251;251;251m:[38;2;250;250;250m,[38;2;252;252;252;48;2;250;250;250m.[38;2;193;193;193;48;2;239;239;239m_[38;2;66;66;66;48;2;170;170;170m_[38;2;10;10;10;48;2;35;35;35m`[38;2;0;0;0;48;2;1;1;1m:[48;2;0;0;0m    [38;2;51;51;51;48;2;18;18;18m`[38;2;70;70;70;48;2;122;122;122mL[38;2;209;209;209;48;2;236;236;236m_[38;2;254;254;254;48;2;250;250;250m.[48;2;251;251;251m [48;2;252;252;252m                                                                       [0m
[7m[38;2;252;252;252m [0m[38;2;0;0;0;48;2;252;252;252m                               [38;2;252;252;252;48;2;251;251;251m.[38;2;253;253;253m,[38;2;250;250;250;48;2;238;238;238m`[38;2;82;82;82;48;2;181;181;181m_[38;2;135;135;135;48;2;53;53;53m~[38;2;31;31;31;48;2;7;7;7m~[48;2;0;0;0m      [38;2;1;1;1m:[38;2;14;14;14;48;2;41;41;41m:[38;2;122;122;122;48;2;158;158;158mL[38;2;254;254;254;48;2;245;245;245m:[48;2;250;250;250m [38;2;252;252;252;48;2;251;251;251m:[48;2;252;252;252m                                                                      [0m
[7m[38;2;252;252;252m [0m[38;2;0;0;0;48;2;252;252;252m                              [48;2;251;251;251m [38;2;250;250;250m.[38;2;251;251;251;48;2;236;236;236m`[38;2;106;106;106;48;2;163;163;163my[38;2;0;0;0;48;2;29;29;29m:[48;2;1;1;1m`[48;2;0;0;0m       [38;2;1;1;1m"[38;2;70;70;70;48;2;47;47;47m4[38;2;144;144;144;48;2;179;179;179m~[38;2;254;254;254;48;2;247;247;247m:[38;2;249;249;249;48;2;250;250;250m|[38;2;252;252;252;48;2;251;251;251m:[48;2;252;252;252m                                                                      [0m
[7m[38;2;252;252;252m [0m[38;2;0;0;0;48;2;252;252;252m                              [38;2;252;252;252;48;2;251;251;251m.[38;2;250;250;250mF[38;2;246;246;246;48;2;235;235;235m:[38;2;85;85;85;48;2;158;158;158m~[38;2;183;183;183;48;2;50;50;50m_[38;2;2;2;2;48;2;15;15;15m`[48;2;0;0;0m        [38;2;68;68;68;48;2;51;51;51mu[38;2;135;135;135;48;2;183;183;183m~[38;2;254;254;254;48;2;247;247;247m:[48;2;251;251;251m [48;2;252;252;252m                                                                       [0m
[7m[38;2;252;252;252m [0m[38;2;0;0;0;48;2;252;252;252m                                [38;2;252;252;252;48;2;251;251;251m:[38;2;250;250;250;48;2;248;248;248m.[38;2;210;210;210;48;2;222;222;222m"[38;2;109;109;109;48;2;86;86;86mL[38;2;18;18;18;48;2;8;8;8mL[48;2;0;0;0m      [38;2;1;1;1mg[38;2;11;11;11;48;2;41;41;41m.[38;2;126;126;126;48;2;160;160;160mL[38;2;254;254;254;48;2;245;245;245m:[38;2;250;250;250;48;2;251;251;251m:[48;2;252;252;252m                                                                       [0m
[7m[38;2;252;252;252m [0m[38;2;0;0;0;48;2;252;252;252m                               [38;2;252;252;252;48;2;251;251;251m:[38;2;250;250;250m_[48;2;246;246;246m`[38;2;143;143;143;48;2;207;207;207m_[38;2;86;86;86;48;2;50;50;50m~[38;2;0;0;0;48;2;3;3;3m:[38;2;1;1;1;48;2;0;0;0m~     `[38;2;3;3;3;48;2;16;16;16m:[38;2;78;78;78;48;2;115;115;115ml[38;2;236;236;236;48;2;243;243;243mL[48;2;252;252;252m [38;2;251;251;251m+                                                                      [0m
[7m[38;2;252;252;252m [0m[38;2;0;0;0;48;2;252;252;252m                              [48;2;251;251;251m [38;2;250;250;250m.[48;2;242;242;242m`[38;2;157;157;157;48;2;193;193;193my[38;2;110;110;110;48;2;44;44;44m~[38;2;0;0;0;48;2;4;4;4m`[48;2;0;0;0m       [38;2;25;25;25;48;2;4;4;4m_[38;2;123;123;123;48;2;64;64;64m_[38;2;130;130;130;48;2;198;198;198m~[38;2;254;254;254;48;2;248;248;248m:[38;2;252;252;252;48;2;251;251;251m_:[48;2;252;252;252m                                                                      [0m
[7m[38;2;252;252;252m [0m[38;2;0;0;0;48;2;252;252;252m                             [38;2;252;252;252;48;2;251;251;251m: [38;2;250;250;250;48;2;249;249;249m`[38;2;201;201;201;48;2;226;226;226m_[38;2;64;64;64;48;2;116;116;116my[38;2;0;0;0;48;2;11;11;11m:[38;2;1;1;1;48;2;0;0;0m`       [38;2;62;62;62;48;2;36;36;36m4[38;2;102;102;102;48;2;156;156;156m_[38;2;201;201;201;48;2;239;239;239m_[38;2;252;252;252;48;2;250;250;250m.[48;2;251;251;251m:[48;2;252;252;252m                                                                       [0m
[7m[38;2;252;252;252m [0m[38;2;0;0;0;48;2;252;252;252m                             [38;2;252;252;252;48;2;251;251;251m: [38;2;240;240;240;48;2;244;244;244m4[38;2;192;192;192;48;2;180;180;180m$[38;2;47;47;47;48;2;23;23;23mL[48;2;0;0;0m         [38;2;1;1;1m`[38;2;9;9;9;48;2;35;35;35m:[38;2;118;118;118;48;2;144;144;144mF[38;2;253;253;253;48;2;240;240;240m`[38;2;252;252;252;48;2;251;251;251m=`[48;2;252;252;252m                                                                      [0m
[7m[38;2;252;252;252m [0m[38;2;0;0;0;48;2;252;252;252m                             [38;2;252;252;252;48;2;251;251;251m.[38;2;250;250;250mF[38;2;242;242;242;48;2;226;226;226m`[38;2;155;155;155;48;2;98;98;98m~[38;2;0;0;0;48;2;11;11;11m:[48;2;0;0;0m          [38;2;15;15;15;48;2;4;4;4m`[38;2;88;88;88;48;2;66;66;66m4[38;2;145;145;145;48;2;202;202;202m_[38;2;254;254;254;48;2;248;248;248m:[38;2;252;252;252;48;2;251;251;251m"[48;2;252;252;252m                                                                      [0m
[7m[38;2;252;252;252m [0m[38;2;0;0;0;48;2;252;252;252m                            [48;2;251;251;251m [38;2;252;252;252m`[38;2;251;251;251;48;2;242;242;242m'[38;2;158;158;158;48;2;186;186;186my[38;2;41;41;41;48;2;24;24;24mL[38;2;1;1;1;48;2;0;0;0m.          ~[38;2;23;23;23;48;2;9;9;9m"[38;2;56;56;56;48;2;99;99;99m[[38;2;191;191;191;48;2;227;227;227m_[38;2;254;254;254;48;2;250;250;250m:[48;2;251;251;251m [38;2;252;252;252m:[48;2;252;252;252m                                                                    [0m
[7m[38;2;252;252;252m [0m[38;2;0;0;0;48;2;252;252;252m                            [38;2;252;252;252;48;2;251;251;251ml[38;2;251;251;251;48;2;250;250;250my[38;2;239;239;239;48;2;226;226;226m:[38;2;133;133;133;48;2;98;98;98m~[38;2;0;0;0;48;2;11;11;11m:[38;2;2;2;2;48;2;1;1;1m'[48;2;0;0;0m           [38;2;1;1;1m.[38;2;6;6;6;48;2;31;31;31m:[38;2;102;102;102;48;2;141;141;141mL[38;2;254;254;254;48;2;242;242;242m`[38;2;251;251;251;48;2;250;250;250my[38;2;252;252;252;48;2;251;251;251m:[48;2;252;252;252m                                                                    [0m
[7m[38;2;252;252;252m [0m[38;2;0;0;0;48;2;252;252;252m                           [38;2;252;252;252;48;2;251;251;251m::[48;2;250;250;250m`[38;2;201;201;201;48;2;212;212;212my[38;2;55;55;55;48;2;42;42;42mL[38;2;0;0;0;48;2;1;1;1m:[48;2;0;0;0m             [48;2;1;1;1m'[38;2;78;78;78;48;2;54;54;54m4[38;2;151;151;151;48;2;196;196;196m_[38;2;254;254;254;48;2;248;248;248m:[38;2;250;250;250;48;2;251;251;251my[38;2;252;252;252m:[48;2;252;252;252m                                                                   [0m
[7m[38;2;252;252;252m [0m[38;2;0;0;0;48;2;252;252;252m                           [48;2;251;251;251m [38;2;251;251;251;48;2;250;250;250m4[38;2;234;234;234;48;2;238;238;238mu[38;2;181;181;181;48;2;155;155;155mF[38;2;35;35;35;48;2;16;16;16mL[38;2;1;1;1;48;2;0;0;0m,             ~[38;2;2;2;2;48;2;20;20;20m:[38;2;76;76;76;48;2;119;119;119mi[38;2;254;254;254;48;2;240;240;240m`[38;2;250;250;250;48;2;251;251;251m`[38;2;252;252;252m:[48;2;252;252;252m                                                                   [0m
[7m[38;2;252;252;252m [0m[38;2;0;0;0;48;2;252;252;252m                           [38;2;252;252;252;48;2;251;251;251ml[38;2;251;251;251;48;2;250;250;250my[38;2;219;219;219;48;2;228;228;228m4[38;2;129;129;129;48;2;95;95;95m~[38;2;0;0;0;48;2;10;10;10m:[38;2;1;1;1;48;2;0;0;0m:              [38;2;0;0;0;48;2;1;1;1m:[38;2;28;28;28;48;2;76;76;76ml[38;2;199;199;199;48;2;214;214;214mL[38;2;254;254;254;48;2;250;250;250m:[38;2;250;250;250;48;2;251;251;251m:[38;2;252;252;252m:[48;2;252;252;252m                                                                  [0m
[7m[38;2;252;252;252m [0m[38;2;0;0;0;48;2;252;252;252m                           [38;2;252;252;252;48;2;251;251;251m:[48;2;250;250;250m`[38;2;204;204;204;48;2;214;214;214m4[38;2;57;57;57;48;2;44;44;44mL[38;2;0;0;0;48;2;1;1;1m:[38;2;1;1;1;48;2;0;0;0m`              ,[38;2;33;33;33;48;2;61;61;61m$[38;2;163;163;163;48;2;185;185;185mL[38;2;254;254;254;48;2;247;247;247m:[48;2;250;250;250m [38;2;252;252;252;48;2;251;251;251m:[48;2;252;252;252m                                                                  [0m
[7m[38;2;252;252;252m [0m[38;2;0;0;0;48;2;252;252;252m                          [48;2;251;251;251m [38;2;252;252;252m`[38;2;238;238;238;48;2;242;242;242mu[38;2;195;195;195;48;2;170;170;170mF[38;2;37;37;37;48;2;20;20;20mL[48;2;0;0;0m                [38;2;1;1;1m:[38;2;45;45;45;48;2;30;30;30m4[38;2;119;119;119;48;2;146;146;146mi[38;2;239;239;239;48;2;245;245;245mL[38;2;249;249;249;48;2;250;250;250m.[38;2;252;252;252;48;2;251;251;251m:[48;2;252;252;252m                                                                  [0m
[7m[38;2;252;252;252m [0m[38;2;0;0;0;48;2;252;252;252m                          [38;2;252;252;252;48;2;251;251;251m|[48;2;250;250;250m [38;2;228;228;228;48;2;234;234;234m4[38;2;158;158;158;48;2;138;138;138mF[38;2;29;29;29;48;2;14;14;14mL[38;2;1;1;1;48;2;0;0;0m+                [38;2;0;0;0;48;2;17;17;17m:[38;2;70;70;70;48;2;115;115;115mi[38;2;254;254;254;48;2;240;240;240m`[38;2;252;252;252;48;2;251;251;251my:[48;2;252;252;252m                                                                  [0m
[7m[38;2;252;252;252m [0m[38;2;0;0;0;48;2;252;252;252m                          [38;2;252;252;252;48;2;251;251;251m|[48;2;250;250;250m [38;2;220;220;220;48;2;229;229;229m4[38;2;123;123;123;48;2;106;106;106mF[38;2;20;20;20;48;2;10;10;10mL[38;2;1;1;1;48;2;0;0;0m:                [38;2;0;0;0;48;2;2;2;2m:[38;2;47;47;47;48;2;82;82;82m$[38;2;200;200;200;48;2;216;216;216mL[38;2;254;254;254;48;2;250;250;250m:[48;2;251;251;251m [38;2;252;252;252m:[48;2;252;252;252m                                                                 [0m
[7m[38;2;252;252;252m [0m[38;2;0;0;0;48;2;252;252;252m                          [48;2;251;251;251m  [38;2;215;215;215;48;2;225;225;225m4[38;2;98;98;98;48;2;80;80;80mF[38;2;0;0;0;48;2;7;7;7m:[48;2;0;0;0m                  [38;2;58;58;58;48;2;39;39;39m4[38;2;144;144;144;48;2;170;170;170mL[38;2;254;254;254;48;2;245;245;245m`[48;2;250;250;250m [38;2;252;252;252;48;2;251;251;251m:[48;2;252;252;252m                                                                 [0m
[7m[38;2;252;252;252m [0m[38;2;0;0;0;48;2;252;252;252m                          [38;2;252;252;252;48;2;251;251;251m::[38;2;207;207;207;48;2;218;218;218m4[38;2;63;63;63;48;2;51;51;51mL[38;2;0;0;0;48;2;2;2;2m:[48;2;0;0;0m                 [38;2;1;1;1m.[38;2;0;0;0;48;2;21;21;21m:[38;2;80;80;80;48;2;122;122;122mi[38;2;235;235;235;48;2;243;243;243mL[38;2;252;252;252;48;2;251;251;251m_:[48;2;252;252;252m                                                                 [0m
[7m[38;2;252;252;252m [0m[38;2;0;0;0;48;2;252;252;252m                         [38;2;252;252;252;48;2;251;251;251m:4[48;2;246;246;246m'[38;2;183;183;183;48;2;197;197;197my[38;2;43;43;43;48;2;26;26;26mL[48;2;0;0;0m                   [38;2;0;0;0;48;2;2;2;2m:[38;2;47;47;47;48;2;84;84;84m$[38;2;201;201;201;48;2;220;220;220mL[38;2;253;253;253;48;2;250;250;250m:[38;2;252;252;252;48;2;251;251;251m~:[48;2;252;252;252m                                                                [0m
[7m[38;2;252;252;252m [0m[38;2;0;0;0;48;2;252;252;252m                         [48;2;251;251;251m  [38;2;238;238;238;48;2;244;244;244m4[38;2;168;168;168;48;2;186;186;186m4[38;2;41;41;41;48;2;20;20;20mL[48;2;0;0;0m                    [38;2;64;64;64;48;2;44;44;44m4[38;2;164;164;164;48;2;183;183;183mL[38;2;243;243;243;48;2;247;247;247mL[48;2;250;250;250m [38;2;252;252;252;48;2;251;251;251m:[48;2;252;252;252m                                                                [0m
[?25h