[?25l[0m[7m[38;2;0;0;0m [0m[38;2;0;0;0;48;2;0;0;0m                                                                                                                       [0m
[7m[38;2;0;0;0m [0m[38;2;0;0;0;48;2;0;0;0m                                                                                                                       [0m
[7m[38;2;0;0;0m [0m[38;2;0;0;0;48;2;0;0;0m                                                                                                                       [0m
[7m[38;2;0;0;0m [0m[38;2;0;0;0;48;2;0;0;0m                                                                                                                       [0m
[7m[38;2;0;0;0m [0m[38;2;0;0;0;48;2;0;0;0m                                                                                                                       [0m
[7m[38;2;0;0;0m [0m[38;2;0;0;0;48;2;0;0;0m                                                                                                                       [0m
[7m[38;2;0;0;0m [0m[38;2;0;0;0;48;2;0;0;0m                                                                                                                       [0m
[7m[38;2;0;0;0m [0m[38;2;0;0;0;48;2;0;0;0m                                                                                                                       [0m
[7m[38;2;0;0;0m [0m[38;2;0;0;0;48;2;0;0;0m                                                                                                                       [0m
[7m[38;2;0;0;0m [0m[38;2;0;0;0;48;2;0;0;0m                                         [38;2;1;1;1m_.[38;2;37;37;37;48;2;4;4;4m_[38;2;113;113;113;48;2;14;14;14m_[38;2;164;164;164;48;2;23;23;23m_[38;2;184;184;184;48;2;33;33;33m_[38;2;180;180;180;48;2;31;31;31m_[38;2;156;156;156;48;2;20;20;20m_[38;2;151;151;151;48;2;18;18;18m_[38;2;85;85;85;48;2;10;10;10m_[38;2;0;0;0;48;2;2;2;2m:[48;2;0;0;0m                                                                   [0m
[7m[38;2;0;0;0m [0m[38;2;0;0;0;48;2;0;0;0m                                       [48;2;1;1;1m`[38;2;59;59;59;48;2;14;14;14m_[38;2;159;159;159;48;2;51;51;51m_[38;2;198;198;198;48;2;105;105;105my[38;2;76;76;76;48;2;204;204;204m~[38;2;155;155;155;48;2;227;227;227m~[38;2;214;214;214;48;2;243;243;243m~[38;2;228;228;228;48;2;248;248;248m`[38;2;223;223;223;48;2;246;246;246m`[38;2;209;209;209;48;2;241;241;241m~[38;2;203;203;203;48;2;234;234;234m~[38;2;129;129;129;48;2;176;176;176m~[38;2;66;66;66;48;2;34;34;34mL[48;2;0;0;0m                                                                   [0m
[7m[38;2;0;0;0m [0m[38;2;0;0;0;48;2;0;0;0m                                     [38;2;57;57;57;48;2;23;23;23my[38;2;35;35;35;48;2;127;127;127m~[38;2;125;125;125;48;2;208;208;208m~[38;2;178;178;178;48;2;236;236;236m~[38;2;193;193;193;48;2;241;241;241m`[38;2;254;254;254;48;2;252;252;252m`[38;2;253;253;253m`[38;2;249;249;249;48;2;251;251;251m`[38;2;252;252;252m:[48;2;252;252;252m [48;2;251;251;251m [48;2;250;250;250m [38;2;254;254;254;48;2;239;239;239m:[38;2;165;165;165;48;2;143;143;143mF[38;2;46;46;46;48;2;25;25;25mL[48;2;0;0;0m                                                                   [0m
[7m[38;2;0;0;0m [0m[38;2;0;0;0;48;2;0;0;0m                                     [38;2;76;76;76;48;2;27;27;27m`[38;2;24;24;24;48;2;109;109;109my[38;2;19;19;19;48;2;157;157;157m_[38;2;77;77;77;48;2;210;210;210m_[38;2;168;168;168;48;2;237;237;237m_[38;2;252;252;252;48;2;250;250;250m:[48;2;251;251;251m:[48;2;252;252;252m   [48;2;251;251;251m.[38;2;249;249;249;48;2;250;250;250mI[38;2;254;254;254;48;2;237;237;237m:[38;2;148;148;148;48;2;126;126;126mF[38;2;39;39;39;48;2;20;20;20mL[38;2;1;1;1;48;2;0;0;0m:                                                                  [0m
[7m[38;2;0;0;0m [0m[38;2;0;0;0;48;2;0;0;0m                                       [38;2;1;1;1m![38;2;40;40;40;48;2;9;9;9m`[38;2;122;122;122;48;2;47;47;47m~[38;2;52;52;52;48;2;150;150;150m_[38;2;173;173;173;48;2;230;230;230m_[38;2;254;254;254;48;2;249;249;249m.[38;2;250;250;250;48;2;251;251;251mw[38;2;252;252;252m::_[38;2;254;254;254;48;2;243;243;243m:[38;2;137;137;137;48;2;180;180;180m~[38;2;93;93;93;48;2;42;42;42m_[38;2;0;0;0;48;2;3;3;3m.[48;2;0;0;0m                                                                  [0m
[7m[38;2;0;0;0m [0m[38;2;0;0;0;48;2;0;0;0m                                         [38;2;1;1;1m~[38;2;36;36;36;48;2;7;7;7m`[38;2;113;113;113;48;2;71;71;71m~[38;2;134;134;134;48;2;202;202;202m_[38;2;253;253;253;48;2;249;249;249m'[38;2;250;250;250;48;2;251;251;251ma[38;2;252;252;252m::[38;2;250;250;250mT[38;2;253;253;253;48;2;244;244;244m:[38;2;130;130;130;48;2;189;189;189m~[38;2;91;91;91;48;2;46;46;46mL[38;2;1;1;1;48;2;4;4;4m`[48;2;0;0;0m_                                                                [0m
[7m[38;2;0;0;0m [0m[38;2;0;0;0;48;2;0;0;0m                                          [38;2;1;1;1m`[38;2;20;20;20;48;2;7;7;7m"[38;2;52;52;52;48;2;96;96;96m[[38;2;199;199;199;48;2;224;224;224m_[38;2;254;254;254;48;2;250;250;250m:[48;2;251;251;251m [38;2;252;252;252m::_[38;2;254;254;254;48;2;247;247;247m'[38;2;160;160;160;48;2;211;211;211m~[38;2;192;192;192;48;2;88;88;88m_[38;2;67;67;67;48;2;21;21;21m,[38;2;0;0;0;48;2;2;2;2m`[38;2;1;1;1;48;2;0;0;0m_                                                              [0m
[7m[38;2;0;0;0m [0m[38;2;0;0;0;48;2;0;0;0m                                            [38;2;37;37;37;48;2;56;56;56m$[38;2;161;161;161;48;2;174;174;174m$[38;2;243;243;243;48;2;247;247;247mL[48;2;250;250;250m [38;2;252;252;252;48;2;251;251;251m:[48;2;252;252;252m  [48;2;251;251;251m.[38;2;250;250;250m`[38;2;224;224;224;48;2;244;244;244m`[38;2;111;111;111;48;2;203;203;203m~[38;2;221;221;221;48;2;90;90;90m_[38;2;96;96;96;48;2;28;28;28m_[38;2;20;20;20;48;2;5;5;5m,[38;2;4;4;4;48;2;1;1;1m_[48;2;0;0;0m                                                            [0m
[7m[38;2;0;0;0m [0m[38;2;0;0;0;48;2;0;0;0m                                            [38;2;78;78;78;48;2;53;53;53m4[38;2;173;173;173;48;2;185;185;185mL[38;2;254;254;254;48;2;247;247;247m:[48;2;250;250;250m [38;2;252;252;252;48;2;251;251;251m.:[48;2;252;252;252m [38;2;251;251;251m.[38;2;254;254;254m.[38;2;230;230;230;48;2;250;250;250m_[38;2;206;206;206;48;2;246;246;246m_[38;2;128;128;128;48;2;210;210;210m_[38;2;24;24;24;48;2;113;113;113m_[38;2;30;30;30;48;2;20;20;20m^[38;2;0;0;0;48;2;3;3;3m_[48;2;0;0;0m                                                            [0m
[7m[38;2;0;0;0m [0m[38;2;0;0;0;48;2;0;0;0m                                            [38;2;38;38;38;48;2;19;19;19m"[38;2;66;66;66;48;2;114;114;114mL[38;2;175;175;175;48;2;217;217;217m_[38;2;225;225;225;48;2;245;245;245m_[38;2;190;190;190;48;2;243;243;243m_[38;2;150;150;150;48;2;238;238;238m_[38;2;144;144;144;48;2;237;237;237m_[38;2;159;159;159m_[38;2;197;197;197;48;2;216;216;216mu[38;2;71;71;71;48;2;131;131;131my[38;2;124;124;124;48;2;41;41;41m~[38;2;94;94;94;48;2;16;16;16m`[38;2;0;0;0;48;2;3;3;3m:[48;2;0;0;0m                                                              [0m
[7m[38;2;0;0;0m [0m[38;2;0;0;0;48;2;0;0;0m                                             [38;2;39;39;39;48;2;14;14;14m"[38;2;137;137;137;48;2;44;44;44m~[38;2;183;183;183;48;2;49;49;49m~[38;2;148;148;148;48;2;36;36;36m~[38;2;95;95;95;48;2;24;24;24m~[38;2;86;86;86;48;2;37;37;37m~[38;2;117;117;117;48;2;90;90;90m~[38;2;109;109;109;48;2;156;156;156m_[38;2;101;101;101;48;2;167;167;167m`[38;2;79;79;79;48;2;40;40;40mL[38;2;0;0;0;48;2;1;1;1m:[48;2;0;0;0m                                                               [0m
[7m[38;2;0;0;0m [0m[38;2;0;0;0;48;2;0;0;0m                                                 [38;2;1;1;1m`[38;2;0;0;0;48;2;3;3;3m:[38;2;47;47;47;48;2;18;18;18m~[38;2;88;88;88;48;2;35;35;35m~[38;2;81;81;81;48;2;17;17;17m~[38;2;18;18;18;48;2;5;5;5m`[48;2;0;0;0m                                                                [0m
[7m[38;2;0;0;0m [0m[38;2;0;0;0;48;2;0;0;0m                                                                                                                       [0m
[7m[38;2;0;0;0m [0m[38;2;0;0;0;48;2;0;0;0m                                                                                                                       [0m
[7m[38;2;0;0;0m [0m[38;2;0;0;0;48;2;0;0;0m                                                                                                                       [0m
[7m[38;2;0;0;0m [0m[38;2;0;0;0;48;2;0;0;0m                                                                                                                       [0m
[7m[38;2;0;0;0m [0m[38;2;0;0;0;48;2;0;0;0m                                                                                                                       [0m
[7m[38;2;0;0;0m [0m[38;2;0;0;0;48;2;0;0;0m                                                                                                                       [0m
[7m[38;2;0;0;0m [0m[38;2;0;0;0;48;2;0;0;0m                                                                                                                       [0m
[7m[38;2;0;0;0m [0m[38;2;0;0;0;48;2;0;0;0m                                                                                                                       [0m
[7m[38;2;0;0;0m [0m[38;2;0;0;0;48;2;0;0;0m                                                                                                                       [0m
[7m[38;2;0;0;0m [0m[38;2;0;0;0;48;2;0;0;0m                                                                                                                       [0m
[7m[38;2;0;0;0m [0m[38;2;0;0;0;48;2;0;0;0m                                                                                                                       [0m
[7m[38;2;0;0;0m [0m[38;2;0;0;0;48;2;0;0;0m                                                                                                                       [0m
[7m[38;2;0;0;0m [0m[38;2;0;0;0;48;2;0;0;0m                                                                                                                       [0m
[7m[38;2;0;0;0m [0m[38;2;0;0;0;48;2;0;0;0m                                                                                                                       [0m
[7m[38;2;0;0;0m [0m[38;2;0;0;0;48;2;0;0;0m                                                                                                                       [0m
[?25h