[?25l[0m[7m[38;2;0;0;0m [0m[38;2;0;0;0;48;2;0;0;0m                                                  [38;2;7;7;7;48;2;55;55;55ml[38;2;173;173;173;48;2;180;180;180m$[38;2;243;243;243;48;2;247;247;247mL[38;2;249;249;249;48;2;250;250;250m.[38;2;252;252;252;48;2;251;251;251m:[48;2;252;252;252m                                                                [0m
[7m[38;2;0;0;0m [0m[38;2;0;0;0;48;2;0;0;0m                                                  [38;2;7;7;7;48;2;55;55;55ml[38;2;173;173;173;48;2;180;180;180m$[38;2;243;243;243;48;2;247;247;247mL[38;2;249;249;249;48;2;250;250;250m.[38;2;252;252;252;48;2;251;251;251m:[48;2;252;252;252m                                                                [0m
[7m[38;2;0;0;0m [0m[38;2;0;0;0;48;2;0;0;0m                                                  [38;2;7;7;7;48;2;55;55;55ml[38;2;173;173;173;48;2;180;180;180m$[38;2;243;243;243;48;2;247;247;247mL[38;2;249;249;249;48;2;250;250;250m.[38;2;252;252;252;48;2;251;251;251m:[48;2;252;252;252m                                                                [0m
[7m[38;2;0;0;0m [0m[38;2;0;0;0;48;2;0;0;0m                                                 [38;2;2;2;2;48;2;1;1;1m.[38;2;64;64;64;48;2;46;46;46m4[38;2;175;175;175;48;2;181;181;181m$[38;2;243;243;243;48;2;247;247;247mL[38;2;249;249;249;48;2;250;250;250m.[38;2;252;252;252;48;2;251;251;251m:[48;2;252;252;252m                                                                [0m
[7m[38;2;0;0;0m [0m[38;2;0;0;0;48;2;0;0;0m                                               [38;2;1;1;1m_[38;2;38;38;38;48;2;16;16;16m_[38;2;138;138;138;48;2;83;83;83my[38;2;96;96;96;48;2;197;197;197m~[38;2;113;113;113;48;2;181;181;181m_[38;2;207;207;207;48;2;238;238;238m_[38;2;253;253;253;48;2;250;250;250m.[38;2;252;252;252;48;2;251;251;251m:[48;2;252;252;252m                                                                [0m
[7m[38;2;0;0;0m [0m[38;2;0;0;0;48;2;0;0;0m                                              [38;2;1;1;1m,[38;2;25;25;25;48;2;6;6;6m_[38;2;108;108;108;48;2;76;76;76my[38;2;181;181;181;48;2;222;222;222m~[38;2;254;254;254;48;2;231;231;231m:[38;2;104;104;104;48;2;89;89;89mF[38;2;116;116;116;48;2;146;146;146m$[38;2;237;237;237;48;2;244;244;244mL[48;2;250;250;250m [38;2;252;252;252;48;2;251;251;251m:[48;2;252;252;252m                                                               [0m
[7m[38;2;0;0;0m [0m[38;2;0;0;0;48;2;0;0;0m                                              [38;2;1;1;1m~[38;2;61;61;61;48;2;41;41;41m4[38;2;139;139;139;48;2;171;171;171m~[38;2;254;254;254;48;2;246;246;246m:[38;2;253;253;253;48;2;233;233;233m:[38;2;105;105;105;48;2;82;82;82mL[38;2;137;137;137;48;2;120;120;120m4[38;2;236;236;236;48;2;243;243;243mL[38;2;249;249;249;48;2;250;250;250m1[38;2;252;252;252;48;2;251;251;251m:[48;2;252;252;252m                                                               [0m
[7m[38;2;0;0;0m [0m[38;2;0;0;0;48;2;0;0;0m                                               [38;2;18;18;18;48;2;57;57;57ml[38;2;176;176;176;48;2;183;183;183m$[38;2;244;244;244;48;2;248;248;248mL[38;2;253;253;253;48;2;233;233;233m:[38;2;109;109;109;48;2;89;89;89mL[38;2;123;123;123;48;2;147;147;147mF[38;2;238;238;238;48;2;244;244;244mL[38;2;249;249;249;48;2;250;250;250m.[38;2;252;252;252;48;2;251;251;251m:[48;2;252;252;252m                                                               [0m
[7m[38;2;0;0;0m [0m[38;2;0;0;0;48;2;0;0;0m                                              [38;2;1;1;1m_[38;2;18;18;18;48;2;57;57;57ml[38;2;173;173;173;48;2;181;181;181ml[38;2;244;244;244;48;2;248;248;248mL[38;2;253;253;253;48;2;233;233;233m:[38;2;68;68;68;48;2;108;108;108mf[38;2;144;144;144;48;2;165;165;165mF[38;2;240;240;240;48;2;245;245;245mL[38;2;249;249;249;48;2;250;250;250m.[38;2;252;252;252;48;2;251;251;251m:[48;2;252;252;252m                                                               [0m
[7m[38;2;0;0;0m [0m[38;2;0;0;0;48;2;0;0;0m                                              [38;2;1;1;1m:[38;2;28;28;28;48;2;50;50;50m$[38;2;143;143;143;48;2;162;162;162m[[38;2;241;241;241;48;2;246;246;246mL[38;2;253;253;253;48;2;231;231;231m'[38;2;47;47;47;48;2;115;115;115m|[38;2;168;168;168;48;2;180;180;180m[[38;2;243;243;243;48;2;247;247;247mL[48;2;250;250;250m [38;2;252;252;252;48;2;251;251;251m:[48;2;252;252;252m                                                               [0m
[7m[38;2;0;0;0m [0m[38;2;0;0;0;48;2;0;0;0m                                              [38;2;1;1;1m:[38;2;10;10;10;48;2;42;42;42ml[38;2;160;160;160;48;2;145;145;145m4[38;2;240;240;240;48;2;245;245;245mL[38;2;249;249;249;48;2;229;229;229m'[38;2;68;68;68;48;2;123;123;123mI[38;2;181;181;181;48;2;195;195;195mF[38;2;245;245;245;48;2;248;248;248mL[48;2;251;251;251m [38;2;252;252;252m:[48;2;252;252;252m                                                               [0m
[7m[38;2;0;0;0m [0m[38;2;0;0;0;48;2;0;0;0m                                              [38;2;1;1;1m:[38;2;11;11;11;48;2;42;42;42ml[38;2;162;162;162;48;2;147;147;147m4[38;2;254;254;254;48;2;243;243;243m:[38;2;242;242;242;48;2;225;225;225m:[38;2;70;70;70;48;2;127;127;127mI[38;2;194;194;194;48;2;207;207;207mF[38;2;247;247;247;48;2;249;249;249mL[48;2;251;251;251m [48;2;252;252;252m                                                                [0m
[7m[38;2;0;0;0m [0m[38;2;0;0;0;48;2;0;0;0m                                              [38;2;1;1;1m:[38;2;11;11;11;48;2;42;42;42ml[38;2;162;162;162;48;2;146;146;146m4[38;2;254;254;254;48;2;242;242;242m:[38;2;215;215;215;48;2;222;222;222m4[38;2;83;83;83;48;2;137;137;137mI[38;2;214;214;214;48;2;222;222;222mF[38;2;254;254;254;48;2;251;251;251m:[48;2;252;252;252m                                                                 [0m
[7m[38;2;0;0;0m [0m[38;2;0;0;0;48;2;0;0;0m                                              [38;2;2;2;2m,[38;2;11;11;11;48;2;42;42;42ml[38;2;162;162;162;48;2;146;146;146m4[38;2;254;254;254;48;2;242;242;242m:[38;2;217;217;217;48;2;225;225;225m4[38;2;90;90;90;48;2;137;137;137ml[38;2;159;159;159;48;2;214;214;214m_[38;2;238;238;238;48;2;248;248;248m,[38;2;252;252;252;48;2;251;251;251m`.[48;2;252;252;252m                                                               [0m
[7m[38;2;0;0;0m [0m[38;2;0;0;0;48;2;0;0;0m                                             [38;2;1;1;1m_[38;2;26;26;26;48;2;6;6;6m_[38;2;125;125;125;48;2;60;60;60m_[38;2;151;151;151;48;2;189;189;189mF[38;2;254;254;254;48;2;245;245;245m'[38;2;221;221;221;48;2;230;230;230m4[38;2;110;110;110;48;2;89;89;89mL[38;2;80;80;80;48;2;120;120;120mF[38;2;202;202;202;48;2;219;219;219mF[38;2;246;246;246;48;2;250;250;250mL[48;2;251;251;251m [38;2;252;252;252m:[48;2;252;252;252m                                                              [0m
[7m[38;2;0;0;0m [0m[38;2;0;0;0;48;2;0;0;0m                                            [38;2;1;1;1m,[38;2;41;41;41;48;2;14;14;14m_[38;2;58;58;58;48;2;111;111;111mF[38;2;168;168;168;48;2;223;223;223m~[38;2;254;254;254;48;2;249;249;249m`[38;2;252;252;252;48;2;251;251;251my[38;2;254;254;254;48;2;231;231;231m'[38;2;95;95;95;48;2;66;66;66mL[38;2;46;46;46;48;2;87;87;87m$[38;2;194;194;194;48;2;216;216;216mL[38;2;253;253;253;48;2;249;249;249m:[48;2;251;251;251m [38;2;252;252;252m:[48;2;252;252;252m                                                              [0m
[7m[38;2;0;0;0m [0m[38;2;0;0;0;48;2;0;0;0m                                           [38;2;1;1;1m_[38;2;0;0;0;48;2;8;8;8m`[38;2;109;109;109;48;2;80;80;80my[38;2;180;180;180;48;2;222;222;222m~[38;2;254;254;254;48;2;250;250;250m'[48;2;251;251;251m [48;2;252;252;252m:[38;2;245;245;245;48;2;227;227;227m:[38;2;49;49;49;48;2;98;98;98mf[38;2;47;47;47;48;2;133;133;133m~[38;2;201;201;201;48;2;233;233;233m~[38;2;253;253;253;48;2;250;250;250m`[38;2;250;250;250;48;2;251;251;251m`[38;2;252;252;252m:[48;2;252;252;252m                                                              [0m
[7m[38;2;0;0;0m [0m[38;2;0;0;0;48;2;0;0;0m                                          [48;2;1;1;1m:[38;2;77;77;77;48;2;22;22;22m_[38;2;197;197;197;48;2;95;95;95m_[38;2;145;145;145;48;2;209;209;209m~[38;2;254;254;254;48;2;248;248;248m'[38;2;249;249;249;48;2;250;250;250m^[48;2;251;251;251m [38;2;254;254;254;48;2;250;250;250m:[38;2;216;216;216;48;2;223;223;223m4[38;2;130;130;130;48;2;165;165;165mI[38;2;228;228;228;48;2;241;241;241m~[38;2;253;253;253;48;2;251;251;251m`[38;2;251;251;251;48;2;252;252;252m`                                                                [0m
[7m[38;2;0;0;0m [0m[38;2;0;0;0;48;2;0;0;0m                                         [38;2;1;1;1m_[38;2;20;20;20;48;2;14;14;14m4[38;2;130;130;130;48;2;104;104;104m4[38;2;231;231;231;48;2;242;242;242m~[38;2;253;253;253;48;2;251;251;251m`[48;2;252;252;252m  [48;2;251;251;251m [38;2;254;254;254;48;2;249;249;249m:[38;2;212;212;212;48;2;218;218;218m4[38;2;140;140;140;48;2;172;172;172mI[38;2;239;239;239;48;2;245;245;245mL[48;2;251;251;251m [38;2;252;252;252m:[48;2;252;252;252m                                                                [0m
[7m[38;2;0;0;0m [0m[38;2;0;0;0;48;2;0;0;0m                                         [38;2;1;1;1m:[38;2;30;30;30;48;2;23;23;23md[38;2;101;101;101;48;2;129;129;129ml[38;2;240;240;240;48;2;245;245;245mL[48;2;250;250;250m [38;2;252;252;252;48;2;251;251;251m:[48;2;252;252;252m [38;2;251;251;251;48;2;250;250;250m`[38;2;204;204;204;48;2;243;243;243m_[38;2;156;156;156;48;2;210;210;210m_[38;2;170;170;170;48;2;199;199;199m~[38;2;253;253;253;48;2;246;246;246m:[38;2;249;249;249;48;2;251;251;251m.[38;2;252;252;252m.[48;2;252;252;252m                                                                [0m
[7m[38;2;0;0;0m [0m[38;2;0;0;0;48;2;0;0;0m                                         [38;2;2;2;2;48;2;1;1;1m_[38;2;53;53;53;48;2;38;38;38m4[38;2;131;131;131;48;2;159;159;159mF[38;2;242;242;242;48;2;246;246;246mL[38;2;249;249;249;48;2;250;250;250m:[38;2;252;252;252;48;2;251;251;251m:[38;2;253;253;253m:[38;2;247;247;247;48;2;231;231;231m`[38;2;127;127;127;48;2;175;175;175mf[38;2;106;106;106;48;2;174;174;174m~[38;2;58;58;58;48;2;130;130;130my[38;2;77;77;77;48;2;164;164;164my[38;2;126;126;126;48;2;221;221;221m_[38;2;227;227;227;48;2;245;245;245m,[38;2;252;252;252;48;2;250;250;250m`[38;2;250;250;250;48;2;251;251;251m_[38;2;252;252;252m: [38;2;250;250;250m_[38;2;252;252;252m.[48;2;252;252;252m                                                          [0m
[7m[38;2;0;0;0m [0m[38;2;0;0;0;48;2;0;0;0m                                       [38;2;27;27;27;48;2;2;2;2m_[38;2;110;110;110;48;2;25;25;25m_[38;2;191;191;191;48;2;62;62;62m_[38;2;69;69;69;48;2;135;135;135mF[38;2;174;174;174;48;2;210;210;210m~[38;2;254;254;254;48;2;249;249;249m'[48;2;250;250;250m [38;2;252;252;252;48;2;251;251;251m:[48;2;252;252;252m [38;2;249;249;249;48;2;251;251;251m`[38;2;254;254;254;48;2;249;249;249m.[38;2;204;204;204;48;2;213;213;213m4[38;2;78;78;78;48;2;45;45;45mL[38;2;0;0;0;48;2;2;2;2m'[38;2;58;58;58;48;2;20;20;20m"[38;2;48;48;48;48;2;118;118;118mg[38;2;92;92;92;48;2;205;205;205m_[38;2;228;228;228;48;2;244;244;244m,[38;2;211;211;211;48;2;248;248;248m_[38;2;181;181;181;48;2;238;238;238m_[38;2;163;163;163;48;2;233;233;233m_[38;2;208;208;208;48;2;245;245;245m_[38;2;253;253;253;48;2;251;251;251m.[38;2;252;252;252m:[48;2;252;252;252m                                                        [0m
[7m[38;2;0;0;0m [0m[38;2;0;0;0;48;2;0;0;0m                                      [38;2;1;1;1m^[38;2;78;78;78;48;2;53;53;53m4[38;2;150;150;150;48;2;185;185;185m~[38;2;229;229;229;48;2;245;245;245m~[38;2;233;233;233;48;2;248;248;248m`[38;2;247;247;247;48;2;251;251;251m`[38;2;252;252;252m:[48;2;252;252;252m   [48;2;251;251;251m [38;2;250;250;250;48;2;249;249;249m"[38;2;204;204;204;48;2;212;212;212m4[38;2;78;78;78;48;2;44;44;44mL[38;2;1;1;1;48;2;0;0;0mL[38;2;2;2;2m`[38;2;3;3;3;48;2;1;1;1m`[38;2;62;62;62;48;2;15;15;15m`[38;2;130;130;130;48;2;37;37;37m~[38;2;127;127;127;48;2;29;29;29m~[38;2;105;105;105;48;2;18;18;18m~[38;2;94;94;94m~[38;2;54;54;54;48;2;99;99;99m$[38;2;195;195;195;48;2;219;219;219mL[38;2;252;252;252;48;2;249;249;249m'[48;2;251;251;251m :[48;2;252;252;252m                                                      [0m
[7m[38;2;0;0;0m [0m[38;2;0;0;0;48;2;0;0;0m                                    [38;2;1;1;1m,[38;2;50;50;50;48;2;15;15;15m_[38;2;160;160;160;48;2;52;52;52m_[38;2;69;69;69;48;2;140;140;140mF[38;2;180;180;180;48;2;208;208;208mF[38;2;254;254;254;48;2;249;249;249m:[48;2;250;250;250m [38;2;252;252;252;48;2;251;251;251m:[48;2;252;252;252m    [48;2;251;251;251m [38;2;250;250;250;48;2;249;249;249m"[38;2;204;204;204;48;2;212;212;212m4[38;2;79;79;79;48;2;45;45;45mL[38;2;1;1;1;48;2;0;0;0mL       [38;2;59;59;59;48;2;37;37;37m4[38;2;134;134;134;48;2;180;180;180m_[38;2;235;235;235;48;2;244;244;244m,[38;2;251;251;251;48;2;250;250;250m:[38;2;252;252;252;48;2;251;251;251m:[48;2;252;252;252m                                                      [0m
[7m[38;2;0;0;0m [0m[38;2;0;0;0;48;2;0;0;0m                                    [38;2;60;60;60;48;2;14;14;14m_[38;2;62;62;62;48;2;121;121;121mF[38;2;184;184;184;48;2;225;225;225m~[38;2;241;241;241;48;2;249;249;249m~[38;2;244;244;244;48;2;251;251;251m`[38;2;252;252;252m`[48;2;252;252;252m      [48;2;251;251;251m [38;2;250;250;250;48;2;249;249;249m"[38;2;204;204;204;48;2;212;212;212m4[38;2;79;79;79;48;2;45;45;45mL[38;2;1;1;1;48;2;0;0;0mL       [38;2;0;0;0;48;2;4;4;4m'[38;2;84;84;84;48;2;35;35;35m~[38;2;68;68;68;48;2;148;148;148m_[38;2;205;205;205;48;2;237;237;237m_[38;2;251;251;251;48;2;249;249;249m`[48;2;251;251;251m [48;2;252;252;252m                                                     [0m
[7m[38;2;0;0;0m [0m[38;2;0;0;0;48;2;0;0;0m                                    [38;2;80;80;80;48;2;33;33;33m`[38;2;91;91;91;48;2;147;147;147mL[38;2;208;208;208;48;2;235;235;235m,[38;2;249;249;249;48;2;251;251;251m` [48;2;252;252;252m       [48;2;251;251;251m [38;2;250;250;250;48;2;249;249;249m"[38;2;204;204;204;48;2;212;212;212m4[38;2;79;79;79;48;2;45;45;45mL[38;2;1;1;1;48;2;0;0;0mL       _[38;2;32;32;32;48;2;21;21;21mu[38;2;72;72;72;48;2;126;126;126m~[38;2;196;196;196;48;2;223;223;223m"[38;2;251;251;251;48;2;249;249;249m`[48;2;251;251;251m [38;2;252;252;252m:[48;2;252;252;252m                                                    [0m
[7m[38;2;0;0;0m [0m[38;2;0;0;0;48;2;0;0;0m                                    [38;2;7;7;7;48;2;15;15;15m:[38;2;90;90;90;48;2;117;117;117mi[38;2;232;232;232;48;2;243;243;243m~[38;2;253;253;253;48;2;252;252;252m.[38;2;251;251;251m`       [48;2;251;251;251m [38;2;250;250;250;48;2;249;249;249m"[38;2;204;204;204;48;2;212;212;212m4[38;2;79;79;79;48;2;45;45;45mL[38;2;1;1;1;48;2;0;0;0mL       [38;2;0;0;0;48;2;6;6;6m:[38;2;116;116;116;48;2;39;39;39m_[38;2;182;182;182;48;2;122;122;122my[38;2;203;203;203;48;2;220;220;220mF[38;2;246;246;246;48;2;249;249;249mL[48;2;251;251;251m [38;2;252;252;252m:[48;2;252;252;252m                                                    [0m
[7m[38;2;0;0;0m [0m[38;2;0;0;0;48;2;0;0;0m                                    [38;2;4;4;4;48;2;2;2;2m`[38;2;105;105;105;48;2;68;68;68m4[38;2;129;129;129;48;2;214;214;214m_[38;2;233;233;233;48;2;246;246;246m,[48;2;251;251;251m  [48;2;252;252;252m      [48;2;251;251;251m [38;2;250;250;250;48;2;249;249;249m"[38;2;204;204;204;48;2;212;212;212m4[38;2;78;78;78;48;2;44;44;44mL[38;2;1;1;1;48;2;0;0;0mL      [38;2;0;0;0;48;2;2;2;2m:[38;2;78;78;78;48;2;48;48;48m4[38;2;153;153;153;48;2;198;198;198m~[38;2;246;246;246;48;2;247;247;247m'[38;2;251;251;251;48;2;252;252;252mg[38;2;252;252;252;48;2;251;251;251m:[48;2;252;252;252m                                                      [0m
[7m[38;2;0;0;0m [0m[38;2;0;0;0;48;2;0;0;0m                                     [38;2;49;49;49;48;2;27;27;27my[38;2;94;94;94;48;2;142;142;142mF[38;2;212;212;212;48;2;232;232;232m^[38;2;254;254;254;48;2;250;250;250m`[48;2;251;251;251m [48;2;252;252;252m      [48;2;251;251;251m [38;2;250;250;250;48;2;249;249;249m"[38;2;204;204;204;48;2;212;212;212m4[38;2;79;79;79;48;2;45;45;45mL[38;2;1;1;1;48;2;0;0;0mL      [38;2;0;0;0;48;2;4;4;4m:[38;2;86;86;86;48;2;58;58;58m_[38;2;166;166;166;48;2;196;196;196mF[38;2;252;252;252;48;2;246;246;246m.[48;2;251;251;251m :[48;2;252;252;252m                                                      [0m
[7m[38;2;0;0;0m [0m[38;2;0;0;0;48;2;0;0;0m                                    [38;2;75;75;75;48;2;31;31;31m_[38;2;65;65;65;48;2;143;143;143m~[38;2;199;199;199;48;2;221;221;221m_[38;2;229;229;229;48;2;247;247;247m_[38;2;254;254;254;48;2;251;251;251m.[48;2;252;252;252m       [48;2;251;251;251m [38;2;250;250;250;48;2;249;249;249m"[38;2;204;204;204;48;2;212;212;212m4[38;2;79;79;79;48;2;45;45;45mL[38;2;1;1;1;48;2;0;0;0mL   [38;2;0;0;0;48;2;4;4;4m:[38;2;95;95;95;48;2;18;18;18m_[38;2;137;137;137;48;2;53;53;53m_[38;2;235;235;235;48;2;104;104;104m_[38;2;114;114;114;48;2;98;98;98m,[38;2;126;126;126;48;2;194;194;194m_[38;2;252;252;252;48;2;246;246;246m`[38;2;250;250;250;48;2;251;251;251m.[38;2;252;252;252m:[48;2;252;252;252m                                                      [0m
[7m[38;2;0;0;0m [0m[38;2;0;0;0;48;2;0;0;0m                                   [38;2;17;17;17;48;2;11;11;11mu[38;2;79;79;79;48;2;99;99;99ml[38;2;174;174;174;48;2;186;186;186mW[38;2;39;39;39;48;2;96;96;96mg[38;2;63;63;63;48;2;141;141;141m_[38;2;189;189;189;48;2;233;233;233m_[38;2;254;254;254;48;2;250;250;250m.[38;2;250;250;250;48;2;251;251;251m_[48;2;252;252;252m     [48;2;251;251;251m [48;2;249;249;249m"[38;2;204;204;204;48;2;212;212;212m4[38;2;79;79;79;48;2;45;45;45mL[38;2;1;1;1;48;2;0;0;0mL  [38;2;14;14;14;48;2;7;7;7mu[38;2;77;77;77;48;2;50;50;50m4[38;2;90;90;90;48;2;167;167;167m_[38;2;119;119;119;48;2;198;198;198m_[38;2;165;165;165;48;2;232;232;232m_[38;2;199;199;199;48;2;177;177;177ms[38;2;137;137;137;48;2;123;123;123mW[38;2;229;229;229;48;2;239;239;239mL[38;2;250;250;250;48;2;251;251;251m`[38;2;252;252;252m:[48;2;252;252;252m                                                      [0m
[7m[38;2;0;0;0m [0m[38;2;0;0;0;48;2;0;0;0m                                   [38;2;8;8;8;48;2;3;3;3m`[38;2;92;92;92;48;2;62;62;62m4[38;2;126;126;126;48;2;171;171;171m_[38;2;225;225;225;48;2;112;112;112m_[38;2;39;39;39;48;2;77;77;77m[[38;2;144;144;144;48;2;163;163;163ml[38;2;244;244;244;48;2;247;247;247mL[48;2;250;250;250m [38;2;252;252;252;48;2;251;251;251m:[48;2;252;252;252m    [48;2;251;251;251m [38;2;250;250;250;48;2;249;249;249m"[38;2;204;204;204;48;2;212;212;212m4[38;2;79;79;79;48;2;45;45;45mL[38;2;1;1;1;48;2;0;0;0mL  `[38;2;5;5;5;48;2;1;1;1m`[38;2;43;43;43;48;2;4;4;4m`[38;2;58;58;58;48;2;7;7;7m`[38;2;95;95;95;48;2;20;20;20m`[38;2;38;38;38;48;2;74;74;74ms[38;2;183;183;183;48;2;145;145;145my[38;2;249;249;249;48;2;242;242;242m`[48;2;250;250;250m [38;2;252;252;252;48;2;251;251;251m:[48;2;252;252;252m                                                      [0m
[7m[38;2;0;0;0m [0m[38;2;0;0;0;48;2;0;0;0m                                   [38;2;1;1;1m`[38;2;17;17;17;48;2;3;3;3m`[38;2;96;96;96;48;2;42;42;42m"[38;2;44;44;44;48;2;145;145;145m_[38;2;150;150;150;48;2;205;205;205m_[38;2;191;191;191;48;2;228;228;228m~[38;2;254;254;254;48;2;250;250;250m'[38;2;250;250;250;48;2;251;251;251m`[48;2;252;252;252m     [48;2;251;251;251m [48;2;249;249;249m"[38;2;204;204;204;48;2;212;212;212m4[38;2;79;79;79;48;2;45;45;45mL[38;2;1;1;1;48;2;0;0;0mL       [38;2;64;64;64;48;2;44;44;44m4[38;2;179;179;179;48;2;196;196;196mL[38;2;243;243;243;48;2;247;247;247mL[48;2;251;251;251m [38;2;252;252;252m:[48;2;252;252;252m                                                      [0m
[7m[38;2;0;0;0m [0m[38;2;0;0;0;48;2;0;0;0m                                      [38;2;20;20;20;48;2;2;2;2m`[38;2;40;40;40;48;2;80;80;80mF[38;2;186;186;186;48;2;202;202;202mm[38;2;254;254;254;48;2;249;249;249m:[48;2;250;250;250m [38;2;252;252;252;48;2;251;251;251m:[48;2;252;252;252m    [48;2;251;251;251m [38;2;250;250;250;48;2;249;249;249m"[38;2;204;204;204;48;2;212;212;212m4[38;2;78;78;78;48;2;44;44;44mL[38;2;1;1;1;48;2;0;0;0mL       [38;2;53;53;53;48;2;29;29;29m4[38;2;56;56;56;48;2;165;165;165m_[38;2;206;206;206;48;2;237;237;237m_[38;2;250;250;250;48;2;249;249;249m`[48;2;251;251;251m_[38;2;252;252;252m:[48;2;252;252;252m                                                     [0m
[7m[38;2;0;0;0m [0m[38;2;0;0;0;48;2;0;0;0m                                      [48;2;1;1;1m`[38;2;56;56;56;48;2;80;80;80ml[38;2;202;202;202;48;2;216;216;216mF[38;2;254;254;254;48;2;250;250;250m:[48;2;251;251;251m [48;2;252;252;252m     [48;2;251;251;251m [38;2;250;250;250;48;2;249;249;249m"[38;2;204;204;204;48;2;212;212;212m4[38;2;79;79;79;48;2;44;44;44mL[38;2;1;1;1;48;2;0;0;0mL        [38;2;31;31;31;48;2;12;12;12m`[38;2;149;149;149;48;2;57;57;57m~[38;2;72;72;72;48;2;176;176;176m_[38;2;218;218;218;48;2;240;240;240m,[38;2;247;247;247;48;2;250;250;250m,[38;2;250;250;250;48;2;251;251;251mw[38;2;253;253;253;48;2;252;252;252m_                                                   [0m
[7m[38;2;0;0;0m [0m[38;2;0;0;0;48;2;0;0;0m                                      [38;2;1;1;1;48;2;9;9;9m'[38;2;73;73;73;48;2;100;100;100ml[38;2;206;206;206;48;2;223;223;223m_[38;2;187;187;187;48;2;237;237;237m_[38;2;253;253;253;48;2;251;251;251m: [48;2;252;252;252m    [48;2;251;251;251m [38;2;250;250;250;48;2;249;249;249m"[38;2;204;204;204;48;2;212;212;212m4[38;2;79;79;79;48;2;45;45;45mL[38;2;1;1;1;48;2;0;0;0mL         [38;2;2;2;2m`[38;2;46;46;46;48;2;23;23;23m"[38;2;56;56;56;48;2;124;124;124my[38;2;0;0;0;48;2;175;175;175m_[38;2;27;27;27;48;2;192;192;192m_[38;2;172;172;172;48;2;231;231;231m_[38;2;242;242;242;48;2;250;250;250m,[38;2;250;250;250;48;2;251;251;251m_[38;2;252;252;252m:[48;2;252;252;252m                                                [0m
[?25h