[?25l[0m[7m[38;2;252;252;252m [0m[38;2;0;0;0;48;2;252;252;252m                                                                                                                       [0m
[7m[38;2;252;252;252m [0m[38;2;0;0;0;48;2;252;252;252m                                                                                                                       [0m
[7m[38;2;252;252;252m [0m[38;2;0;0;0;48;2;252;252;252m                                                                                                                       [0m
[7m[38;2;252;252;252m [0m[38;2;0;0;0;48;2;252;252;252m                                                                                                                       [0m
[7m[38;2;252;252;252m [0m[38;2;0;0;0;48;2;252;252;252m                                                                                                                       [0m
[7m[38;2;252;252;252m [0m[38;2;0;0;0;48;2;252;252;252m                                                                                                                       [0m
[7m[38;2;252;252;252m [0m[38;2;0;0;0;48;2;252;252;252m                                                                                                                       [0m
[7m[38;2;252;252;252m [0m[38;2;0;0;0;48;2;252;252;252m                                                                                                                       [0m
[7m[38;2;252;252;252m [0m[38;2;0;0;0;48;2;252;252;252m                                                                                                                       [0m
[7m[38;2;252;252;252m [0m[38;2;0;0;0;48;2;252;252;252m                                                                                                                       [0m
[7m[38;2;252;252;252m [0m[38;2;0;0;0;48;2;252;252;252m                                                                                                                       [0m
[7m[38;2;252;252;252m [0m[38;2;0;0;0;48;2;252;252;252m                                                                                                                       [0m
[7m[38;2;252;252;252m [0m[38;2;0;0;0;48;2;252;252;252m                                                                                                                       [0m
[7m[38;2;252;252;252m [0m[38;2;0;0;0;48;2;252;252;252m                                                                                                                       [0m
[7m[38;2;252;252;252m [0m[38;2;0;0;0;48;2;252;252;252m                                                                                                                       [0m
[7m[38;2;252;252;252m [0m[38;2;0;0;0;48;2;252;252;252m                                                                                                                       [0m
[7m[38;2;252;252;252m [0m[38;2;0;0;0;48;2;252;252;252m                                                                                                                       [0m
[7m[38;2;252;252;252m [0m[38;2;0;0;0;48;2;252;252;252m                                                                                                                       [0m
[7m[38;2;252;252;252m [0m[38;2;0;0;0;48;2;252;252;252m                                                                                                                       [0m
[7m[38;2;252;252;252m [0m[38;2;0;0;0;48;2;252;252;252m                                                          [48;2;251;251;251m  [48;2;252;252;252m [38;2;252;252;252;48;2;251;251;251m.:[48;2;252;252;252m                                                        [0m
[7m[38;2;252;252;252m [0m[38;2;0;0;0;48;2;252;252;252m                                                      [38;2;252;252;252;48;2;251;251;251m:[38;2;253;253;253m_[48;2;249;249;249m:[38;2;151;151;151;48;2;238;238;238m_[38;2;111;111;111;48;2;223;223;223m_[38;2;124;124;124;48;2;231;231;231m_[38;2;160;160;160;48;2;239;239;239m_[38;2;196;196;196;48;2;244;244;244m_[38;2;211;211;211;48;2;246;246;246m_[38;2;244;244;244;48;2;250;250;250m,[38;2;253;253;253;48;2;252;252;252m_                                                      [0m
[7m[38;2;252;252;252m [0m[38;2;0;0;0;48;2;252;252;252m                                                    [38;2;252;252;252;48;2;251;251;251m:[38;2;250;250;250my[38;2;254;254;254;48;2;246;246;246m:[38;2;151;151;151;48;2;210;210;210my[38;2;213;213;213;48;2;91;91;91m~[38;2;86;86;86;48;2;29;29;29m"[38;2;16;16;16;48;2;3;3;3m~[38;2;31;31;31;48;2;9;9;9m"[38;2;96;96;96;48;2;27;27;27m~[38;2;148;148;148;48;2;40;40;40m~[38;2;170;170;170;48;2;57;57;57m~[38;2;108;108;108;48;2;160;160;160mg[38;2;233;233;233;48;2;242;242;242mr[48;2;251;251;251m [38;2;252;252;252m:[48;2;252;252;252m                                                    [0m
[7m[38;2;252;252;252m [0m[38;2;0;0;0;48;2;252;252;252m                                                   [38;2;252;252;252;48;2;251;251;251m:[38;2;250;250;250my[38;2;253;253;253;48;2;246;246;246m:[38;2;167;167;167;48;2;206;206;206my[38;2;113;113;113;48;2;62;62;62m~[38;2;20;20;20;48;2;6;6;6m~[38;2;1;1;1;48;2;0;0;0m~ `[38;2;2;2;2;48;2;1;1;1m'[38;2;5;5;5;48;2;3;3;3m"[38;2;27;27;27;48;2;18;18;18m4[38;2;128;128;128;48;2;112;112;112m4[38;2;230;230;230;48;2;239;239;239mL[38;2;250;250;250;48;2;248;248;248m~[48;2;251;251;251m,[38;2;252;252;252m.[48;2;252;252;252m                                  [38;2;253;253;253m^                [0m
[7m[38;2;252;252;252m [0m[38;2;0;0;0;48;2;252;252;252m                                                   [38;2;252;252;252;48;2;251;251;251m:[38;2;249;249;249m`[38;2;254;254;254;48;2;248;248;248m'[38;2;178;178;178;48;2;215;215;215m~[38;2;132;132;132;48;2;78;78;78mL[38;2;31;31;31;48;2;12;12;12m,[48;2;0;0;0m    [38;2;2;2;2;48;2;14;14;14m:[38;2;157;157;157;48;2;66;66;66m_[38;2;127;127;127;48;2;184;184;184m~[38;2;223;223;223;48;2;239;239;239m_[38;2;221;221;221;48;2;244;244;244m_[38;2;207;207;207;48;2;243;243;243m_[38;2;213;213;213;48;2;245;245;245m_[38;2;237;237;237;48;2;249;249;249m_[38;2;252;252;252;48;2;251;251;251m:[48;2;252;252;252m                                                 [0m
[7m[38;2;252;252;252m [0m[38;2;0;0;0;48;2;252;252;252m                                                 [38;2;252;252;252;48;2;251;251;251m:_[48;2;248;248;248m:[38;2;142;142;142;48;2;227;227;227m_[38;2;77;77;77;48;2;170;170;170my[38;2;171;171;171;48;2;66;66;66m~[38;2;78;78;78;48;2;22;22;22m"[38;2;0;0;0;48;2;3;3;3m:[48;2;0;0;0m  [38;2;1;1;1m~[38;2;0;0;0;48;2;1;1;1m:[38;2;9;9;9;48;2;39;39;39m:[38;2;43;43;43;48;2;144;144;144m_[38;2;88;88;88;48;2;162;162;162m_[38;2;193;193;193;48;2;150;150;150m~[38;2;188;188;188;48;2;149;149;149m~[38;2;173;173;173;48;2;144;144;144m~[38;2;179;179;179;48;2;154;154;154m~[38;2;192;192;192;48;2;205;205;205mL[38;2;240;240;240;48;2;245;245;245mL[48;2;251;251;251m [38;2;252;252;252m.[48;2;252;252;252m                                               [0m
[7m[38;2;252;252;252m [0m[38;2;0;0;0;48;2;252;252;252m                                                [38;2;252;252;252;48;2;251;251;251m:[38;2;250;250;250m$[38;2;254;254;254;48;2;241;241;241m:[38;2;101;101;101;48;2;167;167;167my[38;2;82;82;82;48;2;33;33;33m~[38;2;0;0;0;48;2;3;3;3m`[38;2;2;2;2;48;2;0;0;0m~       [38;2;0;0;0;48;2;2;2;2m:[38;2;53;53;53;48;2;20;20;20m"[38;2;17;17;17;48;2;79;79;79m_[38;2;96;96;96;48;2;123;123;123m_[38;2;137;137;137;48;2;133;133;133m_[38;2;170;170;170;48;2;150;150;150m_[38;2;199;199;199;48;2;214;214;214mF[38;2;244;244;244;48;2;247;247;247mM[38;2;251;251;251;48;2;250;250;250m'[38;2;252;252;252;48;2;251;251;251m_[48;2;252;252;252m                                               [0m
[7m[38;2;252;252;252m [0m[38;2;0;0;0;48;2;252;252;252m                                                [38;2;252;252;252;48;2;251;251;251m:[38;2;250;250;250m_[38;2;253;253;253;48;2;235;235;235m:[38;2;157;157;157;48;2;98;98;98m_[38;2;34;34;34;48;2;14;14;14m,[48;2;0;0;0m           [38;2;0;0;0;48;2;4;4;4m:[38;2;69;69;69;48;2;40;40;40m~[38;2;110;110;110;48;2;131;131;131mL[38;2;185;185;185;48;2;203;203;203m~[38;2;236;236;236;48;2;245;245;245m~[38;2;251;251;251;48;2;250;250;250m:[48;2;251;251;251m [38;2;252;252;252m:[48;2;252;252;252m                                               [0m
[7m[38;2;252;252;252m [0m[38;2;0;0;0;48;2;252;252;252m                                                [38;2;252;252;252;48;2;251;251;251m:[38;2;249;249;249m`[38;2;253;253;253;48;2;249;249;249m'[38;2;187;187;187;48;2;228;228;228m"[38;2;66;66;66;48;2;146;146;146m~[38;2;104;104;104;48;2;30;30;30m_[38;2;17;17;17;48;2;3;3;3m,[38;2;1;1;1;48;2;0;0;0m_       .[38;2;0;0;0;48;2;4;4;4m:[38;2;75;75;75;48;2;34;34;34m_[38;2;99;99;99;48;2;119;119;119mF[38;2;202;202;202;48;2;181;181;181m`[38;2;229;229;229;48;2;238;238;238mL[38;2;248;248;248;48;2;249;249;249m,[48;2;251;251;251m [48;2;252;252;252m                                                [0m
[7m[38;2;252;252;252m [0m[38;2;0;0;0;48;2;252;252;252m                                                  [38;2;252;252;252;48;2;251;251;251m:[38;2;250;250;250m![38;2;251;251;251;48;2;247;247;247m:[38;2;171;171;171;48;2;220;220;220m~[38;2;43;43;43;48;2;150;150;150m~[38;2;178;178;178;48;2;47;47;47m_[38;2;67;67;67;48;2;14;14;14m,[38;2;21;21;21;48;2;2;2;2m_[38;2;23;23;23m_[38;2;26;26;26m_[38;2;40;40;40;48;2;4;4;4m_[38;2;70;70;70;48;2;9;9;9m_[38;2;94;94;94;48;2;18;18;18m_[38;2;114;114;114;48;2;43;43;43m_[38;2;35;35;35;48;2;99;99;99m~[38;2;102;102;102;48;2;135;135;135m~[38;2;207;207;207;48;2;160;160;160m_[38;2;184;184;184;48;2;217;217;217m~[38;2;238;238;238;48;2;246;246;246m~[38;2;251;251;251;48;2;249;249;249m_[48;2;251;251;251m [48;2;252;252;252m                                                [0m
[7m[38;2;252;252;252m [0m[38;2;0;0;0;48;2;252;252;252m                                                    [38;2;252;252;252;48;2;251;251;251m: [48;2;250;250;250m'[38;2;214;214;214;48;2;241;241;241m`[38;2;131;131;131;48;2;220;220;220m~[38;2;85;85;85;48;2;198;198;198m~[38;2;73;73;73;48;2;177;177;177m~[38;2;70;70;70;48;2;169;169;169m~[38;2;77;77;77;48;2;172;172;172m~[38;2;101;101;101;48;2;178;178;178m~[38;2;217;217;217;48;2;167;167;167my[38;2;226;226;226;48;2;180;180;180my[38;2;156;156;156;48;2;212;212;212m~[38;2;187;187;187;48;2;229;229;229m~[38;2;226;226;226;48;2;243;243;243m"[38;2;247;247;247;48;2;250;250;250m~[38;2;252;252;252;48;2;251;251;251m:[48;2;252;252;252m                                                  [0m
[7m[38;2;252;252;252m [0m[38;2;0;0;0;48;2;252;252;252m                                                        [38;2;253;253;253m`[38;2;252;252;252;48;2;251;251;251m`[38;2;243;243;243m`[38;2;244;244;244;48;2;250;250;250m~[38;2;243;243;243;48;2;251;251;251m`[38;2;245;245;245m`[38;2;248;248;248m~[38;2;252;252;252m:  :[48;2;252;252;252m                                                    [0m
[7m[38;2;252;252;252m [0m[38;2;0;0;0;48;2;252;252;252m                                                                                                                       [0m
[7m[38;2;252;252;252m [0m[38;2;0;0;0;48;2;252;252;252m                                                                                                                       [0m
[7m[38;2;252;252;252m [0m[38;2;0;0;0;48;2;252;252;252m                                                                                                                       [0m
[7m[38;2;252;252;252m [0m[38;2;0;0;0;48;2;252;252;252m                                                                                                                       [0m
[7m[38;2;252;252;252m [0m[38;2;0;0;0;48;2;252;252;252m                       [38;2;252;252;252;48;2;251;251;251m:[48;2;252;252;252m                                                                                               [0m
[?25h