[?25l[0m[7m[38;2;0;0;0m [0m[38;2;0;0;0;48;2;0;0;0m                                                                                                                       [0m
[7m[38;2;0;0;0m [0m[38;2;0;0;0;48;2;0;0;0m                                                                                                                       [0m
[7m[38;2;0;0;0m [0m[38;2;0;0;0;48;2;0;0;0m                                                                                                                       [0m
[7m[38;2;0;0;0m [0m[38;2;0;0;0;48;2;0;0;0m                                                                                                                       [0m
[7m[38;2;0;0;0m [0m[38;2;0;0;0;48;2;0;0;0m                                                                                                                       [0m
[7m[38;2;0;0;0m [0m[38;2;0;0;0;48;2;0;0;0m                                                                                                                       [0m
[7m[38;2;0;0;0m [0m[38;2;0;0;0;48;2;0;0;0m                                                          [48;2;2;2;2m:[38;2;61;61;61;48;2;5;5;5m_[38;2;89;89;89;48;2;17;17;17m_[38;2;64;64;64;48;2;9;9;9m_[38;2;15;15;15;48;2;2;2;2m,[48;2;0;0;0m [38;2;0;0;0;48;2;1;1;1m:[38;2;21;21;21;48;2;3;3;3m_[38;2;16;16;16m_[38;2;1;1;1;48;2;0;0;0m.                                                   [0m
[7m[38;2;0;0;0m [0m[38;2;0;0;0;48;2;0;0;0m                                                    [48;2;2;2;2m:[38;2;71;71;71;48;2;8;8;8m_[38;2;125;125;125;48;2;15;15;15m_[38;2;97;97;97;48;2;13;13;13m_[38;2;124;124;124;48;2;26;26;26m_[38;2;205;205;205;48;2;83;83;83m_[38;2;81;81;81;48;2;185;185;185m~[38;2;164;164;164;48;2;229;229;229m~[38;2;168;168;168;48;2;235;235;235m`[38;2;160;160;160;48;2;222;222;222m~[38;2;77;77;77;48;2;182;182;182m~[38;2;18;18;18;48;2;150;150;150m~[38;2;185;185;185;48;2;106;106;106my[38;2;170;170;170;48;2;75;75;75m_[38;2;61;61;61;48;2;22;22;22m_[38;2;2;2;2;48;2;1;1;1m.[48;2;0;0;0m                                                   [0m
[7m[38;2;0;0;0m [0m[38;2;0;0;0;48;2;0;0;0m                                                    [38;2;18;18;18;48;2;7;7;7m"[38;2;86;86;86;48;2;52;52;52m~[38;2;43;43;43;48;2;144;144;144m_[38;2;143;143;143;48;2;198;198;198m~[38;2;166;166;166;48;2;230;230;230m~[38;2;238;238;238;48;2;248;248;248m~[38;2;252;252;252;48;2;251;251;251m` :  [38;2;250;250;250m`[38;2;245;245;245;48;2;248;248;248m`[38;2;207;207;207;48;2;234;234;234m`[38;2;101;101;101;48;2;144;144;144m~[38;2;55;55;55;48;2;28;28;28mL[48;2;0;0;0m                                                   [0m
[7m[38;2;0;0;0m [0m[38;2;0;0;0;48;2;0;0;0m                                                    [48;2;1;1;1m`[38;2;74;74;74;48;2;34;34;34m_[38;2;79;79;79;48;2;158;158;158m~[38;2;209;209;209;48;2;240;240;240m~[38;2;253;253;253;48;2;251;251;251m`[38;2;252;252;252m:[48;2;252;252;252m     [48;2;251;251;251m:[38;2;250;250;250m`[38;2;252;252;252m:[38;2;199;199;199;48;2;232;232;232m`[38;2;158;158;158;48;2;107;107;107mL[38;2;117;117;117;48;2;25;25;25m_[38;2;30;30;30;48;2;3;3;3m_[48;2;0;0;0m                                                 [0m
[7m[38;2;0;0;0m [0m[38;2;0;0;0;48;2;0;0;0m                                                   [48;2;1;1;1m`[38;2;63;63;63;48;2;35;35;35m_[38;2;88;88;88;48;2;160;160;160m~[38;2;251;251;251;48;2;242;242;242m:[38;2;250;250;250;48;2;251;251;251m*[38;2;252;252;252m:[48;2;252;252;252m       [38;2;253;253;253m,[48;2;249;249;249m:[38;2;158;158;158;48;2;227;227;227m_[38;2;43;43;43;48;2;173;173;173m_[38;2;15;15;15;48;2;134;134;134m_[38;2;70;70;70;48;2;43;43;43mF[38;2;0;0;0;48;2;4;4;4m`[48;2;0;0;0m                                                [0m
[7m[38;2;0;0;0m [0m[38;2;0;0;0;48;2;0;0;0m                                                   [38;2;49;49;49;48;2;29;29;29m_[38;2;104;104;104;48;2;146;146;146mF[38;2;225;225;225;48;2;241;241;241m~[38;2;253;253;253;48;2;250;250;250m`[38;2;252;252;252;48;2;251;251;251m:[48;2;252;252;252m     [48;2;251;251;251m :[38;2;208;208;208;48;2;241;241;241m_[38;2;121;121;121;48;2;173;173;173my[38;2;198;198;198;48;2;85;85;85m~[38;2;123;123;123;48;2;34;34;34m~[38;2;33;33;33;48;2;5;5;5m~[38;2;1;1;1;48;2;0;0;0mf                                                  [0m
[7m[38;2;0;0;0m [0m[38;2;0;0;0;48;2;0;0;0m                                                  [38;2;45;45;45;48;2;21;21;21m_[38;2;79;79;79;48;2;130;130;130mF[38;2;211;211;211;48;2;233;233;233m"[38;2;253;253;253;48;2;250;250;250m`[48;2;251;251;251m [48;2;252;252;252m    [38;2;252;252;252;48;2;251;251;251m:[38;2;250;250;250m*[38;2;253;253;253;48;2;247;247;247m:[38;2;173;173;173;48;2;206;206;206ma[38;2;161;161;161;48;2;81;81;81m~[38;2;59;59;59;48;2;20;20;20m"[38;2;5;5;5;48;2;2;2;2m'[48;2;0;0;0m                                                     [0m
[7m[38;2;0;0;0m [0m[38;2;0;0;0;48;2;0;0;0m                                                 [38;2;53;53;53;48;2;23;23;23m_[38;2;85;85;85;48;2;135;135;135mF[38;2;207;207;207;48;2;237;237;237m~[38;2;249;249;249;48;2;251;251;251m. [48;2;252;252;252m      [48;2;251;251;251m [38;2;252;252;252;48;2;250;250;250m'[38;2;196;196;196;48;2;241;241;241m`[38;2;165;165;165;48;2;227;227;227m~[38;2;77;77;77;48;2;175;175;175m~[38;2;206;206;206;48;2;84;84;84m_[38;2;158;158;158;48;2;33;33;33m_[38;2;54;54;54;48;2;6;6;6m_[38;2;4;4;4;48;2;0;0;0m,                                                  [0m
[7m[38;2;0;0;0m [0m[38;2;0;0;0;48;2;0;0;0m                                                [38;2;46;46;46;48;2;23;23;23m_[38;2;87;87;87;48;2;134;134;134mF[38;2;212;212;212;48;2;235;235;235m`[38;2;254;254;254;48;2;250;250;250m`[48;2;251;251;251m [48;2;252;252;252m          [38;2;252;252;252;48;2;251;251;251m.:[38;2;233;233;233;48;2;247;247;247m`[38;2;202;202;202;48;2;237;237;237m`[38;2;97;97;97;48;2;170;170;170m~[38;2;76;76;76;48;2;38;38;38mL[38;2;1;1;1;48;2;0;0;0m.                                                 [0m
[7m[38;2;0;0;0m [0m[38;2;0;0;0;48;2;0;0;0m                                               [48;2;12;12;12m'[38;2;58;58;58;48;2;103;103;103mF[38;2;199;199;199;48;2;225;225;225m"[38;2;254;254;254;48;2;250;250;250m`[38;2;250;250;250;48;2;251;251;251m"[38;2;252;252;252m:[48;2;252;252;252m          [38;2;253;253;253m.[38;2;245;245;245m_[38;2;250;250;250;48;2;251;251;251m,[38;2;253;253;253;48;2;250;250;250m`[38;2;254;254;254;48;2;241;241;241m:[38;2;88;88;88;48;2;158;158;158m`[38;2;76;76;76;48;2;39;39;39m_[38;2;1;1;1;48;2;0;0;0m.                                                [0m
[7m[38;2;0;0;0m [0m[38;2;0;0;0;48;2;0;0;0m                                               [38;2;17;17;17;48;2;42;42;42mF[38;2;161;161;161;48;2;143;143;143m4[38;2;240;240;240;48;2;245;245;245mL[38;2;251;251;251;48;2;250;250;250m`[38;2;252;252;252;48;2;251;251;251m:[48;2;252;252;252m          [48;2;251;251;251m~[38;2;253;253;253;48;2;244;244;244m:[38;2;129;129;129;48;2;187;187;187my[38;2;78;78;78;48;2;194;194;194m_[38;2;176;176;176;48;2;236;236;236m_[38;2;254;254;254;48;2;249;249;249m`[38;2;234;234;234;48;2;245;245;245m`[38;2;110;110;110;48;2;174;174;174m~[38;2;85;85;85;48;2;44;44;44mL[38;2;10;10;10;48;2;2;2;2m,[48;2;0;0;0m                                               [0m
[7m[38;2;0;0;0m [0m[38;2;0;0;0;48;2;0;0;0m                                               [38;2;11;11;11;48;2;43;43;43ml[38;2;164;164;164;48;2;148;148;148m4[38;2;240;240;240;48;2;246;246;246mL[48;2;250;250;250m [38;2;252;252;252;48;2;251;251;251m:[48;2;252;252;252m         [48;2;251;251;251m:[48;2;250;250;250m [38;2;254;254;254;48;2;241;241;241m:[38;2;136;136;136;48;2;110;110;110mL[38;2;125;125;125;48;2;76;76;76m_[38;2;166;166;166;48;2;207;207;207m~[38;2;251;251;251;48;2;247;247;247m.[38;2;253;253;253;48;2;250;250;250m:[38;2;162;162;162;48;2;221;221;221m_[38;2;118;118;118;48;2;74;74;74mF[38;2;13;13;13;48;2;6;6;6m~[48;2;0;0;0m                                               [0m
[7m[38;2;0;0;0m [0m[38;2;0;0;0;48;2;0;0;0m                                               [38;2;2;2;2;48;2;22;22;22m:[38;2;139;139;139;48;2;106;106;106m~[38;2;199;199;199;48;2;222;222;222mw[38;2;234;234;234;48;2;242;242;242m+[38;2;251;251;251;48;2;252;252;252mr[38;2;252;252;252;48;2;251;251;251m:[48;2;252;252;252m         [48;2;251;251;251ms[38;2;254;254;254;48;2;239;239;239m'[38;2;198;198;198;48;2;153;153;153my[38;2;152;152;152;48;2;212;212;212m~[38;2;253;253;253;48;2;247;247;247m.[38;2;252;252;252;48;2;243;243;243m'[38;2;127;127;127;48;2;192;192;192my[38;2;125;125;125;48;2;58;58;58m~[38;2;28;28;28;48;2;7;7;7m'[48;2;0;0;0m                                                [0m
[7m[38;2;0;0;0m [0m[38;2;0;0;0;48;2;0;0;0m                                               [38;2;69;69;69;48;2;41;41;41m4[38;2;127;127;127;48;2;169;169;169m~[38;2;212;212;212;48;2;240;240;240m~[38;2;248;248;248;48;2;249;249;249m.[38;2;252;252;252;48;2;251;251;251m:[48;2;252;252;252m           [38;2;250;250;250;48;2;251;251;251m`[38;2;247;247;247m`[38;2;253;253;253m`[38;2;254;254;254;48;2;244;244;244m:[38;2;126;126;126;48;2;180;180;180my[38;2;77;77;77;48;2;42;42;42m~[38;2;1;1;1;48;2;0;0;0m'                                                 [0m
[7m[38;2;0;0;0m [0m[38;2;0;0;0;48;2;0;0;0m                                               [38;2;3;3;3;48;2;25;25;25m:[38;2;94;94;94;48;2;130;130;130mL[38;2;254;254;254;48;2;241;241;241m'[38;2;252;252;252;48;2;250;250;250m_[48;2;251;251;251m:[48;2;252;252;252m           [48;2;251;251;251m:-[38;2;254;254;254;48;2;244;244;244m:[38;2;110;110;110;48;2;158;158;158my[38;2;84;84;84;48;2;37;37;37m'[38;2;5;5;5;48;2;2;2;2m'[48;2;0;0;0m                                                  [0m
[7m[38;2;0;0;0m [0m[38;2;0;0;0;48;2;0;0;0m                                               [38;2;1;1;1m`[38;2;67;67;67;48;2;31;31;31m"[38;2;57;57;57;48;2;138;138;138my[38;2;144;144;144;48;2;206;206;206my[38;2;251;251;251;48;2;244;244;244m`[38;2;253;253;253;48;2;252;252;252m1[38;2;251;251;251m.         [38;2;252;252;252;48;2;251;251;251m:[38;2;250;250;250m=[38;2;254;254;254;48;2;247;247;247m'[38;2;142;142;142;48;2;192;192;192m~[38;2;99;99;99;48;2;56;56;56mL[38;2;24;24;24;48;2;4;4;4m,[48;2;0;0;0m                                                  [0m
[7m[38;2;0;0;0m [0m[38;2;0;0;0;48;2;0;0;0m                                               [38;2;1;1;1m.[48;2;10;10;10m`[38;2;109;109;109;48;2;67;67;67my[38;2;140;140;140;48;2;207;207;207m~[38;2;253;253;253;48;2;248;248;248m:[38;2;252;252;252;48;2;251;251;251m_:[48;2;252;252;252m          [48;2;251;251;251m:_[38;2;253;253;253;48;2;247;247;247m:[38;2;152;152;152;48;2;197;197;197m~[38;2;105;105;105;48;2;58;58;58mL[38;2;22;22;22;48;2;4;4;4m,[48;2;0;0;0m                                                 [0m
[7m[38;2;0;0;0m [0m[38;2;0;0;0;48;2;0;0;0m                                               [38;2;63;63;63;48;2;23;23;23m_[38;2;169;169;169;48;2;98;98;98my[38;2;157;157;157;48;2;213;213;213m~[38;2;233;233;233;48;2;243;243;243my[38;2;254;254;254;48;2;251;251;251m. [48;2;252;252;252m            [38;2;252;252;252;48;2;251;251;251m:[38;2;250;250;250m=[38;2;254;254;254;48;2;247;247;247m:[38;2;141;141;141;48;2;185;185;185m~[38;2;88;88;88;48;2;49;49;49mL[38;2;0;0;0;48;2;2;2;2m`[48;2;0;0;0m                                                [0m
[7m[38;2;0;0;0m [0m[38;2;0;0;0;48;2;0;0;0m                                              [48;2;2;2;2m:[38;2;75;75;75;48;2;52;52;52mJ[38;2;105;105;105;48;2;185;185;185m_[38;2;223;223;223;48;2;239;239;239m,[38;2;234;234;234;48;2;248;248;248m`[38;2;253;253;253;48;2;251;251;251m`[48;2;252;252;252m              [38;2;252;252;252;48;2;251;251;251m:[48;2;250;250;250m [38;2;254;254;254;48;2;243;243;243m:[38;2;128;128;128;48;2;153;153;153m4[38;2;86;86;86;48;2;35;35;35m,[48;2;0;0;0m                                                [0m
[7m[38;2;0;0;0m [0m[38;2;0;0;0;48;2;0;0;0m                                              [48;2;1;1;1m:[38;2;79;79;79;48;2;32;32;32m_[38;2;75;75;75;48;2;150;150;150m~[38;2;216;216;216;48;2;240;240;240m~[38;2;254;254;254;48;2;250;250;250m`[38;2;252;252;252;48;2;251;251;251m:[48;2;252;252;252m              [48;2;251;251;251m: [38;2;254;254;254m`[38;2;211;211;211;48;2;231;231;231m"[38;2;151;151;151;48;2;98;98;98mL[38;2;55;55;55;48;2;16;16;16m,[48;2;0;0;0m                                               [0m
[7m[38;2;0;0;0m [0m[38;2;0;0;0;48;2;0;0;0m                                             [48;2;6;6;6m`[38;2;117;117;117;48;2;54;54;54m_[38;2;99;99;99;48;2;181;181;181m~[38;2;228;228;228;48;2;245;245;245m~[38;2;252;252;252;48;2;250;250;250m`[48;2;251;251;251m.[48;2;252;252;252m                [48;2;251;251;251m::[38;2;250;250;250;48;2;237;237;237m.[38;2;129;129;129;48;2;191;191;191m~[38;2;153;153;153;48;2;76;76;76m_[38;2;39;39;39;48;2;12;12;12m_[48;2;0;0;0m                                              [0m
[7m[38;2;0;0;0m [0m[38;2;0;0;0;48;2;0;0;0m                                           [38;2;1;1;1m.[38;2;42;42;42;48;2;12;12;12m_[38;2;48;48;48;48;2;103;103;103mF[38;2;143;143;143;48;2;212;212;212m~[38;2;253;253;253;48;2;248;248;248m'[38;2;252;252;252;48;2;251;251;251m_[48;2;252;252;252m                   [48;2;251;251;251m:[48;2;250;250;250m [38;2;253;253;253;48;2;245;245;245m:[38;2;170;170;170;48;2;151;151;151mF[38;2;56;56;56;48;2;38;38;38mF[48;2;0;0;0m                                              [0m
[7m[38;2;0;0;0m [0m[38;2;0;0;0;48;2;0;0;0m                                           [38;2;54;54;54;48;2;21;21;21m_[38;2;76;76;76;48;2;127;127;127mF[38;2;193;193;193;48;2;228;228;228m"[38;2;254;254;254;48;2;250;250;250m'[38;2;250;250;250;48;2;251;251;251m^[38;2;252;252;252m:[48;2;252;252;252m                   [48;2;251;251;251m:[38;2;250;250;250m`[38;2;254;254;254;48;2;250;250;250m`[38;2;194;194;194;48;2;232;232;232m`[38;2;88;88;88;48;2;126;126;126m7[38;2;78;78;78;48;2;23;23;23m,[48;2;0;0;0m                                             [0m
[7m[38;2;0;0;0m [0m[38;2;0;0;0;48;2;0;0;0m                                          [38;2;50;50;50;48;2;21;21;21m_[38;2;82;82;82;48;2;130;130;130mF[38;2;205;205;205;48;2;232;232;232m"[38;2;254;254;254;48;2;250;250;250m`[38;2;250;250;250;48;2;251;251;251m`[48;2;252;252;252m                       [48;2;251;251;251m [38;2;254;254;254;48;2;250;250;250m`[38;2;205;205;205;48;2;232;232;232m"[38;2;88;88;88;48;2;124;124;124m7[38;2;76;76;76;48;2;22;22;22m,[48;2;0;0;0m                                            [0m
[7m[38;2;0;0;0m [0m[38;2;0;0;0;48;2;0;0;0m                                         [38;2;30;30;30;48;2;13;13;13m_[38;2;125;125;125;48;2;94;94;94my[38;2;197;197;197;48;2;227;227;227m"[38;2;252;252;252;48;2;251;251;251m.[38;2;250;250;250m`[48;2;252;252;252m                        [38;2;252;252;252;48;2;251;251;251m:[38;2;250;250;250m`[38;2;254;254;254;48;2;250;250;250m`[38;2;199;199;199;48;2;233;233;233m`[38;2;92;92;92;48;2;131;131;131m7[38;2;62;62;62;48;2;23;23;23m_[38;2;1;1;1;48;2;0;0;0m.                                          [0m
[7m[38;2;0;0;0m [0m[38;2;0;0;0;48;2;0;0;0m                                         [38;2;35;35;35;48;2;21;21;21mJ[38;2;73;73;73;48;2;125;125;125m_[38;2;212;212;212;48;2;238;238;238m_[38;2;253;253;253;48;2;251;251;251m. [48;2;252;252;252m                          [48;2;251;251;251m [48;2;249;249;249m`[38;2;214;214;214;48;2;229;229;229m`[38;2;82;82;82;48;2;130;130;130m"[38;2;46;46;46;48;2;24;24;24mm[48;2;0;0;0m                                          [0m
[7m[38;2;0;0;0m [0m[38;2;0;0;0;48;2;0;0;0m                                          [38;2;67;67;67;48;2;28;28;28m`[38;2;54;54;54;48;2;126;126;126my[38;2;107;107;107;48;2;201;201;201m_[38;2;233;233;233;48;2;245;245;245m,[38;2;253;253;253;48;2;252;252;252m.[38;2;252;252;252;48;2;251;251;251m:[48;2;252;252;252m                   [38;2;253;253;253m_[38;2;252;252;252;48;2;251;251;251m`[38;2;235;235;235;48;2;250;250;250m_[38;2;210;210;210;48;2;248;248;248m_[38;2;225;225;225;48;2;249;249;249m_[38;2;248;248;248;48;2;250;250;250m,[38;2;253;253;253;48;2;244;244;244m`[38;2;157;157;157;48;2;182;182;182m_[38;2;47;47;47;48;2;77;77;77m4[38;2;25;25;25;48;2;5;5;5m~[48;2;0;0;0m                                          [0m
[7m[38;2;0;0;0m [0m[38;2;0;0;0;48;2;0;0;0m                                           [38;2;5;5;5;48;2;2;2;2m`[38;2;88;88;88;48;2;59;59;59m4[38;2;132;132;132;48;2;196;196;196m_[38;2;233;233;233;48;2;245;245;245m,[38;2;253;253;253;48;2;250;250;250m.[48;2;252;252;252m_     [38;2;252;252;252;48;2;251;251;251m.[38;2;249;249;249m__ [38;2;252;252;252m:[38;2;250;250;250m_[38;2;252;252;252m:[38;2;253;253;253m.[38;2;241;241;241m_[38;2;249;249;249m_ [38;2;250;250;250m_[38;2;252;252;252;48;2;249;249;249m:[38;2;127;127;127;48;2;226;226;226m_[38;2;25;25;25;48;2;185;185;185m_[38;2;38;38;38;48;2;127;127;127my[38;2;166;166;166;48;2;56;56;56m~[38;2;189;189;189;48;2;66;66;66m~[38;2;232;232;232;48;2;89;89;89m~[38;2;210;210;210;48;2;78;78;78m~[38;2;102;102;102;48;2;30;30;30m~[38;2;31;31;31;48;2;6;6;6m`[38;2;1;1;1;48;2;0;0;0m'                                          [0m
[7m[38;2;0;0;0m [0m[38;2;0;0;0;48;2;0;0;0m                                            [38;2;22;22;22;48;2;5;5;5m`[38;2;89;89;89;48;2;19;19;19m~[38;2;165;165;165;48;2;46;46;46m~[38;2;81;81;81;48;2;137;137;137mL[38;2;223;223;223;48;2;231;231;231mr[38;2;254;254;254;48;2;251;251;251m: [38;2;252;252;252m:[38;2;235;235;235;48;2;250;250;250m_[38;2;193;193;193;48;2;245;245;245m_[38;2;162;162;162;48;2;235;235;235m_[38;2;125;125;125;48;2;218;218;218m_[38;2;124;124;124m_[38;2;154;154;154;48;2;231;231;231m_[38;2;166;166;166;48;2;237;237;237m_[38;2;134;134;134;48;2;222;222;222m_[38;2;69;69;69;48;2;189;189;189m_[38;2;46;46;46;48;2;134;134;134my[38;2;80;80;80;48;2;132;132;132mg[38;2;209;209;209;48;2;229;229;229m,[38;2;252;252;252;48;2;251;251;251m:[38;2;250;250;250m`[38;2;254;254;254;48;2;242;242;242m:[38;2;138;138;138;48;2;113;113;113mF[38;2;33;33;33;48;2;19;19;19mL[48;2;0;0;0m [38;2;1;1;1m`                                                [0m
[7m[38;2;0;0;0m [0m[38;2;0;0;0;48;2;0;0;0m                                              [48;2;5;5;5m'[38;2;51;51;51;48;2;92;92;92ml[38;2;223;223;223;48;2;229;229;229mL[38;2;254;254;254;48;2;251;251;251m:[38;2;249;249;249;48;2;250;250;250ma[38;2;254;254;254;48;2;240;240;240m:[38;2;103;103;103;48;2;164;164;164my[38;2;120;120;120;48;2;47;47;47m~[38;2;103;103;103;48;2;16;16;16m`[38;2;74;74;74;48;2;7;7;7m``[38;2;96;96;96;48;2;10;10;10m`[38;2;106;106;106;48;2;12;12;12m`[38;2;83;83;83;48;2;8;8;8m`[38;2;36;36;36;48;2;4;4;4m`[38;2;0;0;0;48;2;6;6;6m:[38;2;99;99;99;48;2;66;66;66m_[38;2;191;191;191;48;2;213;213;213mF[38;2;252;252;252;48;2;248;248;248m`[38;2;249;249;249;48;2;250;250;250ma[38;2;254;254;254;48;2;244;244;244m:[38;2;122;122;122;48;2;156;156;156m4[38;2;92;92;92;48;2;34;34;34m,[48;2;0;0;0m                                                  [0m
[?25h