[?25l[0m[7m[38;2;252;252;252m [0m[38;2;0;0;0;48;2;252;252;252m                                  [38;2;253;253;253m~[38;2;249;249;249m_[38;2;248;248;248;48;2;251;251;251m_[38;2;247;247;247;48;2;250;250;250m_[38;2;248;248;248;48;2;246;246;246mF[38;2;242;242;242;48;2;241;241;241mF[48;2;238;238;238m [48;2;240;240;240m4[38;2;246;246;246;48;2;248;248;248mL[48;2;251;251;251m [48;2;252;252;252m                                                           [38;2;252;252;252;48;2;251;251;251m:[38;2;239;239;239;48;2;241;241;241my[38;2;224;224;224;48;2;220;220;220mF[38;2;200;200;200;48;2;198;198;198ml[38;2;183;183;183;48;2;180;180;180mL[38;2;175;175;175;48;2;174;174;174m_[38;2;176;176;176;48;2;175;175;175my[38;2;179;179;179;48;2;180;180;180mF[38;2;184;184;184;48;2;183;183;183ma[38;2;188;188;188;48;2;186;186;186mg[38;2;199;199;199;48;2;195;195;195my[38;2;218;218;218;48;2;210;210;210m_[38;2;222;222;222;48;2;229;229;229m~[38;2;241;241;241;48;2;244;244;244m^[48;2;251;251;251m [48;2;252;252;252m [0m
[7m[38;2;252;252;252m [0m[38;2;0;0;0;48;2;252;252;252m                                  [48;2;251;251;251m [38;2;249;249;249;48;2;248;248;248mL[38;2;246;246;246;48;2;243;243;243m~[38;2;244;244;244;48;2;240;240;240m~[38;2;242;242;242;48;2;237;237;237m~[38;2;238;238;238;48;2;234;234;234m~[38;2;235;235;235;48;2;233;233;233m~[38;2;238;238;238;48;2;237;237;237m4[38;2;245;245;245;48;2;246;246;246mF[38;2;252;252;252;48;2;251;251;251m:[48;2;252;252;252m                                      [48;2;251;251;251m:.:[48;2;252;252;252m                  [38;2;253;253;253m:[38;2;240;240;240;48;2;243;243;243m`[38;2;226;226;226;48;2;221;221;221mL[38;2;199;199;199;48;2;198;198;198m$[38;2;182;182;182;48;2;184;184;184m4[38;2;184;184;184;48;2;179;179;179m__[38;2;183;183;183;48;2;182;182;182m,[48;2;184;184;184m [38;2;193;193;193;48;2;191;191;191my[38;2;212;212;212;48;2;207;207;207m_[38;2;220;220;220;48;2;227;227;227m~[38;2;235;235;235;48;2;241;241;241m~[38;2;246;246;246;48;2;249;249;249m~[38;2;252;252;252;48;2;251;251;251m.[48;2;252;252;252m [0m
[7m[38;2;252;252;252m [0m[38;2;0;0;0;48;2;252;252;252m                                  [38;2;252;252;252;48;2;251;251;251m:[38;2;250;250;250;48;2;249;249;249m|[38;2;243;243;243;48;2;242;242;242m|[48;2;236;236;236m [38;2;235;235;235;48;2;234;234;234m_[38;2;234;234;234;48;2;232;232;232m_[38;2;233;233;233m_[48;2;237;237;237m [38;2;245;245;245;48;2;246;246;246mL[38;2;252;252;252;48;2;251;251;251m:[48;2;252;252;252m                                     [48;2;251;251;251m`[38;2;243;243;243;48;2;247;247;247my[38;2;249;249;249;48;2;243;243;243m~[38;2;247;247;247;48;2;249;249;249mL[38;2;252;252;252;48;2;251;251;251m.[48;2;252;252;252m                 [38;2;253;253;253m=[38;2;252;252;252;48;2;248;248;248m.[38;2;228;228;228;48;2;233;233;233m4[38;2;219;219;219;48;2;208;208;208m_[38;2;201;201;201;48;2;193;193;193m_[38;2;194;194;194;48;2;188;188;188m_[48;2;187;187;187m_[38;2;195;195;195;48;2;188;188;188m_[38;2;199;199;199;48;2;190;190;190m_[38;2;209;209;209;48;2;201;201;201m_[38;2;216;216;216;48;2;222;222;222mF[38;2;233;233;233;48;2;239;239;239m~[38;2;246;246;246;48;2;249;249;249m~[38;2;252;252;252;48;2;251;251;251m:[48;2;252;252;252m  [0m
[7m[38;2;252;252;252m [0m[38;2;0;0;0;48;2;252;252;252m                                  [48;2;250;250;250m [38;2;247;247;247;48;2;246;246;246mF[38;2;240;240;240;48;2;241;241;241m4[38;2;242;242;242;48;2;238;238;238m_[38;2;245;245;245;48;2;239;239;239m_[38;2;243;243;243;48;2;238;238;238m_[38;2;240;240;240;48;2;236;236;236m_[38;2;241;241;241;48;2;238;238;238m_[48;2;247;247;247m [38;2;252;252;252;48;2;251;251;251m:[48;2;252;252;252m                                     [48;2;250;250;250m.[38;2;248;248;248;48;2;244;244;244m_[48;2;243;243;243m_[38;2;247;247;247;48;2;249;249;249m~[38;2;252;252;252;48;2;251;251;251m.[48;2;252;252;252m                 [48;2;251;251;251m: [38;2;244;244;244;48;2;248;248;248m"[38;2;225;225;225;48;2;232;232;232m~[38;2;221;221;221;48;2;213;213;213my[38;2;216;216;216;48;2;205;205;205m_[38;2;212;212;212my[38;2;217;217;217;48;2;209;209;209my[38;2;225;225;225;48;2;215;215;215my[38;2;215;215;215;48;2;228;228;228m~[38;2;231;231;231;48;2;241;241;241m~[38;2;245;245;245;48;2;249;249;249m`[48;2;251;251;251m [48;2;252;252;252m   [0m
[7m[38;2;252;252;252m [0m[38;2;0;0;0;48;2;252;252;252m                                  [38;2;252;252;252;48;2;250;250;250m.[38;2;251;251;251;48;2;247;247;247m_[38;2;250;250;250;48;2;245;245;245m_[38;2;245;245;245;48;2;248;248;248m~[38;2;248;248;248;48;2;250;250;250m~[38;2;246;246;246;48;2;249;249;249m~[38;2;249;249;249;48;2;245;245;245my[38;2;243;243;243;48;2;247;247;247m~[38;2;251;251;251;48;2;250;250;250m.[38;2;252;252;252;48;2;251;251;251m:[48;2;252;252;252m                                      [48;2;251;251;251m  :[48;2;252;252;252m                    [48;2;251;251;251m:[38;2;243;243;243;48;2;247;247;247m~[38;2;240;240;240;48;2;234;234;234my[38;2;220;220;220;48;2;229;229;229m~~[38;2;239;239;239;48;2;232;232;232my[38;2;234;234;234;48;2;242;242;242m~[38;2;242;242;242;48;2;248;248;248m~[38;2;248;248;248;48;2;250;250;250m~[38;2;251;251;251my[48;2;251;251;251m [48;2;252;252;252m   [0m
[7m[38;2;252;252;252m [0m[38;2;0;0;0;48;2;252;252;252m                                   [38;2;252;252;252;48;2;251;251;251m:.:[48;2;252;252;252m                                                                    [48;2;251;251;251m [38;2;245;245;245;48;2;248;248;248m~[38;2;240;240;240;48;2;246;246;246m~[38;2;241;241;241;48;2;247;247;247m~[38;2;245;245;245;48;2;249;249;249m~[38;2;250;250;250;48;2;251;251;251m`[48;2;252;252;252m       [0m
[7m[38;2;252;252;252m [0m[38;2;0;0;0;48;2;252;252;252m                                                                                                                       [0m
[7m[38;2;252;252;252m [0m[38;2;0;0;0;48;2;252;252;252m                                                                                                                       [0m
[7m[38;2;252;252;252m [0m[38;2;0;0;0;48;2;252;252;252m                                                                                                                       [0m
[7m[38;2;252;252;252m [0m[38;2;0;0;0;48;2;252;252;252m                                                                                                                       [0m
[7m[38;2;252;252;252m [0m[38;2;0;0;0;48;2;252;252;252m                                                                                                                       [0m
[7m[38;2;252;252;252m [0m[38;2;0;0;0;48;2;252;252;252m                                                                                                                       [0m
[7m[38;2;252;252;252m [0m[38;2;0;0;0;48;2;252;252;252m                                                                                                                      [38;2;252;252;252;48;2;251;251;251m:[0m
[7m[38;2;252;252;252m [0m[38;2;0;0;0;48;2;252;252;252m                                                                                                                     [38;2;249;249;249;48;2;251;251;251m_[38;2;235;235;235;48;2;245;245;245m_[0m
[7m[38;2;252;252;252m [0m[38;2;0;0;0;48;2;252;252;252m                                                                                                               [38;2;252;252;252;48;2;251;251;251m:[38;2;248;248;248m_[38;2;245;245;245;48;2;250;250;250m_[38;2;244;244;244m_[38;2;243;243;243;48;2;249;249;249m_[38;2;236;236;236;48;2;246;246;246m_[38;2;223;223;223;48;2;237;237;237m_[38;2;232;232;232;48;2;217;217;217m~[0m
[7m[38;2;252;252;252m [0m[38;2;0;0;0;48;2;252;252;252m                                                                                                               [48;2;251;251;251m [38;2;245;245;245;48;2;246;246;246ma[38;2;242;242;242;48;2;238;238;238m~[38;2;240;240;240;48;2;234;234;234m~[38;2;225;225;225;48;2;232;232;232my[38;2;212;212;212;48;2;221;221;221my[38;2;217;217;217;48;2;202;202;202m~[38;2;200;200;200;48;2;187;187;187m~[0m
[7m[38;2;252;252;252m [0m[38;2;0;0;0;48;2;252;252;252m                                                                                                               [38;2;252;252;252;48;2;251;251;251m:[38;2;246;246;246;48;2;247;247;247m4[38;2;240;240;240;48;2;238;238;238mL[38;2;227;227;227;48;2;229;229;229my[38;2;212;212;212;48;2;216;216;216my[38;2;205;205;205;48;2;197;197;197m~[38;2;188;188;188;48;2;181;181;181m~[38;2;176;176;176;48;2;170;170;170m~[0m
[7m[38;2;252;252;252m [0m[38;2;0;0;0;48;2;252;252;252m                                                                                                               [38;2;252;252;252;48;2;251;251;251m:[38;2;251;251;251;48;2;250;250;250m_[38;2;243;243;243;48;2;240;240;240mL[38;2;227;227;227;48;2;225;225;225mF[38;2;211;211;211;48;2;209;209;209mF[38;2;191;191;191;48;2;194;194;194m4[38;2;181;181;181;48;2;177;177;177mL[38;2;168;168;168;48;2;166;166;166mL[0m
[7m[38;2;252;252;252m [0m[38;2;0;0;0;48;2;252;252;252m                                                                                                                [38;2;252;252;252;48;2;251;251;251m.[38;2;244;244;244;48;2;247;247;247m"[38;2;238;238;238;48;2;232;232;232mL[38;2;222;222;222;48;2;215;215;215m_[38;2;205;205;205;48;2;201;201;201mL[38;2;190;190;190;48;2;186;186;186mL[38;2;177;177;177;48;2;173;173;173mL[0m
[7m[38;2;252;252;252m [0m[38;2;0;0;0;48;2;252;252;252m                                                                                                                  [38;2;243;243;243;48;2;247;247;247m"[38;2;235;235;235;48;2;229;229;229mL[38;2;220;220;220;48;2;212;212;212m_[38;2;206;206;206;48;2;198;198;198m_[38;2;193;193;193;48;2;185;185;185m_[0m
[7m[38;2;252;252;252m [0m[38;2;0;0;0;48;2;252;252;252m                                                                                                                  [38;2;250;250;250;48;2;251;251;251m`[38;2;239;239;239;48;2;246;246;246m"[38;2;243;243;243;48;2;233;233;233my[38;2;237;237;237;48;2;221;221;221m_[38;2;214;214;214;48;2;206;206;206my[0m
[7m[38;2;252;252;252m [0m[38;2;0;0;0;48;2;252;252;252m                                                                                                                     [38;2;241;241;241;48;2;247;247;247m"[38;2;225;225;225;48;2;238;238;238m~[0m
[38;2;252;252;252;48;2;251;251;251m:[48;2;252;252;252m                                                                                                                     [48;2;251;251;251m [38;2;249;249;249m~[0m
[38;2;231;231;231;48;2;244;244;244m_[38;2;248;248;248;48;2;251;251;251m_[38;2;252;252;252m.[48;2;252;252;252m                                                                                                                     [0m
[38;2;226;226;226;48;2;219;219;219m~[38;2;234;234;234;48;2;240;240;240mL[48;2;250;250;250m [48;2;252;252;252m                                                                                                                     [0m
[38;2;204;204;204;48;2;198;198;198m~[38;2;227;227;227;48;2;222;222;222m~[38;2;241;241;241;48;2;245;245;245mL[38;2;250;250;250;48;2;252;252;252m_                                                                                                                    [0m
[38;2;208;208;208;48;2;200;200;200m_[38;2;217;217;217;48;2;222;222;222mF[38;2;239;239;239;48;2;241;241;241m$[48;2;250;250;250m [38;2;252;252;252;48;2;251;251;251m:[48;2;252;252;252m                                                                                                                   [0m
[38;2;212;212;212;48;2;229;229;229m~[38;2;230;230;230;48;2;241;241;241m~[38;2;246;246;246;48;2;250;250;250m~[48;2;252;252;252m                                                                                                                     [0m
[38;2;247;247;247;48;2;250;250;250m~[38;2;250;250;250;48;2;251;251;251m`[48;2;252;252;252m                                                                                                                      [0m
[7m[38;2;252;252;252m [0m[38;2;0;0;0;48;2;252;252;252m                                                                                                                       [0m
[38;2;247;247;247;48;2;250;250;250m_[48;2;251;251;251m [48;2;252;252;252m                                                                                                                      [0m
[38;2;245;245;245;48;2;242;242;242m~[38;2;247;247;247;48;2;248;248;248mL[38;2;252;252;252;48;2;251;251;251m.[48;2;252;252;252m                                                                                                                     [0m
[38;2;220;220;220;48;2;232;232;232m_[38;2;233;233;233;48;2;242;242;242m_[38;2;239;239;239;48;2;247;247;247m__[38;2;236;236;236;48;2;245;245;245m_[38;2;235;235;235;48;2;246;246;246m_[38;2;240;240;240;48;2;249;249;249m_[38;2;244;244;244;48;2;250;250;250m_[38;2;248;248;248;48;2;251;251;251m_[38;2;250;250;250m_[38;2;252;252;252m.[48;2;252;252;252m                                                        [48;2;251;251;251m:[38;2;248;248;248m_[38;2;243;243;243;48;2;250;250;250m_[38;2;238;238;238;48;2;249;249;249m_[38;2;240;240;240m_[38;2;246;246;246;48;2;251;251;251m_[38;2;252;252;252m:[48;2;252;252;252m                                              [0m
[38;2;204;204;204;48;2;210;210;210my[38;2;227;227;227;48;2;220;220;220m~[38;2;223;223;223;48;2;229;229;229my[38;2;224;224;224;48;2;230;230;230my[38;2;232;232;232;48;2;224;224;224m~[38;2;229;229;229;48;2;219;219;219m~[38;2;212;212;212;48;2;223;223;223my[38;2;205;205;205;48;2;227;227;227m_[38;2;213;213;213;48;2;233;233;233m_[38;2;223;223;223;48;2;239;239;239m_[38;2;235;235;235;48;2;245;245;245m_[38;2;246;246;246;48;2;250;250;250m_[38;2;250;250;250;48;2;251;251;251m_[38;2;252;252;252m:[48;2;252;252;252m                                                 [48;2;251;251;251m:[38;2;250;250;250m_[38;2;244;244;244;48;2;250;250;250m_[38;2;228;228;228;48;2;243;243;243m_[38;2;201;201;201;48;2;230;230;230m_[38;2;197;197;197;48;2;220;220;220my[38;2;234;234;234;48;2;205;205;205m~[38;2;229;229;229;48;2;207;207;207m~[38;2;208;208;208;48;2;223;223;223m=[38;2;230;230;230;48;2;239;239;239m=[38;2;244;244;244;48;2;248;248;248m+[48;2;250;250;250m [48;2;251;251;251m [48;2;252;252;252m                                            [0m
[38;2;200;200;200;48;2;201;201;201m$[38;2;214;214;214;48;2;213;213;213m4[48;2;219;219;219m [38;2;220;220;220;48;2;221;221;221mJ[38;2;219;219;219;48;2;217;217;217m_[38;2;214;214;214;48;2;212;212;212m_[38;2;203;203;203;48;2;205;205;205m4[38;2;195;195;195;48;2;198;198;198ma[38;2;205;205;205;48;2;194;194;194m~[38;2;215;215;215;48;2;200;200;200m~[38;2;205;205;205;48;2;217;217;217my[38;2;218;218;218;48;2;231;231;231m_[38;2;241;241;241;48;2;245;245;245mw[38;2;252;252;252;48;2;251;251;251m.:[48;2;252;252;252m                                               [48;2;251;251;251m [48;2;249;249;249m`[38;2;237;237;237;48;2;242;242;242ma[38;2;229;229;229;48;2;234;234;234m4[38;2;244;244;244;48;2;223;223;223m_[38;2;243;243;243;48;2;220;220;220my[38;2;201;201;201;48;2;233;233;233m~[38;2;212;212;212;48;2;241;241;241m~[38;2;225;225;225;48;2;247;247;247m~[38;2;239;239;239;48;2;251;251;251m~[38;2;249;249;249;48;2;252;252;252m~[38;2;252;252;252;48;2;251;251;251m:[48;2;252;252;252m                                             [38;2;245;245;245;48;2;250;250;250m_[0m
[38;2;192;192;192;48;2;197;197;197m_[38;2;202;202;202;48;2;208;208;208m_[38;2;208;208;208;48;2;215;215;215m_[38;2;212;212;212;48;2;219;219;219m_[38;2;219;219;219;48;2;217;217;217mF[48;2;215;215;215m [38;2;208;208;208;48;2;211;211;211m`[38;2;199;199;199;48;2;204;204;204m~[38;2;204;204;204;48;2;195;195;195m_[38;2;200;200;200;48;2;191;191;191m_[38;2;206;206;206;48;2;197;197;197m_[38;2;211;211;211;48;2;218;218;218mF[38;2;239;239;239;48;2;240;240;240ml[48;2;250;250;250m [38;2;252;252;252;48;2;251;251;251m:[48;2;252;252;252m                                              [48;2;251;251;251m:_[38;2;249;249;249m~[38;2;245;245;245;48;2;250;250;250m`[38;2;246;246;246;48;2;251;251;251m`[38;2;248;248;248m`[38;2;252;252;252m:[38;2;253;253;253;48;2;252;252;252m``~[38;2;254;254;254m~[38;2;253;253;253m`      [38;2;252;252;252;48;2;251;251;251m:~ [48;2;252;252;252m                                  [38;2;250;250;250;48;2;251;251;251m_[38;2;240;240;240;48;2;249;249;249m_[38;2;217;217;217;48;2;240;240;240m_[38;2;199;199;199;48;2;227;227;227m_[0m
[?25h