[?25l[0m[7m[38;2;0;0;0m [0m[38;2;0;0;0;48;2;0;0;0m                     [38;2;14;14;14;48;2;4;4;4m`[38;2;50;50;50;48;2;15;15;15m~[38;2;67;67;67;48;2;19;19;19m~[38;2;0;0;0;48;2;1;1;1m:[48;2;0;0;0m         [38;2;23;23;23m_[38;2;72;72;72;48;2;2;2;2m_[38;2;66;66;66m_[38;2;0;0;0;48;2;1;1;1m:[48;2;0;0;0m                                                                                 [0m
[7m[38;2;0;0;0m [0m[38;2;0;0;0;48;2;0;0;0m                                [38;2;29;29;29;48;2;4;4;4m_[38;2;123;123;123;48;2;38;38;38m_[38;2;44;44;44;48;2;143;143;143m~[38;2;135;135;135;48;2;212;212;212m~[38;2;130;130;130;48;2;200;200;200m~[38;2;163;163;163;48;2;87;87;87my[38;2;81;81;81;48;2;20;20;20m_[38;2;0;0;0;48;2;2;2;2m`[38;2;1;1;1;48;2;0;0;0m_                                                                              [0m
[7m[38;2;0;0;0m [0m[38;2;0;0;0;48;2;0;0;0m                         [38;2;7;7;7m_[38;2;35;35;35;48;2;1;1;1m_[38;2;61;61;61;48;2;2;2;2m_[38;2;75;75;75m_[38;2;87;87;87;48;2;4;4;4m_[38;2;96;96;96;48;2;8;8;8m_[38;2;133;133;133;48;2;35;35;35m_[38;2;48;48;48;48;2;141;141;141m~[38;2;160;160;160;48;2;225;225;225m"[38;2;252;252;252;48;2;250;250;250m'[38;2;249;249;249;48;2;251;251;251m"[38;2;251;251;251;48;2;250;250;250m_[38;2;235;235;235;48;2;244;244;244m`[38;2;131;131;131;48;2;200;200;200m~[38;2;177;177;177;48;2;73;73;73m_[38;2;110;110;110;48;2;19;19;19m_[38;2;100;100;100;48;2;11;11;11m_[38;2;89;89;89;48;2;5;5;5m_[38;2;70;70;70;48;2;2;2;2m_[38;2;42;42;42;48;2;1;1;1m_[38;2;6;6;6m,[48;2;0;0;0m [38;2;1;1;1m_                                                             [38;2;0;0;0;48;2;20;20;20m`[38;2;170;170;170;48;2;93;93;93my[38;2;148;148;148;48;2;82;82;82my[38;2;77;77;77;48;2;25;25;25m_[48;2;0;0;0m      [0m
[7m[38;2;0;0;0m [0m[38;2;0;0;0;48;2;0;0;0m                     [38;2;32;32;32;48;2;3;3;3m_[38;2;121;121;121;48;2;20;20;20m_[38;2;206;206;206;48;2;60;60;60m_[38;2;3;3;3;48;2;134;134;134m~[38;2;30;30;30;48;2;170;170;170m~[38;2;80;80;80;48;2;193;193;193m~[38;2;128;128;128;48;2;211;211;211m~[38;2;155;155;155;48;2;223;223;223m~[38;2;175;175;175;48;2;231;231;231m~[38;2;188;188;188;48;2;238;238;238m~[38;2;187;187;187;48;2;242;242;242m`[38;2;232;232;232;48;2;249;249;249m`[38;2;252;252;252;48;2;251;251;251m`.[48;2;252;252;252m [48;2;251;251;251m:[38;2;249;249;249m`[38;2;247;247;247;48;2;250;250;250m`[38;2;209;209;209;48;2;245;245;245m`[38;2;177;177;177;48;2;240;240;240m`[38;2;169;169;169;48;2;236;236;236m`[38;2;181;181;181;48;2;232;232;232m~[38;2;149;149;149;48;2;218;218;218m~[38;2;97;97;97;48;2;196;196;196m~[38;2;44;44;44;48;2;174;174;174m~[38;2;4;4;4;48;2;136;136;136m~[38;2;206;206;206;48;2;67;67;67m_[38;2;150;150;150;48;2;25;25;25m_[38;2;41;41;41;48;2;8;8;8m,[38;2;1;1;1;48;2;0;0;0m.                                                          [38;2;19;19;19;48;2;4;4;4m`[38;2;136;136;136;48;2;50;50;50m~[38;2;147;147;147;48;2;56;56;56m~[38;2;72;72;72;48;2;26;26;26m~[48;2;0;0;0m      [0m
[7m[38;2;0;0;0m [0m[38;2;0;0;0;48;2;0;0;0m                  [38;2;2;2;2m_[38;2;68;68;68;48;2;16;16;16m_[38;2;178;178;178;48;2;73;73;73m_[38;2;65;65;65;48;2;177;177;177m~[38;2;165;165;165;48;2;227;227;227m"[38;2;242;242;242;48;2;249;249;249m`[38;2;249;249;249;48;2;251;251;251m=[38;2;252;252;252m~[38;2;250;250;250m~~  [38;2;252;252;252m:[48;2;252;252;252m         [48;2;251;251;251m   [38;2;250;250;250m"~ `[38;2;242;242;242;48;2;248;248;248m`[38;2;193;193;193;48;2;235;235;235m"[38;2;109;109;109;48;2;207;207;207m~[38;2;195;195;195;48;2;105;105;105my[38;2;144;144;144;48;2;46;46;46m_[38;2;34;34;34;48;2;10;10;10m,[48;2;0;0;0m                                                                  [0m
[7m[38;2;0;0;0m [0m[38;2;0;0;0;48;2;0;0;0m                 [38;2;23;23;23;48;2;2;2;2m_[38;2;106;106;106;48;2;52;52;52my[38;2;99;99;99;48;2;183;183;183m~[38;2;217;217;217;48;2;246;246;246m~[38;2;253;253;253;48;2;251;251;251m` [38;2;252;252;252m:[48;2;252;252;252m                       [48;2;251;251;251m:[38;2;250;250;250m` [38;2;252;252;252;48;2;250;250;250m'[38;2;186;186;186;48;2;236;236;236m`[38;2;101;101;101;48;2;186;186;186m~[38;2;177;177;177;48;2;66;66;66m_[38;2;48;48;48;48;2;12;12;12m,[38;2;1;1;1;48;2;0;0;0m.                                                               [0m
[7m[38;2;0;0;0m [0m[38;2;0;0;0;48;2;0;0;0m                [38;2;4;4;4;48;2;2;2;2m.[38;2;112;112;112;48;2;72;72;72my[38;2;143;143;143;48;2;203;203;203m~[38;2;249;249;249;48;2;251;251;251m`[38;2;251;251;251;48;2;250;250;250m_[48;2;252;252;252m                             [38;2;252;252;252;48;2;251;251;251m: [38;2;253;253;253;48;2;249;249;249m'[38;2;208;208;208;48;2;235;235;235m`[38;2;84;84;84;48;2;161;161;161m~[38;2;92;92;92;48;2;39;39;39m,[38;2;0;0;0;48;2;2;2;2m`[48;2;0;0;0m                                                              [0m
[7m[38;2;0;0;0m [0m[38;2;0;0;0;48;2;0;0;0m                [38;2;74;74;74;48;2;44;44;44my[38;2;136;136;136;48;2;173;173;173mF[38;2;253;253;253;48;2;249;249;249m:[38;2;252;252;252;48;2;250;250;250m~[48;2;252;252;252m                                [48;2;251;251;251m:_[38;2;253;253;253;48;2;244;244;244m:[38;2;138;138;138;48;2;184;184;184m~[38;2;79;79;79;48;2;41;41;41mL[38;2;0;0;0;48;2;1;1;1m`[48;2;0;0;0m                                                             [0m
[7m[38;2;0;0;0m [0m[38;2;0;0;0;48;2;0;0;0m               [48;2;1;1;1m`[38;2;68;68;68;48;2;117;117;117mF[38;2;213;213;213;48;2;226;226;226m^[38;2;253;253;253;48;2;252;252;252m:[48;2;251;251;251m [48;2;252;252;252m                                 [38;2;252;252;252;48;2;251;251;251m:[48;2;250;250;250m [38;2;254;254;254;48;2;239;239;239m:[38;2;161;161;161;48;2;123;123;123mL[38;2;40;40;40;48;2;23;23;23mr[48;2;0;0;0m                                  [38;2;0;0;0;48;2;7;7;7m`[38;2;13;13;13;48;2;70;70;70m~[38;2;14;14;14;48;2;78;78;78m~[38;2;62;62;62;48;2;27;27;27m_[48;2;0;0;0m                       [0m
[7m[38;2;0;0;0m [0m[38;2;0;0;0;48;2;0;0;0m               [38;2;7;7;7;48;2;5;5;5m4[38;2;76;76;76;48;2;130;130;130mL[38;2;238;238;238;48;2;239;239;239m'[38;2;252;252;252;48;2;253;253;253mW[48;2;251;251;251m [48;2;252;252;252m                                 [48;2;251;251;251m:[38;2;250;250;250mI[38;2;254;254;254;48;2;245;245;245m:[38;2;187;187;187;48;2;176;176;176m$[38;2;69;69;69;48;2;38;38;38mL[38;2;1;1;1;48;2;0;0;0m`                                 [38;2;0;0;0;48;2;1;1;1m:[38;2;69;69;69;48;2;14;14;14m~[38;2;91;91;91;48;2;18;18;18m~[38;2;58;58;58;48;2;10;10;10m`[48;2;0;0;0m                       [0m
[7m[38;2;0;0;0m [0m[38;2;0;0;0;48;2;0;0;0m             [38;2;1;1;1m=[38;2;0;0;0;48;2;2;2;2m`[38;2;75;75;75;48;2;20;20;20m_[38;2;91;91;91;48;2;136;136;136mF[38;2;206;206;206;48;2;229;229;229m+[38;2;253;253;253;48;2;252;252;252m:[48;2;251;251;251m [48;2;252;252;252m                                [38;2;252;252;252;48;2;251;251;251m: [38;2;253;253;253;48;2;249;249;249m.[38;2;202;202;202;48;2;232;232;232m_[38;2;47;47;47;48;2;119;119;119m_[38;2;41;41;41;48;2;17;17;17m~[38;2;1;1;1;48;2;0;0;0m~                                                            [0m
[7m[38;2;0;0;0m [0m[38;2;0;0;0;48;2;0;0;0m       [38;2;13;13;13;48;2;1;1;1m_[38;2;112;112;112;48;2;18;18;18m_[38;2;182;182;182;48;2;36;36;36m_[38;2;181;181;181m_[38;2;194;194;194;48;2;60;60;60m_[38;2;31;31;31;48;2;144;144;144m~[38;2;89;89;89;48;2;189;189;189m~[38;2;136;136;136;48;2;215;215;215m~[38;2;175;175;175;48;2;235;235;235m~[38;2;214;214;214;48;2;245;245;245m~[38;2;248;248;248;48;2;251;251;251m`[48;2;252;252;252m                                  [38;2;252;252;252;48;2;251;251;251m:_[38;2;254;254;254;48;2;249;249;249m'[38;2;253;253;253;48;2;214;214;214m.[38;2;110;110;110;48;2;64;64;64mL[38;2;26;26;26;48;2;5;5;5m,[38;2;1;1;1;48;2;0;0;0m,                                                            [0m
[38;2;48;48;48;48;2;13;13;13m_[48;2;0;0;0m       [38;2;22;22;22;48;2;7;7;7m"[38;2;47;47;47;48;2;119;119;119m_[38;2;167;167;167;48;2;222;222;222m_[38;2;225;225;225;48;2;249;249;249m`[38;2;228;228;228;48;2;248;248;248m`[38;2;244;244;244;48;2;250;250;250m`[38;2;249;249;249;48;2;251;251;251m~[38;2;250;250;250m~[38;2;252;252;252m:[48;2;252;252;252m                                     [48;2;251;251;251m:[38;2;250;250;250m~[38;2;254;254;254;48;2;248;248;248m'[38;2;161;161;161;48;2;216;216;216m~[38;2;186;186;186;48;2;89;89;89m_[38;2;62;62;62;48;2;15;15;15m,[38;2;1;1;1;48;2;0;0;0m*                                                           [0m
[38;2;36;36;36;48;2;6;6;6m~[48;2;0;0;0m        [38;2;32;32;32;48;2;6;6;6m`[38;2;77;77;77;48;2;113;113;113mL[38;2;172;172;172;48;2;214;214;214m_[38;2;213;213;213;48;2;249;249;249m_[38;2;232;232;232m_[38;2;250;250;250;48;2;251;251;251m_w [38;2;252;252;252m:.[48;2;252;252;252m                                   [48;2;251;251;251m: [48;2;250;250;250m:[38;2;199;199;199;48;2;242;242;242m_[38;2;97;97;97;48;2;190;190;190m_[38;2;90;90;90;48;2;51;51;51mF[38;2;0;0;0;48;2;4;4;4m`[48;2;0;0;0m      [38;2;4;4;4m_[38;2;1;1;1m,                                                   [0m
[7m[38;2;0;0;0m [0m[38;2;0;0;0;48;2;0;0;0m         [38;2;70;70;70;48;2;16;16;16m`[38;2;103;103;103;48;2;35;35;35m~[38;2;144;144;144;48;2;52;52;52m~[38;2;23;23;23;48;2;113;113;113my[38;2;55;55;55;48;2;152;152;152my[38;2;43;43;43;48;2;177;177;177m_[38;2;74;74;74;48;2;211;211;211m_[38;2;103;103;103;48;2;229;229;229m_[38;2;161;161;161;48;2;238;238;238m_[38;2;231;231;231;48;2;248;248;248m_[38;2;251;251;251;48;2;252;252;252m-[38;2;252;252;252;48;2;251;251;251m:[48;2;252;252;252m                                [48;2;251;251;251m:[38;2;249;249;249;48;2;250;250;250m:[38;2;254;254;254;48;2;241;241;241m:[38;2;132;132;132;48;2;158;158;158m4[38;2;52;52;52;48;2;35;35;35mL[38;2;2;2;2;48;2;1;1;1m`[48;2;0;0;0m     [38;2;0;0;0;48;2;11;11;11m:[38;2;89;89;89;48;2;46;46;46ma[38;2;120;120;120;48;2;65;65;65ma[38;2;61;61;61;48;2;29;29;29mr[38;2;0;0;0;48;2;3;3;3m`[48;2;0;0;0m                                                  [0m
[7m[38;2;0;0;0m [0m[38;2;0;0;0;48;2;0;0;0m          [38;2;1;1;1m``   [38;2;8;8;8;48;2;1;1;1m`[38;2;41;41;41;48;2;10;10;10m~[38;2;56;56;56;48;2;109;109;109mr[38;2;196;196;196;48;2;214;214;214mF[38;2;253;253;253;48;2;251;251;251m:[38;2;250;250;250mK[48;2;252;252;252m                                [38;2;252;252;252;48;2;251;251;251m: [38;2;254;254;254;48;2;247;247;247m:[38;2;186;186;186;48;2;201;201;201m~[38;2;83;83;83;48;2;46;46;46mL[48;2;0;0;0m       [38;2;16;16;16;48;2;3;3;3m~[38;2;10;10;10;48;2;2;2;2m"[48;2;0;0;0m                                                    [0m
[7m[38;2;0;0;0m [0m[38;2;0;0;0;48;2;0;0;0m                [38;2;20;20;20;48;2;8;8;8m_[38;2;87;87;87;48;2;135;135;135mF[38;2;228;228;228;48;2;242;242;242m~[38;2;253;253;253;48;2;252;252;252m:[48;2;251;251;251m [48;2;252;252;252m                                 [38;2;252;252;252;48;2;251;251;251m:[38;2;253;253;253m^[38;2;252;252;252;48;2;234;234;234m:[38;2;135;135;135;48;2;91;91;91mL[38;2;33;33;33;48;2;12;12;12m,[38;2;1;1;1;48;2;0;0;0m_     [38;2;0;0;0;48;2;6;6;6m:[48;2;42;42;42m~[38;2;46;46;46;48;2;24;24;24ma[38;2;0;0;0;48;2;5;5;5m`[48;2;0;0;0m                 [48;2;1;1;1m:[38;2;31;31;31;48;2;14;14;14ma[38;2;0;0;0;48;2;33;33;33m~[38;2;18;18;18;48;2;8;8;8mr[48;2;0;0;0m                             [0m
[7m[38;2;0;0;0m [0m[38;2;0;0;0;48;2;0;0;0m                [38;2;69;69;69;48;2;46;46;46my[38;2;139;139;139;48;2;174;174;174mF[38;2;253;253;253;48;2;250;250;250m` [48;2;252;252;252m                                  [38;2;252;252;252;48;2;251;251;251m:[38;2;250;250;250m`[38;2;254;254;254;48;2;249;249;249m'[38;2;180;180;180;48;2;223;223;223m~[38;2;53;53;53;48;2;131;131;131m~[38;2;82;82;82;48;2;25;25;25m_[38;2;11;11;11;48;2;1;1;1m,[48;2;0;0;0m     [38;2;24;24;24;48;2;5;5;5m~[38;2;18;18;18;48;2;3;3;3m~[38;2;1;1;1;48;2;0;0;0m'                  [38;2;15;15;15;48;2;3;3;3m"[38;2;28;28;28;48;2;5;5;5m~[38;2;10;10;10;48;2;1;1;1m~[48;2;0;0;0m                             [0m
[7m[38;2;0;0;0m [0m[38;2;0;0;0;48;2;0;0;0m               [48;2;4;4;4m`[38;2;66;66;66;48;2;119;119;119mF[38;2;196;196;196;48;2;227;227;227m~[38;2;253;253;253;48;2;252;252;252m:[38;2;250;250;250;48;2;251;251;251m~[48;2;252;252;252m                                    [38;2;252;252;252;48;2;251;251;251m_[38;2;254;254;254;48;2;248;248;248m'[38;2;202;202;202;48;2;214;214;214m"[38;2;93;93;93;48;2;124;124;124m4[38;2;40;40;40;48;2;23;23;23mL[48;2;0;0;0m                                                          [0m
[7m[38;2;0;0;0m [0m[38;2;0;0;0;48;2;0;0;0m               [38;2;88;88;88;48;2;55;55;55my[38;2;147;147;147;48;2;180;180;180m^[38;2;253;253;253;48;2;251;251;251m`[48;2;250;250;250m [48;2;252;252;252m                                    [38;2;252;252;252;48;2;251;251;251m:[38;2;251;251;251;48;2;250;250;250m~[38;2;254;254;254;48;2;242;242;242m:[38;2;131;131;131;48;2;169;169;169m=[38;2;46;46;46;48;2;97;97;97mg[38;2;54;54;54;48;2;29;29;29m~[38;2;0;0;0;48;2;3;3;3m`[48;2;0;0;0m                                                         [0m
[7m[38;2;0;0;0m [0m[38;2;0;0;0;48;2;0;0;0m             [38;2;1;1;1m,[38;2;50;50;50;48;2;20;20;20my[38;2;105;105;105;48;2;152;152;152mF[38;2;227;227;227;48;2;245;245;245m~[38;2;248;248;248;48;2;251;251;251m_[38;2;252;252;252m.[48;2;252;252;252m         [48;2;251;251;251m.   [48;2;252;252;252m                       [48;2;251;251;251m: [38;2;254;254;254;48;2;250;250;250m'[38;2;199;199;199;48;2;222;222;222m"[38;2;115;115;115;48;2;68;68;68mL[38;2;19;19;19;48;2;5;5;5m,[48;2;0;0;0m                                                          [0m
[7m[38;2;0;0;0m [0m[38;2;0;0;0;48;2;0;0;0m            [38;2;1;1;1m,[38;2;54;54;54;48;2;6;6;6m_[38;2;72;72;72;48;2;125;125;125mF[38;2;187;187;187;48;2;219;219;219m~[38;2;161;161;161;48;2;231;231;231m_[38;2;151;151;151;48;2;229;229;229m_[38;2;219;219;219;48;2;249;249;249m_[38;2;239;239;239;48;2;251;251;251m_[38;2;253;253;253;48;2;252;252;252m,[38;2;250;250;250;48;2;251;251;251mL[38;2;252;252;252m:[38;2;247;247;247;48;2;252;252;252m_[38;2;233;233;233;48;2;251;251;251m_[38;2;227;227;227;48;2;250;250;250m_[38;2;230;230;230m_[38;2;222;222;222;48;2;248;248;248m_[38;2;190;190;190;48;2;238;238;238m_[38;2;173;173;173;48;2;230;230;230m_[38;2;208;208;208;48;2;236;236;236my[38;2;224;224;224;48;2;242;242;242m_[38;2;254;254;254;48;2;251;251;251m. [48;2;252;252;252m                 [38;2;252;252;252;48;2;251;251;251m:[38;2;244;244;244;48;2;252;252;252m_[38;2;251;251;251m_.[38;2;254;254;254m.[38;2;236;236;236;48;2;250;250;250m_[38;2;216;216;216;48;2;246;246;246m_[38;2;159;159;159;48;2;226;226;226m_[38;2;104;104;104;48;2;169;169;169m`[38;2;158;158;158;48;2;63;63;63m_[38;2;51;51;51;48;2;12;12;12m,[48;2;0;0;0m                                                         [0m
[7m[38;2;0;0;0m [0m[38;2;0;0;0;48;2;0;0;0m            [38;2;37;37;37;48;2;17;17;17ma[38;2;84;84;84;48;2;106;106;106mL[38;2;86;86;86;48;2;160;160;160m_[38;2;25;25;25;48;2;110;110;110my[38;2;98;98;98;48;2;20;20;20m~[38;2;90;90;90;48;2;21;21;21m"[38;2;144;144;144;48;2;48;48;48m~[38;2;38;38;38;48;2;128;128;128my[38;2;89;89;89;48;2;176;176;176my[38;2;140;140;140;48;2;202;202;202m_[38;2;213;213;213;48;2;233;233;233mw[38;2;198;198;198;48;2;221;221;221m*[38;2;233;233;233;48;2;174;174;174m_[38;2;145;145;145;48;2;183;183;183mF[38;2;173;173;173;48;2;204;204;204mF[38;2;177;177;177;48;2;214;214;214mT[38;2;152;152;152;48;2;216;216;216m~[38;2;169;169;169;48;2;225;225;225m~[38;2;204;204;204;48;2;237;237;237m~[38;2;232;232;232;48;2;247;247;247m~[38;2;254;254;254;48;2;252;252;252m`                 [38;2;253;253;253m`[38;2;252;252;252;48;2;249;249;249m:[38;2;227;227;227;48;2;240;240;240mT[38;2;248;248;248;48;2;241;241;241m`[38;2;199;199;199;48;2;227;227;227m*[38;2;141;141;141;48;2;194;194;194ma[38;2;200;200;200;48;2;106;106;106m~[38;2;139;139;139;48;2;43;43;43m~[38;2;96;96;96;48;2;23;23;23m~[38;2;136;136;136;48;2;71;71;71m~[38;2;93;93;93;48;2;178;178;178m_[38;2;62;62;62;48;2;121;121;121m`[38;2;48;48;48;48;2;23;23;23mL[38;2;1;1;1;48;2;0;0;0mx                                                       [0m
[7m[38;2;0;0;0m [0m[38;2;0;0;0;48;2;0;0;0m            [38;2;28;28;28;48;2;7;7;7m"[38;2;50;50;50;48;2;11;11;11m~[38;2;10;10;10;48;2;2;2;2m`[48;2;0;0;0m [38;2;1;1;1m` [38;2;18;18;18;48;2;3;3;3m_[38;2;108;108;108;48;2;47;47;47my[38;2;64;64;64;48;2;171;171;171m~[38;2;162;162;162;48;2;234;234;234m~[38;2;242;242;242;48;2;248;248;248m`[38;2;253;253;253;48;2;251;251;251m~[38;2;249;249;249m=[38;2;250;250;250;48;2;252;252;252m=[38;2;253;253;253m~`[38;2;250;250;250;48;2;251;251;251m`~[38;2;252;252;252m.[48;2;252;252;252m                     [38;2;253;253;253m`~[38;2;252;252;252;48;2;250;250;250m:[38;2;206;206;206;48;2;240;240;240m"[38;2;150;150;150;48;2;224;224;224m~[38;2;88;88;88;48;2;185;185;185m~[38;2;173;173;173;48;2;86;86;86my[38;2;82;82;82;48;2;23;23;23m,[38;2;31;31;31;48;2;8;8;8m"[38;2;72;72;72;48;2;18;18;18m~[38;2;22;22;22;48;2;4;4;4m~[48;2;0;0;0m       [38;2;0;0;0;48;2;14;14;14m`[38;2;104;104;104;48;2;39;39;39my[38;2;68;68;68;48;2;28;28;28my[38;2;33;33;33;48;2;8;8;8m,[48;2;0;0;0m                                             [0m
[7m[38;2;0;0;0m [0m[38;2;0;0;0;48;2;0;0;0m                  [38;2;20;20;20;48;2;32;32;32mF[38;2;110;110;110;48;2;152;152;152mL[38;2;254;254;254;48;2;250;250;250m.[48;2;251;251;251m [38;2;252;252;252m.[48;2;252;252;252m                                [48;2;251;251;251m.[38;2;250;250;250m`[38;2;254;254;254;48;2;248;248;248m:[38;2;173;173;173;48;2;209;209;209m_[38;2;84;84;84;48;2;49;49;49mF[48;2;0;0;0m          [38;2;27;27;27;48;2;12;12;12m"[38;2;101;101;101;48;2;41;41;41m~[38;2;71;71;71;48;2;25;25;25m~[38;2;17;17;17;48;2;4;4;4m~[48;2;0;0;0m                                             [0m
[7m[38;2;0;0;0m [0m[38;2;0;0;0;48;2;0;0;0m                 [38;2;1;1;1m:[38;2;37;37;37;48;2;47;47;47m[[38;2;132;132;132;48;2;166;166;166mF[38;2;253;253;253;48;2;250;250;250m: [48;2;252;252;252m                                 [38;2;252;252;252;48;2;251;251;251m:[38;2;249;249;249m`[38;2;254;254;254;48;2;249;249;249m'[38;2;176;176;176;48;2;224;224;224m"[38;2;149;149;149;48;2;96;96;96my[38;2;65;65;65;48;2;18;18;18m,[48;2;0;0;0m                                                          [0m
[7m[38;2;0;0;0m [0m[38;2;0;0;0;48;2;0;0;0m                 [38;2;1;1;1;48;2;2;2;2m`[38;2;53;53;53;48;2;105;105;105mF[38;2;176;176;176;48;2;215;215;215m~[38;2;253;253;253;48;2;251;251;251m:[38;2;250;250;250m~[48;2;252;252;252m                                  [38;2;252;252;252;48;2;251;251;251m:[38;2;250;250;250m`[38;2;254;254;254;48;2;250;250;250m'[38;2;208;208;208;48;2;232;232;232m`[38;2;149;149;149;48;2;98;98;98mL[38;2;54;54;54;48;2;16;16;16m,[38;2;1;1;1;48;2;0;0;0m_                                                        [0m
[7m[38;2;0;0;0m [0m[38;2;0;0;0;48;2;0;0;0m               [38;2;1;1;1m.[38;2;52;52;52;48;2;16;16;16my[38;2;146;146;146;48;2;79;79;79my[38;2;144;144;144;48;2;196;196;196m^[38;2;251;251;251;48;2;249;249;249m:[38;2;253;253;253;48;2;251;251;251m`[38;2;252;252;252m:[48;2;252;252;252m                                   [48;2;251;251;251m:[38;2;250;250;250m"[38;2;254;254;254;48;2;248;248;248m'[38;2;185;185;185;48;2;211;211;211m~[38;2;97;97;97;48;2;57;57;57mL[38;2;57;57;57;48;2;3;3;3m_[38;2;72;72;72m_[38;2;17;17;17;48;2;2;2;2m,[48;2;0;0;0m                                                      [0m
[7m[38;2;0;0;0m [0m[38;2;0;0;0;48;2;0;0;0m               [38;2;11;11;11;48;2;2;2;2m_[38;2;50;50;50;48;2;90;90;90mF[38;2;178;178;178;48;2;199;199;199mF[38;2;253;253;253;48;2;251;251;251m:[48;2;250;250;250m [48;2;252;252;252m                                       [38;2;252;252;252;48;2;251;251;251m:[38;2;253;253;253;48;2;246;246;246m'[38;2;131;131;131;48;2;207;207;207m~[38;2;110;110;110;48;2;192;192;192m~[38;2;82;82;82;48;2;132;132;132m_[38;2;46;46;46;48;2;29;29;29m^[48;2;0;0;0m                                                      [0m
[7m[38;2;0;0;0m [0m[38;2;0;0;0;48;2;0;0;0m               [38;2;70;70;70;48;2;36;36;36m4[38;2;137;137;137;48;2;158;158;158mF[38;2;223;223;223;48;2;244;244;244m~[38;2;251;251;251;48;2;252;252;252m=[48;2;251;251;251m [48;2;252;252;252m                                       [38;2;252;252;252;48;2;251;251;251m:[48;2;250;250;250m [38;2;254;254;254;48;2;244;244;244m:[38;2;141;141;141;48;2;173;173;173my[38;2;62;62;62;48;2;37;37;37mF[38;2;1;1;1;48;2;0;0;0m:                                                      [0m
[7m[38;2;0;0;0m [0m[38;2;0;0;0;48;2;0;0;0m               [38;2;13;13;13;48;2;2;2;2m`[38;2;52;52;52;48;2;103;103;103mL[38;2;195;195;195;48;2;213;213;213mm[38;2;253;253;253;48;2;251;251;251m:[38;2;251;251;251;48;2;250;250;250m:[48;2;252;252;252m                                       [38;2;252;252;252;48;2;251;251;251m:[48;2;250;250;250m [38;2;254;254;254;48;2;245;245;245m'[38;2;142;142;142;48;2;179;179;179m~[38;2;129;129;129;48;2;52;52;52m_[38;2;37;37;37;48;2;5;5;5m,[48;2;0;0;0m                                                      [0m
[7m[38;2;0;0;0m [0m[38;2;0;0;0;48;2;0;0;0m               [38;2;30;30;30;48;2;7;7;7m_[38;2;77;77;77;48;2;127;127;127mF[38;2;224;224;224;48;2;232;232;232mT[38;2;253;253;253;48;2;252;252;252m:[38;2;252;252;252;48;2;251;251;251m_[48;2;252;252;252m                                        [48;2;251;251;251m: [38;2;251;251;251;48;2;248;248;248m:[38;2;175;175;175;48;2;226;226;226m~[38;2;69;69;69;48;2;162;162;162m~[38;2;209;209;209;48;2;76;76;76m_[38;2;107;107;107;48;2;33;33;33m,[38;2;21;21;21;48;2;5;5;5m,[48;2;0;0;0m                                                   [0m
[7m[38;2;0;0;0m [0m[38;2;0;0;0;48;2;0;0;0m              [38;2;1;1;1m'[38;2;39;39;39;48;2;21;21;21m4[38;2;99;99;99;48;2;148;148;148mL[38;2;205;205;205;48;2;246;246;246m_[38;2;235;235;235;48;2;249;249;249m_[38;2;252;252;252;48;2;251;251;251m`.[48;2;252;252;252m                                        [48;2;251;251;251m:~[38;2;254;254;254;48;2;247;247;247m:[38;2;152;152;152;48;2;204;204;204my[38;2;54;54;54;48;2;130;130;130my[38;2;88;88;88;48;2;36;36;36m~[38;2;15;15;15;48;2;4;4;4m~[48;2;0;0;0m                                                   [0m
[7m[38;2;0;0;0m [0m[38;2;0;0;0;48;2;0;0;0m               [38;2;1;1;1m`[38;2;70;70;70;48;2;22;22;22m"[48;2;109;109;109mm[38;2;174;174;174;48;2;200;200;200mm[38;2;253;253;253;48;2;251;251;251m:[38;2;251;251;251;48;2;250;250;250m~[48;2;252;252;252m                                        [38;2;252;252;252;48;2;251;251;251m:[48;2;250;250;250m [38;2;254;254;254;48;2;246;246;246m:[38;2;139;139;139;48;2;183;183;183m~[38;2;82;82;82;48;2;44;44;44mL[38;2;1;1;1;48;2;2;2;2m:[48;2;0;0;0m                                                    [0m
[7m[38;2;0;0;0m [0m[38;2;0;0;0;48;2;0;0;0m              [38;2;1;1;1m_[38;2;24;24;24;48;2;2;2;2m_[38;2;120;120;120;48;2;33;33;33m_[38;2;98;98;98;48;2;153;153;153mF[38;2;202;202;202;48;2;234;234;234m~[38;2;253;253;253;48;2;251;251;251m`[38;2;250;250;250m~[48;2;252;252;252m                                         [38;2;252;252;252;48;2;251;251;251m:[48;2;250;250;250m [38;2;254;254;254;48;2;243;243;243m:[38;2;117;117;117;48;2;159;159;159m~[38;2;94;94;94;48;2;37;37;37m,[38;2;1;1;1;48;2;0;0;0m:                                                   [0m
[7m[38;2;0;0;0m [0m[38;2;0;0;0;48;2;0;0;0m             [38;2;1;1;1m.[38;2;116;116;116;48;2;33;33;33m_[38;2;43;43;43;48;2;143;143;143m~[38;2;159;159;159;48;2;221;221;221m"[38;2;242;242;242;48;2;250;250;250m`[48;2;251;251;251m [38;2;252;252;252m.[48;2;252;252;252m                                           [48;2;251;251;251m [38;2;249;249;249ma[38;2;252;252;252;48;2;240;240;240m:[38;2;59;59;59;48;2;138;138;138m`[38;2;84;84;84;48;2;28;28;28m,[38;2;1;1;1;48;2;0;0;0m+                                                  [0m
[?25h