[?25l[0m[38;2;12;12;12;48;2;4;4;4m"[48;2;0;0;0m [38;2;1;1;1m:[38;2;47;47;47;48;2;7;7;7m_[38;2;153;153;153;48;2;96;96;96my[38;2;165;165;165;48;2;220;220;220m~[38;2;253;253;253;48;2;251;251;251m.[38;2;249;249;249;48;2;250;250;250m~[38;2;252;252;252;48;2;251;251;251m:[48;2;252;252;252m                                                                                                               [0m
[7m[38;2;0;0;0m [0m[38;2;0;0;0;48;2;0;0;0m [38;2;85;85;85;48;2;18;18;18m_[38;2;70;70;70;48;2;139;139;139m~[38;2;193;193;193;48;2;228;228;228m^[38;2;253;253;253;48;2;252;252;252mF[38;2;252;252;252;48;2;251;251;251m:[38;2;253;253;253;48;2;252;252;252m^                                                                                                                [0m
[7m[38;2;0;0;0m [0m[38;2;97;97;97;48;2;37;37;37my[38;2;100;100;100;48;2;171;171;171m~[38;2;207;207;207;48;2;242;242;242m~[38;2;252;252;252;48;2;251;251;251m^[38;2;250;250;250m~[48;2;252;252;252m                                                                                                                  [0m
[38;2;133;133;133;48;2;67;67;67my[38;2;155;155;155;48;2;195;195;195m^[38;2;234;234;234;48;2;249;249;249m`[48;2;251;251;251m [38;2;252;252;252m:[48;2;252;252;252m                                                                                                                   [0m
[38;2;186;186;186;48;2;239;239;239m~[38;2;250;250;250;48;2;252;252;252m`[38;2;253;253;253m=+                                                                                                                    [0m
[38;2;253;253;253;48;2;252;252;252m`                                                                                                                       [0m
[7m[38;2;252;252;252m [0m[38;2;0;0;0;48;2;252;252;252m                                                                                                                       [0m
[7m[38;2;252;252;252m [0m[38;2;0;0;0;48;2;252;252;252m                                                                                                                       [0m
[7m[38;2;252;252;252m [0m[38;2;0;0;0;48;2;252;252;252m                                                                                                                       [0m
[7m[38;2;252;252;252m [0m[38;2;0;0;0;48;2;252;252;252m                                                                                                                       [0m
[7m[38;2;252;252;252m [0m[38;2;0;0;0;48;2;252;252;252m                                                                                                                       [0m
[7m[38;2;252;252;252m [0m[38;2;0;0;0;48;2;252;252;252m                                                                                                                       [0m
[7m[38;2;252;252;252m [0m[38;2;0;0;0;48;2;252;252;252m                                                                                                                       [0m
[7m[38;2;252;252;252m [0m[38;2;0;0;0;48;2;252;252;252m                                                                                                                       [0m
[7m[38;2;252;252;252m [0m[38;2;0;0;0;48;2;252;252;252m                                                                                                                       [0m
[7m[38;2;252;252;252m [0m[38;2;0;0;0;48;2;252;252;252m                                                                                                                       [0m
[7m[38;2;252;252;252m [0m[38;2;0;0;0;48;2;252;252;252m                                                                                                                       [0m
[7m[38;2;252;252;252m [0m[38;2;0;0;0;48;2;252;252;252m                                                                                                                       [0m
[7m[38;2;252;252;252m [0m[38;2;0;0;0;48;2;252;252;252m                                                                                                                       [0m
[7m[38;2;252;252;252m [0m[38;2;0;0;0;48;2;252;252;252m                                                                                                                       [0m
[7m[38;2;252;252;252m [0m[38;2;0;0;0;48;2;252;252;252m                                                                                                                       [0m
[7m[38;2;252;252;252m [0m[38;2;0;0;0;48;2;252;252;252m                                                                                                                       [0m
[7m[38;2;252;252;252m [0m[38;2;0;0;0;48;2;252;252;252m                                                                                                                       [0m
[7m[38;2;252;252;252m [0m[38;2;0;0;0;48;2;252;252;252m                                                                                                                       [0m
[7m[38;2;252;252;252m [0m[38;2;0;0;0;48;2;252;252;252m                                                                                                                       [0m
[7m[38;2;252;252;252m [0m[38;2;0;0;0;48;2;252;252;252m                                                                                                                       [0m
[7m[38;2;252;252;252m [0m[38;2;0;0;0;48;2;252;252;252m                                                                                                                       [0m
[7m[38;2;252;252;252m [0m[38;2;0;0;0;48;2;252;252;252m                                                                                                                       [0m
[7m[38;2;252;252;252m [0m[38;2;0;0;0;48;2;252;252;252m                                                                                                                       [0m
[7m[38;2;252;252;252m [0m[38;2;0;0;0;48;2;252;252;252m                                                                                                                       [0m
[7m[38;2;252;252;252m [0m[38;2;0;0;0;48;2;252;252;252m                                                                                                                       [0m
[7m[38;2;252;252;252m [0m[38;2;0;0;0;48;2;252;252;252m                                                                           [38;2;252;252;252;48;2;251;251;251m: [48;2;252;252;252m                                          [0m
[7m[38;2;252;252;252m [0m[38;2;0;0;0;48;2;252;252;252m                                                                         [38;2;253;253;253m.[38;2;236;236;236;48;2;249;249;249m_[38;2;200;200;200;48;2;241;241;241m_[38;2;195;195;195;48;2;242;242;242m_[38;2;219;219;219;48;2;248;248;248m_[38;2;247;247;247;48;2;251;251;251m,[48;2;252;252;252m [38;2;252;252;252;48;2;251;251;251m:[48;2;252;252;252m                                      [0m
[7m[38;2;252;252;252m [0m[38;2;0;0;0;48;2;252;252;252m                                                                        [48;2;251;251;251m [38;2;254;254;254m`[38;2;250;250;250;48;2;235;235;235m.[38;2;185;185;185;48;2;169;169;169mL[38;2;83;83;83;48;2;121;121;121my[38;2;182;182;182;48;2;89;89;89m~[38;2;2;2;2;48;2;149;149;149m_[38;2;48;48;48;48;2;202;202;202m_[38;2;175;175;175;48;2;235;235;235m_[38;2;238;238;238;48;2;248;248;248m,[38;2;249;249;249;48;2;251;251;251m_ [48;2;252;252;252m                                   [0m
[7m[38;2;252;252;252m [0m[38;2;0;0;0;48;2;252;252;252m                                                                         [48;2;251;251;251m [38;2;253;253;253m`[38;2;212;212;212;48;2;241;241;241m`[38;2;116;116;116;48;2;180;180;180m~[38;2;161;161;161;48;2;62;62;62m_[38;2;48;48;48;48;2;8;8;8m_[38;2;30;30;30;48;2;9;9;9m`[38;2;121;121;121;48;2;34;34;34m~[38;2;41;41;41;48;2;127;127;127my[38;2;88;88;88;48;2;192;192;192m_[38;2;184;184;184;48;2;239;239;239m_[38;2;241;241;241;48;2;250;250;250m,[48;2;252;252;252m                                  [0m
[7m[38;2;252;252;252m [0m[38;2;0;0;0;48;2;252;252;252m                                                                          [38;2;252;252;252;48;2;251;251;251m:[38;2;250;250;250m~[38;2;251;251;251;48;2;249;249;249m'[38;2;199;199;199;48;2;233;233;233m"[38;2;92;92;92;48;2;174;174;174m~[38;2;144;144;144;48;2;60;60;60m_[38;2;36;36;36;48;2;9;9;9m_[48;2;1;1;1m [38;2;50;50;50;48;2;9;9;9m`[38;2;113;113;113;48;2;44;44;44m~[38;2;63;63;63;48;2;148;148;148my[38;2;83;83;83;48;2;216;216;216m_[38;2;214;214;214;48;2;244;244;244m,[38;2;250;250;250;48;2;251;251;251m,[38;2;252;252;252m:[48;2;252;252;252m                              [0m
[?25h