[?25l[0m[7m[38;2;252;252;252m [0m[38;2;0;0;0;48;2;252;252;252m                                                                                                                       [0m
[7m[38;2;252;252;252m [0m[38;2;0;0;0;48;2;252;252;252m                                                                                                                       [0m
[7m[38;2;252;252;252m [0m[38;2;0;0;0;48;2;252;252;252m                                                                                                                       [0m
[7m[38;2;252;252;252m [0m[38;2;0;0;0;48;2;252;252;252m                                                                                                                       [0m
[7m[38;2;252;252;252m [0m[38;2;0;0;0;48;2;252;252;252m                                                                                                                       [0m
[7m[38;2;252;252;252m [0m[38;2;0;0;0;48;2;252;252;252m                                                                                                                       [0m
[7m[38;2;252;252;252m [0m[38;2;0;0;0;48;2;252;252;252m                                                                                                                       [0m
[7m[38;2;252;252;252m [0m[38;2;0;0;0;48;2;252;252;252m                                                                                                                       [0m
[7m[38;2;252;252;252m [0m[38;2;0;0;0;48;2;252;252;252m                                                                                                                       [0m
[7m[38;2;252;252;252m [0m[38;2;0;0;0;48;2;252;252;252m                                                                                                                       [0m
[7m[38;2;252;252;252m [0m[38;2;0;0;0;48;2;252;252;252m                                                                                                                       [0m
[7m[38;2;252;252;252m [0m[38;2;0;0;0;48;2;252;252;252m                                                                                                                       [0m
[7m[38;2;252;252;252m [0m[38;2;0;0;0;48;2;252;252;252m                                  [38;2;251;251;251m-                                                                                    [0m
[7m[38;2;252;252;252m [0m[38;2;0;0;0;48;2;252;252;252m                                               [48;2;251;251;251m [48;2;252;252;252m                                                                       [0m
[7m[38;2;252;252;252m [0m[38;2;0;0;0;48;2;252;252;252m                                               [48;2;251;251;251m [48;2;252;252;252m                                                                       [0m
[7m[38;2;252;252;252m [0m[38;2;0;0;0;48;2;252;252;252m                                                                                                                       [0m
[7m[38;2;252;252;252m [0m[38;2;0;0;0;48;2;252;252;252m                                                                                                                       [0m
[7m[38;2;252;252;252m [0m[38;2;0;0;0;48;2;252;252;252m                                                                                                                       [0m
[7m[38;2;252;252;252m [0m[38;2;0;0;0;48;2;252;252;252m                                                                                                                       [0m
[7m[38;2;252;252;252m [0m[38;2;0;0;0;48;2;252;252;252m                                                                                                                       [0m
[7m[38;2;252;252;252m [0m[38;2;0;0;0;48;2;252;252;252m                                                                                               [38;2;253;253;253m__[38;2;254;254;254m_[38;2;250;250;250;48;2;251;251;251m***[38;2;252;252;252m: :[48;2;252;252;252m               [0m
[7m[38;2;252;252;252m [0m[38;2;0;0;0;48;2;252;252;252m                                                                                             [38;2;252;252;252;48;2;251;251;251m:[38;2;253;253;253;48;2;252;252;252m$[48;2;246;246;246m`[38;2;195;195;195;48;2;220;220;220my[38;2;122;122;122;48;2;179;179;179my[38;2;73;73;73;48;2;156;156;156my[38;2;1;1;1;48;2;147;147;147m_[38;2;3;3;3;48;2;169;169;169m_[38;2;48;48;48;48;2;198;198;198m_[38;2;135;135;135;48;2;224;224;224m_[38;2;204;204;204;48;2;245;245;245m_[38;2;231;231;231;48;2;251;251;251m_[38;2;247;247;247;48;2;252;252;252m_[48;2;251;251;251m [38;2;250;250;250mL [38;2;252;252;252m:[48;2;252;252;252m         [0m
[7m[38;2;252;252;252m [0m[38;2;0;0;0;48;2;252;252;252m                                                                                              [38;2;253;253;253m`[38;2;247;247;247;48;2;251;251;251m`[38;2;221;221;221;48;2;242;242;242m"[38;2;152;152;152;48;2;214;214;214m~[38;2;65;65;65;48;2;167;167;167m~[38;2;217;217;217;48;2;85;85;85m_[38;2;160;160;160;48;2;41;41;41m_[38;2;81;81;81;48;2;21;21;21m_[38;2;105;105;105m`[38;2;121;121;121;48;2;34;34;34m~[38;2;174;174;174;48;2;71;71;71m~[38;2;51;51;51;48;2;150;150;150my[38;2;55;55;55;48;2;177;177;177m_[38;2;87;87;87;48;2;200;200;200m_[38;2;122;122;122;48;2;225;225;225m_[38;2;160;160;160;48;2;239;239;239m_[38;2;218;218;218;48;2;247;247;247m_[38;2;248;248;248;48;2;251;251;251m_ [38;2;252;252;252m:[48;2;252;252;252m [38;2;253;253;253;48;2;251;251;251m_[38;2;250;250;250m* [48;2;252;252;252m [0m
[7m[38;2;252;252;252m [0m[38;2;0;0;0;48;2;252;252;252m                                                                                       [38;2;253;253;253mL[38;2;250;250;250m_[38;2;247;247;247m_[38;2;245;245;245m_[38;2;242;242;242;48;2;251;251;251m_[38;2;241;241;241m_[38;2;239;239;239m_[38;2;236;236;236m_[38;2;233;233;233m_[38;2;231;231;231m_[38;2;223;223;223;48;2;250;250;250m_[38;2;215;215;215;48;2;248;248;248m_[38;2;185;185;185;48;2;236;236;236m_[38;2;139;139;139;48;2;200;200;200m_[38;2;170;170;170;48;2;124;124;124m=[38;2;96;96;96;48;2;60;60;60m=[38;2;35;35;35;48;2;17;17;17m=[38;2;1;1;1;48;2;2;2;2m.[48;2;0;0;0m   [38;2;22;22;22;48;2;5;5;5m`[38;2;88;88;88;48;2;24;24;24m~[38;2;174;174;174;48;2;54;54;54m~[38;2;222;222;222;48;2;101;101;101m~[38;2;6;6;6;48;2;158;158;158m_[38;2;9;9;9;48;2;156;156;156m_[38;2;57;57;57;48;2;148;148;148my[38;2;230;230;230;48;2;106;106;106m~[38;2;54;54;54;48;2;147;147;147my[38;2;7;7;7;48;2;173;173;173m_[38;2;51;51;51;48;2;203;203;203m_[0m
[7m[38;2;252;252;252m [0m[38;2;0;0;0;48;2;252;252;252m                                                                                   [38;2;252;252;252;48;2;251;251;251m:[38;2;253;253;253;48;2;252;252;252m:[38;2;231;231;231;48;2;241;241;241mu[38;2;180;180;180;48;2;218;218;218my[38;2;121;121;121;48;2;190;190;190my[38;2;81;81;81;48;2;169;169;169my[38;2;57;57;57;48;2;154;154;154my[38;2;45;45;45;48;2;142;142;142my[38;2;40;40;40;48;2;133;133;133my[38;2;35;35;35;48;2;127;127;127my[38;2;30;30;30;48;2;120;120;120my[38;2;25;25;25;48;2;109;109;109my[38;2;177;177;177;48;2;68;68;68m~[38;2;168;168;168;48;2;61;61;61m~[38;2;154;154;154;48;2;51;51;51m~[38;2;143;143;143;48;2;43;43;43m~[38;2;122;122;122;48;2;33;33;33m~[38;2;90;90;90;48;2;21;21;21m~[38;2;52;52;52;48;2;9;9;9m~[38;2;25;25;25;48;2;3;3;3m`[38;2;3;3;3;48;2;0;0;0m`        `[38;2;5;5;5m`[38;2;1;1;1m`  [38;2;4;4;4m`[38;2;46;46;46;48;2;23;23;23m_[0m
[7m[38;2;252;252;252m [0m[38;2;0;0;0;48;2;252;252;252m                                                                                    [38;2;253;253;253m`[38;2;237;237;237;48;2;248;248;248m`[38;2;188;188;188;48;2;234;234;234m"[38;2;121;121;121;48;2;201;201;201m~[38;2;50;50;50;48;2;152;152;152m~[38;2;211;211;211;48;2;77;77;77m_[38;2;163;163;163;48;2;45;45;45m_[38;2;135;135;135;48;2;26;26;26m_[38;2;117;117;117;48;2;13;13;13m_[38;2;107;107;107;48;2;7;7;7m_[38;2;93;93;93;48;2;4;4;4m_[38;2;71;71;71;48;2;2;2;2m_[38;2;33;33;33;48;2;1;1;1m_[38;2;3;3;3;48;2;0;0;0m,                    [38;2;41;41;41;48;2;12;12;12m~[0m
[7m[38;2;252;252;252m [0m[38;2;0;0;0;48;2;252;252;252m                                                                                       [38;2;252;252;252;48;2;251;251;251m`[48;2;252;252;252m [38;2;229;229;229;48;2;248;248;248m`[38;2;204;204;204;48;2;245;245;245m`[38;2;191;191;191;48;2;243;243;243m`[38;2;177;177;177;48;2;238;238;238m`[38;2;187;187;187;48;2;235;235;235m~[38;2;167;167;167;48;2;226;226;226m~[38;2;132;132;132;48;2;211;211;211m~[38;2;73;73;73;48;2;189;189;189m~[38;2;15;15;15;48;2;156;156;156m~[38;2;226;226;226;48;2;94;94;94m_[38;2;216;216;216;48;2;63;63;63m_[38;2;202;202;202;48;2;45;45;45m_[38;2;184;184;184;48;2;35;35;35m_[38;2;142;142;142;48;2;25;25;25m_[38;2;79;79;79;48;2;12;12;12m_[38;2;23;23;23;48;2;2;2;2m_[38;2;1;1;1;48;2;0;0;0m.             [0m
[7m[38;2;252;252;252m [0m[38;2;0;0;0;48;2;252;252;252m                                                                                            [38;2;252;252;252;48;2;251;251;251m:. [38;2;250;250;250m~[48;2;252;252;252m [38;2;251;251;251m=[38;2;250;250;250;48;2;251;251;251m=[38;2;251;251;251;48;2;252;252;252mr[38;2;241;241;241;48;2;249;249;249m"[38;2;226;226;226;48;2;245;245;245m~[38;2;190;190;190;48;2;236;236;236m~[38;2;130;130;130;48;2;220;220;220m"[38;2;90;90;90;48;2;203;203;203m~[38;2;55;55;55;48;2;165;165;165m~[38;2;141;141;141;48;2;83;83;83my[38;2;85;85;85;48;2;34;34;34m_[38;2;13;13;13;48;2;3;3;3m_[48;2;0;0;0m          [0m
[7m[38;2;252;252;252m [0m[38;2;0;0;0;48;2;252;252;252m                                                                                                     [38;2;252;252;252;48;2;251;251;251m.. [38;2;253;253;253m`[38;2;240;240;240;48;2;247;247;247m"[38;2;191;191;191;48;2;213;213;213m~[38;2;162;162;162;48;2;127;127;127mL[38;2;93;93;93;48;2;48;48;48m_[38;2;31;31;31;48;2;7;7;7m_[38;2;2;2;2;48;2;0;0;0m,        [0m
[7m[38;2;252;252;252m [0m[38;2;0;0;0;48;2;252;252;252m                                                                                                         [38;2;252;252;252;48;2;251;251;251m~[38;2;242;242;242;48;2;249;249;249m`[38;2;190;190;190;48;2;217;217;217m"[38;2;172;172;172;48;2;139;139;139mL[38;2;104;104;104;48;2;65;65;65m_[38;2;31;31;31;48;2;12;12;12m_[48;2;0;0;0m        [0m
[7m[38;2;252;252;252m [0m[38;2;0;0;0;48;2;252;252;252m                                                                                                          [38;2;253;253;253m`[38;2;244;244;244;48;2;250;250;250m`[38;2;201;201;201;48;2;219;219;219m"[38;2;127;127;127;48;2;148;148;148m~[38;2;85;85;85;48;2;61;61;61mL[38;2;30;30;30;48;2;10;10;10m,[48;2;0;0;0m       [0m
[7m[38;2;252;252;252m [0m[38;2;0;0;0;48;2;252;252;252m                                                                                                           [38;2;253;253;253m"[38;2;243;243;243;48;2;248;248;248m"[38;2;191;191;191;48;2;203;203;203m4[38;2;141;141;141;48;2;116;116;116mL[38;2;63;63;63;48;2;42;42;42mL[38;2;6;6;6;48;2;2;2;2m_[48;2;0;0;0m      [0m
[7m[38;2;252;252;252m [0m[38;2;0;0;0;48;2;252;252;252m                                                                                                           [38;2;252;252;252;48;2;251;251;251m.[38;2;253;253;253;48;2;252;252;252m$[38;2;222;222;222;48;2;232;232;232m"[38;2;156;156;156;48;2;171;171;171m4[38;2;102;102;102;48;2;77;77;77mL[38;2;28;28;28;48;2;13;13;13m_[48;2;0;0;0m      [0m
[7m[38;2;252;252;252m [0m[38;2;0;0;0;48;2;252;252;252m                                                                                                            [38;2;253;253;253m"[38;2;245;245;245;48;2;249;249;249m`[38;2;197;197;197;48;2;209;209;209m4[38;2;112;112;112;48;2;127;127;127m4[38;2;41;41;41;48;2;49;49;49m4[38;2;8;8;8;48;2;5;5;5m_[48;2;0;0;0m     [0m
[7m[38;2;252;252;252m [0m[38;2;0;0;0;48;2;252;252;252m                                                                                                            [38;2;252;252;252;48;2;251;251;251m:[48;2;252;252;252m [38;2;226;226;226;48;2;237;237;237m"[38;2;158;158;158;48;2;174;174;174m4[38;2;101;101;101;48;2;78;78;78mL[38;2;37;37;37;48;2;17;17;17m_[38;2;2;2;2;48;2;0;0;0m,    [0m
[7m[38;2;252;252;252m [0m[38;2;0;0;0;48;2;252;252;252m                                                                                                             [38;2;252;252;252;48;2;251;251;251m::[38;2;206;206;206;48;2;229;229;229m"[38;2;128;128;128;48;2;170;170;170m~[38;2;154;154;154;48;2;79;79;79m_[38;2;61;61;61;48;2;19;19;19m_[38;2;6;6;6;48;2;1;1;1m_[48;2;0;0;0m   [0m
[?25h