[?25l[0m[7m[38;2;252;252;252m [0m[38;2;0;0;0;48;2;252;252;252m                                                                                                                       [0m
[7m[38;2;252;252;252m [0m[38;2;0;0;0;48;2;252;252;252m                                                                                                                       [0m
[7m[38;2;252;252;252m [0m[38;2;0;0;0;48;2;252;252;252m                                                                                                                       [0m
[7m[38;2;252;252;252m [0m[38;2;0;0;0;48;2;252;252;252m                                                                                                                       [0m
[7m[38;2;252;252;252m [0m[38;2;0;0;0;48;2;252;252;252m                                                                                                                       [0m
[7m[38;2;252;252;252m [0m[38;2;0;0;0;48;2;252;252;252m                                                                                                                       [0m
[7m[38;2;252;252;252m [0m[38;2;0;0;0;48;2;252;252;252m                                    [38;2;252;252;252;48;2;251;251;251m: .:[38;2;250;250;250m_[38;2;249;249;249m___[38;2;250;250;250m,[48;2;252;252;252m                                                                          [0m
[7m[38;2;252;252;252m [0m[38;2;0;0;0;48;2;252;252;252m                                 [38;2;252;252;252;48;2;251;251;251m:.`[38;2;221;221;221;48;2;246;246;246m_[38;2;150;150;150;48;2;230;230;230m_[38;2;167;167;167;48;2;238;238;238m_[38;2;178;178;178;48;2;242;242;242m_[38;2;141;141;141;48;2;226;226;226m_[38;2;98;98;98;48;2;205;205;205m_[38;2;87;87;87;48;2;200;200;200m_[38;2;103;103;103;48;2;208;208;208m_[38;2;151;151;151;48;2;230;230;230m_[38;2;202;202;202;48;2;247;247;247m_[38;2;252;252;252;48;2;251;251;251m:[38;2;251;251;251;48;2;252;252;252m_                                                                       [0m
[7m[38;2;252;252;252m [0m[38;2;0;0;0;48;2;252;252;252m                                 [48;2;251;251;251m [38;2;251;251;251;48;2;250;250;250m4[48;2;244;244;244m'[38;2;165;165;165;48;2;192;192;192m_[38;2;67;67;67;48;2;41;41;41m~[38;2;109;109;109;48;2;22;22;22m`[38;2;118;118;118;48;2;23;23;23m`[38;2;84;84;84;48;2;9;9;9m`[38;2;55;55;55;48;2;6;6;6m`[38;2;49;49;49;48;2;5;5;5m`[38;2;59;59;59;48;2;6;6;6m`[38;2;95;95;95;48;2;18;18;18m`[38;2;138;138;138;48;2;66;66;66m~[38;2;51;51;51;48;2;178;178;178m_[38;2;184;184;184;48;2;236;236;236m_[38;2;253;253;253;48;2;250;250;250m.[38;2;252;252;252;48;2;251;251;251m:[48;2;252;252;252m                                                                     [0m
[7m[38;2;252;252;252m [0m[38;2;0;0;0;48;2;252;252;252m                                 [38;2;252;252;252;48;2;251;251;251ml[48;2;250;250;250m [38;2;225;225;225;48;2;233;233;233m4[38;2;151;151;151;48;2;117;117;117m~[38;2;0;0;0;48;2;17;17;17m:[38;2;2;2;2;48;2;1;1;1m$[48;2;0;0;0m       [38;2;35;35;35;48;2;9;9;9m"[38;2;138;138;138;48;2;76;76;76m~[38;2;158;158;158;48;2;205;205;205m_[38;2;254;254;254;48;2;248;248;248m:[38;2;250;250;250;48;2;251;251;251mz[38;2;252;252;252m:[48;2;252;252;252m                                                                   [0m
[7m[38;2;252;252;252m [0m[38;2;0;0;0;48;2;252;252;252m                                 [38;2;252;252;252;48;2;251;251;251m:[38;2;250;250;250m^[38;2;239;239;239;48;2;245;245;245m`[38;2;147;147;147;48;2;208;208;208m~[38;2;224;224;224;48;2;100;100;100m_[38;2;65;65;65;48;2;32;32;32m,[38;2;0;0;0;48;2;2;2;2m:[48;2;0;0;0m      [38;2;1;1;1m~[38;2;23;23;23;48;2;9;9;9m`[38;2;65;65;65;48;2;99;99;99m$[38;2;184;184;184;48;2;222;222;222m_[38;2;254;254;254;48;2;250;250;250m.[38;2;250;250;250;48;2;251;251;251m_[38;2;252;252;252m:[48;2;252;252;252m                                                                  [0m
[7m[38;2;252;252;252m [0m[38;2;0;0;0;48;2;252;252;252m                                  [38;2;252;252;252;48;2;251;251;251m::[38;2;253;253;253;48;2;250;250;250m'[38;2;250;250;250;48;2;228;228;228m.[38;2;59;59;59;48;2;134;134;134m^[38;2;108;108;108;48;2;26;26;26m_[38;2;1;1;1;48;2;4;4;4m:[48;2;0;0;0m_    .[38;2;56;56;56;48;2;8;8;8m_[38;2;163;163;163;48;2;70;70;70m_[38;2;174;174;174;48;2;205;205;205mF[38;2;254;254;254;48;2;248;248;248m:[38;2;252;252;252;48;2;251;251;251m_:[48;2;252;252;252m                                                                  [0m
[7m[38;2;252;252;252m [0m[38;2;0;0;0;48;2;252;252;252m                                   [38;2;252;252;252;48;2;251;251;251m:[38;2;250;250;250m,[38;2;249;249;249;48;2;248;248;248m:[38;2;178;178;178;48;2;229;229;229m_[38;2;61;61;61;48;2;157;157;157m_[38;2;51;51;51;48;2;29;29;29mL[38;2;0;0;0;48;2;2;2;2m:[38;2;1;1;1;48;2;0;0;0m^ [38;2;33;33;33;48;2;9;9;9m_[38;2;109;109;109;48;2;53;53;53my[38;2;31;31;31;48;2;158;158;158m~[38;2;89;89;89;48;2;204;204;204m~[38;2;203;203;203;48;2;240;240;240m~[38;2;252;252;252;48;2;250;250;250m:[48;2;251;251;251m:[48;2;252;252;252m                                                                    [0m
[7m[38;2;252;252;252m [0m[38;2;0;0;0;48;2;252;252;252m                                  [38;2;252;252;252;48;2;251;251;251m: [48;2;250;250;250m [38;2;209;209;209;48;2;237;237;237m_[38;2;116;116;116;48;2;163;163;163m_[38;2;45;45;45;48;2;23;23;23mL[48;2;0;0;0m    [38;2;25;25;25;48;2;8;8;8m"[38;2;116;116;116;48;2;74;74;74m~[38;2;147;147;147;48;2;205;205;205m_[38;2;254;254;254;48;2;249;249;249m:[38;2;250;250;250;48;2;251;251;251mi[38;2;252;252;252m:[48;2;252;252;252m                                                                     [0m
[7m[38;2;252;252;252m [0m[38;2;0;0;0;48;2;252;252;252m                                 [38;2;252;252;252;48;2;251;251;251m:`[38;2;250;250;250;48;2;244;244;244m`[38;2;126;126;126;48;2;204;204;204m_[38;2;170;170;170;48;2;76;76;76m~[38;2;79;79;79;48;2;16;16;16m`[38;2;0;0;0;48;2;1;1;1m:[48;2;0;0;0m    [38;2;1;1;1m`[38;2;24;24;24;48;2;10;10;10m`[38;2;74;74;74;48;2;104;104;104m$[38;2;204;204;204;48;2;228;228;228m_[38;2;253;253;253;48;2;250;250;250m:[48;2;251;251;251m [48;2;252;252;252m                                                                     [0m
[7m[38;2;252;252;252m [0m[38;2;0;0;0;48;2;252;252;252m                                [48;2;251;251;251m [38;2;251;251;251;48;2;250;250;250m^[38;2;250;250;250;48;2;239;239;239m'[38;2;121;121;121;48;2;176;176;176my[38;2;101;101;101;48;2;37;37;37m~[38;2;0;0;0;48;2;4;4;4m`[38;2;1;1;1;48;2;0;0;0m`      [38;2;0;0;0;48;2;3;3;3m:[38;2;99;99;99;48;2;70;70;70m4[38;2;203;203;203;48;2;217;217;217m_[38;2;254;254;254;48;2;250;250;250m:[48;2;251;251;251m [48;2;252;252;252m                                                                     [0m
[7m[38;2;252;252;252m [0m[38;2;0;0;0;48;2;252;252;252m                                [38;2;252;252;252;48;2;251;251;251m.[38;2;250;250;250mF[38;2;247;247;247;48;2;237;237;237m:[38;2;99;99;99;48;2;163;163;163m~[38;2;186;186;186;48;2;53;53;53m_[38;2;51;51;51;48;2;16;16;16m,[38;2;0;0;0;48;2;1;1;1m:[48;2;0;0;0m      [48;2;1;1;1m:[38;2;77;77;77;48;2;60;60;60md[38;2;167;167;167;48;2;199;199;199m~[38;2;254;254;254;48;2;248;248;248m:[48;2;251;251;251m [48;2;252;252;252m                                                                     [0m
[7m[38;2;252;252;252m [0m[38;2;0;0;0;48;2;252;252;252m                                  [38;2;252;252;252;48;2;251;251;251m:[38;2;250;250;250;48;2;248;248;248m.[38;2;212;212;212;48;2;224;224;224m"[38;2;123;123;123;48;2;99;99;99mL[38;2;24;24;24;48;2;10;10;10mL[38;2;1;1;1;48;2;0;0;0m.     +[38;2;7;7;7;48;2;36;36;36m:[38;2;112;112;112;48;2;150;150;150mL[38;2;254;254;254;48;2;244;244;244m:[48;2;251;251;251m [38;2;252;252;252m:[48;2;252;252;252m                                                                    [0m
[7m[38;2;252;252;252m [0m[38;2;0;0;0;48;2;252;252;252m                                 [38;2;252;252;252;48;2;251;251;251m:[38;2;250;250;250m_[48;2;247;247;247m`[38;2;144;144;144;48;2;210;210;210m_[38;2;89;89;89;48;2;60;60;60m^[38;2;0;0;0;48;2;5;5;5m:[38;2;1;1;1;48;2;0;0;0m~      [48;2;9;9;9m'[38;2;56;56;56;48;2;102;102;102mF[38;2;222;222;222;48;2;231;231;231mF[38;2;250;250;250;48;2;251;251;251mL [48;2;252;252;252m                                                                    [0m
[7m[38;2;252;252;252m [0m[38;2;0;0;0;48;2;252;252;252m                                [38;2;252;252;252;48;2;251;251;251m::[48;2;249;249;249m:[38;2;194;194;194;48;2;214;214;214m_[38;2;113;113;113;48;2;57;57;57m~[38;2;0;0;0;48;2;5;5;5m:[38;2;1;1;1;48;2;0;0;0m`      [38;2;27;27;27;48;2;6;6;6m_[38;2;129;129;129;48;2;71;71;71m_[38;2;142;142;142;48;2;207;207;207m~[38;2;254;254;254;48;2;248;248;248m`[38;2;250;250;250;48;2;251;251;251mf[38;2;252;252;252m:[48;2;252;252;252m                                                                    [0m
[7m[38;2;252;252;252m [0m[38;2;0;0;0;48;2;252;252;252m                                [38;2;252;252;252;48;2;251;251;251m._[38;2;225;225;225;48;2;232;232;232mu[38;2;175;175;175;48;2;109;109;109m~[38;2;0;0;0;48;2;15;15;15m:[48;2;0;0;0m        [38;2;48;48;48;48;2;27;27;27m4[38;2;75;75;75;48;2;140;140;140m_[38;2;185;185;185;48;2;236;236;236m_[38;2;254;254;254;48;2;250;250;250m.[48;2;251;251;251m [48;2;252;252;252m                                                                     [0m
[7m[38;2;252;252;252m [0m[38;2;0;0;0;48;2;252;252;252m                               [38;2;252;252;252;48;2;251;251;251m::[38;2;253;253;253;48;2;249;249;249m`[38;2;188;188;188;48;2;216;216;216m_[38;2;81;81;81;48;2;56;56;56mr[38;2;0;0;0;48;2;3;3;3m:[48;2;0;0;0m        [38;2;1;1;1m_[38;2;63;63;63;48;2;39;39;39m4[38;2;127;127;127;48;2;165;165;165m_[38;2;254;254;254;48;2;245;245;245m:[38;2;250;250;250;48;2;251;251;251m:[38;2;252;252;252m:[48;2;252;252;252m                                                                    [0m
[7m[38;2;252;252;252m [0m[38;2;0;0;0;48;2;252;252;252m                               [48;2;251;251;251m [38;2;251;251;251;48;2;250;250;250m_[38;2;244;244;244;48;2;229;229;229m`[38;2;167;167;167;48;2;110;110;110m~[38;2;0;0;0;48;2;15;15;15m:[38;2;1;1;1;48;2;0;0;0m:        `[38;2;14;14;14;48;2;6;6;6m`[38;2;57;57;57;48;2;89;89;89m$[38;2;165;165;165;48;2;214;214;214m_[38;2;254;254;254;48;2;249;249;249m:[38;2;250;250;250;48;2;251;251;251m_[38;2;252;252;252m:[48;2;252;252;252m                                                                   [0m
[7m[38;2;252;252;252m [0m[38;2;0;0;0;48;2;252;252;252m                              [48;2;251;251;251m  [38;2;252;252;252;48;2;244;244;244m'[38;2;171;171;171;48;2;195;195;195my[38;2;47;47;47;48;2;31;31;31mL[48;2;0;0;0m           [38;2;1;1;1m~[38;2;31;31;31;48;2;17;17;17m"[38;2;74;74;74;48;2;118;118;118mL[38;2;220;220;220;48;2;236;236;236m,[38;2;254;254;254;48;2;251;251;251m. [48;2;252;252;252m                                                                   [0m
[7m[38;2;252;252;252m [0m[38;2;0;0;0;48;2;252;252;252m                              [38;2;252;252;252;48;2;251;251;251m|[48;2;250;250;250m [38;2;243;243;243;48;2;233;233;233m:[38;2;155;155;155;48;2;129;129;129mF[38;2;30;30;30;48;2;14;14;14mL[38;2;1;1;1;48;2;0;0;0m:           .[38;2;62;62;62;48;2;42;42;42mJ[38;2;139;139;139;48;2;173;173;173mL[38;2;254;254;254;48;2;246;246;246m:[48;2;250;250;250m [38;2;252;252;252;48;2;251;251;251m:[48;2;252;252;252m                                                                  [0m
[7m[38;2;252;252;252m [0m[38;2;0;0;0;48;2;252;252;252m                              [38;2;252;252;252;48;2;251;251;251m:[38;2;250;250;250mF[38;2;217;217;217;48;2;226;226;226m4[38;2;90;90;90;48;2;74;74;74m^[38;2;0;0;0;48;2;6;6;6m:[48;2;0;0;0m            [38;2;1;1;1m~[38;2;18;18;18;48;2;8;8;8m"[38;2;44;44;44;48;2;97;97;97mi[38;2;211;211;211;48;2;232;232;232m_[38;2;253;253;253;48;2;251;251;251m: [48;2;252;252;252m                                                                  [0m
[7m[38;2;252;252;252m [0m[38;2;0;0;0;48;2;252;252;252m                             [38;2;252;252;252;48;2;251;251;251m: [48;2;247;247;247m'[38;2;189;189;189;48;2;202;202;202my[38;2;50;50;50;48;2;31;31;31mL[48;2;0;0;0m              [38;2;1;1;1m.[38;2;31;31;31;48;2;62;62;62m$[38;2;164;164;164;48;2;187;187;187mL[38;2;254;254;254;48;2;247;247;247m:[48;2;250;250;250m [38;2;252;252;252;48;2;251;251;251m:[48;2;252;252;252m                                                                 [0m
[7m[38;2;252;252;252m [0m[38;2;0;0;0;48;2;252;252;252m                             [48;2;251;251;251m [38;2;251;251;251;48;2;250;250;250m4[38;2;245;245;245;48;2;237;237;237m:[38;2;177;177;177;48;2;152;152;152mF[38;2;35;35;35;48;2;16;16;16mL[38;2;1;1;1;48;2;0;0;0m_             :[38;2;50;50;50;48;2;34;34;34m4[38;2;133;133;133;48;2;155;155;155mi[38;2;240;240;240;48;2;245;245;245mL[38;2;249;249;249;48;2;250;250;250m.[38;2;252;252;252;48;2;251;251;251m:[48;2;252;252;252m                                                                 [0m
[7m[38;2;252;252;252m [0m[38;2;0;0;0;48;2;252;252;252m                             [38;2;252;252;252;48;2;251;251;251ml[48;2;250;250;250m [38;2;221;221;221;48;2;230;230;230m4[38;2;124;124;124;48;2;103;103;103mF[38;2;0;0;0;48;2;12;12;12m:[38;2;1;1;1;48;2;0;0;0m:             :[38;2;35;35;35;48;2;23;23;23m4[38;2;98;98;98;48;2;131;131;131ml[38;2;237;237;237;48;2;244;244;244mL[48;2;250;250;250m [38;2;252;252;252;48;2;251;251;251m:[48;2;252;252;252m                                                                 [0m
[7m[38;2;252;252;252m [0m[38;2;0;0;0;48;2;252;252;252m                             [38;2;252;252;252;48;2;251;251;251m:[38;2;251;251;251;48;2;252;252;252mF[38;2;216;216;216;48;2;225;225;225m4[38;2;81;81;81;48;2;69;69;69mL[38;2;0;0;0;48;2;5;5;5m:[38;2;1;1;1;48;2;0;0;0m~             ~[38;2;0;0;0;48;2;13;13;13m:[38;2;82;82;82;48;2;112;112;112m$[38;2;233;233;233;48;2;241;241;241mL[38;2;253;253;253;48;2;252;252;252m,                                                                  [0m
[7m[38;2;252;252;252m [0m[38;2;0;0;0;48;2;252;252;252m                             [38;2;252;252;252;48;2;251;251;251m:[38;2;253;253;253;48;2;250;250;250m'[38;2;204;204;204;48;2;214;214;214m4[38;2;60;60;60;48;2;41;41;41mL[38;2;0;0;0;48;2;1;1;1m:[48;2;0;0;0m               [48;2;3;3;3m:[38;2;52;52;52;48;2;88;88;88m$[38;2;208;208;208;48;2;224;224;224m_[38;2;254;254;254;48;2;251;251;251m:[38;2;252;252;252m`[48;2;252;252;252m                                                                 [0m
[7m[38;2;252;252;252m [0m[38;2;0;0;0;48;2;252;252;252m                            [38;2;252;252;252;48;2;251;251;251m:`[38;2;242;242;242;48;2;245;245;245mu[38;2;179;179;179;48;2;191;191;191my[38;2;44;44;44;48;2;24;24;24mL[48;2;0;0;0m                 [38;2;69;69;69;48;2;47;47;47m4[38;2;172;172;172;48;2;191;191;191mL[38;2;244;244;244;48;2;248;248;248mL[48;2;250;250;250m [38;2;252;252;252;48;2;251;251;251m:[48;2;252;252;252m                                                                [0m
[7m[38;2;252;252;252m [0m[38;2;0;0;0;48;2;252;252;252m                            [48;2;251;251;251m  [38;2;246;246;246;48;2;239;239;239m:[38;2;160;160;160;48;2;170;170;170m4[38;2;37;37;37;48;2;17;17;17mL[38;2;1;1;1;48;2;0;0;0m,               :[38;2;51;51;51;48;2;33;33;33m4[38;2;130;130;130;48;2;157;157;157mL[38;2;239;239;239;48;2;245;245;245mL[48;2;250;250;250m [38;2;252;252;252;48;2;251;251;251m:[48;2;252;252;252m                                                                [0m
[7m[38;2;252;252;252m [0m[38;2;0;0;0;48;2;252;252;252m                            [38;2;252;252;252;48;2;251;251;251m|[48;2;250;250;250m [38;2;228;228;228;48;2;235;235;235m4[38;2;132;132;132;48;2;148;148;148m4[38;2;30;30;30;48;2;14;14;14mL[38;2;1;1;1;48;2;0;0;0m:               ~[38;2;0;0;0;48;2;16;16;16m:[38;2;70;70;70;48;2;113;113;113ml[38;2;233;233;233;48;2;242;242;242mL[38;2;250;250;250;48;2;252;252;252m`[38;2;252;252;252;48;2;251;251;251m:[48;2;252;252;252m                                                                [0m
[7m[38;2;252;252;252m [0m[38;2;0;0;0;48;2;252;252;252m                            [48;2;251;251;251m [38;2;251;251;251;48;2;250;250;250my[38;2;247;247;247;48;2;240;240;240m:[38;2;195;195;195;48;2;169;169;169mL[38;2;85;85;85;48;2;28;28;28m_[38;2;0;0;0;48;2;2;2;2m:[48;2;0;0;0m               [38;2;1;1;1m_[38;2;0;0;0;48;2;8;8;8m:[38;2;106;106;106;48;2;85;85;85m4[38;2;229;229;229;48;2;237;237;237mL[38;2;253;253;253;48;2;252;252;252m.[38;2;252;252;252;48;2;251;251;251m:[48;2;252;252;252m                                                                [0m
[7m[38;2;252;252;252m [0m[38;2;0;0;0;48;2;252;252;252m                              [38;2;250;250;250m`[38;2;228;228;228;48;2;244;244;244m`[38;2;132;132;132;48;2;213;213;213m~[38;2;46;46;46;48;2;161;161;161m~[38;2;232;232;232;48;2;76;76;76m_[38;2;128;128;128;48;2;35;35;35m_[38;2;0;0;0;48;2;7;7;7m`[48;2;0;0;0m           [38;2;37;37;37;48;2;9;9;9m_[38;2;128;128;128;48;2;37;37;37m_[38;2;232;232;232;48;2;92;92;92m_[38;2;108;108;108;48;2;196;196;196m~[38;2;252;252;252;48;2;246;246;246m`[48;2;251;251;251m_:[48;2;252;252;252m                                                                [0m
[?25h