[?25l[0m[7m[38;2;0;0;0m [0m[38;2;0;0;0;48;2;0;0;0m                                                         [48;2;2;2;2m:[38;2;84;84;84;48;2;60;60;60m4[38;2;214;214;214;48;2;225;225;225mL[38;2;253;253;253;48;2;251;251;251m: [48;2;252;252;252m                                                         [0m
[7m[38;2;0;0;0m [0m[38;2;0;0;0;48;2;0;0;0m                                                         [48;2;1;1;1m:[38;2;84;84;84;48;2;60;60;60m4[38;2;214;214;214;48;2;225;225;225mL[38;2;253;253;253;48;2;251;251;251m: [48;2;252;252;252m                                                         [0m
[7m[38;2;0;0;0m [0m[38;2;0;0;0;48;2;0;0;0m                                                         [48;2;1;1;1m:[38;2;84;84;84;48;2;60;60;60m4[38;2;214;214;214;48;2;225;225;225mL[38;2;253;253;253;48;2;251;251;251m: [48;2;252;252;252m                                                         [0m
[7m[38;2;0;0;0m [0m[38;2;0;0;0;48;2;0;0;0m                                                         [48;2;1;1;1m:[38;2;84;84;84;48;2;60;60;60m4[38;2;214;214;214;48;2;225;225;225mL[38;2;253;253;253;48;2;251;251;251m: [48;2;252;252;252m                                                         [0m
[7m[38;2;0;0;0m [0m[38;2;0;0;0;48;2;0;0;0m                                                         [48;2;1;1;1m:[38;2;84;84;84;48;2;60;60;60m4[38;2;214;214;214;48;2;225;225;225mL[38;2;253;253;253;48;2;251;251;251m: [48;2;252;252;252m                                                         [0m
[7m[38;2;0;0;0m [0m[38;2;0;0;0;48;2;0;0;0m                                                         [48;2;1;1;1m:[38;2;84;84;84;48;2;60;60;60m4[38;2;214;214;214;48;2;225;225;225mL[38;2;253;253;253;48;2;251;251;251m: [48;2;252;252;252m                                                         [0m
[7m[38;2;0;0;0m [0m[38;2;0;0;0;48;2;0;0;0m                                                         [48;2;1;1;1m:[38;2;84;84;84;48;2;60;60;60m4[38;2;214;214;214;48;2;225;225;225mL[38;2;253;253;253;48;2;251;251;251m: [48;2;252;252;252m                                                         [0m
[7m[38;2;0;0;0m [0m[38;2;0;0;0;48;2;0;0;0m                                                         [48;2;1;1;1m:[38;2;84;84;84;48;2;59;59;59m4[38;2;213;213;213;48;2;224;224;224mL[38;2;253;253;253;48;2;251;251;251m` [38;2;252;252;252m:[48;2;252;252;252m                                                        [0m
[7m[38;2;0;0;0m [0m[38;2;0;0;0;48;2;0;0;0m                                                [38;2;17;17;17m_     _[38;2;35;35;35;48;2;3;3;3m_[38;2;60;60;60;48;2;14;14;14m_[38;2;173;173;173;48;2;61;61;61m_[38;2;190;190;190;48;2;120;120;120my[38;2;71;71;71;48;2;138;138;138my[38;2;24;24;24;48;2;164;164;164m_[38;2;131;131;131;48;2;226;226;226m_[38;2;234;234;234;48;2;248;248;248m,[38;2;253;253;253;48;2;251;251;251m.[38;2;250;250;250m=[38;2;253;253;253;48;2;252;252;252m,[38;2;250;250;250;48;2;251;251;251m_[38;2;252;252;252m: [38;2;250;250;250m==[38;2;252;252;252m:[48;2;252;252;252m                                               [0m
[7m[38;2;0;0;0m [0m[38;2;0;0;0;48;2;0;0;0m                                             [38;2;1;1;1m_[38;2;0;0;0;48;2;9;9;9m`[38;2;107;107;107;48;2;76;76;76my[38;2;133;133;133;48;2;205;205;205m~[38;2;74;74;74;48;2;172;172;172m~[38;2;189;189;189;48;2;65;65;65m_[38;2;173;173;173;48;2;48;48;48m_[38;2;197;197;197;48;2;97;97;97my[38;2;70;70;70;48;2;181;181;181m~[38;2;131;131;131;48;2;212;212;212m~[38;2;160;160;160;48;2;227;227;227m~[38;2;174;174;174;48;2;234;234;234m~[38;2;202;202;202;48;2;242;242;242m`[38;2;243;243;243;48;2;223;223;223m`[38;2;97;97;97;48;2;60;60;60mL[38;2;0;0;0;48;2;6;6;6m'[38;2;89;89;89;48;2;20;20;20m~[38;2;168;168;168;48;2;41;41;41m~[38;2;187;187;187;48;2;60;60;60m~[38;2;203;203;203;48;2;91;91;91m~[38;2;28;28;28;48;2;168;168;168m_[38;2;134;134;134;48;2;219;219;219m_[38;2;195;195;195;48;2;240;240;240m_[38;2;134;134;134;48;2;217;217;217m_[38;2;73;73;73;48;2;163;163;163my[38;2;76;76;76;48;2;148;148;148my[38;2;213;213;213;48;2;232;232;232m,[38;2;252;252;252;48;2;251;251;251m::[48;2;252;252;252m                                             [0m
[7m[38;2;0;0;0m [0m[38;2;0;0;0;48;2;0;0;0m                                             [38;2;1;1;1m~[48;2;12;12;12m:[38;2;66;66;66;48;2;107;107;107ml[38;2;254;254;254;48;2;240;240;240m`[48;2;251;251;251m'[38;2;222;222;222;48;2;247;247;247m`[38;2;220;220;220;48;2;244;244;244m~[38;2;245;245;245;48;2;249;249;249m`[38;2;249;249;249;48;2;251;251;251m~   [38;2;254;254;254m:[38;2;237;237;237;48;2;223;223;223m:[38;2;97;97;97;48;2;60;60;60mL[38;2;2;2;2;48;2;1;1;1mL[48;2;0;0;0m   ~[38;2;5;5;5;48;2;2;2;2m`[38;2;88;88;88;48;2;18;18;18m`[38;2;130;130;130;48;2;42;42;42m~[38;2;63;63;63;48;2;17;17;17m~[38;2;0;0;0;48;2;7;7;7m:[38;2;81;81;81;48;2;66;66;66mu[38;2;212;212;212;48;2;226;226;226mF[38;2;250;250;250;48;2;251;251;251m^[38;2;251;251;251;48;2;252;252;252m`                                             [0m
[7m[38;2;0;0;0m [0m[38;2;0;0;0;48;2;0;0;0m                                             [48;2;1;1;1m`[38;2;43;43;43;48;2;4;4;4m_[38;2;82;82;82;48;2;57;57;57m4[38;2;162;162;162;48;2;202;202;202m_[38;2;254;254;254;48;2;248;248;248m:[48;2;250;250;250m [38;2;252;252;252;48;2;251;251;251m:[48;2;252;252;252m    [48;2;251;251;251m [38;2;254;254;254m:[38;2;237;237;237;48;2;223;223;223m:[38;2;97;97;97;48;2;61;61;61mL[38;2;3;3;3;48;2;1;1;1mL[48;2;0;0;0m      [38;2;1;1;1m` [38;2;0;0;0;48;2;25;25;25m:[38;2;164;164;164;48;2;131;131;131my[38;2;231;231;231;48;2;239;239;239mL[48;2;250;250;250m [48;2;251;251;251m [48;2;252;252;252m                                             [0m
[7m[38;2;0;0;0m [0m[38;2;0;0;0;48;2;0;0;0m                                            [38;2;33;33;33;48;2;19;19;19mu[38;2;130;130;130;48;2;82;82;82ma[38;2;79;79;79;48;2;176;176;176m~[38;2;52;52;52;48;2;161;161;161m~[38;2;140;140;140;48;2;184;184;184mF[38;2;254;254;254;48;2;245;245;245m`[38;2;250;250;250;48;2;251;251;251m~[38;2;252;252;252m:[48;2;252;252;252m    [48;2;251;251;251m [38;2;254;254;254m:[38;2;237;237;237;48;2;223;223;223m:[38;2;97;97;97;48;2;61;61;61mL[38;2;3;3;3;48;2;1;1;1mL[48;2;0;0;0m       [38;2;0;0;0;48;2;4;4;4m:[38;2;74;74;74;48;2;50;50;50m4[38;2;66;66;66;48;2;182;182;182m_[38;2;72;72;72;48;2;196;196;196m_[38;2;222;222;222;48;2;239;239;239m,[38;2;253;253;253;48;2;252;252;252m:                                             [0m
[7m[38;2;0;0;0m [0m[38;2;0;0;0;48;2;0;0;0m                                           [38;2;24;24;24;48;2;3;3;3m_[38;2;117;117;117;48;2;45;45;45m_[38;2;200;200;200;48;2;123;123;123my[38;2;156;156;156;48;2;205;205;205m~[38;2;250;250;250;48;2;241;241;241m`[38;2;249;249;249;48;2;251;251;251mr [48;2;252;252;252m      [48;2;251;251;251m [38;2;254;254;254m:[38;2;237;237;237;48;2;223;223;223m:[38;2;97;97;97;48;2;61;61;61mL[38;2;3;3;3;48;2;1;1;1mL[48;2;0;0;0m       [38;2;0;0;0;48;2;1;1;1m:[38;2;25;25;25;48;2;9;9;9m~[38;2;55;55;55;48;2;18;18;18m_[38;2;84;84;84;48;2;58;58;58m_[38;2;104;104;104;48;2;184;184;184my[38;2;167;167;167;48;2;232;232;232m_[38;2;239;239;239;48;2;248;248;248m,[38;2;252;252;252;48;2;251;251;251m:[48;2;252;252;252m                                           [0m
[7m[38;2;0;0;0m [0m[38;2;0;0;0;48;2;0;0;0m                                          [38;2;1;1;1m:[38;2;61;61;61;48;2;39;39;39m4[38;2;159;159;159;48;2;140;140;140m4[38;2;240;240;240;48;2;180;180;180m~[38;2;59;59;59;48;2;186;186;186m_[38;2;76;76;76;48;2;211;211;211m_[38;2;93;93;93;48;2;203;203;203m_[38;2;211;211;211;48;2;231;231;231mw[38;2;253;253;253;48;2;250;250;250m:[48;2;251;251;251m [48;2;252;252;252m    [48;2;251;251;251m [38;2;254;254;254m:[38;2;237;237;237;48;2;223;223;223m:[38;2;97;97;97;48;2;61;61;61mL[38;2;3;3;3;48;2;1;1;1mL[48;2;0;0;0m       [38;2;5;5;5m_[38;2;0;0;0;48;2;7;7;7m'[38;2;18;18;18;48;2;66;66;66m.[38;2;121;121;121;48;2;197;197;197m~[38;2;69;69;69;48;2;178;178;178m~[38;2;129;129;129;48;2;103;103;103m,[38;2;170;170;170;48;2;199;199;199mw[38;2;239;239;239;48;2;246;246;246m,[38;2;252;252;252;48;2;251;251;251m`:[48;2;252;252;252m                                         [0m
[7m[38;2;0;0;0m [0m[38;2;0;0;0;48;2;0;0;0m                                          [38;2;1;1;1m~[38;2;28;28;28;48;2;11;11;11m"[38;2;43;43;43;48;2;91;91;91mL[38;2;139;139;139;48;2;177;177;177m_[38;2;47;47;47;48;2;124;124;124m~[38;2;112;112;112;48;2;42;42;42m_[38;2;78;78;78;48;2;122;122;122mF[38;2;211;211;211;48;2;234;234;234m_[38;2;223;223;223;48;2;249;249;249m_[48;2;251;251;251m [38;2;251;251;251;48;2;252;252;252m_   [48;2;251;251;251m [38;2;254;254;254m:[38;2;237;237;237;48;2;223;223;223m:[38;2;97;97;97;48;2;61;61;61mL[38;2;3;3;3;48;2;1;1;1mL[48;2;0;0;0m      [38;2;30;30;30;48;2;1;1;1m_[38;2;1;1;1;48;2;16;16;16m:[38;2;110;110;110;48;2;85;85;85m4[38;2;129;129;129;48;2;200;200;200m~[38;2;211;211;211;48;2;237;237;237m_[38;2;125;125;125;48;2;196;196;196my[38;2;175;175;175;48;2;124;124;124m_[38;2;183;183;183;48;2;219;219;219m~[38;2;243;243;243;48;2;249;249;249m~[38;2;250;250;250;48;2;251;251;251m`[38;2;252;252;252m:[48;2;252;252;252m                                         [0m
[7m[38;2;0;0;0m [0m[38;2;0;0;0;48;2;0;0;0m                                            [38;2;22;22;22;48;2;3;3;3m`[38;2;92;92;92;48;2;40;40;40m"[38;2;37;37;37;48;2;146;146;146m_[38;2;141;141;141;48;2;185;185;185m_[38;2;195;195;195;48;2;141;141;141my[38;2;64;64;64;48;2;124;124;124m*[38;2;82;82;82;48;2;131;131;131my[38;2;174;174;174;48;2;217;217;217m_[38;2;252;252;252;48;2;248;248;248m:[48;2;251;251;251m".[38;2;253;253;253;48;2;252;252;252m,[48;2;251;251;251m [38;2;254;254;254m:[38;2;237;237;237;48;2;223;223;223m:[38;2;97;97;97;48;2;61;61;61mL[38;2;3;3;3;48;2;1;1;1mL[48;2;0;0;0m    [38;2;0;0;0;48;2;2;2;2m:[38;2;69;69;69;48;2;40;40;40mu[38;2;49;49;49;48;2;170;170;170m~[38;2;34;34;34;48;2;177;177;177m~[38;2;91;91;91;48;2;151;151;151m~[38;2;92;92;92;48;2;165;165;165my[38;2;76;76;76;48;2;139;139;139m=[38;2;79;79;79;48;2;180;180;180m~[38;2;215;215;215;48;2;240;240;240m~[48;2;251;251;251m [38;2;252;252;252m::[48;2;252;252;252m                                          [0m
[7m[38;2;0;0;0m [0m[38;2;0;0;0;48;2;0;0;0m                                             [38;2;2;2;2m`[38;2;10;10;10;48;2;4;4;4m`[38;2;84;84;84;48;2;33;33;33m~[38;2;48;48;48;48;2;131;131;131my[38;2;77;77;77;48;2;183;183;183m_[38;2;124;124;124;48;2;209;209;209m`[38;2;193;193;193;48;2;227;227;227m_[38;2;130;130;130;48;2;219;219;219m_[38;2;89;89;89;48;2;194;194;194m_[38;2;86;86;86;48;2;161;161;161my[38;2;177;177;177;48;2;212;212;212mw[38;2;252;252;252;48;2;248;248;248m`[38;2;253;253;253;48;2;251;251;251m`[38;2;237;237;237;48;2;223;223;223m:[38;2;97;97;97;48;2;60;60;60mL[38;2;2;2;2;48;2;1;1;1mL[38;2;0;0;0;48;2;8;8;8m:[38;2;94;94;94;48;2;57;57;57mu[38;2;201;201;201;48;2;122;122;122my[38;2;176;176;176;48;2;69;69;69m_[38;2;142;142;142;48;2;36;36;36m_[38;2;110;110;110;48;2;39;39;39m_[38;2;188;188;188;48;2;80;80;80m~[38;2;43;43;43;48;2;129;129;129ms[38;2;185;185;185;48;2;120;120;120my[38;2;116;116;116;48;2;202;202;202m~[38;2;206;206;206;48;2;240;240;240m~[38;2;245;245;245;48;2;250;250;250m~[48;2;251;251;251m [38;2;252;252;252m:[48;2;252;252;252m                                            [0m
[7m[38;2;0;0;0m [0m[38;2;0;0;0;48;2;0;0;0m                                                [38;2;46;46;46;48;2;21;21;21m_[38;2;177;177;177;48;2;85;85;85m_[38;2;90;90;90;48;2;163;163;163mT[38;2;109;109;109;48;2;184;184;184mT[38;2;72;72;72;48;2;179;179;179m~[38;2;41;41;41;48;2;166;166;166m~[38;2;58;58;58;48;2;183;183;183m~[38;2;210;210;210;48;2;239;239;239m~[38;2;253;253;253;48;2;251;251;251m`[38;2;254;254;254m:[38;2;237;237;237;48;2;223;223;223m:[38;2;97;97;97;48;2;60;60;60mL[38;2;2;2;2;48;2;1;1;1mL[38;2;0;0;0m:[38;2;65;65;65;48;2;26;26;26m"[38;2;37;37;37;48;2;127;127;127my[38;2;53;53;53;48;2;143;143;143my[38;2;54;54;54;48;2;131;131;131my[38;2;69;69;69;48;2;123;123;123my[38;2;41;41;41;48;2;131;131;131m_[38;2;92;92;92;48;2;184;184;184m_[38;2;245;245;245;48;2;242;242;242m'[38;2;249;249;249;48;2;251;251;251m~ [48;2;252;252;252m                                               [0m
[7m[38;2;0;0;0m [0m[38;2;0;0;0;48;2;0;0;0m                                               [38;2;55;55;55;48;2;10;10;10m_[38;2;169;169;169;48;2;73;73;73m_[38;2;172;172;172;48;2;205;205;205mF[38;2;254;254;254;48;2;248;248;248m:[38;2;248;248;248;48;2;251;251;251m=[38;2;251;251;251;48;2;252;252;252m=[38;2;253;253;253;48;2;251;251;251m~[48;2;252;252;252m~ [48;2;251;251;251m [38;2;254;254;254m:[38;2;237;237;237;48;2;223;223;223m:[38;2;97;97;97;48;2;60;60;60mL[38;2;3;3;3;48;2;1;1;1mL[48;2;0;0;0m     [38;2;2;2;2m=[38;2;0;0;0;48;2;4;4;4m:[38;2;82;82;82;48;2;54;54;54m4[38;2;114;114;114;48;2;203;203;203m_[38;2;219;219;219;48;2;246;246;246m_[38;2;249;249;249;48;2;251;251;251m,[48;2;252;252;252m                                               [0m
[7m[38;2;0;0;0m [0m[38;2;0;0;0;48;2;0;0;0m                                             [38;2;1;1;1m:[38;2;62;62;62;48;2;33;33;33my[38;2;80;80;80;48;2;161;161;161m~[38;2;222;222;222;48;2;243;243;243m~[38;2;249;249;249;48;2;250;250;250m`[48;2;251;251;251m [48;2;252;252;252m     [48;2;251;251;251m [38;2;254;254;254m:[38;2;237;237;237;48;2;223;223;223m:[38;2;97;97;97;48;2;61;61;61mL[38;2;3;3;3;48;2;1;1;1mL[48;2;0;0;0m       [38;2;0;0;0;48;2;2;2;2m:[38;2;68;68;68;48;2;23;23;23m"[38;2;69;69;69;48;2;125;125;125my[38;2;201;201;201;48;2;231;231;231m_[38;2;246;246;246;48;2;250;250;250m,[38;2;252;252;252;48;2;251;251;251m::[48;2;252;252;252m                                            [0m
[7m[38;2;0;0;0m [0m[38;2;0;0;0;48;2;0;0;0m                                             [38;2;60;60;60;48;2;31;31;31my[38;2;83;83;83;48;2;155;155;155m~[38;2;228;228;228;48;2;243;243;243m~[38;2;250;250;250;48;2;251;251;251mz[38;2;252;252;252m:[48;2;252;252;252m      [48;2;251;251;251m [38;2;254;254;254m:[38;2;237;237;237;48;2;223;223;223m:[38;2;97;97;97;48;2;61;61;61mL[38;2;3;3;3;48;2;1;1;1mL[48;2;0;0;0m         [38;2;0;0;0;48;2;17;17;17m:[38;2;74;74;74;48;2;125;125;125mg[38;2;189;189;189;48;2;227;227;227m_[38;2;244;244;244;48;2;249;249;249m,[38;2;252;252;252;48;2;251;251;251m::[48;2;252;252;252m                                           [0m
[7m[38;2;0;0;0m [0m[38;2;0;0;0;48;2;0;0;0m                                           [38;2;1;1;1m_[38;2;40;40;40;48;2;26;26;26mu[38;2;104;104;104;48;2;138;138;138mF[38;2;232;232;232;48;2;243;243;243m~[38;2;249;249;249;48;2;250;250;250m+[38;2;252;252;252;48;2;251;251;251m:[48;2;252;252;252m       [48;2;251;251;251m [38;2;254;254;254m:[38;2;237;237;237;48;2;223;223;223m:[38;2;97;97;97;48;2;61;61;61mL[38;2;3;3;3;48;2;1;1;1mL[48;2;0;0;0m          [38;2;0;0;0;48;2;16;16;16m:[38;2;141;141;141;48;2;103;103;103m~[38;2;223;223;223;48;2;236;236;236mL[48;2;251;251;251m [38;2;252;252;252m.[48;2;252;252;252m                                           [0m
[7m[38;2;0;0;0m [0m[38;2;0;0;0;48;2;0;0;0m                                           [38;2;2;2;2m`[38;2;26;26;26;48;2;11;11;11m"[38;2;71;71;71;48;2;107;107;107mF[38;2;218;218;218;48;2;233;233;233mr[38;2;254;254;254;48;2;251;251;251m: [48;2;252;252;252m       [48;2;251;251;251m :[38;2;237;237;237;48;2;223;223;223m:[38;2;97;97;97;48;2;61;61;61mL[38;2;3;3;3;48;2;1;1;1mL[48;2;0;0;0m          [38;2;0;0;0;48;2;3;3;3m:[38;2;73;73;73;48;2;54;54;54m4[38;2;190;190;190;48;2;218;218;218m_[38;2;244;244;244;48;2;249;249;249m,[38;2;250;250;250;48;2;251;251;251m_[38;2;252;252;252m:[48;2;252;252;252m                                          [0m
[7m[38;2;0;0;0m [0m[38;2;0;0;0;48;2;0;0;0m                                           [38;2;1;1;1m.[38;2;39;39;39;48;2;27;27;27mu[38;2;107;107;107;48;2;139;139;139mF[38;2;253;253;253;48;2;242;242;242m:[38;2;239;239;239;48;2;249;249;249m_[38;2;254;254;254;48;2;252;252;252m.       [48;2;251;251;251m :[38;2;237;237;237;48;2;223;223;223m:[38;2;97;97;97;48;2;61;61;61mL[38;2;3;3;3;48;2;1;1;1mL[48;2;0;0;0m         [38;2;1;1;1;48;2;19;19;19m`[38;2;141;141;141;48;2;74;74;74my[38;2;120;120;120;48;2;62;62;62m_[38;2;138;138;138;48;2;161;161;161mK[38;2;231;231;231;48;2;240;240;240mL[38;2;251;251;251;48;2;250;250;250m,[48;2;251;251;251m [48;2;252;252;252m                                          [0m
[7m[38;2;0;0;0m [0m[38;2;0;0;0;48;2;0;0;0m                                            [38;2;24;24;24;48;2;9;9;9m"[38;2;118;118;118;48;2;43;43;43m"[38;2;215;215;215;48;2;96;96;96m~[38;2;156;156;156;48;2;189;189;189mw[38;2;254;254;254;48;2;247;247;247m:[38;2;249;249;249;48;2;250;250;250mg[38;2;252;252;252;48;2;251;251;251m:[48;2;252;252;252m     [48;2;251;251;251m [38;2;254;254;254m:[38;2;237;237;237;48;2;223;223;223m:[38;2;97;97;97;48;2;61;61;61mL[38;2;3;3;3;48;2;1;1;1mL[48;2;0;0;0m         [38;2;45;45;45;48;2;30;30;30m4[38;2;161;161;161;48;2;177;177;177mL[38;2;167;167;167;48;2;225;225;225m~[38;2;206;206;206;48;2;239;239;239m"[38;2;245;245;245;48;2;250;250;250m~[38;2;251;251;251;48;2;252;252;252m`                                           [0m
[7m[38;2;0;0;0m [0m[38;2;0;0;0;48;2;0;0;0m                                             [48;2;1;1;1m [38;2;43;43;43;48;2;29;29;29m4[38;2;112;112;112;48;2;141;141;141mi[38;2;240;240;240;48;2;245;245;245mL[38;2;249;249;249;48;2;250;250;250m|[38;2;252;252;252;48;2;251;251;251m:[48;2;252;252;252m     [48;2;251;251;251m [38;2;254;254;254m:[38;2;237;237;237;48;2;223;223;223m:[38;2;97;97;97;48;2;61;61;61mL[38;2;3;3;3;48;2;1;1;1mL[48;2;0;0;0m         [38;2;56;56;56;48;2;39;39;39m4[38;2;188;188;188;48;2;205;205;205mF[38;2;243;243;243;48;2;248;248;248m~[38;2;252;252;252;48;2;251;251;251m,:[48;2;252;252;252m                                            [0m
[7m[38;2;0;0;0m [0m[38;2;0;0;0;48;2;0;0;0m                                              [38;2;25;25;25;48;2;16;16;16m4[38;2;97;97;97;48;2;122;122;122m$[38;2;238;238;238;48;2;244;244;244mL[38;2;250;250;250;48;2;251;251;251m:[38;2;252;252;252m:[48;2;252;252;252m     [48;2;251;251;251m [38;2;254;254;254m:[38;2;237;237;237;48;2;223;223;223m:[38;2;97;97;97;48;2;61;61;61mL[38;2;3;3;3;48;2;1;1;1mL[48;2;0;0;0m        [38;2;0;0;0;48;2;2;2;2m:[38;2;71;71;71;48;2;55;55;55m4[38;2;211;211;211;48;2;224;224;224mF[38;2;252;252;252;48;2;251;251;251m.[38;2;251;251;251;48;2;252;252;252m`                                             [0m
[7m[38;2;0;0;0m [0m[38;2;0;0;0;48;2;0;0;0m                                              [38;2;1;1;1;48;2;12;12;12m:[38;2;112;112;112;48;2;88;88;88m4[38;2;169;169;169;48;2;220;220;220m_[38;2;166;166;166;48;2;237;237;237m_[38;2;241;241;241;48;2;249;249;249m,[48;2;251;251;251m [38;2;252;252;252m:[48;2;252;252;252m   [48;2;251;251;251m [38;2;254;254;254m:[38;2;237;237;237;48;2;223;223;223m:[38;2;97;97;97;48;2;61;61;61mL[38;2;3;3;3;48;2;1;1;1mL[48;2;0;0;0m        [38;2;0;0;0;48;2;6;6;6m:[38;2;90;90;90;48;2;73;73;73m4[38;2;222;222;222;48;2;234;234;234mL[38;2;253;253;253;48;2;252;252;252m|                                              [0m
[7m[38;2;0;0;0m [0m[38;2;0;0;0;48;2;0;0;0m                                              [38;2;1;1;1;48;2;8;8;8m:[38;2;58;58;58;48;2;75;75;75m$[38;2;172;172;172;48;2;144;144;144m_[38;2;96;96;96;48;2;149;149;149mF[38;2;226;226;226;48;2;234;234;234mr[38;2;249;249;249;48;2;251;251;251mL [48;2;252;252;252m   [48;2;251;251;251m [38;2;254;254;254m:[38;2;237;237;237;48;2;223;223;223m:[38;2;97;97;97;48;2;61;61;61mL[38;2;3;3;3;48;2;1;1;1mL[48;2;0;0;0m       [38;2;0;0;0;48;2;10;10;10m`[38;2;70;70;70;48;2;31;31;31my[38;2;91;91;91;48;2;79;79;79m4[38;2;221;221;221;48;2;234;234;234mL[48;2;252;252;252m                                               [0m
[7m[38;2;0;0;0m [0m[38;2;0;0;0;48;2;0;0;0m                                              [48;2;5;5;5m'[38;2;45;45;45;48;2;92;92;92m[[38;2;202;202;202;48;2;227;227;227m~[38;2;228;228;228;48;2;247;247;247m~[38;2;253;253;253;48;2;251;251;251m` [48;2;252;252;252m    [48;2;251;251;251m [38;2;254;254;254m:[38;2;237;237;237;48;2;223;223;223m:[38;2;97;97;97;48;2;61;61;61mL[38;2;3;3;3;48;2;1;1;1mL[48;2;0;0;0m       [38;2;14;14;14;48;2;7;7;7m`[38;2;63;63;63;48;2;23;23;23m~[38;2;88;88;88;48;2;75;75;75m4[38;2;221;221;221;48;2;234;234;234mL[48;2;252;252;252m                                               [0m
[7m[38;2;0;0;0m [0m[38;2;0;0;0;48;2;0;0;0m                                             [48;2;3;3;3m`[38;2;85;85;85;48;2;50;50;50my[38;2;109;109;109;48;2;188;188;188m~[38;2;253;253;253;48;2;247;247;247m:[38;2;252;252;252;48;2;251;251;251m`:[48;2;252;252;252m     [48;2;251;251;251m [38;2;254;254;254m:[38;2;237;237;237;48;2;223;223;223m:[38;2;97;97;97;48;2;61;61;61mL[38;2;3;3;3;48;2;1;1;1mL[48;2;0;0;0m        [38;2;0;0;0;48;2;4;4;4m:[38;2;85;85;85;48;2;60;60;60m4[38;2;192;192;192;48;2;223;223;223m_[38;2;245;245;245;48;2;250;250;250m,[48;2;251;251;251m [38;2;252;252;252m:[48;2;252;252;252m                                            [0m
[7m[38;2;0;0;0m [0m[38;2;0;0;0;48;2;0;0;0m                                            [38;2;1;1;1;48;2;5;5;5m`[38;2;92;92;92;48;2;59;59;59my[38;2;131;131;131;48;2;197;197;197m~[38;2;253;253;253;48;2;248;248;248m:[38;2;250;250;250;48;2;251;251;251m![38;2;252;252;252m:[48;2;252;252;252m      [48;2;251;251;251m [38;2;254;254;254m:[38;2;237;237;237;48;2;223;223;223m:[38;2;97;97;97;48;2;61;61;61mL[38;2;3;3;3;48;2;1;1;1mL[48;2;0;0;0m         [38;2;0;0;0;48;2;13;13;13m:[38;2;147;147;147;48;2;87;87;87m~[38;2;184;184;184;48;2;224;224;224m_[38;2;244;244;244;48;2;249;249;249m,[48;2;251;251;251m [38;2;252;252;252m:[48;2;252;252;252m                                           [0m
[7m[38;2;0;0;0m [0m[38;2;0;0;0;48;2;0;0;0m                                           [48;2;1;1;1m.[38;2;75;75;75;48;2;51;51;51my[38;2;124;124;124;48;2;188;188;188m~[38;2;254;254;254;48;2;247;247;247m:[38;2;250;250;250;48;2;251;251;251mt[38;2;252;252;252m:[48;2;252;252;252m       [48;2;251;251;251m [38;2;254;254;254m:[38;2;237;237;237;48;2;223;223;223m:[38;2;97;97;97;48;2;61;61;61mL[38;2;3;3;3;48;2;1;1;1mL[48;2;0;0;0m         [38;2;1;1;1m"[38;2;0;0;0;48;2;14;14;14m:[38;2;71;71;71;48;2;111;111;111mg[38;2;206;206;206;48;2;228;228;228m,[38;2;248;248;248;48;2;250;250;250m,[38;2;252;252;252;48;2;251;251;251m:[48;2;252;252;252m                                           [0m
[7m[38;2;0;0;0m [0m[38;2;0;0;0;48;2;0;0;0m                                          [38;2;2;2;2m.[38;2;62;62;62;48;2;16;16;16m_[38;2;69;69;69;48;2;126;126;126mF[38;2;224;224;224;48;2;235;235;235m^[38;2;254;254;254;48;2;251;251;251m`[38;2;252;252;252m.[48;2;252;252;252m        [48;2;251;251;251m [38;2;254;254;254m:[38;2;237;237;237;48;2;223;223;223m:[38;2;97;97;97;48;2;61;61;61mL[38;2;3;3;3;48;2;1;1;1mL[48;2;0;0;0m           [38;2;6;6;6;48;2;41;41;41m:[38;2;119;119;119;48;2;192;192;192m_[38;2;224;224;224;48;2;243;243;243m,[38;2;248;248;248;48;2;250;250;250m,[48;2;251;251;251m [48;2;252;252;252m                                          [0m
[7m[38;2;0;0;0m [0m[38;2;0;0;0;48;2;0;0;0m                                        [38;2;1;1;1m_[38;2;0;0;0;48;2;6;6;6m`[38;2;98;98;98;48;2;53;53;53my[38;2;86;86;86;48;2;185;185;185m~[38;2;223;223;223;48;2;243;243;243m~[38;2;254;254;254;48;2;251;251;251m`[38;2;252;252;252m:[48;2;252;252;252m         [48;2;251;251;251m [38;2;254;254;254m:[38;2;237;237;237;48;2;223;223;223m:[38;2;97;97;97;48;2;61;61;61mL[38;2;3;3;3;48;2;1;1;1mL[48;2;0;0;0m           [38;2;0;0;0;48;2;1;1;1m`[38;2;71;71;71;48;2;24;24;24m`[38;2;62;62;62;48;2;135;135;135my[38;2;163;163;163;48;2;225;225;225m_[38;2;239;239;239;48;2;248;248;248m,[48;2;251;251;251m [38;2;252;252;252m:[48;2;252;252;252m                                        [0m
[?25h