[?25l[0m[7m[38;2;0;0;0m [0m[38;2;0;0;0;48;2;0;0;0m                                                                                                                       [0m
[7m[38;2;0;0;0m [0m[38;2;0;0;0;48;2;0;0;0m                                                                                                                       [0m
[7m[38;2;0;0;0m [0m[38;2;0;0;0;48;2;0;0;0m                                                                                                                       [0m
[7m[38;2;0;0;0m [0m[38;2;0;0;0;48;2;0;0;0m                                                                                                                       [0m
[7m[38;2;0;0;0m [0m[38;2;0;0;0;48;2;0;0;0m                                                                                                                       [0m
[7m[38;2;0;0;0m [0m[38;2;0;0;0;48;2;0;0;0m                                                                                                                       [0m
[7m[38;2;0;0;0m [0m[38;2;0;0;0;48;2;0;0;0m                                                       [38;2;1;1;1m_   [38;2;10;10;10m_[38;2;24;24;24m_                                                          [0m
[7m[38;2;0;0;0m [0m[38;2;0;0;0;48;2;0;0;0m                                                 [38;2;40;40;40;48;2;4;4;4m_[38;2;106;106;106;48;2;13;13;13m_[38;2;113;113;113;48;2;14;14;14m_[38;2;110;110;110;48;2;16;16;16m_[38;2;172;172;172;48;2;40;40;40m_[38;2;174;174;174;48;2;77;77;77my[38;2;205;205;205;48;2;107;107;107mg[38;2;191;191;191;48;2;98;98;98mg[38;2;169;169;169;48;2;75;75;75my[38;2;209;209;209;48;2;82;82;82m_[38;2;58;58;58;48;2;165;165;165m~[38;2;138;138;138;48;2;116;116;116mm[38;2;52;52;52;48;2;28;28;28mL[38;2;8;8;8;48;2;1;1;1m,[48;2;0;0;0m                                                        [0m
[7m[38;2;0;0;0m [0m[38;2;0;0;0;48;2;0;0;0m                                                [48;2;11;11;11m'[38;2;108;108;108;48;2;69;69;69m4[38;2;219;219;219;48;2;172;172;172ma[38;2;158;158;158;48;2;225;225;225m~[38;2;155;155;155;48;2;227;227;227m~[38;2;217;217;217;48;2;242;242;242m"[38;2;242;242;242;48;2;250;250;250m`[38;2;251;251;251;48;2;252;252;252m-[38;2;249;249;249;48;2;251;251;251m`[38;2;242;242;242;48;2;250;250;250m`[38;2;239;239;239m`[38;2;252;252;252;48;2;245;245;245m:[38;2;145;145;145;48;2;198;198;198m~[38;2;105;105;105;48;2;67;67;67mL[38;2;22;22;22;48;2;9;9;9m,[48;2;0;0;0m                                                        [0m
[7m[38;2;0;0;0m [0m[38;2;0;0;0;48;2;0;0;0m                                               [38;2;1;1;1m,[38;2;0;0;0;48;2;4;4;4m`[38;2;109;109;109;48;2;51;51;51m_[38;2;141;141;141;48;2;185;185;185mF[38;2;253;253;253;48;2;246;246;246m:[38;2;248;248;248;48;2;250;250;250m`[38;2;252;252;252;48;2;251;251;251m.[48;2;252;252;252m     [48;2;251;251;251m [38;2;254;254;254;48;2;242;242;242m'[38;2;204;204;204;48;2;132;132;132m_[38;2;106;106;106;48;2;34;34;34m_[38;2;25;25;25;48;2;3;3;3m,[48;2;0;0;0m                                                       [0m
[7m[38;2;0;0;0m [0m[38;2;0;0;0;48;2;0;0;0m                                               [48;2;2;2;2m:[38;2;82;82;82;48;2;55;55;55my[38;2;131;131;131;48;2;201;201;201m~[38;2;253;253;253;48;2;248;248;248m:[38;2;252;252;252;48;2;251;251;251m,:[48;2;252;252;252m     [48;2;251;251;251m.[38;2;253;253;253m_[38;2;252;252;252;48;2;249;249;249m:[38;2;199;199;199;48;2;238;238;238m_[38;2;149;149;149;48;2;191;191;191m_[38;2;119;119;119;48;2;76;76;76mr[38;2;27;27;27;48;2;10;10;10mr[48;2;0;0;0m                                                      [0m
[7m[38;2;0;0;0m [0m[38;2;0;0;0;48;2;0;0;0m                                              [38;2;1;1;1m`[38;2;51;51;51;48;2;32;32;32my[38;2;100;100;100;48;2;154;154;154m~[38;2;254;254;254;48;2;244;244;244m:[38;2;249;249;249;48;2;250;250;250me[38;2;252;252;252;48;2;251;251;251m:[48;2;252;252;252m    [48;2;251;251;251m`[38;2;253;253;253m:[38;2;251;251;251;48;2;237;237;237m`[38;2;92;92;92;48;2;181;181;181my[38;2;201;201;201;48;2;81;81;81m~[38;2;152;152;152;48;2;39;39;39m~[38;2;110;110;110;48;2;23;23;23m~[38;2;43;43;43;48;2;10;10;10m"[38;2;3;3;3;48;2;1;1;1m'[48;2;0;0;0m                                                      [0m
[7m[38;2;0;0;0m [0m[38;2;0;0;0;48;2;0;0;0m                                             [38;2;1;1;1m_[38;2;28;28;28;48;2;12;12;12m_[38;2;64;64;64;48;2;111;111;111mF[38;2;212;212;212;48;2;232;232;232m"[38;2;254;254;254;48;2;251;251;251m`[38;2;250;250;250m`[38;2;252;252;252m:[48;2;252;252;252m   [48;2;251;251;251m:[38;2;250;250;250ml[38;2;254;254;254;48;2;246;246;246m:[38;2;204;204;204;48;2;182;182;182mF[38;2;72;72;72;48;2;43;43;43mL[48;2;0;0;0m                                                           [0m
[7m[38;2;0;0;0m [0m[38;2;0;0;0;48;2;0;0;0m                                             [38;2;2;2;2;48;2;3;3;3m`[38;2;64;64;64;48;2;50;50;50my[38;2;142;142;142;48;2;178;178;178m~[38;2;254;254;254;48;2;246;246;246m:[48;2;250;250;250m [38;2;252;252;252;48;2;251;251;251m:[48;2;252;252;252m    [48;2;251;251;251m:[38;2;250;250;250m`[38;2;253;253;253;48;2;250;250;250m'[38;2;196;196;196;48;2;238;238;238m`[38;2;123;123;123;48;2;200;200;200m~[38;2;218;218;218;48;2;122;122;122my[38;2;173;173;173;48;2;60;60;60m_[38;2;59;59;59;48;2;13;13;13m,[48;2;0;0;0m                                                        [0m
[7m[38;2;0;0;0m [0m[38;2;0;0;0;48;2;0;0;0m                                            [38;2;1;1;1m_[38;2;31;31;31;48;2;16;16;16m_[38;2;70;70;70;48;2;116;116;116mF[38;2;215;215;215;48;2;234;234;234m"[38;2;254;254;254;48;2;251;251;251m` [48;2;252;252;252m        [38;2;251;251;251m"[38;2;248;248;248;48;2;250;250;250m~[38;2;249;249;249m.[38;2;206;206;206;48;2;233;233;233m`[38;2;157;157;157;48;2;101;101;101mL[38;2;66;66;66;48;2;18;18;18m,[48;2;0;0;0m                                                       [0m
[7m[38;2;0;0;0m [0m[38;2;0;0;0;48;2;0;0;0m                                            [38;2;55;55;55;48;2;20;20;20m_[38;2;49;49;49;48;2;121;121;121m~[38;2;175;175;175;48;2;227;227;227m~[38;2;254;254;254;48;2;249;249;249m`[38;2;250;250;250;48;2;251;251;251m`[48;2;252;252;252m      [38;2;252;252;252;48;2;251;251;251m:[38;2;250;250;250m_[38;2;253;253;253;48;2;248;248;248m:[38;2;191;191;191;48;2;229;229;229my[38;2;130;130;130;48;2;220;220;220m_[38;2;211;211;211;48;2;246;246;246m_[38;2;254;254;254;48;2;250;250;250m'[38;2;201;201;201;48;2;228;228;228m"[38;2;74;74;74;48;2;118;118;118m7[38;2;69;69;69;48;2;19;19;19m,[38;2;1;1;1;48;2;0;0;0m.                                                     [0m
[7m[38;2;0;0;0m [0m[38;2;0;0;0;48;2;0;0;0m                                           [48;2;6;6;6m'[38;2;50;50;50;48;2;95;95;95m[[38;2;202;202;202;48;2;223;223;223m`[38;2;241;241;241;48;2;250;250;250m_[38;2;252;252;252;48;2;251;251;251my[48;2;252;252;252m [38;2;253;253;253m_     [38;2;252;252;252;48;2;251;251;251m:[48;2;250;250;250m [38;2;254;254;254;48;2;243;243;243m:[38;2;179;179;179;48;2;161;161;161mL[38;2;51;51;51;48;2;79;79;79m9[38;2;108;108;108;48;2;148;148;148mP[38;2;233;233;233;48;2;243;243;243mL[38;2;254;254;254;48;2;251;251;251m.[38;2;199;199;199;48;2;218;218;218m_[38;2;99;99;99;48;2;61;61;61mL[38;2;0;0;0;48;2;1;1;1m`[48;2;0;0;0m                                                     [0m
[7m[38;2;0;0;0m [0m[38;2;0;0;0;48;2;0;0;0m                                           [38;2;31;31;31;48;2;7;7;7m_[38;2;105;105;105;48;2;56;56;56m_[38;2;110;110;110;48;2;154;154;154ms[38;2;206;206;206;48;2;221;221;221mm[38;2;246;246;246;48;2;250;250;250mW[38;2;252;252;252;48;2;241;241;241m`[38;2;210;210;210;48;2;237;237;237my[38;2;253;253;253;48;2;250;250;250m:[38;2;251;251;251;48;2;252;252;252m.   [38;2;252;252;252;48;2;251;251;251m:[48;2;250;250;250m [38;2;254;254;254;48;2;240;240;240m:[38;2;162;162;162;48;2;142;142;142m~[38;2;178;178;178;48;2;114;114;114m_[38;2;206;206;206;48;2;231;231;231m"[38;2;254;254;254;48;2;248;248;248m:[38;2;146;146;146;48;2;218;218;218m_[38;2;59;59;59;48;2;117;117;117mg[38;2;50;50;50;48;2;13;13;13m~[48;2;0;0;0m                                                      [0m
[7m[38;2;0;0;0m [0m[38;2;0;0;0;48;2;0;0;0m                                          [48;2;3;3;3m'[38;2;89;89;89;48;2;67;67;67ma[38;2;151;151;151;48;2;204;204;204m~[38;2;205;205;205;48;2;239;239;239m~[38;2;238;238;238;48;2;248;248;248m`[38;2;253;253;253;48;2;251;251;251m'[38;2;241;241;241;48;2;249;249;249m`[38;2;221;221;221;48;2;244;244;244m~[38;2;252;252;252;48;2;250;250;250m:[48;2;252;252;252m    [48;2;251;251;251m::[38;2;254;254;254;48;2;249;249;249m'[38;2;199;199;199;48;2;236;236;236m~[38;2;216;216;216;48;2;243;243;243m~[38;2;253;253;253;48;2;249;249;249m:[38;2;204;204;204;48;2;224;224;224m_[38;2;103;103;103;48;2;74;74;74mF[38;2;16;16;16;48;2;6;6;6m'[48;2;0;0;0m                                                       [0m
[7m[38;2;0;0;0m [0m[38;2;0;0;0;48;2;0;0;0m                                          [38;2;1;1;1m~[38;2;64;64;64;48;2;42;42;42m4[38;2;133;133;133;48;2;167;167;167m_[38;2;254;254;254;48;2;245;245;245m:[38;2;249;249;249;48;2;250;250;250m:[38;2;252;252;252;48;2;251;251;251m:[48;2;252;252;252m [48;2;251;251;251m:[48;2;252;252;252m       [48;2;251;251;251m:[38;2;249;249;249;48;2;250;250;250m.[38;2;253;253;253;48;2;249;249;249m:[38;2;188;188;188;48;2;223;223;223my[38;2;58;58;58;48;2;119;119;119mg[38;2;52;52;52;48;2;13;13;13m~[48;2;0;0;0m                                                        [0m
[7m[38;2;0;0;0m [0m[38;2;0;0;0;48;2;0;0;0m                                           [38;2;20;20;20;48;2;6;6;6m`[38;2;105;105;105;48;2;51;51;51m"[38;2;75;75;75;48;2;157;157;157my[38;2;154;154;154;48;2;204;204;204mw[38;2;253;253;253;48;2;247;247;247m:[38;2;250;250;250;48;2;251;251;251m_[38;2;252;252;252m:[48;2;252;252;252m       [48;2;251;251;251m:[38;2;249;249;249m'[38;2;254;254;254;48;2;248;248;248m'[38;2;181;181;181;48;2;212;212;212m~[38;2;121;121;121;48;2;70;70;70mL[38;2;38;38;38;48;2;8;8;8m,[38;2;1;1;1;48;2;0;0;0m_                                                       [0m
[7m[38;2;0;0;0m [0m[38;2;0;0;0;48;2;0;0;0m                                           [38;2;2;2;2m_[38;2;54;54;54;48;2;18;18;18m_[38;2;69;69;69;48;2;125;125;125mF[38;2;189;189;189;48;2;229;229;229m"[38;2;254;254;254;48;2;250;250;250m'[38;2;249;249;249;48;2;251;251;251m`[38;2;252;252;252m:[48;2;252;252;252m        [48;2;251;251;251m:[38;2;249;249;249;48;2;250;250;250m`[38;2;254;254;254;48;2;248;248;248m'[38;2;173;173;173;48;2;214;214;214m~[38;2;121;121;121;48;2;73;73;73mL[38;2;38;38;38;48;2;9;9;9m,[38;2;1;1;1;48;2;0;0;0m,                                                      [0m
[7m[38;2;0;0;0m [0m[38;2;0;0;0;48;2;0;0;0m                                          [48;2;1;1;1m`[38;2;81;81;81;48;2;33;33;33m_[38;2;64;64;64;48;2;150;150;150m~[38;2;212;212;212;48;2;231;231;231m~[38;2;245;245;245;48;2;248;248;248m,[38;2;251;251;251;48;2;252;252;252m~           [38;2;252;252;252;48;2;251;251;251m:[38;2;249;249;249m^[38;2;254;254;254;48;2;248;248;248m'[38;2;174;174;174;48;2;212;212;212m~[38;2;115;115;115;48;2;65;65;65mL[38;2;28;28;28;48;2;6;6;6m,[48;2;0;0;0m                                                      [0m
[7m[38;2;0;0;0m [0m[38;2;0;0;0;48;2;0;0;0m                                          [38;2;1;1;1;48;2;5;5;5m:[38;2;101;101;101;48;2;67;67;67m4[38;2;137;137;137;48;2;204;204;204m_[38;2;223;223;223;48;2;239;239;239m~[38;2;247;247;247;48;2;251;251;251m~[38;2;253;253;253m`[48;2;252;252;252m            [38;2;252;252;252;48;2;251;251;251m:[38;2;249;249;249;48;2;250;250;250m^[38;2;254;254;254;48;2;247;247;247m:[38;2;148;148;148;48;2;190;190;190m~[38;2;89;89;89;48;2;50;50;50mL[38;2;13;13;13;48;2;2;2;2m,[48;2;0;0;0m                                                     [0m
[7m[38;2;0;0;0m [0m[38;2;0;0;0;48;2;0;0;0m                                          [38;2;37;37;37;48;2;8;8;8m_[38;2;147;147;147;48;2;77;77;77m_[38;2;142;142;142;48;2;208;208;208m~[48;2;249;249;249m [38;2;252;252;252;48;2;251;251;251m_:[48;2;252;252;252m             [48;2;251;251;251m:[38;2;253;253;253;48;2;252;252;252m.[38;2;249;249;249;48;2;239;239;239m'[38;2;188;188;188;48;2;149;149;149mL[38;2;75;75;75;48;2;41;41;41m_[38;2;3;3;3;48;2;1;1;1m.[48;2;0;0;0m                                                    [0m
[7m[38;2;0;0;0m [0m[38;2;0;0;0;48;2;0;0;0m                                        [38;2;1;1;1m.[38;2;67;67;67;48;2;22;22;22m_[38;2;72;72;72;48;2;132;132;132mF[38;2;180;180;180;48;2;228;228;228m"[38;2;254;254;254;48;2;250;250;250m'[38;2;250;250;250;48;2;251;251;251m~[38;2;252;252;252m:[48;2;252;252;252m               [48;2;251;251;251m:[38;2;251;251;251;48;2;250;250;250m~[38;2;253;253;253;48;2;239;239;239m:[38;2;109;109;109;48;2;131;131;131m4[38;2;43;43;43;48;2;22;22;22mL[48;2;0;0;0m                                                    [0m
[7m[38;2;0;0;0m [0m[38;2;0;0;0;48;2;0;0;0m                                       [48;2;2;2;2m`[38;2;78;78;78;48;2;40;40;40my[38;2;85;85;85;48;2;169;169;169m~[38;2;224;224;224;48;2;244;244;244m~[38;2;252;252;252;48;2;250;250;250m`[48;2;251;251;251m.[48;2;252;252;252m                 [48;2;251;251;251m:[38;2;249;249;249m^[38;2;254;254;254;48;2;249;249;249m'[38;2;187;187;187;48;2;221;221;221m~[38;2;171;171;171;48;2;97;97;97m_[38;2;67;67;67;48;2;18;18;18m,[48;2;0;0;0m                                                   [0m
[7m[38;2;0;0;0m [0m[38;2;0;0;0;48;2;0;0;0m                                      [48;2;3;3;3m`[38;2;94;94;94;48;2;57;57;57my[38;2;117;117;117;48;2;195;195;195m~[38;2;253;253;253;48;2;248;248;248m:[38;2;252;252;252;48;2;251;251;251m_:[48;2;252;252;252m                   [48;2;251;251;251m: [38;2;254;254;254;48;2;250;250;250m`[38;2;198;198;198;48;2;229;229;229m"[38;2;78;78;78;48;2;126;126;126m~[38;2;62;62;62;48;2;24;24;24m_[38;2;1;1;1;48;2;0;0;0m.                                                 [0m
[7m[38;2;0;0;0m [0m[38;2;0;0;0;48;2;0;0;0m                                     [38;2;1;1;1;48;2;2;2;2m`[38;2;84;84;84;48;2;55;55;55my[38;2;130;130;130;48;2;189;189;189m~[38;2;254;254;254;48;2;248;248;248m:[38;2;250;250;250;48;2;251;251;251mt[38;2;252;252;252m:[48;2;252;252;252m                      [48;2;251;251;251m [38;2;253;253;253;48;2;250;250;250m`[38;2;212;212;212;48;2;239;239;239m`[38;2;100;100;100;48;2;156;156;156m~[38;2;103;103;103;48;2;39;39;39m,[38;2;6;6;6;48;2;1;1;1m,[48;2;0;0;0m                                                [0m
[7m[38;2;0;0;0m [0m[38;2;0;0;0;48;2;0;0;0m                                     [38;2;34;34;34;48;2;20;20;20m4[38;2;146;146;146;48;2;113;113;113m4[38;2;226;226;226;48;2;239;239;239m,[38;2;253;253;253;48;2;251;251;251m` [48;2;252;252;252m                      [38;2;252;252;252;48;2;251;251;251m: [38;2;249;249;249m_[38;2;254;254;254;48;2;249;249;249m`[38;2;169;169;169;48;2;223;223;223m_[38;2;129;129;129;48;2;92;92;92mF[38;2;31;31;31;48;2;14;14;14mr[38;2;1;1;1;48;2;0;0;0m=                                               [0m
[7m[38;2;0;0;0m [0m[38;2;0;0;0;48;2;0;0;0m                                    [38;2;1;1;1;48;2;2;2;2m:[38;2;17;17;17;48;2;13;13;13m"[38;2;81;81;81;48;2;62;62;62mJ[38;2;100;100;100;48;2;177;177;177m_[38;2;169;169;169;48;2;235;235;235m_[38;2;229;229;229;48;2;248;248;248m_[38;2;252;252;252;48;2;251;251;251m:[38;2;251;251;251;48;2;252;252;252m_            [38;2;252;252;252;48;2;251;251;251m:.[48;2;252;252;252m  [48;2;251;251;251m: [48;2;250;250;250m`[38;2;204;204;204;48;2;247;247;247m_[38;2;164;164;164;48;2;238;238;238m_[38;2;130;130;130;48;2;222;222;222m_[38;2;142;142;142;48;2;228;228;228m_[38;2;165;165;165;48;2;236;236;236m_[38;2;95;95;95;48;2;172;172;172m_[38;2;77;77;77;48;2;43;43;43mF[38;2;0;0;0;48;2;1;1;1m`[48;2;0;0;0m                                                [0m
[7m[38;2;0;0;0m [0m[38;2;0;0;0;48;2;0;0;0m                                     [38;2;6;6;6;48;2;3;3;3m"[38;2;24;24;24;48;2;12;12;12m`[38;2;54;54;54;48;2;22;22;22m`[38;2;113;113;113;48;2;59;59;59m`[38;2;103;103;103;48;2;169;169;169m_[38;2;230;230;230;48;2;242;242;242m,[38;2;246;246;246;48;2;250;250;250m_[38;2;252;252;252;48;2;251;251;251m:[48;2;252;252;252m   [48;2;251;251;251m:[38;2;250;250;250m_[38;2;253;253;253m,[38;2;252;252;252mLLLL[38;2;253;253;253;48;2;250;250;250m.[38;2;221;221;221;48;2;247;247;247m_[38;2;201;201;201;48;2;243;243;243m_[38;2;252;252;252;48;2;250;250;250m`[38;2;249;249;249;48;2;251;251;251m_[38;2;253;253;253;48;2;246;246;246m:[38;2;156;156;156;48;2;205;205;205my[38;2;226;226;226;48;2;105;105;105m~[38;2;160;160;160;48;2;62;62;62m~[38;2;82;82;82;48;2;34;34;34m~[38;2;66;66;66;48;2;24;24;24m`[38;2;76;76;76;48;2;27;27;27m`[38;2;101;101;101;48;2;32;32;32m`[38;2;47;47;47;48;2;18;18;18m`[38;2;2;2;2;48;2;3;3;3m.[48;2;0;0;0m                                                 [0m
[7m[38;2;0;0;0m [0m[38;2;0;0;0;48;2;0;0;0m                                      [48;2;1;1;1m:[38;2;12;12;12;48;2;7;7;7m~[38;2;23;23;23;48;2;18;18;18m~[38;2;74;74;74;48;2;33;33;33m"[38;2;158;158;158;48;2;51;51;51m~[38;2;185;185;185;48;2;94;94;94m~[38;2;178;178;178;48;2;204;204;204mw[38;2;246;246;246;48;2;249;249;249mr[38;2;249;249;249;48;2;250;250;250mz[38;2;252;252;252m:[38;2;182;182;182;48;2;241;241;241m_[38;2;116;116;116;48;2;213;213;213m_[38;2;94;94;94;48;2;188;188;188my[38;2;63;63;63;48;2;160;160;160my[38;2;59;59;59;48;2;155;155;155my[38;2;62;62;62;48;2;160;160;160my[38;2;65;65;65;48;2;166;166;166my[38;2;45;45;45;48;2;138;138;138my[38;2;166;166;166;48;2;64;64;64m~[38;2;108;108;108;48;2;141;141;141m$[38;2;233;233;233;48;2;242;242;242mL[38;2;248;248;248;48;2;249;249;249m$[38;2;254;254;254;48;2;242;242;242m:[38;2;163;163;163;48;2;141;141;141mL[38;2;51;51;51;48;2;31;31;31mL[38;2;12;12;12;48;2;4;4;4m~[38;2;7;7;7;48;2;1;1;1m~`[38;2;10;10;10m`[38;2;8;8;8m~[38;2;6;6;6;48;2;0;0;0m`                                                  [0m
[7m[38;2;0;0;0m [0m[38;2;0;0;0;48;2;0;0;0m                                        [38;2;5;5;5;48;2;1;1;1m`[38;2;11;11;11;48;2;3;3;3m~[38;2;18;18;18;48;2;9;9;9m~[38;2;43;43;43;48;2;69;69;69ml[38;2;183;183;183;48;2;188;188;188m$[38;2;245;245;245;48;2;249;249;249mL[38;2;253;253;253;48;2;250;250;250m.[38;2;246;246;246;48;2;224;224;224m`[38;2;124;124;124;48;2;78;78;78m~[38;2;64;64;64;48;2;18;18;18m`[38;2;22;22;22;48;2;12;12;12m"[38;2;4;4;4;48;2;11;11;11my[38;2;0;0;0;48;2;10;10;10m_[48;2;12;12;12m_[38;2;3;3;3;48;2;9;9;9my[38;2;9;9;9;48;2;3;3;3m~[38;2;39;39;39;48;2;23;23;23m4[38;2;150;150;150;48;2;123;123;123m4[38;2;234;234;234;48;2;241;241;241mL[38;2;247;247;247;48;2;248;248;248m][38;2;254;254;254;48;2;246;246;246m:[38;2;162;162;162;48;2;187;187;187m"[38;2;77;77;77;48;2;43;43;43mL[38;2;1;1;1;48;2;0;0;0m`                                                       [0m
[7m[38;2;0;0;0m [0m[38;2;0;0;0;48;2;0;0;0m                                         [38;2;58;58;58;48;2;18;18;18m_[38;2;178;178;178;48;2;70;70;70m_[38;2;80;80;80;48;2;160;160;160m~[38;2;199;199;199;48;2;230;230;230m~[38;2;254;254;254;48;2;251;251;251m`[38;2;253;253;253;48;2;244;244;244m:[38;2;175;175;175;48;2;187;187;187m4[38;2;60;60;60;48;2;32;32;32mL[48;2;0;0;0m      [38;2;1;1;1m"[38;2;0;0;0;48;2;8;8;8m:[38;2;104;104;104;48;2;83;83;83m4[38;2;225;225;225;48;2;236;236;236mL[38;2;248;248;248;48;2;251;251;251m`[38;2;254;254;254;48;2;248;248;248m.[38;2;191;191;191;48;2;200;200;200m4[38;2;82;82;82;48;2;47;47;47mL[48;2;0;0;0m                                                        [0m
[7m[38;2;0;0;0m [0m[38;2;0;0;0;48;2;0;0;0m                                       [38;2;1;1;1m+[38;2;0;0;0;48;2;9;9;9m`[38;2;124;124;124;48;2;85;85;85m4[38;2;208;208;208;48;2;226;226;226m_[38;2;245;245;245;48;2;250;250;250m`[38;2;252;252;252;48;2;251;251;251mF[38;2;250;250;250m:[38;2;253;253;253;48;2;244;244;244m:[38;2;177;177;177;48;2;187;187;187m4[38;2;77;77;77;48;2;41;41;41mL[38;2;57;57;57;48;2;17;17;17m_[38;2;58;58;58;48;2;18;18;18m_[38;2;59;59;59m__[48;2;17;17;17m_[38;2;58;58;58;48;2;16;16;16m_[38;2;52;52;52;48;2;12;12;12m_[38;2;50;50;50;48;2;14;14;14m_[38;2;105;105;105;48;2;81;81;81my[38;2;219;219;219;48;2;231;231;231mF[38;2;249;249;249;48;2;251;251;251mL[38;2;254;254;254;48;2;248;248;248m:[38;2;191;191;191;48;2;200;200;200m4[38;2;81;81;81;48;2;47;47;47mL[48;2;0;0;0m                                                        [0m
[?25h