[?25l[0m[7m[38;2;252;252;252m [0m[38;2;0;0;0;48;2;252;252;252m                                                                                                                       [0m
[7m[38;2;252;252;252m [0m[38;2;0;0;0;48;2;252;252;252m                                                                                                                       [0m
[7m[38;2;252;252;252m [0m[38;2;0;0;0;48;2;252;252;252m                                                                                                                       [0m
[7m[38;2;252;252;252m [0m[38;2;0;0;0;48;2;252;252;252m                                                                                                                       [0m
[7m[38;2;252;252;252m [0m[38;2;0;0;0;48;2;252;252;252m                                                                                                                       [0m
[7m[38;2;252;252;252m [0m[38;2;0;0;0;48;2;252;252;252m                               [38;2;252;252;252;48;2;251;251;251m: .: .[48;2;252;252;252m   [48;2;251;251;251m..[48;2;252;252;252m                                                                             [0m
[7m[38;2;252;252;252m [0m[38;2;0;0;0;48;2;252;252;252m                              [38;2;252;252;252;48;2;251;251;251m.[48;2;247;247;247m`[38;2;175;175;175;48;2;238;238;238m_[38;2;186;186;186;48;2;240;240;240m_[38;2;217;217;217;48;2;245;245;245m_[38;2;151;151;151;48;2;233;233;233m_[38;2;85;85;85;48;2;224;224;224m_[38;2;51;51;51;48;2;221;221;221m_[38;2;40;40;40;48;2;219;219;219m_[38;2;56;56;56;48;2;221;221;221m_[38;2;111;111;111;48;2;228;228;228m_[38;2;196;196;196;48;2;241;241;241m_[38;2;253;253;253;48;2;250;250;250m.[38;2;252;252;252;48;2;251;251;251m.[48;2;252;252;252m                                                                           [0m
[7m[38;2;252;252;252m [0m[38;2;0;0;0;48;2;252;252;252m                            [48;2;251;251;251m [38;2;250;250;250m:[38;2;246;246;246;48;2;237;237;237m`[38;2;142;142;142;48;2;168;168;168m4[38;2;128;128;128;48;2;38;38;38m~[38;2;130;130;130;48;2;26;26;26m~[38;2;155;155;155;48;2;32;32;32m~[38;2;109;109;109;48;2;19;19;19m~[38;2;61;61;61;48;2;10;10;10m~[38;2;32;32;32;48;2;5;5;5m~[38;2;22;22;22;48;2;4;4;4m"[38;2;34;34;34;48;2;6;6;6m~[38;2;74;74;74;48;2;15;15;15m~[38;2;142;142;142;48;2;47;47;47m~[38;2;50;50;50;48;2;150;150;150m_[38;2;164;164;164;48;2;230;230;230m_[38;2;228;228;228;48;2;247;247;247m_[38;2;250;250;250;48;2;251;251;251m.[38;2;252;252;252m:[48;2;252;252;252m                                                                        [0m
[7m[38;2;252;252;252m [0m[38;2;0;0;0;48;2;252;252;252m                            [38;2;252;252;252;48;2;251;251;251m.[38;2;251;251;251;48;2;250;250;250m:[38;2;214;214;214;48;2;224;224;224mu[38;2;61;61;61;48;2;112;112;112mg[38;2;0;0;0;48;2;10;10;10m:[38;2;1;1;1;48;2;0;0;0m+       ~[38;2;27;27;27;48;2;4;4;4m`[38;2;86;86;86;48;2;30;30;30m~[38;2;73;73;73;48;2;138;138;138mw[38;2;206;206;206;48;2;230;230;230m_[38;2;253;253;253;48;2;251;251;251m: [48;2;252;252;252m                                                                       [0m
[7m[38;2;252;252;252m [0m[38;2;0;0;0;48;2;252;252;252m                            [38;2;252;252;252;48;2;251;251;251m:[48;2;250;250;250m [38;2;242;242;242;48;2;217;217;217m.[38;2;161;161;161;48;2;77;77;77m_[38;2;0;0;0;48;2;12;12;12m`[38;2;21;21;21;48;2;1;1;1m_[48;2;0;0;0m          [38;2;59;59;59;48;2;28;28;28m`[38;2;52;52;52;48;2;132;132;132m_[38;2;179;179;179;48;2;229;229;229m_[38;2;254;254;254;48;2;249;249;249m.[38;2;252;252;252;48;2;251;251;251m^:[48;2;252;252;252m                                                                     [0m
[7m[38;2;252;252;252m [0m[38;2;0;0;0;48;2;252;252;252m                            [38;2;252;252;252;48;2;251;251;251m::[38;2;245;245;245;48;2;249;249;249m`[38;2;196;196;196;48;2;233;233;233m"[38;2;84;84;84;48;2;185;185;185m~[38;2;126;126;126;48;2;77;77;77mm[38;2;0;0;0;48;2;10;10;10m:[48;2;0;0;0m         [38;2;1;1;1m^[38;2;31;31;31;48;2;18;18;18m"[38;2;88;88;88;48;2;120;120;120m$[38;2;217;217;217;48;2;228;228;228m_[38;2;253;253;253;48;2;250;250;250m:[48;2;251;251;251m [48;2;252;252;252m                                                                     [0m
[7m[38;2;252;252;252m [0m[38;2;0;0;0;48;2;252;252;252m                               [38;2;252;252;252;48;2;251;251;251m:[38;2;227;227;227;48;2;240;240;240m"[38;2;108;108;108;48;2;181;181;181m~[38;2;176;176;176;48;2;62;62;62m_[38;2;0;0;0;48;2;13;13;13m`[38;2;1;1;1;48;2;0;0;0m._     [38;2;0;0;0;48;2;1;1;1m:[38;2;65;65;65;48;2;20;20;20m_[38;2;189;189;189;48;2;79;79;79m_[38;2;126;126;126;48;2;187;187;187m~[38;2;228;228;228;48;2;245;245;245m~[38;2;252;252;252;48;2;250;250;250m`[48;2;251;251;251m:[48;2;252;252;252m                                                                     [0m
[7m[38;2;252;252;252m [0m[38;2;0;0;0;48;2;252;252;252m                              [38;2;252;252;252;48;2;251;251;251m:[38;2;250;250;250m,[38;2;252;252;252;48;2;248;248;248m`[38;2;162;162;162;48;2;229;229;229m_[38;2;38;38;38;48;2;160;160;160m_[38;2;71;71;71;48;2;48;48;48m^[38;2;0;0;0;48;2;4;4;4m:[38;2;2;2;2;48;2;0;0;0m~ [38;2;1;1;1m_[38;2;27;27;27;48;2;6;6;6m_[38;2;118;118;118;48;2;30;30;30m_[38;2;212;212;212;48;2;56;56;56m_[38;2;220;220;220;48;2;70;70;70m_[38;2;75;75;75;48;2;155;155;155m~[38;2;229;229;229;48;2;235;235;235m~[38;2;245;245;245;48;2;251;251;251m`[38;2;251;251;251;48;2;252;252;252m~                                                                       [0m
[7m[38;2;252;252;252m [0m[38;2;0;0;0;48;2;252;252;252m                             [38;2;252;252;252;48;2;251;251;251m:.[38;2;251;251;251;48;2;250;250;250m:[38;2;210;210;210;48;2;241;241;241m_[38;2;152;152;152;48;2;184;184;184m_[38;2;64;64;64;48;2;35;35;35mL[38;2;0;0;0;48;2;1;1;1m:[48;2;0;0;0m   [38;2;1;1;1m`[38;2;21;21;21;48;2;7;7;7m"[38;2;102;102;102;48;2;76;76;76m4[38;2;159;159;159;48;2;209;209;209m_[38;2;232;232;232;48;2;246;246;246m`[38;2;249;249;249;48;2;251;251;251m,[38;2;248;248;248m`[38;2;253;253;253;48;2;252;252;252m`                                                                        [0m
[7m[38;2;252;252;252m [0m[38;2;0;0;0;48;2;252;252;252m                            [38;2;252;252;252;48;2;251;251;251m.[38;2;250;250;250mx[38;2;251;251;251;48;2;237;237;237m`[38;2;65;65;65;48;2;180;180;180m_[38;2;159;159;159;48;2;62;62;62m~[38;2;108;108;108;48;2;15;15;15m`[38;2;12;12;12;48;2;2;2;2m`[48;2;0;0;0m     [38;2;1;1;1m~[38;2;35;35;35;48;2;12;12;12m`[38;2;61;61;61;48;2;104;104;104m[[38;2;185;185;185;48;2;226;226;226m_[38;2;253;253;253;48;2;250;250;250m:[38;2;250;250;250;48;2;251;251;251m_[38;2;252;252;252m:[48;2;252;252;252m                                                                        [0m
[7m[38;2;252;252;252m [0m[38;2;0;0;0;48;2;252;252;252m                          [38;2;252;252;252;48;2;251;251;251m:`[38;2;251;251;251;48;2;247;247;247m`[38;2;173;173;173;48;2;220;220;220m_[38;2;44;44;44;48;2;131;131;131my[38;2;0;0;0;48;2;15;15;15m:[48;2;0;0;0m [38;2;1;1;1m`       [38;2;0;0;0;48;2;1;1;1m.[38;2;78;78;78;48;2;58;58;58mj[38;2;164;164;164;48;2;193;193;193mF[38;2;254;254;254;48;2;248;248;248m:[48;2;250;250;250m [38;2;252;252;252;48;2;251;251;251m:[48;2;252;252;252m                                                                        [0m
[7m[38;2;252;252;252m [0m[38;2;0;0;0;48;2;252;252;252m                          [38;2;252;252;252;48;2;251;251;251ml[38;2;251;251;251;48;2;250;250;250my[38;2;227;227;227;48;2;237;237;237m4[38;2;197;197;197;48;2;146;146;146m_[38;2;1;1;1;48;2;22;22;22m'[38;2;4;4;4;48;2;2;2;2m+[48;2;0;0;0m         [38;2;1;1;1;48;2;7;7;7m:[38;2;109;109;109;48;2;79;79;79m4[38;2;180;180;180;48;2;219;219;219m_[38;2;253;253;253;48;2;250;250;250m:[38;2;250;250;250;48;2;251;251;251m_[38;2;252;252;252m:[48;2;252;252;252m                                                                        [0m
[7m[38;2;252;252;252m [0m[38;2;0;0;0;48;2;252;252;252m                           [38;2;252;252;252;48;2;251;251;251m:[48;2;250;250;250m.[38;2;216;216;216;48;2;241;241;241m`[38;2;133;133;133;48;2;204;204;204m~[38;2;156;156;156;48;2;88;88;88my[38;2;0;0;0;48;2;11;11;11m:[48;2;0;0;0m        [38;2;1;1;1m,[38;2;74;74;74;48;2;43;43;43m4[38;2;113;113;113;48;2;176;176;176m_[38;2;254;254;254;48;2;246;246;246m'[48;2;250;250;250m [38;2;252;252;252;48;2;251;251;251m:[48;2;252;252;252m                                                                        [0m
[7m[38;2;252;252;252m [0m[38;2;0;0;0;48;2;252;252;252m                            [48;2;251;251;251m [38;2;251;251;251;48;2;250;250;250m4[38;2;232;232;232;48;2;236;236;236mu[38;2;174;174;174;48;2;146;146;146mF[38;2;33;33;33;48;2;15;15;15mL[38;2;1;1;1;48;2;0;0;0m,        [38;2;9;9;9;48;2;2;2;2m`[38;2;80;80;80;48;2;57;57;57m4[38;2;138;138;138;48;2;191;191;191m_[38;2;254;254;254;48;2;248;248;248m:[38;2;250;250;250;48;2;251;251;251mz[38;2;252;252;252m:[48;2;252;252;252m                                                                       [0m
[7m[38;2;252;252;252m [0m[38;2;0;0;0;48;2;252;252;252m                           [38;2;252;252;252;48;2;251;251;251m:'[38;2;250;250;250;48;2;246;246;246m`[38;2;161;161;161;48;2;212;212;212m_[38;2;122;122;122;48;2;72;72;72m~[38;2;0;0;0;48;2;7;7;7m:[38;2;1;1;1;48;2;0;0;0m^        [38;2;26;26;26;48;2;2;2;2m_[38;2;118;118;118;48;2;46;46;46m_[38;2;128;128;128;48;2;174;174;174mF[38;2;254;254;254;48;2;246;246;246m:[48;2;250;250;250m [38;2;252;252;252;48;2;251;251;251m:[48;2;252;252;252m                                                                       [0m
[7m[38;2;252;252;252m [0m[38;2;0;0;0;48;2;252;252;252m                          [48;2;251;251;251m [38;2;252;252;252m`[38;2;251;251;251;48;2;239;239;239m`[38;2;144;144;144;48;2;185;185;185my[38;2;113;113;113;48;2;44;44;44m~[38;2;1;1;1;48;2;4;4;4m:[48;2;0;0;0m'       [38;2;0;0;0;48;2;2;2;2m`[38;2;92;92;92;48;2;31;31;31m_[38;2;188;188;188;48;2;110;110;110my[38;2;152;152;152;48;2;221;221;221m~[38;2;238;238;238;48;2;248;248;248m~[38;2;252;252;252;48;2;251;251;251m..[48;2;252;252;252m                                                                        [0m
[7m[38;2;252;252;252m [0m[38;2;0;0;0;48;2;252;252;252m                         [38;2;252;252;252;48;2;251;251;251m: [38;2;249;249;249m_[38;2;242;242;242;48;2;224;224;224m'[38;2;38;38;38;48;2;111;111;111m_[38;2;0;0;0;48;2;11;11;11m:[48;2;0;0;0m        [48;2;1;1;1m:[38;2;81;81;81;48;2;57;57;57ma[38;2;134;134;134;48;2;196;196;196m~[38;2;254;254;254;48;2;248;248;248m:[38;2;252;252;252;48;2;250;250;250m~[48;2;251;251;251m:[48;2;252;252;252m                                                                          [0m
[7m[38;2;252;252;252m [0m[38;2;0;0;0;48;2;252;252;252m                         [48;2;251;251;251m [38;2;251;251;251;48;2;250;250;250m`[38;2;230;230;230;48;2;235;235;235mu[38;2;186;186;186;48;2;145;145;145m~[38;2;0;0;0;48;2;19;19;19m:[48;2;0;0;0m          [38;2;56;56;56;48;2;11;11;11m`[38;2;136;136;136;48;2;68;68;68m~[38;2;141;141;141;48;2;191;191;191mw[38;2;253;253;253;48;2;247;247;247m:[48;2;252;252;252m-                                                                          [0m
[7m[38;2;252;252;252m [0m[38;2;0;0;0;48;2;252;252;252m                        [38;2;252;252;252;48;2;251;251;251m: [48;2;250;250;250m.[38;2;240;240;240;48;2;224;224;224m`[38;2;68;68;68;48;2;117;117;117my[38;2;0;0;0;48;2;11;11;11m:[38;2;1;1;1;48;2;0;0;0m+          [38;2;41;41;41;48;2;15;15;15m`[38;2;61;61;61;48;2;114;114;114mL[38;2;188;188;188;48;2;231;231;231m_[38;2;253;253;253;48;2;250;250;250m:[38;2;250;250;250;48;2;251;251;251m,[38;2;252;252;252m:[48;2;252;252;252m                                                                        [0m
[7m[38;2;252;252;252m [0m[38;2;0;0;0;48;2;252;252;252m                        [48;2;251;251;251m  [38;2;246;246;246;48;2;238;238;238m`[38;2;158;158;158;48;2;170;170;170m4[38;2;33;33;33;48;2;20;20;20mL[48;2;0;0;0m            [38;2;1;1;1m^[38;2;52;52;52;48;2;22;22;22m`[38;2;82;82;82;48;2;130;130;130mL[38;2;221;221;221;48;2;239;239;239m,[38;2;249;249;249;48;2;251;251;251m' [48;2;252;252;252m                                                                        [0m
[7m[38;2;252;252;252m [0m[38;2;0;0;0;48;2;252;252;252m                        [38;2;252;252;252;48;2;251;251;251ml[38;2;251;251;251;48;2;250;250;250my[38;2;218;218;218;48;2;227;227;227m4[38;2;140;140;140;48;2;101;101;101m~[38;2;0;0;0;48;2;11;11;11m:[38;2;1;1;1;48;2;0;0;0m:             [38;2;67;67;67;48;2;42;42;42m`[38;2;124;124;124;48;2;163;163;163mL[38;2;254;254;254;48;2;245;245;245m:[38;2;250;250;250;48;2;251;251;251m=[38;2;252;252;252m:[48;2;252;252;252m                                                                       [0m
[7m[38;2;252;252;252m [0m[38;2;0;0;0;48;2;252;252;252m                       [38;2;252;252;252;48;2;251;251;251m:[48;2;252;252;252m [48;2;250;250;250m`[38;2;203;203;203;48;2;212;212;212my[38;2;14;14;14;48;2;46;46;46m.[38;2;0;0;0;48;2;1;1;1m:[38;2;1;1;1;48;2;0;0;0m`             [38;2;7;7;7;48;2;2;2;2m`[38;2;89;89;89;48;2;64;64;64m4[38;2;158;158;158;48;2;205;205;205m_[38;2;254;254;254;48;2;249;249;249m:[38;2;250;250;250;48;2;251;251;251my[38;2;252;252;252m:[48;2;252;252;252m                                                                      [0m
[7m[38;2;252;252;252m [0m[38;2;0;0;0;48;2;252;252;252m                       [48;2;251;251;251m [38;2;250;250;250m.[38;2;234;234;234;48;2;239;239;239mu[38;2;149;149;149;48;2;170;170;170my[38;2;0;0;0;48;2;19;19;19m:[48;2;0;0;0m                [38;2;3;3;3;48;2;20;20;20m:[38;2;80;80;80;48;2;122;122;122mL[38;2;232;232;232;48;2;240;240;240m,[38;2;250;250;250;48;2;251;251;251m~ [48;2;252;252;252m                                                                      [0m
[7m[38;2;252;252;252m [0m[38;2;0;0;0;48;2;252;252;252m                       [38;2;252;252;252;48;2;251;251;251m|[48;2;250;250;250m [38;2;219;219;219;48;2;228;228;228m4[38;2;129;129;129;48;2;109;109;109mF[38;2;0;0;0;48;2;12;12;12m:[38;2;1;1;1;48;2;0;0;0m:               .[38;2;76;76;76;48;2;51;51;51m4[38;2;149;149;149;48;2;189;189;189m_[38;2;254;254;254;48;2;247;247;247m:[48;2;250;250;250m [38;2;252;252;252;48;2;251;251;251m:[48;2;252;252;252m                                                                     [0m
[7m[38;2;252;252;252m [0m[38;2;0;0;0;48;2;252;252;252m                      [38;2;252;252;252;48;2;251;251;251m:.[38;2;251;251;251;48;2;250;250;250m:[38;2;206;206;206;48;2;215;215;215m4[38;2;74;74;74;48;2;55;55;55m^[38;2;0;0;0;48;2;3;3;3m:[38;2;1;1;1;48;2;0;0;0m"                [38;2;4;4;4;48;2;22;22;22m:[38;2;85;85;85;48;2;124;124;124mi[38;2;239;239;239;48;2;244;244;244mL[38;2;252;252;252;48;2;251;251;251m_:[48;2;252;252;252m                                                                     [0m
[7m[38;2;252;252;252m [0m[38;2;0;0;0;48;2;252;252;252m                      [48;2;251;251;251m  [38;2;237;237;237;48;2;240;240;240mu[38;2;160;160;160;48;2;176;176;176my[38;2;31;31;31;48;2;18;18;18mL[48;2;0;0;0m                  [38;2;0;0;0;48;2;3;3;3m:[38;2;44;44;44;48;2;88;88;88mi[38;2;210;210;210;48;2;226;226;226m,[38;2;254;254;254;48;2;251;251;251m: [48;2;252;252;252m                                                                     [0m
[7m[38;2;252;252;252m [0m[38;2;0;0;0;48;2;252;252;252m                      [38;2;252;252;252;48;2;251;251;251m|[48;2;250;250;250m [38;2;219;219;219;48;2;228;228;228m4[38;2;143;143;143;48;2;110;110;110m~[38;2;0;0;0;48;2;11;11;11m:[38;2;1;1;1;48;2;0;0;0m:                 _[38;2;39;39;39;48;2;63;63;63m$[38;2;165;165;165;48;2;188;188;188mL[38;2;254;254;254;48;2;247;247;247m:[38;2;249;249;249;48;2;250;250;250ma[38;2;252;252;252;48;2;251;251;251m:[48;2;252;252;252m                                                                    [0m
[7m[38;2;252;252;252m [0m[38;2;0;0;0;48;2;252;252;252m                      [38;2;252;252;252;48;2;251;251;251m. [38;2;209;209;209;48;2;220;220;220m4[38;2;77;77;77;48;2;63;63;63m^[38;2;0;0;0;48;2;3;3;3m:[38;2;1;1;1;48;2;0;0;0m^                  [38;2;4;4;4;48;2;27;27;27m:[38;2;95;95;95;48;2;131;131;131mi[38;2;238;238;238;48;2;244;244;244mL[38;2;251;251;251;48;2;250;250;250my[38;2;252;252;252;48;2;251;251;251m:[48;2;252;252;252m                                                                    [0m
[7m[38;2;252;252;252m [0m[38;2;0;0;0;48;2;252;252;252m                     [38;2;252;252;252;48;2;251;251;251m:[38;2;251;251;251;48;2;252;252;252mL[38;2;252;252;252;48;2;247;247;247m'[38;2;188;188;188;48;2;199;199;199m4[38;2;40;40;40;48;2;27;27;27mL[48;2;0;0;0m                    [38;2;0;0;0;48;2;4;4;4m:[38;2;39;39;39;48;2;86;86;86mi[38;2;197;197;197;48;2;225;225;225m_[38;2;254;254;254;48;2;251;251;251m:[38;2;250;250;250m_[38;2;252;252;252m:[48;2;252;252;252m                                                                   [0m
[7m[38;2;252;252;252m [0m[38;2;0;0;0;48;2;252;252;252m                     [48;2;251;251;251m  [38;2;232;232;232;48;2;236;236;236mu[38;2;175;175;175;48;2;150;150;150mF[38;2;0;0;0;48;2;17;17;17m:[48;2;0;0;0m                     [38;2;56;56;56;48;2;37;37;37m4[38;2;133;133;133;48;2;163;163;163mL[38;2;254;254;254;48;2;245;245;245m:[38;2;249;249;249;48;2;250;250;250m:[38;2;252;252;252;48;2;251;251;251m:[48;2;252;252;252m                                                                   [0m
[7m[38;2;252;252;252m [0m[38;2;0;0;0;48;2;252;252;252m                     [38;2;252;252;252;48;2;251;251;251m|[48;2;250;250;250m [38;2;216;216;216;48;2;226;226;226m4[38;2;132;132;132;48;2;103;103;103m~[38;2;0;0;0;48;2;10;10;10m:[38;2;1;1;1;48;2;0;0;0m:                   ~[38;2;18;18;18;48;2;8;8;8m"[38;2;48;48;48;48;2;98;98;98mi[38;2;215;215;215;48;2;231;231;231m,[38;2;253;253;253;48;2;251;251;251m: [48;2;252;252;252m                                                                   [0m
[?25h