[?25l[0m[38;2;223;223;223;48;2;228;228;228my[38;2;232;232;232;48;2;240;240;240m_[38;2;244;244;244;48;2;248;248;248m_[48;2;251;251;251m [48;2;252;252;252m                                                                                                  [38;2;252;252;252;48;2;251;251;251m`[38;2;243;243;243;48;2;239;239;239mF[38;2;222;222;222;48;2;217;217;217mF[38;2;200;200;200;48;2;195;195;195mF[38;2;179;179;179;48;2;182;182;182my[38;2;173;173;173;48;2;170;170;170mF[38;2;161;161;161;48;2;165;165;165m_[38;2;162;162;162;48;2;164;164;164m_[38;2;168;168;168;48;2;167;167;167my[38;2;174;174;174;48;2;171;171;171m_[38;2;177;177;177;48;2;175;175;175my[38;2;185;185;185;48;2;180;180;180m_[38;2;188;188;188;48;2;191;191;191mF[38;2;198;198;198;48;2;199;199;199mF[38;2;203;203;203;48;2;201;201;201m_[38;2;208;208;208;48;2;206;206;206my[38;2;220;220;220;48;2;216;216;216my[38;2;234;234;234;48;2;226;226;226m_[0m
[38;2;214;214;214;48;2;206;206;206m~[38;2;215;215;215;48;2;222;222;222mL[38;2;233;233;233;48;2;240;240;240m_[38;2;248;248;248;48;2;250;250;250m_[48;2;252;252;252m                                                                                                 [38;2;252;252;252;48;2;251;251;251m:[38;2;247;247;247;48;2;248;248;248mu[38;2;239;239;239;48;2;235;235;235mF[38;2;217;217;217;48;2;215;215;215m$[38;2;197;197;197;48;2;193;193;193mL[38;2;175;175;175;48;2;177;177;177m4[38;2;166;166;166;48;2;164;164;164mF[38;2;160;160;160;48;2;158;158;158m~[38;2;159;159;159;48;2;160;160;160mm[48;2;168;168;168m [38;2;183;183;183;48;2;178;178;178m_[38;2;190;190;190;48;2;185;185;185my[38;2;199;199;199;48;2;192;192;192m_[38;2;206;206;206;48;2;198;198;198m_[38;2;212;212;212;48;2;205;205;205m_[38;2;218;218;218;48;2;210;210;210m_[38;2;225;225;225;48;2;216;216;216m_[38;2;233;233;233;48;2;228;228;228my[38;2;236;236;236;48;2;241;241;241m~[0m
[38;2;183;183;183;48;2;191;191;191m_[38;2;198;198;198;48;2;204;204;204mL[38;2;216;216;216;48;2;223;223;223mL[38;2;235;235;235;48;2;242;242;242m_[38;2;249;249;249;48;2;251;251;251m_[48;2;252;252;252m                                                                                                [38;2;252;252;252;48;2;251;251;251m:[38;2;247;247;247;48;2;248;248;248m_[38;2;236;236;236;48;2;234;234;234mi[38;2;216;216;216;48;2;218;218;218m4[38;2;202;202;202;48;2;197;197;197mL[38;2;181;181;181;48;2;178;178;178mL[38;2;165;165;165;48;2;167;167;167m"[38;2;160;160;160;48;2;164;164;164m~[38;2;172;172;172;48;2;166;166;166m_[38;2;182;182;182;48;2;175;175;175m_[38;2;193;193;193;48;2;189;189;189my[38;2;206;206;206;48;2;200;200;200my[38;2;202;202;202;48;2;211;211;211m~[38;2;209;209;209;48;2;218;218;218m~[38;2;215;215;215;48;2;225;225;225m~[38;2;240;240;240;48;2;229;229;229m_[38;2;241;241;241;48;2;234;234;234my[38;2;238;238;238;48;2;243;243;243m~[38;2;248;248;248;48;2;250;250;250mF[0m
[38;2;162;162;162;48;2;173;173;173m_[38;2;177;177;177;48;2;188;188;188m_[38;2;198;198;198;48;2;204;204;204my[38;2;217;217;217;48;2;224;224;224mL[38;2;239;239;239;48;2;243;243;243mL[38;2;252;252;252;48;2;251;251;251m`:[48;2;252;252;252m                                                                                              [48;2;251;251;251m:[38;2;248;248;248;48;2;249;249;249m`[38;2;243;243;243;48;2;238;238;238mL[38;2;229;229;229;48;2;225;225;225mL[38;2;207;207;207;48;2;210;210;210m4[38;2;196;196;196;48;2;190;190;190mL[38;2;186;186;186;48;2;178;178;178m_[38;2;184;184;184;48;2;176;176;176m_[38;2;188;188;188;48;2;181;181;181my[38;2;198;198;198;48;2;191;191;191my[48;2;207;207;207m~[38;2;225;225;225;48;2;218;218;218my[38;2;236;236;236;48;2;229;229;229my[38;2;230;230;230;48;2;239;239;239m~[38;2;237;237;237;48;2;244;244;244m~[38;2;243;243;243;48;2;249;249;249m~[38;2;248;248;248;48;2;251;251;251m~[38;2;250;250;250m`[48;2;252;252;252m [0m
[38;2;139;139;139;48;2;150;150;150m_[38;2;160;160;160;48;2;166;166;166mL[38;2;179;179;179;48;2;184;184;184mL[38;2;205;205;205;48;2;209;209;209m[[38;2;232;232;232;48;2;237;237;237mL[38;2;249;249;249;48;2;250;250;250m_[48;2;252;252;252m                                                                                                [38;2;252;252;252;48;2;251;251;251m:[38;2;244;244;244;48;2;247;247;247m"[38;2;239;239;239;48;2;235;235;235mL[38;2;225;225;225;48;2;219;219;219mL[38;2;216;216;216;48;2;205;205;205m_[38;2;210;210;210;48;2;196;196;196m_[38;2;213;213;213;48;2;197;197;197m_[48;2;204;204;204my[38;2;228;228;228;48;2;214;214;214m_[38;2;234;234;234;48;2;225;225;225my[38;2;232;232;232;48;2;240;240;240m~[38;2;244;244;244;48;2;248;248;248m~[38;2;249;249;249;48;2;251;251;251m~[38;2;253;253;253;48;2;252;252;252ma[48;2;253;253;253m [48;2;252;252;252m   [0m
[38;2;126;126;126;48;2;131;131;131mL[38;2;144;144;144;48;2;150;150;150mL[38;2;167;167;167;48;2;174;174;174mL[38;2;194;194;194;48;2;200;200;200mL[38;2;216;216;216;48;2;225;225;225m_[38;2;236;236;236;48;2;243;243;243m_[38;2;248;248;248;48;2;250;250;250m_[38;2;252;252;252;48;2;251;251;251m:[48;2;252;252;252m                                                                                               [48;2;251;251;251m:[38;2;243;243;243;48;2;245;245;245m~[38;2;232;232;232;48;2;238;238;238m~[38;2;238;238;238;48;2;230;230;230my[38;2;237;237;237;48;2;227;227;227my[38;2;220;220;220;48;2;234;234;234m~[38;2;226;226;226;48;2;239;239;239m~[38;2;234;234;234;48;2;243;243;243m~[38;2;242;242;242;48;2;247;247;247m~[38;2;249;249;249;48;2;250;250;250m`[38;2;252;252;252;48;2;251;251;251m:[48;2;252;252;252m [38;2;253;253;253m`    [0m
[38;2;123;123;123;48;2;121;121;121m4[38;2;138;138;138;48;2;140;140;140mi[38;2;164;164;164;48;2;161;161;161m4[38;2;188;188;188;48;2;183;183;183m~[38;2;199;199;199;48;2;206;206;206mL[38;2;222;222;222;48;2;227;227;227mL[38;2;241;241;241;48;2;244;244;244mL[38;2;252;252;252;48;2;251;251;251m`[48;2;252;252;252m                                                                                               [48;2;251;251;251m:[38;2;248;248;248;48;2;250;250;250m~[38;2;246;246;246m~[38;2;248;248;248;48;2;251;251;251m~[38;2;249;249;249m`` [38;2;252;252;252m.[38;2;250;250;250m~~[38;2;252;252;252m:[48;2;252;252;252m      [0m
[38;2;119;119;119;48;2;121;121;121m[[38;2;136;136;136;48;2;139;139;139m[[38;2;157;157;157;48;2;159;159;159m[[38;2;175;175;175;48;2;179;179;179mF[38;2;197;197;197;48;2;203;203;203mF[38;2;222;222;222;48;2;228;228;228mF[38;2;241;241;241;48;2;244;244;244mF[38;2;252;252;252;48;2;251;251;251m.[48;2;252;252;252m                                                                                                                [0m
[38;2;144;144;144;48;2;131;131;131m_[38;2;155;155;155;48;2;148;148;148my[38;2;177;177;177;48;2;168;168;168m_[38;2;194;194;194;48;2;185;185;185m_[38;2;214;214;214;48;2;209;209;209my[38;2;234;234;234;48;2;239;239;239mF[38;2;250;250;250;48;2;252;252;252m~[38;2;254;254;254;48;2;253;253;253m_[38;2;253;253;253;48;2;252;252;252m_                                                                                                               [0m
[38;2;172;172;172;48;2;160;160;160my[38;2;164;164;164;48;2;179;179;179m~[38;2;181;181;181;48;2;193;193;193m~[38;2;218;218;218;48;2;205;205;205m_[38;2;221;221;221;48;2;229;229;229mF[38;2;244;244;244;48;2;248;248;248m~[38;2;253;253;253;48;2;252;252;252m~~`                                                                                                               [0m
[38;2;201;201;201;48;2;192;192;192my[38;2;215;215;215;48;2;204;204;204my[38;2;229;229;229;48;2;218;218;218my[38;2;223;223;223;48;2;235;235;235m~[38;2;241;241;241;48;2;247;247;247m~[38;2;252;252;252;48;2;251;251;251m:[48;2;252;252;252m                                                                                                                  [0m
[38;2;214;214;214;48;2;228;228;228m~[38;2;229;229;229;48;2;242;242;242m~[38;2;242;242;242;48;2;249;249;249m~[38;2;248;248;248;48;2;251;251;251m~[38;2;252;252;252m.[48;2;252;252;252m                                                                                                                   [0m
[38;2;241;241;241;48;2;247;247;247m~[38;2;250;250;250;48;2;251;251;251m~[48;2;252;252;252m                                                                                                                      [0m
[7m[38;2;252;252;252m [0m[38;2;0;0;0;48;2;252;252;252m                                                                                                                       [0m
[7m[38;2;252;252;252m [0m[38;2;0;0;0;48;2;252;252;252m                                                                                                                       [0m
[7m[38;2;252;252;252m [0m[38;2;0;0;0;48;2;252;252;252m                                                                                                                       [0m
[7m[38;2;252;252;252m [0m[38;2;0;0;0;48;2;252;252;252m                                                                                                                       [0m
[7m[38;2;252;252;252m [0m[38;2;0;0;0;48;2;252;252;252m                                                                                                                       [0m
[7m[38;2;252;252;252m [0m[38;2;0;0;0;48;2;252;252;252m                                                                                                                       [0m
[7m[38;2;252;252;252m [0m[38;2;0;0;0;48;2;252;252;252m                                                                                                                       [0m
[7m[38;2;252;252;252m [0m[38;2;0;0;0;48;2;252;252;252m                                                                                                                       [0m
[7m[38;2;252;252;252m [0m[38;2;0;0;0;48;2;252;252;252m                                                                                                                       [0m
[7m[38;2;252;252;252m [0m[38;2;0;0;0;48;2;252;252;252m                                                                                                                       [0m
[7m[38;2;252;252;252m [0m[38;2;0;0;0;48;2;252;252;252m                                                                                                                       [0m
[7m[38;2;252;252;252m [0m[38;2;0;0;0;48;2;252;252;252m                                                                                                                       [0m
[7m[38;2;252;252;252m [0m[38;2;0;0;0;48;2;252;252;252m                                                                                                                       [0m
[7m[38;2;252;252;252m [0m[38;2;0;0;0;48;2;252;252;252m                                                                                                                       [0m
[7m[38;2;252;252;252m [0m[38;2;0;0;0;48;2;252;252;252m                                                                                                                       [0m
[7m[38;2;252;252;252m [0m[38;2;0;0;0;48;2;252;252;252m                                                                                                                       [0m
[7m[38;2;252;252;252m [0m[38;2;0;0;0;48;2;252;252;252m                                                                                                                       [0m
[7m[38;2;252;252;252m [0m[38;2;0;0;0;48;2;252;252;252m                                                                                                                       [0m
[7m[38;2;252;252;252m [0m[38;2;0;0;0;48;2;252;252;252m                                                                                                                       [0m
[38;2;238;238;238;48;2;247;247;247m_[38;2;247;247;247;48;2;250;250;250m_[48;2;251;251;251m [48;2;252;252;252m                                                                                                                     [0m
[38;2;218;218;218;48;2;227;227;227m_[38;2;240;240;240;48;2;244;244;244mL[38;2;250;250;250;48;2;252;252;252m~                                                                                                                     [0m
[38;2;184;184;184;48;2;201;201;201m_[38;2;214;214;214;48;2;227;227;227m_[38;2;240;240;240;48;2;246;246;246m_[48;2;251;251;251m [48;2;252;252;252m                                                                                                                    [0m
[38;2;176;176;176;48;2;167;167;167m~[38;2;210;210;210;48;2;199;199;199m`[38;2;226;226;226;48;2;232;232;232mL[38;2;248;248;248;48;2;249;249;249mw[38;2;253;253;253;48;2;252;252;252m_                                                                                                                   [0m
[?25h