[?25l[0m[7m[38;2;252;252;252m [0m[38;2;0;0;0;48;2;252;252;252m                                                            [38;2;251;251;251m`[38;2;254;254;254;48;2;241;241;241m:[38;2;144;144;144;48;2;112;112;112mF[38;2;40;40;40;48;2;20;20;20m~[48;2;0;0;0m               [38;2;21;21;21;48;2;1;1;1m_[38;2;56;56;56;48;2;2;2;2m_[38;2;76;76;76m_[38;2;78;78;78m_[38;2;75;75;75m_[38;2;69;69;69;48;2;4;4;4m_[38;2;75;75;75;48;2;5;5;5m_[38;2;103;103;103;48;2;14;14;14m_[38;2;132;132;132;48;2;30;30;30m_[38;2;170;170;170;48;2;53;53;53m_[38;2;203;203;203;48;2;78;78;78m_[38;2;171;171;171;48;2;89;89;89my[38;2;180;180;180;48;2;102;102;102my[38;2;184;184;184;48;2;108;108;108my[38;2;182;182;182;48;2;111;111;111my[38;2;179;179;179;48;2;113;113;113my[38;2;169;169;169;48;2;104;104;104my[38;2;84;84;84;48;2;172;172;172m~[38;2;210;210;210;48;2;236;236;236m~[48;2;251;251;251m [38;2;252;252;252m`[48;2;252;252;252m                   [0m
[7m[38;2;252;252;252m [0m[38;2;0;0;0;48;2;252;252;252m                              [38;2;252;252;252;48;2;251;251;251m:[48;2;252;252;252m                            [48;2;251;251;251m:[48;2;250;250;250m~[38;2;254;254;254;48;2;241;241;241m:[38;2;154;154;154;48;2;113;113;113mL[38;2;57;57;57;48;2;21;21;21m,[38;2;1;1;1;48;2;0;0;0m*          [38;2;0;0;0;48;2;8;8;8m`[38;2;128;128;128;48;2;28;28;28m_[38;2;197;197;197;48;2;65;65;65m_[38;2;6;6;6;48;2;143;143;143m~[38;2;53;53;53;48;2;182;182;182m~[38;2;107;107;107;48;2;204;204;204m~[38;2;143;143;143;48;2;217;217;217m~[38;2;148;148;148;48;2;219;219;219m~[38;2;143;143;143;48;2;216;216;216m~[38;2;131;131;131;48;2;212;212;212m~[38;2;137;137;137;48;2;215;215;215m~[38;2;177;177;177;48;2;232;232;232m~[38;2;206;206;206;48;2;243;243;243m~[48;2;245;245;245m`[38;2;224;224;224;48;2;247;247;247m`[38;2;231;231;231;48;2;249;249;249m`[38;2;235;235;235;48;2;250;250;250m`[38;2;237;237;237m`[38;2;235;235;235;48;2;249;249;249m`[38;2;231;231;231;48;2;248;248;248m`[38;2;227;227;227m`[38;2;244;244;244;48;2;251;251;251m`[48;2;252;252;252m                      [0m
[7m[38;2;252;252;252m [0m[38;2;0;0;0;48;2;252;252;252m                                                           [38;2;252;252;252;48;2;251;251;251m:[38;2;249;249;249m`[38;2;254;254;254;48;2;249;249;249m'[38;2;190;190;190;48;2;221;221;221m~[38;2;166;166;166;48;2;89;89;89m_[38;2;45;45;45;48;2;13;13;13m_[38;2;3;3;3;48;2;0;0;0m_      [38;2;0;0;0;48;2;8;8;8m`[38;2;89;89;89;48;2;27;27;27m_[38;2;176;176;176;48;2;75;75;75m_[38;2;73;73;73;48;2;173;173;173m~[38;2;166;166;166;48;2;228;228;228m~[38;2;230;230;230;48;2;247;247;247m~[38;2;252;252;252;48;2;251;251;251m: [38;2;250;250;250m~~~"  " [48;2;252;252;252m                               [0m
[7m[38;2;252;252;252m [0m[38;2;0;0;0;48;2;252;252;252m                                                            [38;2;252;252;252;48;2;251;251;251m:[38;2;250;250;250m`[38;2;253;253;253;48;2;250;250;250m'[38;2;202;202;202;48;2;239;239;239m`[38;2;90;90;90;48;2;175;175;175m~[38;2;179;179;179;48;2;58;58;58m_[38;2;93;93;93;48;2;15;15;15m_[38;2;75;75;75;48;2;13;13;13m_[38;2;46;46;46;48;2;6;6;6m_[38;2;8;8;8;48;2;1;1;1m,[38;2;0;0;0;48;2;6;6;6m`[38;2;88;88;88;48;2;39;39;39m_[38;2;153;153;153;48;2;101;101;101my[38;2;133;133;133;48;2;202;202;202m~[38;2;211;211;211;48;2;242;242;242m~[38;2;246;246;246;48;2;250;250;250m`[38;2;252;252;252;48;2;251;251;251m:[48;2;252;252;252m                                          [0m
[7m[38;2;252;252;252m [0m[38;2;0;0;0;48;2;252;252;252m                                                              [38;2;252;252;252;48;2;251;251;251m:[38;2;250;250;250m~[38;2;252;252;252;48;2;250;250;250m'[38;2;211;211;211;48;2;241;241;241m`[38;2;147;147;147;48;2;222;222;222m~[38;2;120;120;120;48;2;212;212;212m~[38;2;100;100;100;48;2;205;205;205m~[38;2;54;54;54;48;2;167;167;167m~[38;2;189;189;189;48;2;109;109;109my[38;2;105;105;105;48;2;170;170;170m~[38;2;194;194;194;48;2;227;227;227m~[38;2;244;244;244;48;2;250;250;250m~[38;2;252;252;252;48;2;251;251;251m:[48;2;252;252;252m                                            [0m
[7m[38;2;252;252;252m [0m[38;2;0;0;0;48;2;252;252;252m                                                                  [38;2;253;253;253m``[48;2;251;251;251m``[38;2;245;245;245m"[38;2;244;244;244m~[38;2;250;250;250;48;2;252;252;252m~ [38;2;253;253;253mg                                            [0m
[7m[38;2;252;252;252m [0m[38;2;0;0;0;48;2;252;252;252m                                                                       [38;2;253;253;253m~~~~                                            [0m
[7m[38;2;252;252;252m [0m[38;2;0;0;0;48;2;252;252;252m                                                                                                                       [0m
[7m[38;2;252;252;252m [0m[38;2;0;0;0;48;2;252;252;252m                                                                                                                       [0m
[7m[38;2;252;252;252m [0m[38;2;0;0;0;48;2;252;252;252m                                                      [38;2;252;252;252;48;2;251;251;251m:[48;2;252;252;252m                                                                [0m
[7m[38;2;252;252;252m [0m[38;2;0;0;0;48;2;252;252;252m                                                                                                                       [0m
[7m[38;2;252;252;252m [0m[38;2;0;0;0;48;2;252;252;252m                                                                                                                       [0m
[7m[38;2;252;252;252m [0m[38;2;0;0;0;48;2;252;252;252m                                                                                                                       [0m
[7m[38;2;252;252;252m [0m[38;2;0;0;0;48;2;252;252;252m                                                                                                                       [0m
[7m[38;2;252;252;252m [0m[38;2;0;0;0;48;2;252;252;252m                                                                                                                       [0m
[7m[38;2;252;252;252m [0m[38;2;0;0;0;48;2;252;252;252m                                                                                                                       [0m
[7m[38;2;252;252;252m [0m[38;2;0;0;0;48;2;252;252;252m                                                                                                                       [0m
[7m[38;2;252;252;252m [0m[38;2;0;0;0;48;2;252;252;252m                                                                                                                       [0m
[7m[38;2;252;252;252m [0m[38;2;0;0;0;48;2;252;252;252m                                                                                                                       [0m
[7m[38;2;252;252;252m [0m[38;2;0;0;0;48;2;252;252;252m                                                                                                                       [0m
[7m[38;2;252;252;252m [0m[38;2;0;0;0;48;2;252;252;252m                                                                                                                       [0m
[7m[38;2;252;252;252m [0m[38;2;0;0;0;48;2;252;252;252m                                                                                                                       [0m
[7m[38;2;252;252;252m [0m[38;2;0;0;0;48;2;252;252;252m                                                                                                                       [0m
[7m[38;2;252;252;252m [0m[38;2;0;0;0;48;2;252;252;252m                                                                                                                       [0m
[7m[38;2;252;252;252m [0m[38;2;0;0;0;48;2;252;252;252m                                                                                                                       [0m
[7m[38;2;252;252;252m [0m[38;2;0;0;0;48;2;252;252;252m                                                                                                                       [0m
[7m[38;2;252;252;252m [0m[38;2;0;0;0;48;2;252;252;252m                                                                                                                       [0m
[7m[38;2;252;252;252m [0m[38;2;0;0;0;48;2;252;252;252m                                                                                                                       [0m
[7m[38;2;252;252;252m [0m[38;2;0;0;0;48;2;252;252;252m                                                                                                                       [0m
[7m[38;2;252;252;252m [0m[38;2;0;0;0;48;2;252;252;252m                                                                                                                       [0m
[7m[38;2;252;252;252m [0m[38;2;0;0;0;48;2;252;252;252m                                                                                                                       [0m
[7m[38;2;252;252;252m [0m[38;2;0;0;0;48;2;252;252;252m                                                                                                                       [0m
[7m[38;2;252;252;252m [0m[38;2;0;0;0;48;2;252;252;252m                                                                                                                       [0m
[7m[38;2;252;252;252m [0m[38;2;0;0;0;48;2;252;252;252m                                                                                                                       [0m
[7m[38;2;252;252;252m [0m[38;2;0;0;0;48;2;252;252;252m                                                                                                                       [0m
[7m[38;2;252;252;252m [0m[38;2;0;0;0;48;2;252;252;252m                                                                                                                       [0m
[?25h