[?25l[0m[7m[38;2;0;0;0m [0m[38;2;0;0;0;48;2;0;0;0m                                                                                                                       [0m
[7m[38;2;0;0;0m [0m[38;2;0;0;0;48;2;0;0;0m                                                                                                                       [0m
[7m[38;2;0;0;0m [0m[38;2;0;0;0;48;2;0;0;0m                                                                                                                       [0m
[7m[38;2;0;0;0m [0m[38;2;0;0;0;48;2;0;0;0m                                                                                                                       [0m
[7m[38;2;0;0;0m [0m[38;2;0;0;0;48;2;0;0;0m                                                                                                                       [0m
[7m[38;2;0;0;0m [0m[38;2;0;0;0;48;2;0;0;0m                                                                                                                       [0m
[7m[38;2;0;0;0m [0m[38;2;0;0;0;48;2;0;0;0m                                                                                                                       [0m
[7m[38;2;0;0;0m [0m[38;2;0;0;0;48;2;0;0;0m                                                                                                                       [0m
[7m[38;2;0;0;0m [0m[38;2;0;0;0;48;2;0;0;0m                                                 [48;2;5;5;5m:[38;2;64;64;64;48;2;32;32;32m_[38;2;141;141;141;48;2;47;47;47m_[38;2;116;116;116;48;2;36;36;36m_[38;2;235;235;235;48;2;72;72;72m_[38;2;253;253;253;48;2;91;91;91m_[38;2;254;254;254;48;2;95;95;95m_[38;2;244;244;244;48;2;82;82;82m_[38;2;154;154;154;48;2;46;46;46m_[38;2;171;171;171;48;2;48;48;48m_[38;2;211;211;211;48;2;60;60;60m_[38;2;108;108;108;48;2;33;33;33m_[38;2;27;27;27;48;2;6;6;6m,[48;2;0;0;0m                                                         [0m
[7m[38;2;0;0;0m [0m[38;2;0;0;0;48;2;0;0;0m                                               [48;2;1;1;1m:[38;2;48;48;48;48;2;30;30;30mu[38;2;143;143;143;48;2;100;100;100ma[38;2;107;107;107;48;2;191;191;191m~[38;2;192;192;192;48;2;236;236;236m~[38;2;194;194;194;48;2;240;240;240m~[38;2;245;245;245;48;2;249;249;249m`[48;2;251;251;251m  [38;2;253;253;253;48;2;250;250;250m'[38;2;187;187;187;48;2;242;242;242m`[38;2;213;213;213;48;2;241;241;241m~[38;2;248;248;248;48;2;209;209;209m.[38;2;115;115;115;48;2;82;82;82mL[38;2;16;16;16;48;2;11;11;11m~[48;2;0;0;0m                                                         [0m
[7m[38;2;0;0;0m [0m[38;2;0;0;0;48;2;0;0;0m                                                [38;2;12;12;12;48;2;2;2;2m`[38;2;89;89;89;48;2;34;34;34m`[38;2;17;17;17;48;2;139;139;139m_[38;2;98;98;98;48;2;224;224;224m_[38;2;230;230;230;48;2;245;245;245m,[38;2;253;253;253;48;2;251;251;251m.[38;2;251;251;251;48;2;252;252;252m_ [38;2;252;252;252;48;2;251;251;251m`[38;2;253;253;253m:[48;2;232;232;232m`[38;2;77;77;77;48;2;158;158;158my[38;2;87;87;87;48;2;37;37;37m^[38;2;14;14;14;48;2;3;3;3m~[48;2;0;0;0m                                                         [0m
[7m[38;2;0;0;0m [0m[38;2;0;0;0;48;2;0;0;0m                                                  [48;2;2;2;2m'[38;2;37;37;37;48;2;74;74;74m$[38;2;185;185;185;48;2;203;203;203mL[38;2;245;245;245;48;2;249;249;249mL[38;2;250;250;250;48;2;251;251;251m:[38;2;252;252;252m::[38;2;249;249;249;48;2;250;250;250m.[38;2;254;254;254;48;2;236;236;236m:[38;2;140;140;140;48;2;101;101;101mL[38;2;28;28;28;48;2;15;15;15mr[38;2;1;1;1;48;2;0;0;0m_                                                         [0m
[7m[38;2;0;0;0m [0m[38;2;0;0;0;48;2;0;0;0m                                                [38;2;1;1;1m_[38;2;0;0;0;48;2;7;7;7m:[38;2;120;120;120;48;2;44;44;44m_[38;2;53;53;53;48;2;158;158;158m~[38;2;193;193;193;48;2;233;233;233m~[38;2;253;253;253;48;2;250;250;250m`[38;2;250;250;250;48;2;251;251;251m`[38;2;252;252;252m::[38;2;250;250;250mF[38;2;254;254;254;48;2;246;246;246m'[38;2;148;148;148;48;2;201;201;201m~[38;2;232;232;232;48;2;94;94;94m_[38;2;95;95;95;48;2;24;24;24m,[38;2;0;0;0;48;2;1;1;1m`[48;2;0;0;0m                                                        [0m
[7m[38;2;0;0;0m [0m[38;2;0;0;0;48;2;0;0;0m                                                [48;2;1;1;1m:[38;2;85;85;85;48;2;58;58;58m4[38;2;164;164;164;48;2;210;210;210m~[38;2;254;254;254;48;2;249;249;249m:[48;2;251;251;251m [48;2;252;252;252m     [48;2;251;251;251m [38;2;250;250;250m=[38;2;253;253;253;48;2;246;246;246m:[38;2;139;139;139;48;2;197;197;197m~[38;2;146;146;146;48;2;63;63;63m_[38;2;41;41;41;48;2;7;7;7m,[48;2;0;0;0m                                                       [0m
[7m[38;2;0;0;0m [0m[38;2;0;0;0;48;2;0;0;0m                                                 [38;2;72;72;72;48;2;52;52;52m4[38;2;182;182;182;48;2;200;200;200mF[38;2;245;245;245;48;2;249;249;249mL[48;2;251;251;251m [38;2;252;252;252m:[48;2;252;252;252m    [38;2;253;253;253m:[38;2;251;251;251;48;2;246;246;246m`[38;2;208;208;208;48;2;234;234;234m*[38;2;253;253;253;48;2;244;244;244m'[38;2;165;165;165;48;2;200;200;200m_[38;2;87;87;87;48;2;50;50;50mL[38;2;1;1;1;48;2;0;0;0m:                                                      [0m
[7m[38;2;0;0;0m [0m[38;2;0;0;0;48;2;0;0;0m                                               [38;2;39;39;39;48;2;3;3;3m_[38;2;140;140;140;48;2;25;25;25m_[38;2;70;70;70;48;2;127;127;127mF[38;2;214;214;214;48;2;235;235;235m~[38;2;244;244;244;48;2;247;247;247my[38;2;248;248;248;48;2;249;249;249mm[48;2;252;252;252m     [38;2;252;252;252;48;2;251;251;251m:[38;2;251;251;251;48;2;250;250;250m`[38;2;253;253;253;48;2;243;243;243m:[38;2;127;127;127;48;2;197;197;197my[38;2;139;139;139;48;2;61;61;61m~[38;2;34;34;34;48;2;7;7;7m~[48;2;0;0;0m                                                       [0m
[7m[38;2;0;0;0m [0m[38;2;0;0;0;48;2;0;0;0m                                               [38;2;74;74;74;48;2;45;45;45m4[38;2;122;122;122;48;2;181;181;181m_[38;2;226;226;226;48;2;245;245;245m`[38;2;252;252;252;48;2;250;250;250m`[38;2;253;253;253;48;2;252;252;252m? `   [38;2;252;252;252;48;2;251;251;251m:[38;2;251;251;251;48;2;250;250;250m`[38;2;254;254;254;48;2;247;247;247m:[38;2;135;135;135;48;2;197;197;197m_[38;2;76;76;76;48;2;48;48;48mF[38;2;2;2;2;48;2;1;1;1m`[48;2;0;0;0m                                                        [0m
[7m[38;2;0;0;0m [0m[38;2;0;0;0;48;2;0;0;0m                                               [38;2;8;8;8;48;2;4;4;4m`[38;2;81;81;81;48;2;63;63;63m4[38;2;171;171;171;48;2;204;204;204mw[38;2;254;254;254;48;2;248;248;248m:[38;2;250;250;250;48;2;251;251;251mz[38;2;252;252;252m:[48;2;252;252;252m    [48;2;251;251;251m`[38;2;254;254;254m:[38;2;246;246;246;48;2;227;227;227m`[38;2;60;60;60;48;2;104;104;104m4[38;2;30;30;30;48;2;11;11;11m,[38;2;1;1;1;48;2;0;0;0m`                                                        [0m
[7m[38;2;0;0;0m [0m[38;2;0;0;0;48;2;0;0;0m                                               [48;2;1;1;1m:[38;2;81;81;81;48;2;60;60;60m4[38;2;176;176;176;48;2;209;209;209m~[38;2;254;254;254;48;2;249;249;249m:[48;2;250;250;250m [38;2;252;252;252;48;2;251;251;251m:[48;2;252;252;252m    [48;2;251;251;251m:-[48;2;248;248;248m'[38;2;177;177;177;48;2;220;220;220m~[38;2;193;193;193;48;2;98;98;98m_[38;2;73;73;73;48;2;19;19;19m,[38;2;1;1;1;48;2;0;0;0m+                                                       [0m
[7m[38;2;0;0;0m [0m[38;2;0;0;0;48;2;0;0;0m                                              [38;2;1;1;1m'[38;2;56;56;56;48;2;34;34;34my[38;2;97;97;97;48;2;157;157;157m~[38;2;227;227;227;48;2;238;238;238mL[38;2;254;254;254;48;2;251;251;251m. [48;2;252;252;252m      [38;2;252;252;252;48;2;251;251;251m: [48;2;250;250;250m`[38;2;215;215;215;48;2;237;237;237m`[38;2;100;100;100;48;2;155;155;155m~[38;2;92;92;92;48;2;38;38;38m,[38;2;0;0;0;48;2;1;1;1m`[48;2;0;0;0m                                                      [0m
[7m[38;2;0;0;0m [0m[38;2;0;0;0;48;2;0;0;0m                                               [38;2;39;39;39;48;2;24;24;24m"[38;2;74;74;74;48;2;123;123;123m+[38;2;223;223;223;48;2;232;232;232mF[38;2;254;254;254;48;2;251;251;251m` [48;2;252;252;252m        [48;2;251;251;251m [38;2;253;253;253;48;2;250;250;250m'[38;2;223;223;223;48;2;237;237;237m`[38;2;92;92;92;48;2;153;153;153m~[38;2;91;91;91;48;2;36;36;36m_[38;2;13;13;13;48;2;2;2;2m,[48;2;0;0;0m                                                     [0m
[7m[38;2;0;0;0m [0m[38;2;0;0;0;48;2;0;0;0m                                              [48;2;3;3;3m:[38;2;104;104;104;48;2;60;60;60m_[38;2;137;137;137;48;2;199;199;199m~[38;2;254;254;254;48;2;248;248;248m:[48;2;250;250;250m [38;2;252;252;252;48;2;251;251;251m:[48;2;252;252;252m         [48;2;251;251;251m: [38;2;253;253;253;48;2;247;247;247m'[38;2;150;150;150;48;2;207;207;207m~[38;2;174;174;174;48;2;83;83;83m_[38;2;46;46;46;48;2;13;13;13m_[38;2;2;2;2;48;2;0;0;0m,                                                   [0m
[7m[38;2;0;0;0m [0m[38;2;0;0;0;48;2;0;0;0m                                             [48;2;1;1;1m:[38;2;72;72;72;48;2;47;47;47my[38;2;120;120;120;48;2;184;184;184m~[38;2;254;254;254;48;2;246;246;246m:[38;2;250;250;250;48;2;251;251;251mf[38;2;252;252;252m:[48;2;252;252;252m           [48;2;251;251;251m: [38;2;254;254;254;48;2;250;250;250m'[38;2;204;204;204;48;2;235;235;235m`[38;2;79;79;79;48;2;147;147;147m~[38;2;75;75;75;48;2;31;31;31m_[38;2;6;6;6;48;2;1;1;1m,[48;2;0;0;0m                                                  [0m
[7m[38;2;0;0;0m [0m[38;2;0;0;0;48;2;0;0;0m                                            [38;2;1;1;1m.[38;2;44;44;44;48;2;26;26;26my[38;2;104;104;104;48;2;145;145;145mF[38;2;254;254;254;48;2;243;243;243m:[38;2;252;252;252;48;2;250;250;250m~[48;2;251;251;251m:[48;2;252;252;252m          [48;2;251;251;251m: [38;2;250;250;250m_[38;2;253;253;253m.[38;2;237;237;237;48;2;250;250;250m_[38;2;225;225;225;48;2;247;247;247m_[38;2;182;182;182;48;2;200;200;200mg[38;2;86;86;86;48;2;57;57;57mF[38;2;4;4;4;48;2;2;2;2m'[48;2;0;0;0m                                                  [0m
[7m[38;2;0;0;0m [0m[38;2;0;0;0;48;2;0;0;0m                                             [38;2;1;1;1;48;2;33;33;33m.[38;2;76;76;76;48;2;144;144;144m_[38;2;198;198;198;48;2;239;239;239m_[38;2;230;230;230;48;2;248;248;248m_[38;2;252;252;252;48;2;251;251;251m`[48;2;252;252;252m  [48;2;251;251;251m: [48;2;252;252;252m [48;2;251;251;251m [48;2;252;252;252m  [48;2;251;251;251m.[48;2;250;250;250m`[38;2;203;203;203;48;2;243;243;243m_[38;2;117;117;117;48;2;213;213;213m_[38;2;67;67;67;48;2;185;185;185m_[38;2;84;84;84;48;2;175;175;175my[38;2;197;197;197;48;2;87;87;87m~[38;2;150;150;150;48;2;48;48;48m~[38;2;116;116;116;48;2;32;32;32m~[38;2;37;37;37;48;2;7;7;7m~[48;2;0;0;0m                                                   [0m
[7m[38;2;0;0;0m [0m[38;2;0;0;0;48;2;0;0;0m                                             [48;2;2;2;2m:[38;2;54;54;54;48;2;22;22;22m"[38;2;46;46;46;48;2;100;100;100ms[38;2;157;157;157;48;2;188;188;188mm[38;2;242;242;242;48;2;247;247;247mL[38;2;251;251;251;48;2;242;242;242m`[38;2;97;97;97;48;2;220;220;220m_[38;2;95;95;95;48;2;219;219;219m_[38;2;178;178;178;48;2;237;237;237m_[38;2;217;217;217;48;2;247;247;247m_[38;2;176;176;176;48;2;236;236;236m_[38;2;74;74;74;48;2;209;209;209m_[38;2;123;123;123;48;2;205;205;205m_[38;2;251;251;251;48;2;246;246;246m`[38;2;254;254;254;48;2;240;240;240m'[38;2;83;83;83;48;2;131;131;131ma[38;2;55;55;55;48;2;19;19;19m~[38;2;0;0;0;48;2;2;2;2m`[48;2;0;0;0m [38;2;4;4;4;48;2;1;1;1m~[38;2;2;2;2;48;2;0;0;0m~                                                     [0m
[7m[38;2;0;0;0m [0m[38;2;0;0;0;48;2;0;0;0m                                              [48;2;1;1;1m:[38;2;32;32;32;48;2;73;73;73ml[38;2;202;202;202;48;2;210;210;210mL[38;2;254;254;254;48;2;242;242;242m:[38;2;174;174;174;48;2;197;197;197my[38;2;75;75;75;48;2;46;46;46mF[38;2;61;61;61;48;2;16;16;16m"[38;2;113;113;113;48;2;28;28;28m~[38;2;142;142;142;48;2;37;37;37m~[38;2;116;116;116;48;2;26;26;26m~[38;2;21;21;21;48;2;49;49;49m$[38;2;153;153;153;48;2;133;133;133m4[38;2;236;236;236;48;2;243;243;243mL[38;2;254;254;254;48;2;239;239;239m:[38;2;136;136;136;48;2;106;106;106mL[38;2;31;31;31;48;2;16;16;16mL[38;2;2;2;2;48;2;1;1;1m,[48;2;0;0;0m                                                        [0m
[7m[38;2;0;0;0m [0m[38;2;0;0;0;48;2;0;0;0m                                             [38;2;28;28;28;48;2;7;7;7m_[38;2;129;129;129;48;2;47;47;47m_[38;2;67;67;67;48;2;156;156;156m~[38;2;213;213;213;48;2;232;232;232m~[38;2;254;254;254;48;2;238;238;238m:[38;2;163;163;163;48;2;145;145;145mF[38;2;47;47;47;48;2;25;25;25mL[38;2;2;2;2;48;2;1;1;1m'[48;2;0;0;0m [38;2;1;1;1m`[38;2;2;2;2m~[38;2;24;24;24;48;2;16;16;16m4[38;2;124;124;124;48;2;106;106;106m4[38;2;232;232;232;48;2;241;241;241mL[38;2;254;254;254;48;2;240;240;240m:[38;2;131;131;131;48;2;108;108;108mF[38;2;31;31;31;48;2;17;17;17mL[48;2;1;1;1m [48;2;0;0;0m                                                        [0m
[7m[38;2;0;0;0m [0m[38;2;0;0;0;48;2;0;0;0m                                            [38;2;1;1;1m^[38;2;2;2;2;48;2;31;31;31m.[38;2;89;89;89;48;2;131;131;131my[38;2;125;125;125;48;2;207;207;207m_[38;2;157;157;157;48;2;231;231;231m_[38;2;163;163;163;48;2;228;228;228m_[38;2;156;156;156;48;2;130;130;130mF[38;2;65;65;65;48;2;40;40;40mL[38;2;2;2;2;48;2;35;35;35m~[38;2;1;1;1;48;2;36;36;36m~[38;2;3;3;3;48;2;38;38;38m~[38;2;6;6;6;48;2;40;40;40m~[38;2;67;67;67;48;2;46;46;46mu[38;2;111;111;111;48;2;148;148;148m~[38;2;236;236;236;48;2;243;243;243mL[38;2;254;254;254;48;2;240;240;240m'[38;2;159;159;159;48;2;125;125;125mL[38;2;60;60;60;48;2;35;35;35mL[38;2;53;53;53;48;2;18;18;18m_[38;2;52;52;52;48;2;15;15;15m_[38;2;50;50;50;48;2;12;12;12m_[38;2;49;49;49;48;2;9;9;9m_[38;2;45;45;45;48;2;6;6;6m_[38;2;21;21;21;48;2;2;2;2m_[38;2;1;1;1;48;2;0;0;0m.                                                  [0m
[7m[38;2;0;0;0m [0m[38;2;0;0;0;48;2;0;0;0m                                             [48;2;5;5;5m:[38;2;56;56;56;48;2;21;21;21m~[38;2;78;78;78;48;2;35;35;35m~[38;2;20;20;20;48;2;59;59;59my[38;2;24;24;24;48;2;62;62;62my[38;2;0;0;0;48;2;50;50;50m_[38;2;4;4;4;48;2;47;47;47m_[38;2;9;9;9;48;2;50;50;50m_[38;2;13;13;13;48;2;51;51;51m_[38;2;17;17;17;48;2;52;52;52m_[38;2;19;19;19;48;2;53;53;53m_[38;2;17;17;17m_[38;2;117;117;117;48;2;72;72;72m"[38;2;219;219;219;48;2;116;116;116m~[38;2;228;228;228m~[38;2;129;129;129;48;2;72;72;72m~[38;2;13;13;13;48;2;53;53;53m_[38;2;7;7;7;48;2;49;49;49m_[38;2;3;3;3;48;2;47;47;47m_[38;2;1;1;1;48;2;44;44;44m_[38;2;0;0;0;48;2;38;38;38m_[38;2;10;10;10;48;2;33;33;33my[38;2;30;30;30;48;2;10;10;10m~[38;2;3;3;3;48;2;1;1;1m'[48;2;0;0;0m                                                  [0m
[7m[38;2;0;0;0m [0m[38;2;0;0;0;48;2;0;0;0m                                                   [38;2;2;2;2m`[38;2;6;6;6m`[38;2;8;8;8;48;2;1;1;1m`[38;2;11;11;11m`[38;2;12;12;12m`[38;2;8;8;8m"[38;2;16;16;16;48;2;2;2;2m`[38;2;24;24;24;48;2;3;3;3m`[38;2;22;22;22m`[38;2;15;15;15;48;2;2;2;2m`[38;2;8;8;8;48;2;1;1;1m`[38;2;5;5;5;48;2;0;0;0m`[38;2;2;2;2m`[38;2;1;1;1m`                                                      [0m
[7m[38;2;0;0;0m [0m[38;2;0;0;0;48;2;0;0;0m                                                                                                                       [0m
[7m[38;2;0;0;0m [0m[38;2;0;0;0;48;2;0;0;0m                                                                                                                       [0m
[7m[38;2;0;0;0m [0m[38;2;0;0;0;48;2;0;0;0m                                                                                                                       [0m
[7m[38;2;0;0;0m [0m[38;2;0;0;0;48;2;0;0;0m                                                                                                                       [0m
[7m[38;2;0;0;0m [0m[38;2;0;0;0;48;2;0;0;0m                                                                                                                       [0m
[?25h